01/01/2000,PIT,PA,AEA,CE,Towers with Radar,519,282,10,2,813,0,1,3,0,4,519,283,13,2,817,0,0,0,817
01/02/2000,PIT,PA,AEA,CE,Towers with Radar,571,430,35,6,1042,0,0,2,0,2,571,430,37,6,1044,0,0,0,1044
01/03/2000,PIT,PA,AEA,CE,Towers with Radar,611,551,40,8,1210,0,3,1,0,4,611,554,41,8,1214,0,0,0,1214
01/04/2000,PIT,PA,AEA,CE,Towers with Radar,626,548,40,10,1224,0,0,0,0,0,626,548,40,10,1224,0,0,0,1224
01/05/2000,PIT,PA,AEA,CE,Towers with Radar,635,564,50,21,1270,0,0,1,0,1,635,564,51,21,1271,0,0,0,1271
01/06/2000,PIT,PA,AEA,CE,Towers with Radar,630,558,49,19,1256,0,0,1,0,1,630,558,50,19,1257,0,0,0,1257
01/07/2000,PIT,PA,AEA,CE,Towers with Radar,633,554,41,17,1245,0,0,1,0,1,633,554,42,17,1246,0,0,0,1246
01/08/2000,PIT,PA,AEA,CE,Towers with Radar,550,425,21,4,1000,0,0,1,3,4,550,425,22,7,1004,0,0,0,1004
01/09/2000,PIT,PA,AEA,CE,Towers with Radar,587,419,35,9,1050,0,1,2,1,4,587,420,37,10,1054,0,0,0,1054
01/10/2000,PIT,PA,AEA,CE,Towers with Radar,614,493,60,1,1168,0,0,1,0,1,614,493,61,1,1169,0,0,0,1169
01/11/2000,PIT,PA,AEA,CE,Towers with Radar,629,564,66,7,1266,0,0,2,0,2,629,564,68,7,1268,0,0,0,1268
01/12/2000,PIT,PA,AEA,CE,Towers with Radar,632,569,73,27,1301,0,0,2,1,3,632,569,75,28,1304,0,0,0,1304
01/13/2000,PIT,PA,AEA,CE,Towers with Radar,611,560,57,12,1240,0,0,0,0,0,611,560,57,12,1240,0,0,0,1240
01/14/2000,PIT,PA,AEA,CE,Towers with Radar,634,573,55,16,1278,0,1,1,0,2,634,574,56,16,1280,0,0,0,1280
01/15/2000,PIT,PA,AEA,CE,Towers with Radar,538,425,31,7,1001,0,0,3,0,3,538,425,34,7,1004,0,0,0,1004
01/16/2000,PIT,PA,AEA,CE,Towers with Radar,617,436,11,0,1064,0,0,0,0,0,617,436,11,0,1064,0,0,0,1064
01/17/2000,PIT,PA,AEA,CE,Towers with Radar,605,536,48,3,1192,0,0,2,0,2,605,536,50,3,1194,0,0,0,1194
01/18/2000,PIT,PA,AEA,CE,Towers with Radar,611,550,59,16,1236,0,0,1,0,1,611,550,60,16,1237,0,0,0,1237
01/19/2000,PIT,PA,AEA,CE,Towers with Radar,626,566,50,23,1265,0,0,1,0,1,626,566,51,23,1266,0,0,0,1266
01/20/2000,PIT,PA,AEA,CE,Towers with Radar,531,452,80,12,1075,0,1,1,0,2,531,453,81,12,1077,0,0,0,1077
01/21/2000,PIT,PA,AEA,CE,Towers with Radar,641,561,47,8,1257,0,1,0,0,1,641,562,47,8,1258,0,0,0,1258
01/22/2000,PIT,PA,AEA,CE,Towers with Radar,555,412,34,17,1018,0,1,0,0,1,555,413,34,17,1019,0,0,0,1019
01/23/2000,PIT,PA,AEA,CE,Towers with Radar,578,430,32,7,1047,0,0,0,0,0,578,430,32,7,1047,0,0,0,1047
01/24/2000,PIT,PA,AEA,CE,Towers with Radar,612,537,60,3,1212,0,0,3,0,3,612,537,63,3,1215,0,0,0,1215
01/25/2000,PIT,PA,AEA,CE,Towers with Radar,498,507,64,18,1087,0,0,1,0,1,498,507,65,18,1088,0,0,0,1088
01/26/2000,PIT,PA,AEA,CE,Towers with Radar,525,539,73,10,1147,0,0,1,0,1,525,539,74,10,1148,0,0,0,1148
01/27/2000,PIT,PA,AEA,CE,Towers with Radar,602,565,62,17,1246,0,0,1,0,1,602,565,63,17,1247,0,0,0,1247
01/28/2000,PIT,PA,AEA,CE,Towers with Radar,625,562,81,19,1287,0,0,4,0,4,625,562,85,19,1291,0,0,0,1291
01/29/2000,PIT,PA,AEA,CE,Towers with Radar,532,415,20,5,972,0,1,0,0,1,532,416,20,5,973,0,0,0,973
01/30/2000,PIT,PA,AEA,CE,Towers with Radar,557,371,11,3,942,0,0,0,0,0,557,371,11,3,942,0,0,0,942
01/31/2000,PIT,PA,AEA,CE,Towers with Radar,564,521,54,15,1154,0,1,0,0,1,564,522,54,15,1155,0,0,0,1155
02/01/2000,PIT,PA,AEA,CE,Towers with Radar,624,543,51,12,1230,0,0,0,0,0,624,543,51,12,1230,0,0,0,1230
02/02/2000,PIT,PA,AEA,CE,Towers with Radar,617,572,60,14,1263,0,1,0,2,3,617,573,60,16,1266,0,0,0,1266
02/03/2000,PIT,PA,AEA,CE,Towers with Radar,611,533,53,9,1206,0,0,1,0,1,611,533,54,9,1207,0,0,0,1207
02/04/2000,PIT,PA,AEA,CE,Towers with Radar,626,555,72,9,1262,0,0,1,0,1,626,555,73,9,1263,0,0,0,1263
02/05/2000,PIT,PA,AEA,CE,Towers with Radar,508,384,27,6,925,0,0,1,0,1,508,384,28,6,926,0,0,0,926
02/06/2000,PIT,PA,AEA,CE,Towers with Radar,595,434,38,9,1076,0,0,0,0,0,595,434,38,9,1076,0,0,0,1076
02/07/2000,PIT,PA,AEA,CE,Towers with Radar,616,552,47,8,1223,0,0,1,0,1,616,552,48,8,1224,0,0,0,1224
02/08/2000,PIT,PA,AEA,CE,Towers with Radar,629,567,73,12,1281,0,1,2,1,4,629,568,75,13,1285,0,0,0,1285
02/09/2000,PIT,PA,AEA,CE,Towers with Radar,624,570,68,23,1285,0,1,4,0,5,624,571,72,23,1290,0,0,0,1290
02/10/2000,PIT,PA,AEA,CE,Towers with Radar,625,560,71,23,1279,0,0,5,0,5,625,560,76,23,1284,0,0,0,1284
02/11/2000,PIT,PA,AEA,CE,Towers with Radar,643,548,49,12,1252,0,0,0,0,0,643,548,49,12,1252,0,0,0,1252
02/12/2000,PIT,PA,AEA,CE,Towers with Radar,576,409,22,7,1014,0,1,4,0,5,576,410,26,7,1019,0,0,0,1019
02/13/2000,PIT,PA,AEA,CE,Towers with Radar,560,393,27,6,986,0,0,0,0,0,560,393,27,6,986,0,0,0,986
02/14/2000,PIT,PA,AEA,CE,Towers with Radar,627,520,25,7,1179,0,0,0,0,0,627,520,25,7,1179,0,0,0,1179
02/15/2000,PIT,PA,AEA,CE,Towers with Radar,617,586,60,26,1289,0,0,0,0,0,617,586,60,26,1289,0,0,0,1289
02/16/2000,PIT,PA,AEA,CE,Towers with Radar,618,547,55,18,1238,0,0,1,0,1,618,547,56,18,1239,0,0,0,1239
02/17/2000,PIT,PA,AEA,CE,Towers with Radar,628,560,139,28,1355,0,0,5,0,5,628,560,144,28,1360,0,0,0,1360
02/18/2000,PIT,PA,AEA,CE,Towers with Radar,527,430,55,8,1020,0,0,1,0,1,527,430,56,8,1021,0,0,0,1021
02/19/2000,PIT,PA,AEA,CE,Towers with Radar,578,404,24,5,1011,0,0,1,0,1,578,404,25,5,1012,0,0,0,1012
02/20/2000,PIT,PA,AEA,CE,Towers with Radar,568,429,31,6,1034,0,0,0,0,0,568,429,31,6,1034,0,0,0,1034
02/21/2000,PIT,PA,AEA,CE,Towers with Radar,614,547,35,2,1198,0,0,4,0,4,614,547,39,2,1202,0,0,0,1202
02/22/2000,PIT,PA,AEA,CE,Towers with Radar,623,564,73,20,1280,0,1,2,0,3,623,565,75,20,1283,0,0,0,1283
02/23/2000,PIT,PA,AEA,CE,Towers with Radar,629,584,92,26,1331,0,0,2,0,2,629,584,94,26,1333,0,0,0,1333
02/24/2000,PIT,PA,AEA,CE,Towers with Radar,619,572,50,29,1270,0,1,1,1,3,619,573,51,30,1273,0,0,0,1273
02/25/2000,PIT,PA,AEA,CE,Towers with Radar,624,560,65,24,1273,0,0,0,1,1,624,560,65,25,1274,0,0,0,1274
02/26/2000,PIT,PA,AEA,CE,Towers with Radar,566,411,19,4,1000,0,0,2,0,2,566,411,21,4,1002,0,0,0,1002
02/27/2000,PIT,PA,AEA,CE,Towers with Radar,589,399,37,11,1036,0,1,0,0,1,589,400,37,11,1037,0,0,0,1037
02/28/2000,PIT,PA,AEA,CE,Towers with Radar,634,559,75,14,1282,0,0,5,0,5,634,559,80,14,1287,0,0,0,1287
02/29/2000,PIT,PA,AEA,CE,Towers with Radar,637,578,104,20,1339,0,0,4,0,4,637,578,108,20,1343,0,0,0,1343
03/01/2000,PIT,PA,AEA,CE,Towers with Radar,635,576,94,19,1324,0,0,4,1,5,635,576,98,20,1329,0,0,0,1329
03/02/2000,PIT,PA,AEA,CE,Towers with Radar,639,567,65,20,1291,0,0,0,0,0,639,567,65,20,1291,0,0,0,1291
03/03/2000,PIT,PA,AEA,CE,Towers with Radar,664,581,70,18,1333,0,0,6,0,6,664,581,76,18,1339,0,0,0,1339
03/04/2000,PIT,PA,AEA,CE,Towers with Radar,580,420,44,8,1052,0,0,2,0,2,580,420,46,8,1054,0,0,0,1054
03/05/2000,PIT,PA,AEA,CE,Towers with Radar,604,446,29,13,1092,0,0,1,0,1,604,446,30,13,1093,0,0,0,1093
03/06/2000,PIT,PA,AEA,CE,Towers with Radar,574,528,84,13,1199,0,0,2,0,2,574,528,86,13,1201,0,0,0,1201
03/07/2000,PIT,PA,AEA,CE,Towers with Radar,634,570,125,24,1353,0,0,2,0,2,634,570,127,24,1355,0,0,0,1355
03/08/2000,PIT,PA,AEA,CE,Towers with Radar,632,573,61,16,1282,0,1,7,1,9,632,574,68,17,1291,0,0,0,1291
03/09/2000,PIT,PA,AEA,CE,Towers with Radar,581,554,64,12,1211,0,2,2,1,5,581,556,66,13,1216,0,0,0,1216
03/10/2000,PIT,PA,AEA,CE,Towers with Radar,642,585,77,14,1318,0,0,0,0,0,642,585,77,14,1318,0,0,0,1318
03/11/2000,PIT,PA,AEA,CE,Towers with Radar,578,433,33,14,1058,0,0,0,0,0,578,433,33,14,1058,0,0,0,1058
03/12/2000,PIT,PA,AEA,CE,Towers with Radar,618,431,29,9,1087,0,0,1,0,1,618,431,30,9,1088,0,0,0,1088
03/13/2000,PIT,PA,AEA,CE,Towers with Radar,622,564,57,21,1264,0,2,5,0,7,622,566,62,21,1271,0,0,0,1271
03/14/2000,PIT,PA,AEA,CE,Towers with Radar,641,580,103,28,1352,0,0,22,0,22,641,580,125,28,1374,0,0,0,1374
03/15/2000,PIT,PA,AEA,CE,Towers with Radar,629,584,70,22,1305,0,2,0,1,3,629,586,70,23,1308,0,0,0,1308
03/16/2000,PIT,PA,AEA,CE,Towers with Radar,623,567,77,15,1282,0,0,0,1,1,623,567,77,16,1283,0,0,0,1283
03/17/2000,PIT,PA,AEA,CE,Towers with Radar,634,569,71,20,1294,0,0,0,0,0,634,569,71,20,1294,0,0,0,1294
03/18/2000,PIT,PA,AEA,CE,Towers with Radar,578,434,34,7,1053,0,0,0,4,4,578,434,34,11,1057,0,0,0,1057
03/19/2000,PIT,PA,AEA,CE,Towers with Radar,577,441,34,10,1062,0,0,4,0,4,577,441,38,10,1066,0,0,0,1066
03/20/2000,PIT,PA,AEA,CE,Towers with Radar,629,566,56,7,1258,0,0,3,0,3,629,566,59,7,1261,0,0,0,1261
03/21/2000,PIT,PA,AEA,CE,Towers with Radar,609,561,84,16,1270,0,0,0,0,0,609,561,84,16,1270,0,0,0,1270
03/22/2000,PIT,PA,AEA,CE,Towers with Radar,643,573,84,21,1321,0,0,1,0,1,643,573,85,21,1322,0,0,0,1322
03/23/2000,PIT,PA,AEA,CE,Towers with Radar,653,577,66,22,1318,0,1,2,2,5,653,578,68,24,1323,0,0,0,1323
03/24/2000,PIT,PA,AEA,CE,Towers with Radar,655,564,67,21,1307,0,0,6,0,6,655,564,73,21,1313,0,0,0,1313
03/25/2000,PIT,PA,AEA,CE,Towers with Radar,585,433,41,6,1065,0,0,7,0,7,585,433,48,6,1072,0,0,0,1072
03/26/2000,PIT,PA,AEA,CE,Towers with Radar,598,455,35,10,1098,0,0,0,0,0,598,455,35,10,1098,0,0,0,1098
03/27/2000,PIT,PA,AEA,CE,Towers with Radar,635,562,86,17,1300,0,0,2,0,2,635,562,88,17,1302,0,0,0,1302
03/28/2000,PIT,PA,AEA,CE,Towers with Radar,624,571,85,13,1293,0,0,2,0,2,624,571,87,13,1295,0,0,0,1295
03/29/2000,PIT,PA,AEA,CE,Towers with Radar,641,573,81,16,1311,0,1,2,0,3,641,574,83,16,1314,0,0,0,1314
03/30/2000,PIT,PA,AEA,CE,Towers with Radar,645,584,99,23,1351,0,0,5,0,5,645,584,104,23,1356,0,0,0,1356
03/31/2000,PIT,PA,AEA,CE,Towers with Radar,660,583,90,17,1350,0,0,1,0,1,660,583,91,17,1351,0,0,0,1351
04/01/2000,PIT,PA,AEA,CE,Towers with Radar,564,448,47,7,1066,4,0,0,5,9,568,448,47,12,1075,0,0,0,1075
04/02/2000,PIT,PA,AEA,CE,Towers with Radar,614,431,59,7,1111,4,0,0,0,4,618,431,59,7,1115,0,0,0,1115
04/03/2000,PIT,PA,AEA,CE,Towers with Radar,634,525,66,1,1226,3,1,0,0,4,637,526,66,1,1230,0,0,0,1230
04/04/2000,PIT,PA,AEA,CE,Towers with Radar,633,555,58,8,1254,3,1,0,0,4,636,556,58,8,1258,0,0,0,1258
04/05/2000,PIT,PA,AEA,CE,Towers with Radar,660,547,71,15,1293,0,23,20,17,60,660,570,91,32,1353,0,0,0,1353
04/06/2000,PIT,PA,AEA,CE,Towers with Radar,659,556,76,15,1306,0,0,25,0,25,659,556,101,15,1331,0,0,0,1331
04/07/2000,PIT,PA,AEA,CE,Towers with Radar,640,536,86,11,1273,3,1,0,0,4,643,537,86,11,1277,0,0,0,1277
04/08/2000,PIT,PA,AEA,CE,Towers with Radar,596,431,44,8,1079,3,1,0,0,4,599,432,44,8,1083,0,0,0,1083
04/09/2000,PIT,PA,AEA,CE,Towers with Radar,612,432,49,24,1117,3,0,0,0,3,615,432,49,24,1120,0,0,0,1120
04/10/2000,PIT,PA,AEA,CE,Towers with Radar,636,538,62,14,1250,3,0,1,0,4,639,538,63,14,1254,0,0,0,1254
04/11/2000,PIT,PA,AEA,CE,Towers with Radar,632,553,69,22,1276,3,0,0,0,3,635,553,69,22,1279,0,0,0,1279
04/12/2000,PIT,PA,AEA,CE,Towers with Radar,650,546,65,19,1280,3,0,0,0,3,653,546,65,19,1283,0,0,0,1283
04/13/2000,PIT,PA,AEA,CE,Towers with Radar,653,561,82,22,1318,3,0,1,0,4,656,561,83,22,1322,0,0,0,1322
04/14/2000,PIT,PA,AEA,CE,Towers with Radar,657,561,65,31,1314,3,0,3,0,6,660,561,68,31,1320,0,0,0,1320
04/15/2000,PIT,PA,AEA,CE,Towers with Radar,580,443,36,10,1069,3,0,1,0,4,583,443,37,10,1073,0,0,0,1073
04/16/2000,PIT,PA,AEA,CE,Towers with Radar,613,423,29,11,1076,3,1,1,0,5,616,424,30,11,1081,0,0,0,1081
04/17/2000,PIT,PA,AEA,CE,Towers with Radar,627,542,65,2,1236,3,0,0,0,3,630,542,65,2,1239,0,0,0,1239
04/18/2000,PIT,PA,AEA,CE,Towers with Radar,663,553,98,16,1330,3,0,2,0,5,666,553,100,16,1335,0,0,0,1335
04/19/2000,PIT,PA,AEA,CE,Towers with Radar,656,565,75,18,1314,3,0,0,0,3,659,565,75,18,1317,0,0,0,1317
04/20/2000,PIT,PA,AEA,CE,Towers with Radar,613,530,72,18,1233,3,1,0,0,4,616,531,72,18,1237,0,0,0,1237
04/21/2000,PIT,PA,AEA,CE,Towers with Radar,665,534,58,11,1268,3,1,0,0,4,668,535,58,11,1272,0,0,0,1272
04/22/2000,PIT,PA,AEA,CE,Towers with Radar,608,417,28,2,1055,3,0,0,0,3,611,417,28,2,1058,0,0,0,1058
04/23/2000,PIT,PA,AEA,CE,Towers with Radar,636,418,27,2,1083,3,0,0,0,3,639,418,27,2,1086,0,0,0,1086
04/24/2000,PIT,PA,AEA,CE,Towers with Radar,632,553,69,22,1276,3,0,0,0,3,635,553,69,22,1279,0,0,0,1279
04/25/2000,PIT,PA,AEA,CE,Towers with Radar,660,554,88,20,1322,3,0,5,0,8,663,554,93,20,1330,0,0,0,1330
04/26/2000,PIT,PA,AEA,CE,Towers with Radar,654,568,113,20,1355,3,0,2,0,5,657,568,115,20,1360,0,0,0,1360
04/27/2000,PIT,PA,AEA,CE,Towers with Radar,659,566,85,27,1337,3,4,3,0,10,662,570,88,27,1347,0,0,0,1347
04/28/2000,PIT,PA,AEA,CE,Towers with Radar,675,552,74,11,1312,3,2,2,0,7,678,554,76,11,1319,0,0,0,1319
04/29/2000,PIT,PA,AEA,CE,Towers with Radar,594,419,41,8,1062,3,0,2,0,5,597,419,43,8,1067,0,0,0,1067
04/30/2000,PIT,PA,AEA,CE,Towers with Radar,631,428,56,8,1123,3,0,2,0,5,634,428,58,8,1128,0,0,0,1128
05/01/2000,PIT,PA,AEA,CE,Towers with Radar,650,552,80,2,1284,0,0,1,0,1,650,552,81,2,1285,0,0,0,1285
05/02/2000,PIT,PA,AEA,CE,Towers with Radar,663,564,108,18,1353,0,1,1,0,2,663,565,109,18,1355,0,0,0,1355
05/03/2000,PIT,PA,AEA,CE,Towers with Radar,669,561,101,23,1354,0,1,3,2,6,669,562,104,25,1360,0,0,0,1360
05/04/2000,PIT,PA,AEA,CE,Towers with Radar,654,570,96,19,1339,0,0,2,0,2,654,570,98,19,1341,0,0,0,1341
05/05/2000,PIT,PA,AEA,CE,Towers with Radar,668,568,94,19,1349,0,3,3,1,7,668,571,97,20,1356,0,0,0,1356
05/06/2000,PIT,PA,AEA,CE,Towers with Radar,588,436,35,12,1071,0,0,1,1,2,588,436,36,13,1073,0,0,0,1073
05/07/2000,PIT,PA,AEA,CE,Towers with Radar,628,444,40,11,1123,0,0,1,0,1,628,444,41,11,1124,0,0,0,1124
05/08/2000,PIT,PA,AEA,CE,Towers with Radar,665,545,71,13,1294,0,1,2,0,3,665,546,73,13,1297,0,0,0,1297
05/09/2000,PIT,PA,AEA,CE,Towers with Radar,653,561,82,14,1310,0,1,3,1,5,653,562,85,15,1315,0,0,0,1315
05/10/2000,PIT,PA,AEA,CE,Towers with Radar,612,511,78,12,1213,0,1,3,1,5,612,512,81,13,1218,0,0,0,1218
05/11/2000,PIT,PA,AEA,CE,Towers with Radar,665,560,90,27,1342,0,0,14,0,14,665,560,104,27,1356,0,0,0,1356
05/12/2000,PIT,PA,AEA,CE,Towers with Radar,679,586,88,10,1363,0,0,15,0,15,679,586,103,10,1378,0,0,0,1378
05/13/2000,PIT,PA,AEA,CE,Towers with Radar,542,374,23,9,948,0,0,2,0,2,542,374,25,9,950,0,0,0,950
05/14/2000,PIT,PA,AEA,CE,Towers with Radar,649,428,32,8,1117,0,0,3,0,3,649,428,35,8,1120,0,0,0,1120
05/15/2000,PIT,PA,AEA,CE,Towers with Radar,664,542,53,12,1271,0,0,1,0,1,664,542,54,12,1272,0,0,0,1272
05/16/2000,PIT,PA,AEA,CE,Towers with Radar,662,581,74,25,1342,0,0,4,0,4,662,581,78,25,1346,0,0,0,1346
05/17/2000,PIT,PA,AEA,CE,Towers with Radar,660,558,68,19,1305,0,0,2,0,2,660,558,70,19,1307,0,0,0,1307
05/18/2000,PIT,PA,AEA,CE,Towers with Radar,649,531,86,14,1280,0,0,2,0,2,649,531,88,14,1282,0,0,0,1282
05/19/2000,PIT,PA,AEA,CE,Towers with Radar,658,541,80,11,1290,0,0,0,0,0,658,541,80,11,1290,0,0,0,1290
05/20/2000,PIT,PA,AEA,CE,Towers with Radar,625,431,31,5,1092,0,0,0,0,0,625,431,31,5,1092,0,0,0,1092
05/21/2000,PIT,PA,AEA,CE,Towers with Radar,627,438,52,5,1122,0,1,0,1,2,627,439,52,6,1124,0,0,0,1124
05/22/2000,PIT,PA,AEA,CE,Towers with Radar,659,539,67,16,1281,0,1,5,0,6,659,540,72,16,1287,0,0,0,1287
05/23/2000,PIT,PA,AEA,CE,Towers with Radar,621,492,80,13,1206,0,0,1,1,2,621,492,81,14,1208,0,0,0,1208
05/24/2000,PIT,PA,AEA,CE,Towers with Radar,697,558,80,25,1360,0,0,0,0,0,697,558,80,25,1360,0,0,0,1360
05/25/2000,PIT,PA,AEA,CE,Towers with Radar,686,567,90,12,1355,0,0,9,0,9,686,567,99,12,1364,0,0,0,1364
05/26/2000,PIT,PA,AEA,CE,Towers with Radar,683,546,87,6,1322,0,1,7,0,8,683,547,94,6,1330,0,0,0,1330
05/27/2000,PIT,PA,AEA,CE,Towers with Radar,595,421,42,3,1061,0,0,0,0,0,595,421,42,3,1061,0,0,0,1061
05/28/2000,PIT,PA,AEA,CE,Towers with Radar,629,348,18,1,996,0,0,1,0,1,629,348,19,1,997,0,0,0,997
05/29/2000,PIT,PA,AEA,CE,Towers with Radar,608,422,42,4,1076,0,0,1,1,2,608,422,43,5,1078,0,0,0,1078
05/30/2000,PIT,PA,AEA,CE,Towers with Radar,658,540,77,13,1288,0,0,0,0,0,658,540,77,13,1288,0,0,0,1288
05/31/2000,PIT,PA,AEA,CE,Towers with Radar,657,566,78,18,1319,0,0,9,0,9,657,566,87,18,1328,0,0,0,1328
06/01/2000,PIT,PA,AEA,CE,Towers with Radar,608,527,79,17,1231,0,0,5,0,5,608,527,84,17,1236,0,0,0,1236
06/02/2000,PIT,PA,AEA,CE,Towers with Radar,548,428,59,36,1071,0,0,7,8,15,548,428,66,44,1086,0,0,0,1086
06/03/2000,PIT,PA,AEA,CE,Towers with Radar,637,444,53,33,1167,0,0,2,14,16,637,444,55,47,1183,0,0,0,1183
06/04/2000,PIT,PA,AEA,CE,Towers with Radar,630,430,54,25,1139,0,1,12,15,28,630,431,66,40,1167,0,0,0,1167
06/05/2000,PIT,PA,AEA,CE,Towers with Radar,659,555,42,17,1273,0,2,0,0,2,659,557,42,17,1275,0,0,0,1275
06/06/2000,PIT,PA,AEA,CE,Towers with Radar,673,545,100,18,1336,0,0,4,2,6,673,545,104,20,1342,0,0,0,1342
06/07/2000,PIT,PA,AEA,CE,Towers with Radar,675,543,98,19,1335,0,0,4,0,4,675,543,102,19,1339,0,0,0,1339
06/08/2000,PIT,PA,AEA,CE,Towers with Radar,690,552,111,17,1370,0,0,3,2,5,690,552,114,19,1375,0,0,0,1375
06/09/2000,PIT,PA,AEA,CE,Towers with Radar,662,543,91,12,1308,0,1,15,0,16,662,544,106,12,1324,0,0,0,1324
06/10/2000,PIT,PA,AEA,CE,Towers with Radar,599,431,36,10,1076,0,0,4,0,4,599,431,40,10,1080,0,0,0,1080
06/11/2000,PIT,PA,AEA,CE,Towers with Radar,577,398,60,17,1052,0,0,3,0,3,577,398,63,17,1055,0,0,0,1055
06/12/2000,PIT,PA,AEA,CE,Towers with Radar,647,503,63,6,1219,0,0,3,0,3,647,503,66,6,1222,0,0,0,1222
06/13/2000,PIT,PA,AEA,CE,Towers with Radar,650,558,80,14,1302,0,0,1,0,1,650,558,81,14,1303,0,0,0,1303
06/14/2000,PIT,PA,AEA,CE,Towers with Radar,648,564,100,17,1329,0,1,7,0,8,648,565,107,17,1337,0,0,0,1337
06/15/2000,PIT,PA,AEA,CE,Towers with Radar,569,503,101,21,1194,0,0,2,0,2,569,503,103,21,1196,0,0,0,1196
06/16/2000,PIT,PA,AEA,CE,Towers with Radar,630,533,69,10,1242,0,0,1,0,1,630,533,70,10,1243,0,0,0,1243
06/17/2000,PIT,PA,AEA,CE,Towers with Radar,704,454,58,12,1228,0,0,1,0,1,704,454,59,12,1229,0,0,0,1229
06/18/2000,PIT,PA,AEA,CE,Towers with Radar,629,430,24,9,1092,0,0,0,0,0,629,430,24,9,1092,0,0,0,1092
06/19/2000,PIT,PA,AEA,CE,Towers with Radar,590,521,63,14,1188,0,1,2,0,3,590,522,65,14,1191,0,0,0,1191
06/20/2000,PIT,PA,AEA,CE,Towers with Radar,662,574,83,26,1345,0,1,4,0,5,662,575,87,26,1350,0,0,0,1350
06/21/2000,PIT,PA,AEA,CE,Towers with Radar,597,516,48,18,1179,0,0,1,0,1,597,516,49,18,1180,0,0,0,1180
06/22/2000,PIT,PA,AEA,CE,Towers with Radar,613,524,142,14,1293,0,1,13,0,14,613,525,155,14,1307,0,0,0,1307
06/23/2000,PIT,PA,AEA,CE,Towers with Radar,672,559,81,24,1336,0,0,2,0,2,672,559,83,24,1338,0,0,0,1338
06/24/2000,PIT,PA,AEA,CE,Towers with Radar,657,421,48,8,1134,0,1,1,0,2,657,422,49,8,1136,0,0,0,1136
06/25/2000,PIT,PA,AEA,CE,Towers with Radar,602,411,64,5,1082,0,1,2,0,3,602,412,66,5,1085,0,0,0,1085
06/26/2000,PIT,PA,AEA,CE,Towers with Radar,667,526,83,9,1285,0,0,2,2,4,667,526,85,11,1289,0,0,0,1289
06/27/2000,PIT,PA,AEA,CE,Towers with Radar,650,548,78,23,1299,0,0,158,0,158,650,548,236,23,1457,0,0,0,1457
06/28/2000,PIT,PA,AEA,CE,Towers with Radar,651,579,111,23,1364,0,1,8,0,9,651,580,119,23,1373,0,0,0,1373
06/29/2000,PIT,PA,AEA,CE,Towers with Radar,671,548,90,21,1330,0,0,3,1,4,671,548,93,22,1334,0,0,0,1334
06/30/2000,PIT,PA,AEA,CE,Towers with Radar,703,571,81,19,1374,0,1,1,1,3,703,572,82,20,1377,0,0,0,1377
07/01/2000,PIT,PA,AEA,CE,Towers with Radar,669,439,48,15,1171,0,0,5,0,5,669,439,53,15,1176,0,0,0,1176
07/02/2000,PIT,PA,AEA,CE,Towers with Radar,632,417,38,6,1093,0,1,4,0,5,632,418,42,6,1098,0,0,0,1098
07/03/2000,PIT,PA,AEA,CE,Towers with Radar,628,400,31,0,1059,0,0,0,0,0,628,400,31,0,1059,0,0,0,1059
07/04/2000,PIT,PA,AEA,CE,Towers with Radar,626,436,27,1,1090,0,0,0,0,0,626,436,27,1,1090,0,0,0,1090
07/05/2000,PIT,PA,AEA,CE,Towers with Radar,637,549,60,22,1268,0,0,0,0,0,637,549,60,22,1268,0,0,0,1268
07/06/2000,PIT,PA,AEA,CE,Towers with Radar,668,564,100,22,1354,0,0,2,0,2,668,564,102,22,1356,0,0,0,1356
07/07/2000,PIT,PA,AEA,CE,Towers with Radar,669,556,55,21,1301,0,4,2,45,51,669,560,57,66,1352,0,0,0,1352
07/08/2000,PIT,PA,AEA,CE,Towers with Radar,658,433,33,11,1135,0,1,1,0,2,658,434,34,11,1137,0,0,0,1137
07/09/2000,PIT,PA,AEA,CE,Towers with Radar,628,438,38,5,1109,0,0,0,0,0,628,438,38,5,1109,0,0,0,1109
07/10/2000,PIT,PA,AEA,CE,Towers with Radar,637,534,38,17,1226,0,0,1,0,1,637,534,39,17,1227,0,0,0,1227
07/11/2000,PIT,PA,AEA,CE,Towers with Radar,673,564,69,35,1341,0,1,4,0,5,673,565,73,35,1346,0,0,0,1346
07/12/2000,PIT,PA,AEA,CE,Towers with Radar,656,574,65,26,1321,0,2,1,1,4,656,576,66,27,1325,0,0,0,1325
07/13/2000,PIT,PA,AEA,CE,Towers with Radar,687,553,98,20,1358,0,0,5,1,6,687,553,103,21,1364,0,0,0,1364
07/14/2000,PIT,PA,AEA,CE,Towers with Radar,606,404,50,13,1073,0,0,2,0,2,606,404,52,13,1075,0,0,0,1075
07/15/2000,PIT,PA,AEA,CE,Towers with Radar,678,426,34,4,1142,0,0,1,0,1,678,426,35,4,1143,0,0,0,1143
07/16/2000,PIT,PA,AEA,CE,Towers with Radar,540,328,81,9,958,0,1,3,1,5,540,329,84,10,963,0,0,0,963
07/17/2000,PIT,PA,AEA,CE,Towers with Radar,672,556,84,21,1333,0,0,2,0,2,672,556,86,21,1335,0,0,0,1335
07/18/2000,PIT,PA,AEA,CE,Towers with Radar,662,565,88,19,1334,0,0,1,1,2,662,565,89,20,1336,0,0,0,1336
07/19/2000,PIT,PA,AEA,CE,Towers with Radar,667,552,109,20,1348,0,2,146,0,148,667,554,255,20,1496,0,0,0,1496
07/20/2000,PIT,PA,AEA,CE,Towers with Radar,674,581,81,13,1349,0,1,3,0,4,674,582,84,13,1353,0,0,0,1353
07/21/2000,PIT,PA,AEA,CE,Towers with Radar,681,563,67,24,1335,0,0,4,0,4,681,563,71,24,1339,0,0,0,1339
07/22/2000,PIT,PA,AEA,CE,Towers with Radar,627,449,30,9,1115,0,0,72,1,73,627,449,102,10,1188,0,0,0,1188
07/23/2000,PIT,PA,AEA,CE,Towers with Radar,627,435,65,21,1148,0,1,1,0,2,627,436,66,21,1150,0,0,0,1150
07/24/2000,PIT,PA,AEA,CE,Towers with Radar,667,554,73,12,1306,0,1,137,1,139,667,555,210,13,1445,0,0,0,1445
07/25/2000,PIT,PA,AEA,CE,Towers with Radar,667,574,83,26,1350,0,0,1,1,2,667,574,84,27,1352,0,0,0,1352
07/26/2000,PIT,PA,AEA,CE,Towers with Radar,647,558,82,20,1307,0,1,56,0,57,647,559,138,20,1364,0,0,0,1364
07/27/2000,PIT,PA,AEA,CE,Towers with Radar,671,569,86,33,1359,0,0,40,4,44,671,569,126,37,1403,0,0,0,1403
07/28/2000,PIT,PA,AEA,CE,Towers with Radar,497,350,54,12,913,0,0,0,0,0,497,350,54,12,913,0,0,0,913
07/29/2000,PIT,PA,AEA,CE,Towers with Radar,651,428,48,0,1127,0,0,0,0,0,651,428,48,0,1127,0,0,0,1127
07/30/2000,PIT,PA,AEA,CE,Towers with Radar,621,424,46,5,1096,0,0,3,0,3,621,424,49,5,1099,0,0,0,1099
07/31/2000,PIT,PA,AEA,CE,Towers with Radar,628,511,70,14,1223,0,1,0,0,1,628,512,70,14,1224,0,0,0,1224
08/01/2000,PIT,PA,AEA,CE,Towers with Radar,680,542,103,12,1337,0,1,1,0,2,680,543,104,12,1339,0,0,0,1339
08/02/2000,PIT,PA,AEA,CE,Towers with Radar,662,536,106,22,1326,0,1,3,1,5,662,537,109,23,1331,0,0,0,1331
08/03/2000,PIT,PA,AEA,CE,Towers with Radar,648,515,75,22,1260,0,0,1,0,1,648,515,76,22,1261,0,0,0,1261
08/04/2000,PIT,PA,AEA,CE,Towers with Radar,663,555,101,24,1343,0,1,12,1,14,663,556,113,25,1357,0,0,0,1357
08/05/2000,PIT,PA,AEA,CE,Towers with Radar,681,422,49,15,1167,0,0,3,1,4,681,422,52,16,1171,0,0,0,1171
08/06/2000,PIT,PA,AEA,CE,Towers with Radar,583,360,47,5,995,0,0,1,0,1,583,360,48,5,996,0,0,0,996
08/07/2000,PIT,PA,AEA,CE,Towers with Radar,660,515,67,8,1250,0,0,6,0,6,660,515,73,8,1256,0,0,0,1256
08/08/2000,PIT,PA,AEA,CE,Towers with Radar,679,568,76,15,1338,0,0,3,0,3,679,568,79,15,1341,0,0,0,1341
08/09/2000,PIT,PA,AEA,CE,Towers with Radar,640,545,83,18,1286,0,1,6,0,7,640,546,89,18,1293,0,0,0,1293
08/10/2000,PIT,PA,AEA,CE,Towers with Radar,693,551,73,23,1340,0,0,3,1,4,693,551,76,24,1344,0,0,0,1344
08/11/2000,PIT,PA,AEA,CE,Towers with Radar,640,555,82,25,1302,0,0,1,1,2,640,555,83,26,1304,0,0,0,1304
08/12/2000,PIT,PA,AEA,CE,Towers with Radar,660,446,45,16,1167,0,3,4,2,9,660,449,49,18,1176,0,0,0,1176
08/13/2000,PIT,PA,AEA,CE,Towers with Radar,630,427,47,4,1108,0,1,0,0,1,630,428,47,4,1109,0,0,0,1109
08/14/2000,PIT,PA,AEA,CE,Towers with Radar,640,509,72,22,1243,0,36,3,0,39,640,545,75,22,1282,0,0,0,1282
08/15/2000,PIT,PA,AEA,CE,Towers with Radar,667,550,76,27,1320,0,1,7,0,8,667,551,83,27,1328,0,0,0,1328
08/16/2000,PIT,PA,AEA,CE,Towers with Radar,664,559,94,25,1342,0,1,4,0,5,664,560,98,25,1347,0,0,0,1347
08/17/2000,PIT,PA,AEA,CE,Towers with Radar,652,560,61,31,1304,0,0,4,0,4,652,560,65,31,1308,0,0,0,1308
08/18/2000,PIT,PA,AEA,CE,Towers with Radar,663,548,70,22,1303,0,0,1,0,1,663,548,71,22,1304,0,0,0,1304
08/19/2000,PIT,PA,AEA,CE,Towers with Radar,658,429,36,11,1134,0,1,2,0,3,658,430,38,11,1137,0,0,0,1137
08/20/2000,PIT,PA,AEA,CE,Towers with Radar,623,425,44,8,1100,0,0,4,0,4,623,425,48,8,1104,0,0,0,1104
08/21/2000,PIT,PA,AEA,CE,Towers with Radar,660,539,66,4,1269,0,0,2,0,2,660,539,68,4,1271,0,0,0,1271
08/22/2000,PIT,PA,AEA,CE,Towers with Radar,667,553,81,22,1323,0,0,4,1,5,667,553,85,23,1328,0,0,0,1328
08/23/2000,PIT,PA,AEA,CE,Towers with Radar,656,544,68,22,1290,0,0,0,0,0,656,544,68,22,1290,0,0,0,1290
08/24/2000,PIT,PA,AEA,CE,Towers with Radar,669,571,80,18,1338,0,0,0,1,1,669,571,80,19,1339,0,0,0,1339
08/25/2000,PIT,PA,AEA,CE,Towers with Radar,680,566,66,23,1335,0,1,3,0,4,680,567,69,23,1339,0,0,0,1339
08/26/2000,PIT,PA,AEA,CE,Towers with Radar,647,427,53,16,1143,0,0,4,0,4,647,427,57,16,1147,0,0,0,1147
08/27/2000,PIT,PA,AEA,CE,Towers with Radar,627,422,57,12,1118,0,0,1,0,1,627,422,58,12,1119,0,0,0,1119
08/28/2000,PIT,PA,AEA,CE,Towers with Radar,681,516,83,16,1296,0,0,1,0,1,681,516,84,16,1297,0,0,0,1297
08/29/2000,PIT,PA,AEA,CE,Towers with Radar,673,536,78,19,1306,0,0,4,0,4,673,536,82,19,1310,0,0,0,1310
08/30/2000,PIT,PA,AEA,CE,Towers with Radar,677,566,70,27,1340,0,0,1,0,1,677,566,71,27,1341,0,0,0,1341
08/31/2000,PIT,PA,AEA,CE,Towers with Radar,662,549,84,34,1329,0,0,2,0,2,662,549,86,34,1331,0,0,0,1331
09/01/2000,PIT,PA,AEA,CE,Towers with Radar,661,556,92,10,1319,0,0,6,0,6,661,556,98,10,1325,0,0,0,1325
09/02/2000,PIT,PA,AEA,CE,Towers with Radar,664,430,36,3,1133,0,0,0,0,0,664,430,36,3,1133,0,0,0,1133
09/03/2000,PIT,PA,AEA,CE,Towers with Radar,605,340,29,12,986,0,0,0,0,0,605,340,29,12,986,0,0,0,986
09/04/2000,PIT,PA,AEA,CE,Towers with Radar,644,428,48,6,1126,0,1,1,2,4,644,429,49,8,1130,0,0,0,1130
09/05/2000,PIT,PA,AEA,CE,Towers with Radar,659,550,50,22,1281,0,0,3,0,3,659,550,53,22,1284,0,0,0,1284
09/06/2000,PIT,PA,AEA,CE,Towers with Radar,671,560,83,27,1341,0,0,2,0,2,671,560,85,27,1343,0,0,0,1343
09/07/2000,PIT,PA,AEA,CE,Towers with Radar,663,566,81,23,1333,0,0,3,0,3,663,566,84,23,1336,0,0,0,1336
09/08/2000,PIT,PA,AEA,CE,Towers with Radar,694,546,66,20,1326,0,4,1,0,5,694,550,67,20,1331,0,0,0,1331
09/09/2000,PIT,PA,AEA,CE,Towers with Radar,641,440,39,13,1133,0,0,0,0,0,641,440,39,13,1133,0,0,0,1133
09/10/2000,PIT,PA,AEA,CE,Towers with Radar,615,411,82,15,1123,0,0,0,0,0,615,411,82,15,1123,0,0,0,1123
09/11/2000,PIT,PA,AEA,CE,Towers with Radar,646,533,90,15,1284,0,0,1,0,1,646,533,91,15,1285,0,0,0,1285
09/12/2000,PIT,PA,AEA,CE,Towers with Radar,648,533,83,23,1287,0,0,1,0,1,648,533,84,23,1288,0,0,0,1288
09/13/2000,PIT,PA,AEA,CE,Towers with Radar,690,554,97,24,1365,0,0,2,4,6,690,554,99,28,1371,0,0,0,1371
09/14/2000,PIT,PA,AEA,CE,Towers with Radar,668,560,105,26,1359,0,0,6,0,6,668,560,111,26,1365,0,0,0,1365
09/15/2000,PIT,PA,AEA,CE,Towers with Radar,669,543,87,15,1314,0,0,3,0,3,669,543,90,15,1317,0,0,0,1317
09/16/2000,PIT,PA,AEA,CE,Towers with Radar,634,433,49,8,1124,0,0,4,0,4,634,433,53,8,1128,8,0,8,1136
09/17/2000,PIT,PA,AEA,CE,Towers with Radar,619,435,53,11,1118,0,0,13,1,14,619,435,66,12,1132,0,0,0,1132
09/18/2000,PIT,PA,AEA,CE,Towers with Radar,638,548,77,8,1271,0,0,3,0,3,638,548,80,8,1274,0,0,0,1274
09/19/2000,PIT,PA,AEA,CE,Towers with Radar,664,560,75,17,1316,0,1,2,1,4,664,561,77,18,1320,0,0,0,1320
09/20/2000,PIT,PA,AEA,CE,Towers with Radar,664,546,87,16,1313,0,0,3,0,3,664,546,90,16,1316,0,0,0,1316
09/21/2000,PIT,PA,AEA,CE,Towers with Radar,672,564,84,17,1337,0,0,1,1,2,672,564,85,18,1339,0,0,0,1339
09/22/2000,PIT,PA,AEA,CE,Towers with Radar,670,588,79,24,1361,0,0,2,0,2,670,588,81,24,1363,0,0,0,1363
09/23/2000,PIT,PA,AEA,CE,Towers with Radar,641,420,33,8,1102,0,1,0,0,1,641,421,33,8,1103,0,0,0,1103
09/24/2000,PIT,PA,AEA,CE,Towers with Radar,642,425,65,9,1141,0,0,1,0,1,642,425,66,9,1142,0,0,0,1142
09/25/2000,PIT,PA,AEA,CE,Towers with Radar,639,534,81,9,1263,0,0,2,0,2,639,534,83,9,1265,0,0,0,1265
09/26/2000,PIT,PA,AEA,CE,Towers with Radar,677,559,99,11,1346,0,0,0,0,0,677,559,99,11,1346,0,0,0,1346
09/27/2000,PIT,PA,AEA,CE,Towers with Radar,671,568,80,7,1326,0,0,4,0,4,671,568,84,7,1330,0,0,0,1330
09/28/2000,PIT,PA,AEA,CE,Towers with Radar,674,563,100,12,1349,0,0,2,0,2,674,563,102,12,1351,0,0,0,1351
09/29/2000,PIT,PA,AEA,CE,Towers with Radar,683,567,68,12,1330,0,0,3,0,3,683,567,71,12,1333,0,0,0,1333
09/30/2000,PIT,PA,AEA,CE,Towers with Radar,620,449,55,8,1132,0,0,3,0,3,620,449,58,8,1135,0,0,0,1135
10/01/2000,PIT,PA,AEA,CE,Towers with Radar,590,427,54,4,1075,0,0,2,1,3,590,427,56,5,1078,0,0,0,1078
10/02/2000,PIT,PA,AEA,CE,Towers with Radar,644,527,67,6,1244,0,0,0,0,0,644,527,67,6,1244,0,0,0,1244
10/03/2000,PIT,PA,AEA,CE,Towers with Radar,658,573,82,18,1331,0,0,0,0,0,658,573,82,18,1331,0,0,0,1331
10/04/2000,PIT,PA,AEA,CE,Towers with Radar,624,523,50,17,1214,0,0,2,0,2,624,523,52,17,1216,0,0,0,1216
10/05/2000,PIT,PA,AEA,CE,Towers with Radar,642,559,58,14,1273,0,0,1,0,1,642,559,59,14,1274,0,0,0,1274
10/06/2000,PIT,PA,AEA,CE,Towers with Radar,667,554,63,19,1303,0,0,1,0,1,667,554,64,19,1304,0,0,0,1304
10/07/2000,PIT,PA,AEA,CE,Towers with Radar,640,442,19,5,1106,0,1,1,0,2,640,443,20,5,1108,0,0,0,1108
10/08/2000,PIT,PA,AEA,CE,Towers with Radar,624,430,47,38,1139,0,0,0,0,0,624,430,47,38,1139,0,0,0,1139
10/09/2000,PIT,PA,AEA,CE,Towers with Radar,647,543,72,7,1269,0,0,0,0,0,647,543,72,7,1269,0,0,0,1269
10/10/2000,PIT,PA,AEA,CE,Towers with Radar,666,555,67,16,1304,0,1,6,3,10,666,556,73,19,1314,0,0,0,1314
10/11/2000,PIT,PA,AEA,CE,Towers with Radar,668,573,77,34,1352,0,2,1,2,5,668,575,78,36,1357,0,0,0,1357
10/12/2000,PIT,PA,AEA,CE,Towers with Radar,631,530,82,24,1267,0,3,4,1,8,631,533,86,25,1275,0,0,0,1275
10/13/2000,PIT,PA,AEA,CE,Towers with Radar,667,561,78,11,1317,0,1,1,0,2,667,562,79,11,1319,0,0,0,1319
10/14/2000,PIT,PA,AEA,CE,Towers with Radar,627,451,45,11,1134,0,0,0,0,0,627,451,45,11,1134,0,0,0,1134
10/15/2000,PIT,PA,AEA,CE,Towers with Radar,627,440,52,14,1133,0,0,0,0,0,627,440,52,14,1133,0,0,0,1133
10/16/2000,PIT,PA,AEA,CE,Towers with Radar,683,594,80,5,1362,0,0,0,0,0,683,594,80,5,1362,0,0,0,1362
10/17/2000,PIT,PA,AEA,CE,Towers with Radar,652,561,78,23,1314,0,0,0,0,0,652,561,78,23,1314,0,0,0,1314
10/18/2000,PIT,PA,AEA,CE,Towers with Radar,673,585,48,19,1325,0,0,0,1,1,673,585,48,20,1326,0,0,0,1326
10/19/2000,PIT,PA,AEA,CE,Towers with Radar,673,576,68,25,1342,0,0,3,1,4,673,576,71,26,1346,0,0,0,1346
10/20/2000,PIT,PA,AEA,CE,Towers with Radar,684,587,93,17,1381,0,0,11,0,11,684,587,104,17,1392,0,0,0,1392
10/21/2000,PIT,PA,AEA,CE,Towers with Radar,641,443,30,4,1118,0,0,0,2,2,641,443,30,6,1120,0,0,0,1120
10/22/2000,PIT,PA,AEA,CE,Towers with Radar,653,450,46,4,1153,0,0,0,0,0,653,450,46,4,1153,0,0,0,1153
10/23/2000,PIT,PA,AEA,CE,Towers with Radar,725,517,71,16,1329,0,0,5,0,5,725,517,76,16,1334,0,0,0,1334
10/24/2000,PIT,PA,AEA,CE,Towers with Radar,679,564,67,19,1329,0,0,2,0,2,679,564,69,19,1331,0,0,0,1331
10/25/2000,PIT,PA,AEA,CE,Towers with Radar,653,509,80,28,1270,0,0,0,0,0,653,509,80,28,1270,0,0,0,1270
10/26/2000,PIT,PA,AEA,CE,Towers with Radar,665,558,103,17,1343,0,0,1,0,1,665,558,104,17,1344,0,0,0,1344
10/27/2000,PIT,PA,AEA,CE,Towers with Radar,676,564,71,15,1326,0,0,2,1,3,676,564,73,16,1329,0,0,0,1329
10/28/2000,PIT,PA,AEA,CE,Towers with Radar,636,449,48,1,1134,0,0,4,0,4,636,449,52,1,1138,0,0,0,1138
10/29/2000,PIT,PA,AEA,CE,Towers with Radar,630,429,59,6,1124,0,0,2,0,2,630,429,61,6,1126,0,0,0,1126
10/30/2000,PIT,PA,AEA,CE,Towers with Radar,643,544,70,10,1267,0,0,2,0,2,643,544,72,10,1269,0,0,0,1269
10/31/2000,PIT,PA,AEA,CE,Towers with Radar,646,543,63,25,1277,0,0,21,0,21,646,543,84,25,1298,0,0,0,1298
11/01/2000,PIT,PA,AEA,CE,Towers with Radar,685,578,62,17,1342,0,1,3,1,5,685,579,65,18,1347,0,0,0,1347
11/02/2000,PIT,PA,AEA,CE,Towers with Radar,663,580,62,24,1329,0,1,2,0,3,663,581,64,24,1332,0,0,0,1332
11/03/2000,PIT,PA,AEA,CE,Towers with Radar,672,575,63,29,1339,0,0,1,0,1,672,575,64,29,1340,0,0,0,1340
11/04/2000,PIT,PA,AEA,CE,Towers with Radar,631,453,41,8,1133,0,1,2,1,4,631,454,43,9,1137,0,0,0,1137
11/05/2000,PIT,PA,AEA,CE,Towers with Radar,617,437,37,8,1099,0,0,1,0,1,617,437,38,8,1100,0,0,0,1100
11/06/2000,PIT,PA,AEA,CE,Towers with Radar,625,549,82,25,1281,0,1,1,0,2,625,550,83,25,1283,0,0,0,1283
11/07/2000,PIT,PA,AEA,CE,Towers with Radar,670,589,79,17,1355,0,0,1,0,1,670,589,80,17,1356,0,0,0,1356
11/08/2000,PIT,PA,AEA,CE,Towers with Radar,647,586,70,23,1326,0,0,0,0,0,647,586,70,23,1326,0,0,0,1326
11/09/2000,PIT,PA,AEA,CE,Towers with Radar,651,560,97,10,1318,0,0,1,0,1,651,560,98,10,1319,0,0,0,1319
11/10/2000,PIT,PA,AEA,CE,Towers with Radar,696,573,58,5,1332,0,0,1,0,1,696,573,59,5,1333,0,0,0,1333
11/11/2000,PIT,PA,AEA,CE,Towers with Radar,580,415,48,13,1056,0,1,0,0,1,580,416,48,13,1057,0,0,0,1057
11/12/2000,PIT,PA,AEA,CE,Towers with Radar,633,428,47,10,1118,0,0,0,0,0,633,428,47,10,1118,0,0,0,1118
11/13/2000,PIT,PA,AEA,CE,Towers with Radar,640,538,62,7,1247,0,0,1,0,1,640,538,63,7,1248,0,0,0,1248
11/14/2000,PIT,PA,AEA,CE,Towers with Radar,640,572,80,20,1312,0,0,1,0,1,640,572,81,20,1313,0,0,0,1313
11/15/2000,PIT,PA,AEA,CE,Towers with Radar,658,555,52,23,1288,0,0,1,0,1,658,555,53,23,1289,0,0,0,1289
11/16/2000,PIT,PA,AEA,CE,Towers with Radar,642,575,63,14,1294,0,0,1,0,1,642,575,64,14,1295,0,0,0,1295
11/17/2000,PIT,PA,AEA,CE,Towers with Radar,672,568,78,17,1335,0,0,1,0,1,672,568,79,17,1336,0,0,0,1336
11/18/2000,PIT,PA,AEA,CE,Towers with Radar,643,450,24,14,1131,0,0,0,1,1,643,450,24,15,1132,0,0,0,1132
11/19/2000,PIT,PA,AEA,CE,Towers with Radar,616,427,28,36,1107,0,0,1,0,1,616,427,29,36,1108,0,0,0,1108
11/20/2000,PIT,PA,AEA,CE,Towers with Radar,627,525,35,14,1201,0,0,1,0,1,627,525,36,14,1202,0,0,0,1202
11/21/2000,PIT,PA,AEA,CE,Towers with Radar,634,542,81,20,1277,0,1,2,0,3,634,543,83,20,1280,0,0,0,1280
11/22/2000,PIT,PA,AEA,CE,Towers with Radar,694,557,73,13,1337,0,0,1,0,1,694,557,74,13,1338,0,0,0,1338
11/23/2000,PIT,PA,AEA,CE,Towers with Radar,628,447,23,1,1099,0,0,0,0,0,628,447,23,1,1099,0,0,0,1099
11/24/2000,PIT,PA,AEA,CE,Towers with Radar,574,353,37,5,969,0,4,1,0,5,574,357,38,5,974,0,0,0,974
11/25/2000,PIT,PA,AEA,CE,Towers with Radar,615,419,32,3,1069,0,0,3,0,3,615,419,35,3,1072,0,0,0,1072
11/26/2000,PIT,PA,AEA,CE,Towers with Radar,622,478,38,1,1139,0,0,1,0,1,622,478,39,1,1140,0,0,0,1140
11/27/2000,PIT,PA,AEA,CE,Towers with Radar,661,535,76,5,1277,0,0,0,0,0,661,535,76,5,1277,0,0,0,1277
11/28/2000,PIT,PA,AEA,CE,Towers with Radar,664,547,81,9,1301,0,0,0,0,0,664,547,81,9,1301,0,0,0,1301
11/29/2000,PIT,PA,AEA,CE,Towers with Radar,660,565,75,12,1312,0,0,1,0,1,660,565,76,12,1313,0,0,0,1313
11/30/2000,PIT,PA,AEA,CE,Towers with Radar,650,567,77,14,1308,0,1,0,0,1,650,568,77,14,1309,0,0,0,1309
12/01/2000,PIT,PA,AEA,CE,Towers with Radar,645,545,33,16,1239,0,0,1,0,1,645,545,34,16,1240,0,0,0,1240
12/02/2000,PIT,PA,AEA,CE,Towers with Radar,630,412,28,14,1084,0,0,3,0,3,630,412,31,14,1087,0,0,0,1087
12/03/2000,PIT,PA,AEA,CE,Towers with Radar,605,413,47,8,1073,0,1,3,1,5,605,414,50,9,1078,0,0,0,1078
12/04/2000,PIT,PA,AEA,CE,Towers with Radar,618,537,60,13,1228,0,0,2,0,2,618,537,62,13,1230,0,0,0,1230
12/05/2000,PIT,PA,AEA,CE,Towers with Radar,641,551,62,8,1262,0,0,1,0,1,641,551,63,8,1263,0,0,0,1263
12/06/2000,PIT,PA,AEA,CE,Towers with Radar,645,552,83,16,1296,0,1,2,0,3,645,553,85,16,1299,0,0,0,1299
12/07/2000,PIT,PA,AEA,CE,Towers with Radar,622,506,66,4,1198,0,0,0,0,0,622,506,66,4,1198,0,0,0,1198
12/08/2000,PIT,PA,AEA,CE,Towers with Radar,675,553,54,14,1296,0,0,1,0,1,675,553,55,14,1297,0,0,0,1297
12/09/2000,PIT,PA,AEA,CE,Towers with Radar,616,412,29,8,1065,0,0,0,0,0,616,412,29,8,1065,0,0,0,1065
12/10/2000,PIT,PA,AEA,CE,Towers with Radar,599,407,23,4,1033,0,0,0,0,0,599,407,23,4,1033,0,0,0,1033
12/11/2000,PIT,PA,AEA,CE,Towers with Radar,566,339,44,2,951,0,0,0,0,0,566,339,44,2,951,0,0,0,951
12/12/2000,PIT,PA,AEA,CE,Towers with Radar,608,525,55,13,1201,0,0,0,0,0,608,525,55,13,1201,0,0,0,1201
12/13/2000,PIT,PA,AEA,CE,Towers with Radar,616,489,73,5,1183,0,1,4,0,5,616,490,77,5,1188,0,0,0,1188
12/14/2000,PIT,PA,AEA,CE,Towers with Radar,586,457,37,3,1083,0,0,0,0,0,586,457,37,3,1083,0,0,0,1083
12/15/2000,PIT,PA,AEA,CE,Towers with Radar,649,547,70,11,1277,0,0,0,1,1,649,547,70,12,1278,0,0,0,1278
12/16/2000,PIT,PA,AEA,CE,Towers with Radar,633,403,29,3,1068,0,0,1,0,1,633,403,30,3,1069,0,0,0,1069
12/17/2000,PIT,PA,AEA,CE,Towers with Radar,597,335,19,8,959,0,0,0,0,0,597,335,19,8,959,0,0,0,959
12/18/2000,PIT,PA,AEA,CE,Towers with Radar,655,500,62,8,1225,0,1,0,1,2,655,501,62,9,1227,0,0,0,1227
12/19/2000,PIT,PA,AEA,CE,Towers with Radar,661,524,51,5,1241,0,0,0,0,0,661,524,51,5,1241,0,0,0,1241
12/20/2000,PIT,PA,AEA,CE,Towers with Radar,665,538,70,16,1289,0,1,0,0,1,665,539,70,16,1290,0,0,0,1290
12/21/2000,PIT,PA,AEA,CE,Towers with Radar,652,548,46,11,1257,0,0,2,0,2,652,548,48,11,1259,0,0,0,1259
12/22/2000,PIT,PA,AEA,CE,Towers with Radar,672,522,55,1,1250,0,0,1,0,1,672,522,56,1,1251,0,0,0,1251
12/23/2000,PIT,PA,AEA,CE,Towers with Radar,670,431,30,1,1132,0,0,1,0,1,670,431,31,1,1133,0,0,0,1133
12/24/2000,PIT,PA,AEA,CE,Towers with Radar,600,328,11,8,947,0,0,0,0,0,600,328,11,8,947,0,0,0,947
12/25/2000,PIT,PA,AEA,CE,Towers with Radar,583,349,3,2,937,0,0,1,0,1,583,349,4,2,938,0,0,0,938
12/26/2000,PIT,PA,AEA,CE,Towers with Radar,626,498,37,7,1168,0,0,0,0,0,626,498,37,7,1168,0,0,0,1168
12/27/2000,PIT,PA,AEA,CE,Towers with Radar,658,506,33,14,1211,0,0,0,0,0,658,506,33,14,1211,0,0,0,1211
12/28/2000,PIT,PA,AEA,CE,Towers with Radar,676,528,32,14,1250,0,0,0,1,1,676,528,32,15,1251,0,0,0,1251
12/29/2000,PIT,PA,AEA,CE,Towers with Radar,681,526,33,7,1247,0,0,1,0,1,681,526,34,7,1248,0,0,0,1248
12/30/2000,PIT,PA,AEA,CE,Towers with Radar,600,376,10,1,987,0,0,0,0,0,600,376,10,1,987,0,0,0,987
12/31/2000,PIT,PA,AEA,CE,Towers with Radar,568,338,10,0,916,0,0,0,0,0,568,338,10,0,916,0,0,0,916
01/01/2001,PIT,PA,AEA,CE,Towers with Radar,610,368,17,2,997,0,0,0,0,0,610,368,17,2,997,0,0,0,997
01/02/2001,PIT,PA,AEA,CE,Towers with Radar,651,499,30,13,1193,0,0,0,0,0,651,499,30,13,1193,0,0,0,1193
01/03/2001,PIT,PA,AEA,CE,Towers with Radar,636,511,51,23,1221,0,0,2,0,2,636,511,53,23,1223,0,0,0,1223
01/04/2001,PIT,PA,AEA,CE,Towers with Radar,662,541,55,15,1273,0,0,0,0,0,662,541,55,15,1273,0,0,0,1273
01/05/2001,PIT,PA,AEA,CE,Towers with Radar,622,510,33,6,1171,0,0,0,1,1,622,510,33,7,1172,0,0,0,1172
01/06/2001,PIT,PA,AEA,CE,Towers with Radar,651,418,25,10,1104,0,0,0,0,0,651,418,25,10,1104,0,0,0,1104
01/07/2001,PIT,PA,AEA,CE,Towers with Radar,610,430,30,10,1080,0,0,0,0,0,610,430,30,10,1080,0,0,0,1080
01/08/2001,PIT,PA,AEA,CE,Towers with Radar,635,540,44,6,1225,0,0,1,0,1,635,540,45,6,1226,0,0,0,1226
01/09/2001,PIT,PA,AEA,CE,Towers with Radar,656,578,67,26,1327,0,1,2,1,4,656,579,69,27,1331,0,0,0,1331
01/10/2001,PIT,PA,AEA,CE,Towers with Radar,653,576,55,37,1321,0,0,0,0,0,653,576,55,37,1321,0,0,0,1321
01/11/2001,PIT,PA,AEA,CE,Towers with Radar,659,579,66,16,1320,0,1,1,0,2,659,580,67,16,1322,0,0,0,1322
01/12/2001,PIT,PA,AEA,CE,Towers with Radar,650,563,41,22,1276,0,1,0,0,1,650,564,41,22,1277,0,0,0,1277
01/13/2001,PIT,PA,AEA,CE,Towers with Radar,624,413,23,3,1063,0,2,2,0,4,624,415,25,3,1067,0,0,0,1067
01/14/2001,PIT,PA,AEA,CE,Towers with Radar,585,419,28,2,1034,0,0,0,0,0,585,419,28,2,1034,0,0,0,1034
01/15/2001,PIT,PA,AEA,CE,Towers with Radar,619,539,47,2,1207,0,0,0,0,0,619,539,47,2,1207,0,0,0,1207
01/16/2001,PIT,PA,AEA,CE,Towers with Radar,655,566,69,9,1299,0,0,2,0,2,655,566,71,9,1301,0,0,0,1301
01/17/2001,PIT,PA,AEA,CE,Towers with Radar,652,564,67,21,1304,0,0,0,0,0,652,564,67,21,1304,0,0,0,1304
01/18/2001,PIT,PA,AEA,CE,Towers with Radar,636,561,48,30,1275,0,0,1,0,1,636,561,49,30,1276,0,0,0,1276
01/19/2001,PIT,PA,AEA,CE,Towers with Radar,611,541,48,7,1207,0,0,0,0,0,611,541,48,7,1207,0,0,0,1207
01/20/2001,PIT,PA,AEA,CE,Towers with Radar,630,411,18,8,1067,0,0,0,0,0,630,411,18,8,1067,0,0,0,1067
01/21/2001,PIT,PA,AEA,CE,Towers with Radar,597,419,29,9,1054,0,0,2,0,2,597,419,31,9,1056,0,0,0,1056
01/22/2001,PIT,PA,AEA,CE,Towers with Radar,638,565,38,7,1248,0,0,0,0,0,638,565,38,7,1248,0,0,0,1248
01/23/2001,PIT,PA,AEA,CE,Towers with Radar,662,582,68,22,1334,0,1,2,0,3,662,583,70,22,1337,0,0,0,1337
01/24/2001,PIT,PA,AEA,CE,Towers with Radar,655,566,57,21,1299,0,0,0,0,0,655,566,57,21,1299,0,0,0,1299
01/25/2001,PIT,PA,AEA,CE,Towers with Radar,665,585,74,18,1342,0,0,0,0,0,665,585,74,18,1342,0,0,0,1342
01/26/2001,PIT,PA,AEA,CE,Towers with Radar,645,570,51,20,1286,0,0,4,0,4,645,570,55,20,1290,0,0,0,1290
01/27/2001,PIT,PA,AEA,CE,Towers with Radar,629,439,19,2,1089,0,0,0,0,0,629,439,19,2,1089,0,0,0,1089
01/28/2001,PIT,PA,AEA,CE,Towers with Radar,620,423,18,9,1070,0,0,0,0,0,620,423,18,9,1070,0,0,0,1070
01/29/2001,PIT,PA,AEA,CE,Towers with Radar,619,565,54,11,1249,0,0,2,0,2,619,565,56,11,1251,0,0,0,1251
01/30/2001,PIT,PA,AEA,CE,Towers with Radar,642,558,63,23,1286,0,0,0,0,0,642,558,63,23,1286,0,0,0,1286
01/31/2001,PIT,PA,AEA,CE,Towers with Radar,640,566,63,15,1284,0,0,0,0,0,640,566,63,15,1284,0,0,0,1284
02/01/2001,PIT,PA,AEA,CE,Towers with Radar,641,575,65,21,1302,0,0,0,0,0,641,575,65,21,1302,0,0,0,1302
02/02/2001,PIT,PA,AEA,CE,Towers with Radar,650,569,44,8,1271,0,0,0,0,0,650,569,44,8,1271,0,0,0,1271
02/03/2001,PIT,PA,AEA,CE,Towers with Radar,623,433,20,3,1079,0,1,1,0,2,623,434,21,3,1081,0,0,0,1081
02/04/2001,PIT,PA,AEA,CE,Towers with Radar,613,441,29,4,1087,0,0,2,0,2,613,441,31,4,1089,0,0,0,1089
02/05/2001,PIT,PA,AEA,CE,Towers with Radar,606,545,60,6,1217,0,0,1,0,1,606,545,61,6,1218,0,0,0,1218
02/06/2001,PIT,PA,AEA,CE,Towers with Radar,641,550,55,20,1266,0,0,0,0,0,641,550,55,20,1266,0,0,0,1266
02/07/2001,PIT,PA,AEA,CE,Towers with Radar,651,554,51,23,1279,0,0,5,0,5,651,554,56,23,1284,0,0,0,1284
02/08/2001,PIT,PA,AEA,CE,Towers with Radar,646,569,70,25,1310,0,0,3,1,4,646,569,73,26,1314,0,0,0,1314
02/09/2001,PIT,PA,AEA,CE,Towers with Radar,648,554,45,10,1257,0,1,2,1,4,648,555,47,11,1261,0,0,0,1261
02/10/2001,PIT,PA,AEA,CE,Towers with Radar,625,444,23,7,1099,0,0,2,0,2,625,444,25,7,1101,0,0,0,1101
02/11/2001,PIT,PA,AEA,CE,Towers with Radar,627,453,39,5,1124,0,0,1,0,1,627,453,40,5,1125,0,0,0,1125
02/12/2001,PIT,PA,AEA,CE,Towers with Radar,604,533,51,16,1204,0,1,2,0,3,604,534,53,16,1207,0,0,0,1207
02/13/2001,PIT,PA,AEA,CE,Towers with Radar,648,584,57,21,1310,0,0,1,0,1,648,584,58,21,1311,0,0,0,1311
02/14/2001,PIT,PA,AEA,CE,Towers with Radar,638,557,61,23,1279,0,0,0,0,0,638,557,61,23,1279,0,0,0,1279
02/15/2001,PIT,PA,AEA,CE,Towers with Radar,658,571,53,21,1303,0,0,0,0,0,658,571,53,21,1303,0,0,0,1303
02/16/2001,PIT,PA,AEA,CE,Towers with Radar,647,545,57,13,1262,0,0,0,0,0,647,545,57,13,1262,0,0,0,1262
02/17/2001,PIT,PA,AEA,CE,Towers with Radar,632,440,36,0,1108,0,0,0,0,0,632,440,36,0,1108,0,0,0,1108
02/18/2001,PIT,PA,AEA,CE,Towers with Radar,625,445,24,4,1098,0,0,2,0,2,625,445,26,4,1100,0,0,0,1100
02/19/2001,PIT,PA,AEA,CE,Towers with Radar,639,542,39,9,1229,0,1,0,0,1,639,543,39,9,1230,0,0,0,1230
02/20/2001,PIT,PA,AEA,CE,Towers with Radar,652,570,62,15,1299,0,1,0,0,1,652,571,62,15,1300,0,0,0,1300
02/21/2001,PIT,PA,AEA,CE,Towers with Radar,652,576,55,25,1308,0,0,2,0,2,652,576,57,25,1310,0,0,0,1310
02/22/2001,PIT,PA,AEA,CE,Towers with Radar,640,554,72,17,1283,0,0,1,0,1,640,554,73,17,1284,0,0,0,1284
02/23/2001,PIT,PA,AEA,CE,Towers with Radar,580,674,49,13,1316,0,0,3,0,3,580,674,52,13,1319,0,0,0,1319
02/24/2001,PIT,PA,AEA,CE,Towers with Radar,531,534,26,2,1093,0,0,0,0,0,531,534,26,2,1093,0,0,0,1093
02/25/2001,PIT,PA,AEA,CE,Towers with Radar,494,485,29,4,1012,0,0,1,0,1,494,485,30,4,1013,0,0,0,1013
02/26/2001,PIT,PA,AEA,CE,Towers with Radar,570,668,64,14,1316,0,0,1,0,1,570,668,65,14,1317,0,0,0,1317
02/27/2001,PIT,PA,AEA,CE,Towers with Radar,570,693,62,26,1351,0,0,4,0,4,570,693,66,26,1355,0,0,0,1355
02/28/2001,PIT,PA,AEA,CE,Towers with Radar,552,674,62,25,1313,0,1,3,4,8,552,675,65,29,1321,0,0,0,1321
03/01/2001,PIT,PA,AEA,CE,Towers with Radar,569,680,70,26,1345,0,0,3,1,4,569,680,73,27,1349,0,0,0,1349
03/02/2001,PIT,PA,AEA,CE,Towers with Radar,560,685,69,17,1331,0,0,0,0,0,560,685,69,17,1331,0,0,0,1331
03/03/2001,PIT,PA,AEA,CE,Towers with Radar,546,527,24,4,1101,0,0,4,0,4,546,527,28,4,1105,0,0,0,1105
03/04/2001,PIT,PA,AEA,CE,Towers with Radar,493,481,35,5,1014,0,1,0,0,1,493,482,35,5,1015,0,0,0,1015
03/05/2001,PIT,PA,AEA,CE,Towers with Radar,539,569,41,3,1152,0,1,0,0,1,539,570,41,3,1153,0,0,0,1153
03/06/2001,PIT,PA,AEA,CE,Towers with Radar,497,612,38,1,1148,0,0,0,0,0,497,612,38,1,1148,0,0,0,1148
03/07/2001,PIT,PA,AEA,CE,Towers with Radar,576,695,58,17,1346,0,0,0,0,0,576,695,58,17,1346,0,0,0,1346
03/08/2001,PIT,PA,AEA,CE,Towers with Radar,573,662,44,19,1298,0,0,0,0,0,573,662,44,19,1298,0,0,0,1298
03/09/2001,PIT,PA,AEA,CE,Towers with Radar,578,676,60,11,1325,0,0,0,0,0,578,676,60,11,1325,0,0,0,1325
03/10/2001,PIT,PA,AEA,CE,Towers with Radar,542,544,27,5,1118,0,0,0,0,0,542,544,27,5,1118,0,0,0,1118
03/11/2001,PIT,PA,AEA,CE,Towers with Radar,537,550,33,6,1126,0,0,1,0,1,537,550,34,6,1127,0,0,0,1127
03/12/2001,PIT,PA,AEA,CE,Towers with Radar,547,653,62,15,1277,0,1,4,0,5,547,654,66,15,1282,0,0,0,1282
03/13/2001,PIT,PA,AEA,CE,Towers with Radar,564,666,59,10,1299,0,0,0,0,0,564,666,59,10,1299,0,0,0,1299
03/14/2001,PIT,PA,AEA,CE,Towers with Radar,567,696,58,22,1343,0,0,2,1,3,567,696,60,23,1346,0,0,0,1346
03/15/2001,PIT,PA,AEA,CE,Towers with Radar,573,671,76,20,1340,0,0,2,0,2,573,671,78,20,1342,0,0,0,1342
03/16/2001,PIT,PA,AEA,CE,Towers with Radar,567,661,85,18,1331,0,0,0,0,0,567,661,85,18,1331,0,0,0,1331
03/17/2001,PIT,PA,AEA,CE,Towers with Radar,536,549,29,12,1126,0,0,0,0,0,536,549,29,12,1126,0,0,0,1126
03/18/2001,PIT,PA,AEA,CE,Towers with Radar,523,562,49,11,1145,0,0,0,0,0,523,562,49,11,1145,0,0,0,1145
03/19/2001,PIT,PA,AEA,CE,Towers with Radar,552,671,83,10,1316,0,1,5,0,6,552,672,88,10,1322,0,0,0,1322
03/20/2001,PIT,PA,AEA,CE,Towers with Radar,546,694,83,16,1339,0,1,3,0,4,546,695,86,16,1343,0,0,0,1343
03/21/2001,PIT,PA,AEA,CE,Towers with Radar,556,651,56,20,1283,0,0,1,0,1,556,651,57,20,1284,0,0,0,1284
03/22/2001,PIT,PA,AEA,CE,Towers with Radar,566,680,81,23,1350,0,0,2,0,2,566,680,83,23,1352,0,0,0,1352
03/23/2001,PIT,PA,AEA,CE,Towers with Radar,575,677,75,20,1347,0,0,0,0,0,575,677,75,20,1347,0,0,0,1347
03/24/2001,PIT,PA,AEA,CE,Towers with Radar,536,547,22,4,1109,0,0,1,0,1,536,547,23,4,1110,0,0,0,1110
03/25/2001,PIT,PA,AEA,CE,Towers with Radar,527,544,27,9,1107,0,0,0,0,0,527,544,27,9,1107,0,0,0,1107
03/26/2001,PIT,PA,AEA,CE,Towers with Radar,552,637,54,14,1257,0,0,0,0,0,552,637,54,14,1257,0,0,0,1257
03/27/2001,PIT,PA,AEA,CE,Towers with Radar,566,673,69,20,1328,0,0,1,0,1,566,673,70,20,1329,0,0,0,1329
03/28/2001,PIT,PA,AEA,CE,Towers with Radar,564,695,83,32,1374,0,0,1,0,1,564,695,84,32,1375,0,0,0,1375
03/29/2001,PIT,PA,AEA,CE,Towers with Radar,563,668,82,15,1328,0,0,0,0,0,563,668,82,15,1328,0,0,0,1328
03/30/2001,PIT,PA,AEA,CE,Towers with Radar,575,665,77,10,1327,0,0,0,0,0,575,665,77,10,1327,0,0,0,1327
03/31/2001,PIT,PA,AEA,CE,Towers with Radar,526,529,41,4,1100,0,0,0,0,0,526,529,41,4,1100,0,0,0,1100
04/01/2001,PIT,PA,AEA,CE,Towers with Radar,618,432,40,7,1097,0,0,1,0,1,618,432,41,7,1098,0,0,0,1098
04/02/2001,PIT,PA,AEA,CE,Towers with Radar,666,565,76,2,1309,0,0,0,0,0,666,565,76,2,1309,0,0,0,1309
04/03/2001,PIT,PA,AEA,CE,Towers with Radar,672,582,88,15,1357,0,0,1,0,1,672,582,89,15,1358,0,0,0,1358
04/04/2001,PIT,PA,AEA,CE,Towers with Radar,675,605,116,16,1412,0,0,6,1,7,675,605,122,17,1419,0,0,0,1419
04/05/2001,PIT,PA,AEA,CE,Towers with Radar,686,561,77,18,1342,0,0,1,0,1,686,561,78,18,1343,0,0,0,1343
04/06/2001,PIT,PA,AEA,CE,Towers with Radar,662,566,50,14,1292,0,0,2,0,2,662,566,52,14,1294,0,0,0,1294
04/07/2001,PIT,PA,AEA,CE,Towers with Radar,646,436,43,12,1137,0,0,0,0,0,646,436,43,12,1137,0,0,0,1137
04/08/2001,PIT,PA,AEA,CE,Towers with Radar,635,443,41,16,1135,0,0,0,0,0,635,443,41,16,1135,0,0,0,1135
04/09/2001,PIT,PA,AEA,CE,Towers with Radar,602,455,78,14,1149,0,1,1,0,2,602,456,79,14,1151,0,0,0,1151
04/10/2001,PIT,PA,AEA,CE,Towers with Radar,696,580,79,14,1369,0,0,0,0,0,696,580,79,14,1369,0,0,0,1369
04/11/2001,PIT,PA,AEA,CE,Towers with Radar,660,569,73,22,1324,0,0,0,0,0,660,569,73,22,1324,0,0,0,1324
04/12/2001,PIT,PA,AEA,CE,Towers with Radar,666,561,75,13,1315,0,0,1,0,1,666,561,76,13,1316,0,0,0,1316
04/13/2001,PIT,PA,AEA,CE,Towers with Radar,697,569,68,19,1353,0,0,1,0,1,697,569,69,19,1354,0,0,0,1354
04/14/2001,PIT,PA,AEA,CE,Towers with Radar,636,438,38,5,1117,0,3,1,0,4,636,441,39,5,1121,0,0,0,1121
04/15/2001,PIT,PA,AEA,CE,Towers with Radar,608,444,30,0,1082,0,0,0,0,0,608,444,30,0,1082,0,0,0,1082
04/16/2001,PIT,PA,AEA,CE,Towers with Radar,658,567,52,6,1283,0,0,1,0,1,658,567,53,6,1284,0,0,0,1284
04/17/2001,PIT,PA,AEA,CE,Towers with Radar,680,566,55,20,1321,0,0,1,0,1,680,566,56,20,1322,0,0,0,1322
04/18/2001,PIT,PA,AEA,CE,Towers with Radar,671,586,66,21,1344,0,0,1,2,3,671,586,67,23,1347,0,0,0,1347
04/19/2001,PIT,PA,AEA,CE,Towers with Radar,687,584,86,17,1374,0,1,4,0,5,687,585,90,17,1379,0,0,0,1379
04/20/2001,PIT,PA,AEA,CE,Towers with Radar,677,584,77,10,1348,0,0,3,0,3,677,584,80,10,1351,0,0,0,1351
04/21/2001,PIT,PA,AEA,CE,Towers with Radar,638,454,42,7,1141,0,0,0,0,0,638,454,42,7,1141,0,0,0,1141
04/22/2001,PIT,PA,AEA,CE,Towers with Radar,642,458,28,3,1131,0,1,1,0,2,642,459,29,3,1133,0,0,0,1133
04/23/2001,PIT,PA,AEA,CE,Towers with Radar,662,562,93,17,1334,0,1,2,0,3,662,563,95,17,1337,0,0,0,1337
04/24/2001,PIT,PA,AEA,CE,Towers with Radar,675,583,71,13,1342,0,0,0,0,0,675,583,71,13,1342,0,0,0,1342
04/25/2001,PIT,PA,AEA,CE,Towers with Radar,680,594,87,29,1390,0,0,1,0,1,680,594,88,29,1391,0,0,0,1391
04/26/2001,PIT,PA,AEA,CE,Towers with Radar,681,594,87,19,1381,0,0,0,0,0,681,594,87,19,1381,0,0,0,1381
04/27/2001,PIT,PA,AEA,CE,Towers with Radar,692,579,68,14,1353,0,1,2,0,3,692,580,70,14,1356,0,0,0,1356
04/28/2001,PIT,PA,AEA,CE,Towers with Radar,641,461,35,2,1139,0,0,3,0,3,641,461,38,2,1142,0,0,0,1142
04/29/2001,PIT,PA,AEA,CE,Towers with Radar,648,452,53,9,1162,0,1,2,1,4,648,453,55,10,1166,0,0,0,1166
04/30/2001,PIT,PA,AEA,CE,Towers with Radar,670,570,69,14,1323,0,0,2,0,2,670,570,71,14,1325,0,0,0,1325
05/01/2001,PIT,PA,AEA,CE,Towers with Radar,676,572,77,22,1347,0,0,4,0,4,676,572,81,22,1351,0,0,0,1351
05/02/2001,PIT,PA,AEA,CE,Towers with Radar,674,575,67,26,1342,0,0,2,1,3,674,575,69,27,1345,0,0,0,1345
05/03/2001,PIT,PA,AEA,CE,Towers with Radar,685,584,77,27,1373,0,0,3,0,3,685,584,80,27,1376,0,0,0,1376
05/04/2001,PIT,PA,AEA,CE,Towers with Radar,679,585,81,22,1367,0,0,2,0,2,679,585,83,22,1369,0,0,0,1369
05/05/2001,PIT,PA,AEA,CE,Towers with Radar,644,444,29,10,1127,0,1,2,0,3,644,445,31,10,1130,0,0,0,1130
05/06/2001,PIT,PA,AEA,CE,Towers with Radar,646,463,43,9,1161,0,0,2,1,3,646,463,45,10,1164,0,0,0,1164
05/07/2001,PIT,PA,AEA,CE,Towers with Radar,660,576,80,15,1331,0,0,2,0,2,660,576,82,15,1333,0,0,0,1333
05/08/2001,PIT,PA,AEA,CE,Towers with Radar,671,615,80,17,1383,0,0,1,0,1,671,615,81,17,1384,0,0,0,1384
05/09/2001,PIT,PA,AEA,CE,Towers with Radar,716,577,74,28,1395,0,0,1,0,1,716,577,75,28,1396,0,0,0,1396
05/10/2001,PIT,PA,AEA,CE,Towers with Radar,680,609,95,25,1409,0,0,3,0,3,680,609,98,25,1412,0,0,0,1412
05/11/2001,PIT,PA,AEA,CE,Towers with Radar,716,535,56,21,1328,0,3,1,0,4,716,538,57,21,1332,0,0,0,1332
05/12/2001,PIT,PA,AEA,CE,Towers with Radar,641,466,33,11,1151,0,0,0,0,0,641,466,33,11,1151,0,0,0,1151
05/13/2001,PIT,PA,AEA,CE,Towers with Radar,648,449,51,17,1165,0,0,4,0,4,648,449,55,17,1169,0,0,0,1169
05/14/2001,PIT,PA,AEA,CE,Towers with Radar,652,570,66,6,1294,0,0,1,0,1,652,570,67,6,1295,0,0,0,1295
05/15/2001,PIT,PA,AEA,CE,Towers with Radar,676,585,62,9,1332,0,1,1,0,2,676,586,63,9,1334,0,0,0,1334
05/16/2001,PIT,PA,AEA,CE,Towers with Radar,675,590,89,14,1368,0,0,0,0,0,675,590,89,14,1368,0,0,0,1368
05/17/2001,PIT,PA,AEA,CE,Towers with Radar,680,583,80,13,1356,0,0,2,0,2,680,583,82,13,1358,0,0,0,1358
05/18/2001,PIT,PA,AEA,CE,Towers with Radar,686,601,63,11,1361,0,0,0,0,0,686,601,63,11,1361,0,0,0,1361
05/19/2001,PIT,PA,AEA,CE,Towers with Radar,631,439,41,4,1115,0,0,2,0,2,631,439,43,4,1117,0,0,0,1117
05/20/2001,PIT,PA,AEA,CE,Towers with Radar,659,467,42,17,1185,0,0,1,0,1,659,467,43,17,1186,0,0,0,1186
05/21/2001,PIT,PA,AEA,CE,Towers with Radar,631,533,63,4,1231,0,0,1,0,1,631,533,64,4,1232,0,0,0,1232
05/22/2001,PIT,PA,AEA,CE,Towers with Radar,665,561,66,9,1301,0,0,1,0,1,665,561,67,9,1302,0,0,0,1302
05/23/2001,PIT,PA,AEA,CE,Towers with Radar,711,562,78,14,1365,0,0,1,0,1,711,562,79,14,1366,0,0,0,1366
05/24/2001,PIT,PA,AEA,CE,Towers with Radar,668,596,86,23,1373,0,0,2,0,2,668,596,88,23,1375,0,0,0,1375
05/25/2001,PIT,PA,AEA,CE,Towers with Radar,671,591,60,6,1328,0,0,2,0,2,671,591,62,6,1330,0,0,0,1330
05/26/2001,PIT,PA,AEA,CE,Towers with Radar,643,451,27,6,1127,0,0,2,0,2,643,451,29,6,1129,0,0,0,1129
05/27/2001,PIT,PA,AEA,CE,Towers with Radar,625,407,20,0,1052,0,0,0,0,0,625,407,20,0,1052,0,0,0,1052
05/28/2001,PIT,PA,AEA,CE,Towers with Radar,651,498,39,6,1194,0,1,0,1,2,651,499,39,7,1196,0,0,0,1196
05/29/2001,PIT,PA,AEA,CE,Towers with Radar,664,564,105,13,1346,0,0,1,0,1,664,564,106,13,1347,0,0,0,1347
05/30/2001,PIT,PA,AEA,CE,Towers with Radar,676,605,67,24,1372,0,2,6,0,8,676,607,73,24,1380,0,0,0,1380
05/31/2001,PIT,PA,AEA,CE,Towers with Radar,683,593,74,21,1371,0,3,5,0,8,683,596,79,21,1379,0,0,0,1379
06/01/2001,PIT,PA,AEA,CE,Towers with Radar,660,566,52,7,1285,0,0,0,0,0,660,566,52,7,1285,0,0,0,1285
06/02/2001,PIT,PA,AEA,CE,Towers with Radar,644,447,36,9,1136,0,0,1,2,3,644,447,37,11,1139,0,0,0,1139
06/03/2001,PIT,PA,AEA,CE,Towers with Radar,635,457,47,13,1152,0,0,2,1,3,635,457,49,14,1155,0,0,0,1155
06/04/2001,PIT,PA,AEA,CE,Towers with Radar,653,569,93,21,1336,0,0,3,0,3,653,569,96,21,1339,0,0,0,1339
06/05/2001,PIT,PA,AEA,CE,Towers with Radar,651,580,73,16,1320,0,0,1,0,1,651,580,74,16,1321,0,0,0,1321
06/06/2001,PIT,PA,AEA,CE,Towers with Radar,662,586,76,16,1340,0,0,1,0,1,662,586,77,16,1341,0,0,0,1341
06/07/2001,PIT,PA,AEA,CE,Towers with Radar,690,603,72,20,1385,0,0,0,0,0,690,603,72,20,1385,0,0,0,1385
06/08/2001,PIT,PA,AEA,CE,Towers with Radar,691,601,75,12,1379,0,0,1,0,1,691,601,76,12,1380,0,0,0,1380
06/09/2001,PIT,PA,AEA,CE,Towers with Radar,645,454,47,6,1152,0,0,2,0,2,645,454,49,6,1154,0,0,0,1154
06/10/2001,PIT,PA,AEA,CE,Towers with Radar,826,466,52,6,1350,0,0,1,0,1,826,466,53,6,1351,0,0,0,1351
06/11/2001,PIT,PA,AEA,CE,Towers with Radar,654,563,59,2,1278,0,0,0,0,0,654,563,59,2,1278,0,0,0,1278
06/12/2001,PIT,PA,AEA,CE,Towers with Radar,652,587,88,21,1348,0,0,1,0,1,652,587,89,21,1349,0,0,0,1349
06/13/2001,PIT,PA,AEA,CE,Towers with Radar,668,602,90,19,1379,0,0,1,1,2,668,602,91,20,1381,0,0,0,1381
06/14/2001,PIT,PA,AEA,CE,Towers with Radar,661,606,109,19,1395,0,1,4,0,5,661,607,113,19,1400,0,0,0,1400
06/15/2001,PIT,PA,AEA,CE,Towers with Radar,643,577,91,25,1336,0,0,3,0,3,643,577,94,25,1339,0,0,0,1339
06/16/2001,PIT,PA,AEA,CE,Towers with Radar,650,431,31,9,1121,0,0,1,0,1,650,431,32,9,1122,0,0,0,1122
06/17/2001,PIT,PA,AEA,CE,Towers with Radar,644,462,41,8,1155,0,0,1,0,1,644,462,42,8,1156,0,0,0,1156
06/18/2001,PIT,PA,AEA,CE,Towers with Radar,665,581,93,18,1357,0,0,5,0,5,665,581,98,18,1362,0,0,0,1362
06/19/2001,PIT,PA,AEA,CE,Towers with Radar,664,587,80,16,1347,0,0,0,1,1,664,587,80,17,1348,0,0,0,1348
06/20/2001,PIT,PA,AEA,CE,Towers with Radar,637,576,65,14,1292,0,2,1,0,3,637,578,66,14,1295,0,0,0,1295
06/21/2001,PIT,PA,AEA,CE,Towers with Radar,612,544,72,8,1236,0,0,0,2,2,612,544,72,10,1238,0,0,0,1238
06/22/2001,PIT,PA,AEA,CE,Towers with Radar,685,602,61,21,1369,0,0,0,0,0,685,602,61,21,1369,0,0,0,1369
06/23/2001,PIT,PA,AEA,CE,Towers with Radar,671,471,38,1,1181,0,0,1,0,1,671,471,39,1,1182,0,0,0,1182
06/24/2001,PIT,PA,AEA,CE,Towers with Radar,668,454,43,8,1173,0,0,2,0,2,668,454,45,8,1175,0,0,0,1175
06/25/2001,PIT,PA,AEA,CE,Towers with Radar,669,586,87,10,1352,0,0,1,1,2,669,586,88,11,1354,0,0,0,1354
06/26/2001,PIT,PA,AEA,CE,Towers with Radar,674,598,82,33,1387,0,0,4,0,4,674,598,86,33,1391,0,0,0,1391
06/27/2001,PIT,PA,AEA,CE,Towers with Radar,673,597,68,19,1357,0,2,0,1,3,673,599,68,20,1360,0,0,0,1360
06/28/2001,PIT,PA,AEA,CE,Towers with Radar,691,608,84,19,1402,0,0,2,0,2,691,608,86,19,1404,0,0,0,1404
06/29/2001,PIT,PA,AEA,CE,Towers with Radar,696,597,65,13,1371,0,0,7,0,7,696,597,72,13,1378,0,0,0,1378
06/30/2001,PIT,PA,AEA,CE,Towers with Radar,632,461,31,7,1131,0,0,0,0,0,632,461,31,7,1131,0,0,0,1131
07/01/2001,PIT,PA,AEA,CE,Towers with Radar,541,314,36,9,900,0,0,0,0,0,541,314,36,9,900,0,0,0,900
07/02/2001,PIT,PA,AEA,CE,Towers with Radar,670,588,55,18,1331,0,0,1,0,1,670,588,56,18,1332,0,0,0,1332
07/03/2001,PIT,PA,AEA,CE,Towers with Radar,632,597,38,19,1286,0,0,1,0,1,632,597,39,19,1287,0,0,0,1287
07/04/2001,PIT,PA,AEA,CE,Towers with Radar,605,480,17,1,1103,0,0,0,0,0,605,480,17,1,1103,0,0,0,1103
07/05/2001,PIT,PA,AEA,CE,Towers with Radar,609,544,55,23,1231,0,0,2,0,2,609,544,57,23,1233,0,0,0,1233
07/06/2001,PIT,PA,AEA,CE,Towers with Radar,662,600,55,48,1365,0,0,11,4,15,662,600,66,52,1380,0,0,0,1380
07/07/2001,PIT,PA,AEA,CE,Towers with Radar,633,456,36,14,1139,0,1,2,4,7,633,457,38,18,1146,0,0,0,1146
07/08/2001,PIT,PA,AEA,CE,Towers with Radar,646,474,54,27,1201,0,0,9,0,9,646,474,63,27,1210,0,0,0,1210
07/09/2001,PIT,PA,AEA,CE,Towers with Radar,675,608,72,19,1374,0,0,1,0,1,675,608,73,19,1375,0,0,0,1375
07/10/2001,PIT,PA,AEA,CE,Towers with Radar,632,572,83,17,1304,0,0,1,0,1,632,572,84,17,1305,0,0,0,1305
07/11/2001,PIT,PA,AEA,CE,Towers with Radar,693,621,77,20,1411,0,0,2,0,2,693,621,79,20,1413,0,0,0,1413
07/12/2001,PIT,PA,AEA,CE,Towers with Radar,680,619,72,25,1396,0,0,2,1,3,680,619,74,26,1399,0,0,0,1399
07/13/2001,PIT,PA,AEA,CE,Towers with Radar,633,589,70,25,1317,0,0,1,0,1,633,589,71,25,1318,0,0,0,1318
07/14/2001,PIT,PA,AEA,CE,Towers with Radar,643,481,42,8,1174,0,0,84,0,84,643,481,126,8,1258,0,0,0,1258
07/15/2001,PIT,PA,AEA,CE,Towers with Radar,660,482,58,12,1212,0,0,4,0,4,660,482,62,12,1216,0,0,0,1216
07/16/2001,PIT,PA,AEA,CE,Towers with Radar,667,608,65,20,1360,0,0,3,2,5,667,608,68,22,1365,0,0,0,1365
07/17/2001,PIT,PA,AEA,CE,Towers with Radar,670,604,90,18,1382,0,1,1,0,2,670,605,91,18,1384,0,0,0,1384
07/18/2001,PIT,PA,AEA,CE,Towers with Radar,671,620,87,23,1401,0,0,1,2,3,671,620,88,25,1404,0,0,0,1404
07/19/2001,PIT,PA,AEA,CE,Towers with Radar,679,614,97,23,1413,0,0,0,0,0,679,614,97,23,1413,0,0,0,1413
07/20/2001,PIT,PA,AEA,CE,Towers with Radar,684,629,90,19,1422,0,1,1,0,2,684,630,91,19,1424,0,0,0,1424
07/21/2001,PIT,PA,AEA,CE,Towers with Radar,668,467,33,16,1184,0,0,0,0,0,668,467,33,16,1184,0,0,0,1184
07/22/2001,PIT,PA,AEA,CE,Towers with Radar,648,489,47,11,1195,0,1,0,0,1,648,490,47,11,1196,0,0,0,1196
07/23/2001,PIT,PA,AEA,CE,Towers with Radar,668,594,62,15,1339,0,1,0,0,1,668,595,62,15,1340,0,0,0,1340
07/24/2001,PIT,PA,AEA,CE,Towers with Radar,667,594,69,14,1344,0,1,5,0,6,667,595,74,14,1350,0,0,0,1350
07/25/2001,PIT,PA,AEA,CE,Towers with Radar,668,601,82,11,1362,0,1,0,0,1,668,602,82,11,1363,0,0,0,1363
07/26/2001,PIT,PA,AEA,CE,Towers with Radar,675,627,78,16,1396,0,0,1,2,3,675,627,79,18,1399,0,0,0,1399
07/27/2001,PIT,PA,AEA,CE,Towers with Radar,691,623,65,24,1403,0,0,3,2,5,691,623,68,26,1408,0,0,0,1408
07/28/2001,PIT,PA,AEA,CE,Towers with Radar,647,470,38,10,1165,0,0,2,0,2,647,470,40,10,1167,0,0,0,1167
07/29/2001,PIT,PA,AEA,CE,Towers with Radar,614,426,39,14,1093,0,0,1,1,2,614,426,40,15,1095,0,0,0,1095
07/30/2001,PIT,PA,AEA,CE,Towers with Radar,673,604,77,35,1389,0,0,2,0,2,673,604,79,35,1391,0,0,0,1391
07/31/2001,PIT,PA,AEA,CE,Towers with Radar,680,601,74,21,1376,0,0,5,0,5,680,601,79,21,1381,0,0,0,1381
08/01/2001,PIT,PA,AEA,CE,Towers with Radar,779,569,78,22,1448,0,0,1,0,1,779,569,79,22,1449,0,0,0,1449
08/02/2001,PIT,PA,AEA,CE,Towers with Radar,677,605,70,22,1374,0,0,1,1,2,677,605,71,23,1376,0,0,0,1376
08/03/2001,PIT,PA,AEA,CE,Towers with Radar,664,599,56,14,1333,0,0,1,0,1,664,599,57,14,1334,0,0,0,1334
08/04/2001,PIT,PA,AEA,CE,Towers with Radar,654,426,44,20,1144,0,0,0,0,0,654,426,44,20,1144,0,0,0,1144
08/05/2001,PIT,PA,AEA,CE,Towers with Radar,645,475,62,23,1205,0,0,1,0,1,645,475,63,23,1206,0,0,0,1206
08/06/2001,PIT,PA,AEA,CE,Towers with Radar,667,597,60,6,1330,0,1,3,0,4,667,598,63,6,1334,0,0,0,1334
08/07/2001,PIT,PA,AEA,CE,Towers with Radar,669,617,72,16,1374,0,0,3,0,3,669,617,75,16,1377,0,0,0,1377
08/08/2001,PIT,PA,AEA,CE,Towers with Radar,674,650,50,25,1399,0,0,1,0,1,674,650,51,25,1400,0,0,0,1400
08/09/2001,PIT,PA,AEA,CE,Towers with Radar,647,614,83,15,1359,0,1,1,0,2,647,615,84,15,1361,0,0,0,1361
08/10/2001,PIT,PA,AEA,CE,Towers with Radar,641,591,86,11,1329,0,1,0,0,1,641,592,86,11,1330,0,0,0,1330
08/11/2001,PIT,PA,AEA,CE,Towers with Radar,682,478,50,9,1219,0,0,1,0,1,682,478,51,9,1220,0,0,0,1220
08/12/2001,PIT,PA,AEA,CE,Towers with Radar,619,494,32,8,1153,0,0,3,0,3,619,494,35,8,1156,0,0,0,1156
08/13/2001,PIT,PA,AEA,CE,Towers with Radar,662,616,64,17,1359,0,0,0,0,0,662,616,64,17,1359,0,0,0,1359
08/14/2001,PIT,PA,AEA,CE,Towers with Radar,692,651,83,24,1450,0,0,4,0,4,692,651,87,24,1454,0,0,0,1454
08/15/2001,PIT,PA,AEA,CE,Towers with Radar,672,640,79,26,1417,0,0,1,3,4,672,640,80,29,1421,0,0,0,1421
08/16/2001,PIT,PA,AEA,CE,Towers with Radar,667,625,62,17,1371,0,0,6,0,6,667,625,68,17,1377,0,0,0,1377
08/17/2001,PIT,PA,AEA,CE,Towers with Radar,671,620,57,17,1365,0,0,0,0,0,671,620,57,17,1365,0,0,0,1365
08/18/2001,PIT,PA,AEA,CE,Towers with Radar,634,485,56,7,1182,0,0,5,0,5,634,485,61,7,1187,0,0,0,1187
08/19/2001,PIT,PA,AEA,CE,Towers with Radar,628,473,52,10,1163,0,0,1,0,1,628,473,53,10,1164,0,0,0,1164
08/20/2001,PIT,PA,AEA,CE,Towers with Radar,659,625,52,5,1341,0,0,2,0,2,659,625,54,5,1343,0,0,0,1343
08/21/2001,PIT,PA,AEA,CE,Towers with Radar,662,645,76,16,1399,0,0,3,1,4,662,645,79,17,1403,0,0,0,1403
08/22/2001,PIT,PA,AEA,CE,Towers with Radar,666,616,90,19,1391,0,0,2,0,2,666,616,92,19,1393,0,0,0,1393
08/23/2001,PIT,PA,AEA,CE,Towers with Radar,667,636,69,22,1394,0,1,0,0,1,667,637,69,22,1395,0,0,0,1395
08/24/2001,PIT,PA,AEA,CE,Towers with Radar,688,640,74,22,1424,0,0,0,0,0,688,640,74,22,1424,0,0,0,1424
08/25/2001,PIT,PA,AEA,CE,Towers with Radar,634,481,56,11,1182,0,0,1,1,2,634,481,57,12,1184,0,0,0,1184
08/26/2001,PIT,PA,AEA,CE,Towers with Radar,634,492,54,8,1188,0,0,2,0,2,634,492,56,8,1190,0,0,0,1190
08/27/2001,PIT,PA,AEA,CE,Towers with Radar,665,6,56,22,749,0,0,0,0,0,665,6,56,22,749,0,0,0,749
08/28/2001,PIT,PA,AEA,CE,Towers with Radar,630,555,75,13,1273,0,0,1,0,1,630,555,76,13,1274,0,0,0,1274
08/29/2001,PIT,PA,AEA,CE,Towers with Radar,676,652,66,11,1405,0,1,2,0,3,676,653,68,11,1408,0,0,0,1408
08/30/2001,PIT,PA,AEA,CE,Towers with Radar,657,626,67,16,1366,0,2,3,2,7,657,628,70,18,1373,0,0,0,1373
08/31/2001,PIT,PA,AEA,CE,Towers with Radar,609,550,43,9,1211,0,0,0,0,0,609,550,43,9,1211,0,0,0,1211
09/01/2001,PIT,PA,AEA,CE,Towers with Radar,659,517,37,6,1219,0,2,1,0,3,659,519,38,6,1222,0,0,0,1222
09/02/2001,PIT,PA,AEA,CE,Towers with Radar,565,423,24,8,1020,0,0,1,0,1,565,423,25,8,1021,0,0,0,1021
09/03/2001,PIT,PA,AEA,CE,Towers with Radar,608,505,39,7,1159,0,0,1,0,1,608,505,40,7,1160,0,0,0,1160
09/04/2001,PIT,PA,AEA,CE,Towers with Radar,645,635,75,15,1370,0,1,0,0,1,645,636,75,15,1371,0,0,0,1371
09/05/2001,PIT,PA,AEA,CE,Towers with Radar,667,633,91,15,1406,0,0,0,0,0,667,633,91,15,1406,0,0,0,1406
09/06/2001,PIT,PA,AEA,CE,Towers with Radar,667,627,77,13,1384,0,0,3,0,3,667,627,80,13,1387,0,0,0,1387
09/07/2001,PIT,PA,AEA,CE,Towers with Radar,648,637,69,14,1368,0,0,0,1,1,648,637,69,15,1369,0,0,0,1369
09/08/2001,PIT,PA,AEA,CE,Towers with Radar,628,508,31,11,1178,0,0,1,0,1,628,508,32,11,1179,0,0,0,1179
09/09/2001,PIT,PA,AEA,CE,Towers with Radar,612,511,94,9,1226,0,0,3,0,3,612,511,97,9,1229,0,0,0,1229
09/10/2001,PIT,PA,AEA,CE,Towers with Radar,637,620,63,9,1329,0,1,1,0,2,637,621,64,9,1331,0,0,0,1331
09/11/2001,PIT,PA,AEA,CE,Towers with Radar,179,173,77,19,448,0,0,2,0,2,179,173,79,19,450,0,0,0,450
09/12/2001,PIT,PA,AEA,CE,Towers with Radar,0,2,53,13,68,0,0,0,0,0,0,2,53,13,68,0,0,0,68
09/13/2001,PIT,PA,AEA,CE,Towers with Radar,74,60,64,15,213,0,0,0,0,0,74,60,64,15,213,0,0,0,213
09/14/2001,PIT,PA,AEA,CE,Towers with Radar,318,486,66,3,873,0,0,0,0,0,318,486,66,3,873,0,0,0,873
09/15/2001,PIT,PA,AEA,CE,Towers with Radar,390,485,78,19,972,0,0,0,0,0,390,485,78,19,972,0,0,0,972
09/16/2001,PIT,PA,AEA,CE,Towers with Radar,438,485,81,5,1009,0,0,0,0,0,438,485,81,5,1009,0,0,0,1009
09/17/2001,PIT,PA,AEA,CE,Towers with Radar,531,610,79,10,1230,0,0,0,0,0,531,610,79,10,1230,0,0,0,1230
09/18/2001,PIT,PA,AEA,CE,Towers with Radar,578,606,82,23,1289,0,0,0,0,0,578,606,82,23,1289,0,0,0,1289
09/19/2001,PIT,PA,AEA,CE,Towers with Radar,593,588,52,25,1258,0,0,0,0,0,593,588,52,25,1258,0,0,0,1258
09/20/2001,PIT,PA,AEA,CE,Towers with Radar,585,603,97,19,1304,0,0,0,0,0,585,603,97,19,1304,0,0,0,1304
09/21/2001,PIT,PA,AEA,CE,Towers with Radar,567,589,109,10,1275,0,0,0,0,0,567,589,109,10,1275,0,0,0,1275
09/22/2001,PIT,PA,AEA,CE,Towers with Radar,428,456,91,8,983,0,0,0,0,0,428,456,91,8,983,0,0,0,983
09/23/2001,PIT,PA,AEA,CE,Towers with Radar,476,439,90,7,1012,0,0,54,0,54,476,439,144,7,1066,0,0,0,1066
09/24/2001,PIT,PA,AEA,CE,Towers with Radar,516,594,61,4,1175,0,0,1,0,1,516,594,62,4,1176,0,0,0,1176
09/25/2001,PIT,PA,AEA,CE,Towers with Radar,547,593,77,10,1227,0,0,0,0,0,547,593,77,10,1227,0,0,0,1227
09/26/2001,PIT,PA,AEA,CE,Towers with Radar,546,585,69,10,1210,0,0,0,0,0,546,585,69,10,1210,0,0,0,1210
09/27/2001,PIT,PA,AEA,CE,Towers with Radar,540,584,95,13,1232,0,0,0,0,0,540,584,95,13,1232,0,0,0,1232
09/28/2001,PIT,PA,AEA,CE,Towers with Radar,561,579,77,8,1225,0,0,0,0,0,561,579,77,8,1225,0,0,0,1225
09/29/2001,PIT,PA,AEA,CE,Towers with Radar,440,440,97,3,980,0,2,1,0,3,440,442,98,3,983,0,0,0,983
09/30/2001,PIT,PA,AEA,CE,Towers with Radar,500,442,108,8,1058,0,0,0,0,0,500,442,108,8,1058,0,0,0,1058
10/01/2001,PIT,PA,AEA,CE,Towers with Radar,517,584,107,8,1216,0,0,0,0,0,517,584,107,8,1216,0,0,0,1216
10/02/2001,PIT,PA,AEA,CE,Towers with Radar,534,609,109,15,1267,0,0,0,0,0,534,609,109,15,1267,0,0,0,1267
10/03/2001,PIT,PA,AEA,CE,Towers with Radar,527,597,88,15,1227,0,0,0,0,0,527,597,88,15,1227,0,0,0,1227
10/04/2001,PIT,PA,AEA,CE,Towers with Radar,535,610,86,13,1244,0,0,0,0,0,535,610,86,13,1244,0,0,0,1244
10/05/2001,PIT,PA,AEA,CE,Towers with Radar,530,605,98,10,1243,0,6,0,0,6,530,611,98,10,1249,0,0,0,1249
10/06/2001,PIT,PA,AEA,CE,Towers with Radar,490,456,66,1,1013,0,0,0,0,0,490,456,66,1,1013,0,0,0,1013
10/07/2001,PIT,PA,AEA,CE,Towers with Radar,518,483,82,2,1085,0,0,0,0,0,518,483,82,2,1085,0,0,0,1085
10/08/2001,PIT,PA,AEA,CE,Towers with Radar,546,577,91,6,1220,0,0,0,0,0,546,577,91,6,1220,0,0,0,1220
10/09/2001,PIT,PA,AEA,CE,Towers with Radar,555,610,95,16,1276,0,0,0,0,0,555,610,95,16,1276,0,0,0,1276
10/10/2001,PIT,PA,AEA,CE,Towers with Radar,542,613,127,22,1304,0,0,0,0,0,542,613,127,22,1304,0,0,0,1304
10/11/2001,PIT,PA,AEA,CE,Towers with Radar,549,600,132,19,1300,0,0,0,0,0,549,600,132,19,1300,0,0,0,1300
10/12/2001,PIT,PA,AEA,CE,Towers with Radar,553,595,89,13,1250,0,0,0,0,0,553,595,89,13,1250,0,0,0,1250
10/13/2001,PIT,PA,AEA,CE,Towers with Radar,493,467,81,12,1053,0,1,0,0,1,493,468,81,12,1054,0,0,0,1054
10/14/2001,PIT,PA,AEA,CE,Towers with Radar,526,466,68,0,1060,0,0,0,3,3,526,466,68,3,1063,0,0,0,1063
10/15/2001,PIT,PA,AEA,CE,Towers with Radar,549,576,91,10,1226,0,0,0,0,0,549,576,91,10,1226,0,0,0,1226
10/16/2001,PIT,PA,AEA,CE,Towers with Radar,547,601,70,10,1228,0,0,0,0,0,547,601,70,10,1228,0,0,0,1228
10/17/2001,PIT,PA,AEA,CE,Towers with Radar,545,615,93,15,1268,0,0,0,0,0,545,615,93,15,1268,0,0,0,1268
10/18/2001,PIT,PA,AEA,CE,Towers with Radar,550,601,94,19,1264,0,0,0,0,0,550,601,94,19,1264,0,0,0,1264
10/19/2001,PIT,PA,AEA,CE,Towers with Radar,558,590,105,18,1271,0,0,0,0,0,558,590,105,18,1271,0,0,0,1271
10/20/2001,PIT,PA,AEA,CE,Towers with Radar,520,483,83,9,1095,0,0,0,0,0,520,483,83,9,1095,0,0,0,1095
10/21/2001,PIT,PA,AEA,CE,Towers with Radar,523,463,72,5,1063,0,0,0,0,0,523,463,72,5,1063,0,0,0,1063
10/22/2001,PIT,PA,AEA,CE,Towers with Radar,552,583,84,12,1231,0,0,0,0,0,552,583,84,12,1231,0,0,0,1231
10/23/2001,PIT,PA,AEA,CE,Towers with Radar,541,583,95,6,1225,0,0,0,0,0,541,583,95,6,1225,0,0,0,1225
10/24/2001,PIT,PA,AEA,CE,Towers with Radar,535,587,79,13,1214,0,0,0,0,0,535,587,79,13,1214,0,0,0,1214
10/25/2001,PIT,PA,AEA,CE,Towers with Radar,546,601,86,7,1240,0,0,0,0,0,546,601,86,7,1240,0,0,0,1240
10/26/2001,PIT,PA,AEA,CE,Towers with Radar,550,575,75,6,1206,0,0,0,0,0,550,575,75,6,1206,0,0,0,1206
10/27/2001,PIT,PA,AEA,CE,Towers with Radar,495,484,44,3,1026,0,0,0,0,0,495,484,44,3,1026,0,0,0,1026
10/28/2001,PIT,PA,AEA,CE,Towers with Radar,502,470,60,7,1039,0,0,0,0,0,502,470,60,7,1039,0,0,0,1039
10/29/2001,PIT,PA,AEA,CE,Towers with Radar,540,599,113,16,1268,0,0,1,0,1,540,599,114,16,1269,0,0,0,1269
10/30/2001,PIT,PA,AEA,CE,Towers with Radar,540,591,98,28,1257,0,0,0,0,0,540,591,98,28,1257,0,0,0,1257
10/31/2001,PIT,PA,AEA,CE,Towers with Radar,539,579,86,20,1224,0,0,0,0,0,539,579,86,20,1224,0,0,0,1224
11/01/2001,PIT,PA,AEA,CE,Towers with Radar,563,593,128,22,1306,0,0,0,0,0,563,593,128,22,1306,0,0,0,1306
11/02/2001,PIT,PA,AEA,CE,Towers with Radar,554,579,83,15,1231,0,0,0,0,0,554,579,83,15,1231,0,0,0,1231
11/03/2001,PIT,PA,AEA,CE,Towers with Radar,541,478,50,14,1083,0,0,0,1,1,541,478,50,15,1084,0,0,0,1084
11/04/2001,PIT,PA,AEA,CE,Towers with Radar,557,499,59,7,1122,0,0,0,1,1,557,499,59,8,1123,0,0,0,1123
11/05/2001,PIT,PA,AEA,CE,Towers with Radar,573,579,66,15,1233,0,0,1,0,1,573,579,67,15,1234,0,0,0,1234
11/06/2001,PIT,PA,AEA,CE,Towers with Radar,594,590,84,17,1285,0,0,3,1,4,594,590,87,18,1289,0,0,0,1289
11/07/2001,PIT,PA,AEA,CE,Towers with Radar,578,586,88,16,1268,0,0,0,1,1,578,586,88,17,1269,0,0,0,1269
11/08/2001,PIT,PA,AEA,CE,Towers with Radar,584,592,104,15,1295,0,2,1,1,4,584,594,105,16,1299,0,0,0,1299
11/09/2001,PIT,PA,AEA,CE,Towers with Radar,586,608,81,9,1284,0,0,0,0,0,586,608,81,9,1284,0,0,0,1284
11/10/2001,PIT,PA,AEA,CE,Towers with Radar,547,477,46,3,1073,0,0,0,0,0,547,477,46,3,1073,0,0,0,1073
11/11/2001,PIT,PA,AEA,CE,Towers with Radar,531,481,48,6,1066,0,0,0,0,0,531,481,48,6,1066,0,0,0,1066
11/12/2001,PIT,PA,AEA,CE,Towers with Radar,573,574,91,7,1245,0,0,1,0,1,573,574,92,7,1246,0,0,0,1246
11/13/2001,PIT,PA,AEA,CE,Towers with Radar,594,590,102,19,1305,0,0,1,0,1,594,590,103,19,1306,0,0,0,1306
11/14/2001,PIT,PA,AEA,CE,Towers with Radar,581,611,99,17,1308,0,1,1,0,2,581,612,100,17,1310,0,0,0,1310
11/15/2001,PIT,PA,AEA,CE,Towers with Radar,589,622,92,18,1321,0,0,0,0,0,589,622,92,18,1321,0,0,0,1321
11/16/2001,PIT,PA,AEA,CE,Towers with Radar,579,614,77,11,1281,0,0,0,0,0,579,614,77,11,1281,0,0,0,1281
11/17/2001,PIT,PA,AEA,CE,Towers with Radar,543,395,38,5,981,0,0,0,0,0,543,395,38,5,981,0,0,0,981
11/18/2001,PIT,PA,AEA,CE,Towers with Radar,561,440,42,6,1049,0,0,2,0,2,561,440,44,6,1051,0,0,0,1051
11/19/2001,PIT,PA,AEA,CE,Towers with Radar,571,587,80,17,1255,0,0,0,0,0,571,587,80,17,1255,0,0,0,1255
11/20/2001,PIT,PA,AEA,CE,Towers with Radar,592,609,92,11,1304,0,0,0,0,0,592,609,92,11,1304,0,0,0,1304
11/21/2001,PIT,PA,AEA,CE,Towers with Radar,578,622,60,23,1283,0,0,0,0,0,578,622,60,23,1283,0,0,0,1283
11/22/2001,PIT,PA,AEA,CE,Towers with Radar,529,476,30,3,1038,0,0,0,0,0,529,476,30,3,1038,0,0,0,1038
11/23/2001,PIT,PA,AEA,CE,Towers with Radar,493,437,31,8,969,0,0,1,0,1,493,437,32,8,970,0,0,0,970
11/24/2001,PIT,PA,AEA,CE,Towers with Radar,541,493,51,2,1087,0,0,0,0,0,541,493,51,2,1087,0,0,0,1087
11/25/2001,PIT,PA,AEA,CE,Towers with Radar,579,563,60,1,1203,0,0,1,0,1,579,563,61,1,1204,0,0,0,1204
11/26/2001,PIT,PA,AEA,CE,Towers with Radar,585,611,126,11,1333,0,0,0,0,0,585,611,126,11,1333,0,0,0,1333
11/27/2001,PIT,PA,AEA,CE,Towers with Radar,590,595,75,15,1275,0,0,1,0,1,590,595,76,15,1276,0,0,0,1276
11/28/2001,PIT,PA,AEA,CE,Towers with Radar,582,590,60,21,1253,0,0,1,0,1,582,590,61,21,1254,0,0,0,1254
11/29/2001,PIT,PA,AEA,CE,Towers with Radar,580,584,72,22,1258,0,0,0,0,0,580,584,72,22,1258,0,0,0,1258
11/30/2001,PIT,PA,AEA,CE,Towers with Radar,593,587,77,3,1260,0,0,2,0,2,593,587,79,3,1262,0,0,0,1262
12/01/2001,PIT,PA,AEA,CE,Towers with Radar,508,479,49,7,1043,0,0,0,0,0,508,479,49,7,1043,0,0,0,1043
12/02/2001,PIT,PA,AEA,CE,Towers with Radar,507,486,36,13,1042,0,1,0,0,1,507,487,36,13,1043,0,0,0,1043
12/03/2001,PIT,PA,AEA,CE,Towers with Radar,586,608,97,20,1311,0,0,0,1,1,586,608,97,21,1312,0,0,0,1312
12/04/2001,PIT,PA,AEA,CE,Towers with Radar,578,610,77,16,1281,0,0,0,0,0,578,610,77,16,1281,0,0,0,1281
12/05/2001,PIT,PA,AEA,CE,Towers with Radar,574,619,85,20,1298,0,0,3,0,3,574,619,88,20,1301,0,0,0,1301
12/06/2001,PIT,PA,AEA,CE,Towers with Radar,573,626,110,8,1317,0,0,1,0,1,573,626,111,8,1318,0,0,0,1318
12/07/2001,PIT,PA,AEA,CE,Towers with Radar,581,635,87,13,1316,0,0,0,0,0,581,635,87,13,1316,0,0,0,1316
12/08/2001,PIT,PA,AEA,CE,Towers with Radar,543,480,27,8,1058,0,0,0,0,0,543,480,27,8,1058,0,0,0,1058
12/09/2001,PIT,PA,AEA,CE,Towers with Radar,539,510,50,2,1101,0,0,0,0,0,539,510,50,2,1101,0,0,0,1101
12/10/2001,PIT,PA,AEA,CE,Towers with Radar,550,601,63,10,1224,0,0,1,0,1,550,601,64,10,1225,0,0,0,1225
12/11/2001,PIT,PA,AEA,CE,Towers with Radar,582,617,73,15,1287,0,0,2,1,3,582,617,75,16,1290,0,0,0,1290
12/12/2001,PIT,PA,AEA,CE,Towers with Radar,567,609,82,12,1270,0,0,2,0,2,567,609,84,12,1272,0,0,0,1272
12/13/2001,PIT,PA,AEA,CE,Towers with Radar,576,624,62,13,1275,0,0,0,0,0,576,624,62,13,1275,0,0,0,1275
12/14/2001,PIT,PA,AEA,CE,Towers with Radar,583,588,70,14,1255,0,0,0,0,0,583,588,70,14,1255,0,0,0,1255
12/15/2001,PIT,PA,AEA,CE,Towers with Radar,553,501,44,11,1109,0,0,0,0,0,553,501,44,11,1109,0,0,0,1109
12/16/2001,PIT,PA,AEA,CE,Towers with Radar,544,499,60,4,1107,0,0,2,0,2,544,499,62,4,1109,0,0,0,1109
12/17/2001,PIT,PA,AEA,CE,Towers with Radar,557,582,57,5,1201,0,0,0,0,0,557,582,57,5,1201,0,0,0,1201
12/18/2001,PIT,PA,AEA,CE,Towers with Radar,644,550,94,16,1304,0,0,0,0,0,644,550,94,16,1304,0,0,0,1304
12/19/2001,PIT,PA,AEA,CE,Towers with Radar,632,601,66,29,1328,0,0,3,0,3,632,601,69,29,1331,0,0,0,1331
12/20/2001,PIT,PA,AEA,CE,Towers with Radar,586,635,64,17,1302,0,0,0,0,0,586,635,64,17,1302,0,0,0,1302
12/21/2001,PIT,PA,AEA,CE,Towers with Radar,589,613,58,9,1269,0,0,3,0,3,589,613,61,9,1272,0,0,0,1272
12/22/2001,PIT,PA,AEA,CE,Towers with Radar,549,504,41,6,1100,0,0,2,0,2,549,504,43,6,1102,0,0,0,1102
12/23/2001,PIT,PA,AEA,CE,Towers with Radar,555,443,24,2,1024,0,0,0,0,0,555,443,24,2,1024,0,0,0,1024
12/24/2001,PIT,PA,AEA,CE,Towers with Radar,513,467,35,5,1020,0,0,0,0,0,513,467,35,5,1020,0,0,0,1020
12/25/2001,PIT,PA,AEA,CE,Towers with Radar,496,456,15,3,970,0,0,0,0,0,496,456,15,3,970,0,0,0,970
12/26/2001,PIT,PA,AEA,CE,Towers with Radar,558,589,65,6,1218,0,0,0,0,0,558,589,65,6,1218,0,0,0,1218
12/27/2001,PIT,PA,AEA,CE,Towers with Radar,586,591,38,7,1222,0,0,0,0,0,586,591,38,7,1222,0,0,0,1222
12/28/2001,PIT,PA,AEA,CE,Towers with Radar,565,586,33,12,1196,0,0,0,0,0,565,586,33,12,1196,0,0,0,1196
12/29/2001,PIT,PA,AEA,CE,Towers with Radar,555,502,35,4,1096,0,0,0,0,0,555,502,35,4,1096,0,0,0,1096
12/30/2001,PIT,PA,AEA,CE,Towers with Radar,553,480,38,5,1076,0,0,0,0,0,553,480,38,5,1076,0,0,0,1076
12/31/2001,PIT,PA,AEA,CE,Towers with Radar,525,487,39,6,1057,0,0,0,0,0,525,487,39,6,1057,0,0,0,1057
01/01/2002,PIT,PA,AEA,CE,Towers with Radar,539,476,20,3,1038,0,0,0,0,0,539,476,20,3,1038,0,0,0,1038
01/02/2002,PIT,PA,AEA,CE,Towers with Radar,556,591,36,19,1202,0,0,0,0,0,556,591,36,19,1202,0,0,0,1202
01/03/2002,PIT,PA,AEA,CE,Towers with Radar,548,609,49,19,1225,0,1,0,0,1,548,610,49,19,1226,0,0,0,1226
01/04/2002,PIT,PA,AEA,CE,Towers with Radar,580,608,32,17,1237,0,0,0,0,0,580,608,32,17,1237,0,0,0,1237
01/05/2002,PIT,PA,AEA,CE,Towers with Radar,513,482,34,18,1047,0,0,0,0,0,513,482,34,18,1047,0,0,0,1047
01/06/2002,PIT,PA,AEA,CE,Towers with Radar,465,371,13,8,857,0,0,0,0,0,465,371,13,8,857,0,0,0,857
01/07/2002,PIT,PA,AEA,CE,Towers with Radar,544,595,41,7,1187,0,0,0,0,0,544,595,41,7,1187,0,0,0,1187
01/08/2002,PIT,PA,AEA,CE,Towers with Radar,542,669,51,19,1281,0,1,0,0,1,542,670,51,19,1282,0,0,0,1282
01/09/2002,PIT,PA,AEA,CE,Towers with Radar,539,659,59,23,1280,0,0,0,0,0,539,659,59,23,1280,0,0,0,1280
01/10/2002,PIT,PA,AEA,CE,Towers with Radar,546,662,82,29,1319,0,0,1,0,1,546,662,83,29,1320,0,0,0,1320
01/11/2002,PIT,PA,AEA,CE,Towers with Radar,541,648,44,9,1242,0,0,1,0,1,541,648,45,9,1243,0,0,0,1243
01/12/2002,PIT,PA,AEA,CE,Towers with Radar,503,517,37,6,1063,0,0,0,0,0,503,517,37,6,1063,0,0,0,1063
01/13/2002,PIT,PA,AEA,CE,Towers with Radar,509,532,46,5,1092,0,0,2,0,2,509,532,48,5,1094,0,0,0,1094
01/14/2002,PIT,PA,AEA,CE,Towers with Radar,530,639,44,11,1224,0,0,0,0,0,530,639,44,11,1224,0,0,0,1224
01/15/2002,PIT,PA,AEA,CE,Towers with Radar,528,653,60,18,1259,0,0,0,0,0,528,653,60,18,1259,0,0,0,1259
01/16/2002,PIT,PA,AEA,CE,Towers with Radar,539,638,57,21,1255,0,1,0,0,1,539,639,57,21,1256,0,0,0,1256
01/17/2002,PIT,PA,AEA,CE,Towers with Radar,552,652,49,18,1271,0,0,0,0,0,552,652,49,18,1271,0,0,0,1271
01/18/2002,PIT,PA,AEA,CE,Towers with Radar,546,648,63,11,1268,0,0,0,0,0,546,648,63,11,1268,0,0,0,1268
01/19/2002,PIT,PA,AEA,CE,Towers with Radar,436,430,17,3,886,0,0,1,0,1,436,430,18,3,887,0,0,0,887
01/20/2002,PIT,PA,AEA,CE,Towers with Radar,482,535,59,10,1086,0,0,0,0,0,482,535,59,10,1086,0,0,0,1086
01/21/2002,PIT,PA,AEA,CE,Towers with Radar,523,617,59,7,1206,0,0,0,0,0,523,617,59,7,1206,0,0,0,1206
01/22/2002,PIT,PA,AEA,CE,Towers with Radar,543,663,57,18,1281,0,0,0,0,0,543,663,57,18,1281,0,0,0,1281
01/23/2002,PIT,PA,AEA,CE,Towers with Radar,527,659,61,25,1272,0,0,0,1,1,527,659,61,26,1273,0,0,0,1273
01/24/2002,PIT,PA,AEA,CE,Towers with Radar,543,631,55,22,1251,0,0,0,0,0,543,631,55,22,1251,0,0,0,1251
01/25/2002,PIT,PA,AEA,CE,Towers with Radar,551,643,77,19,1290,0,0,3,0,3,551,643,80,19,1293,3,0,3,1296
01/26/2002,PIT,PA,AEA,CE,Towers with Radar,498,517,49,13,1077,0,0,5,0,5,498,517,54,13,1082,0,0,0,1082
01/27/2002,PIT,PA,AEA,CE,Towers with Radar,514,537,88,16,1155,0,0,1,0,1,514,537,89,16,1156,0,0,0,1156
01/28/2002,PIT,PA,AEA,CE,Towers with Radar,529,648,65,21,1263,0,0,0,0,0,529,648,65,21,1263,0,0,0,1263
01/29/2002,PIT,PA,AEA,CE,Towers with Radar,543,632,65,27,1267,0,0,0,0,0,543,632,65,27,1267,0,0,0,1267
01/30/2002,PIT,PA,AEA,CE,Towers with Radar,531,639,65,23,1258,0,0,0,0,0,531,639,65,23,1258,0,0,0,1258
01/31/2002,PIT,PA,AEA,CE,Towers with Radar,526,614,72,21,1233,0,0,0,0,0,526,614,72,21,1233,0,0,0,1233
02/01/2002,PIT,PA,AEA,CE,Towers with Radar,529,635,51,20,1235,0,0,0,0,0,529,635,51,20,1235,0,0,0,1235
02/02/2002,PIT,PA,AEA,CE,Towers with Radar,485,507,37,9,1038,0,0,0,0,0,485,507,37,9,1038,0,0,0,1038
02/03/2002,PIT,PA,AEA,CE,Towers with Radar,500,537,35,7,1079,0,0,1,0,1,500,537,36,7,1080,0,0,0,1080
02/04/2002,PIT,PA,AEA,CE,Towers with Radar,515,625,61,6,1207,1,1,1,0,3,516,626,62,6,1210,0,0,0,1210
02/05/2002,PIT,PA,AEA,CE,Towers with Radar,528,680,74,21,1303,0,1,0,4,5,528,681,74,25,1308,0,0,0,1308
02/06/2002,PIT,PA,AEA,CE,Towers with Radar,526,664,78,20,1288,0,0,0,0,0,526,664,78,20,1288,0,0,0,1288
02/07/2002,PIT,PA,AEA,CE,Towers with Radar,531,692,71,24,1318,0,0,0,1,1,531,692,71,25,1319,0,0,0,1319
02/08/2002,PIT,PA,AEA,CE,Towers with Radar,536,667,88,25,1316,0,1,0,0,1,536,668,88,25,1317,0,0,0,1317
02/09/2002,PIT,PA,AEA,CE,Towers with Radar,485,527,35,13,1060,0,0,2,0,2,485,527,37,13,1062,0,0,0,1062
02/10/2002,PIT,PA,AEA,CE,Towers with Radar,498,540,32,8,1078,0,0,0,0,0,498,540,32,8,1078,0,0,0,1078
02/11/2002,PIT,PA,AEA,CE,Towers with Radar,525,667,54,16,1262,0,0,12,0,12,525,667,66,16,1274,0,0,0,1274
02/12/2002,PIT,PA,AEA,CE,Towers with Radar,535,659,48,24,1266,0,0,0,0,0,535,659,48,24,1266,0,0,0,1266
02/13/2002,PIT,PA,AEA,CE,Towers with Radar,555,677,72,28,1332,0,0,1,2,3,555,677,73,30,1335,0,0,0,1335
02/14/2002,PIT,PA,AEA,CE,Towers with Radar,535,679,69,24,1307,0,0,0,0,0,535,679,69,24,1307,0,0,0,1307
02/15/2002,PIT,PA,AEA,CE,Towers with Radar,546,674,48,16,1284,0,0,2,0,2,546,674,50,16,1286,0,0,0,1286
02/16/2002,PIT,PA,AEA,CE,Towers with Radar,494,516,24,9,1043,0,0,0,0,0,494,516,24,9,1043,0,0,0,1043
02/17/2002,PIT,PA,AEA,CE,Towers with Radar,505,545,20,6,1076,0,0,0,0,0,505,545,20,6,1076,0,0,0,1076
02/18/2002,PIT,PA,AEA,CE,Towers with Radar,524,670,59,6,1259,0,0,2,0,2,524,670,61,6,1261,0,0,0,1261
02/19/2002,PIT,PA,AEA,CE,Towers with Radar,533,679,59,16,1287,0,0,0,0,0,533,679,59,16,1287,0,0,0,1287
02/20/2002,PIT,PA,AEA,CE,Towers with Radar,545,668,51,9,1273,0,0,0,0,0,545,668,51,9,1273,0,0,0,1273
02/21/2002,PIT,PA,AEA,CE,Towers with Radar,537,698,62,20,1317,0,0,0,0,0,537,698,62,20,1317,0,0,0,1317
02/22/2002,PIT,PA,AEA,CE,Towers with Radar,546,625,49,14,1234,0,0,0,0,0,546,625,49,14,1234,0,0,0,1234
02/23/2002,PIT,PA,AEA,CE,Towers with Radar,495,510,23,7,1035,0,0,0,0,0,495,510,23,7,1035,0,0,0,1035
02/24/2002,PIT,PA,AEA,CE,Towers with Radar,507,550,39,10,1106,0,0,2,0,2,507,550,41,10,1108,0,0,0,1108
02/25/2002,PIT,PA,AEA,CE,Towers with Radar,522,665,58,13,1258,0,1,4,0,5,522,666,62,13,1263,0,0,0,1263
02/26/2002,PIT,PA,AEA,CE,Towers with Radar,538,640,59,23,1260,0,0,0,0,0,538,640,59,23,1260,0,0,0,1260
02/27/2002,PIT,PA,AEA,CE,Towers with Radar,542,673,56,15,1286,0,0,0,0,0,542,673,56,15,1286,0,0,0,1286
02/28/2002,PIT,PA,AEA,CE,Towers with Radar,547,672,67,27,1313,0,0,0,0,0,547,672,67,27,1313,0,0,0,1313
03/01/2002,PIT,PA,AEA,CE,Towers with Radar,532,661,72,27,1292,8,4,0,0,12,540,665,72,27,1304,0,0,0,1304
03/02/2002,PIT,PA,AEA,CE,Towers with Radar,476,511,23,13,1023,8,4,0,0,12,484,515,23,13,1035,0,0,0,1035
03/03/2002,PIT,PA,AEA,CE,Towers with Radar,485,537,27,16,1065,8,4,0,0,12,493,541,27,16,1077,0,0,0,1077
03/04/2002,PIT,PA,AEA,CE,Towers with Radar,512,644,55,9,1220,8,4,0,0,12,520,648,55,9,1232,0,0,0,1232
03/05/2002,PIT,PA,AEA,CE,Towers with Radar,535,658,61,13,1267,0,0,18,0,18,535,658,79,13,1285,0,0,0,1285
03/06/2002,PIT,PA,AEA,CE,Towers with Radar,529,671,62,19,1281,0,0,14,4,18,529,671,76,23,1299,0,0,0,1299
03/07/2002,PIT,PA,AEA,CE,Towers with Radar,527,661,70,23,1281,8,4,0,0,12,535,665,70,23,1293,0,0,0,1293
03/08/2002,PIT,PA,AEA,CE,Towers with Radar,521,654,71,19,1265,8,5,0,0,13,529,659,71,19,1278,0,0,0,1278
03/09/2002,PIT,PA,AEA,CE,Towers with Radar,511,463,27,4,1005,8,4,0,0,12,519,467,27,4,1017,0,0,0,1017
03/10/2002,PIT,PA,AEA,CE,Towers with Radar,491,518,31,4,1044,8,4,0,0,12,499,522,31,4,1056,0,0,0,1056
03/11/2002,PIT,PA,AEA,CE,Towers with Radar,512,658,67,24,1261,8,4,0,0,12,520,662,67,24,1273,0,0,0,1273
03/12/2002,PIT,PA,AEA,CE,Towers with Radar,511,664,64,27,1266,8,4,2,0,14,519,668,66,27,1280,0,0,0,1280
03/13/2002,PIT,PA,AEA,CE,Towers with Radar,531,671,66,19,1287,0,0,13,7,20,531,671,79,26,1307,0,0,0,1307
03/14/2002,PIT,PA,AEA,CE,Towers with Radar,540,661,66,18,1285,0,0,27,4,31,540,661,93,22,1316,0,0,0,1316
03/15/2002,PIT,PA,AEA,CE,Towers with Radar,527,649,60,17,1253,0,10,5,7,22,527,659,65,24,1275,0,0,0,1275
03/16/2002,PIT,PA,AEA,CE,Towers with Radar,484,534,38,5,1061,8,3,0,0,11,492,537,38,5,1072,0,0,0,1072
03/17/2002,PIT,PA,AEA,CE,Towers with Radar,499,525,22,9,1055,8,3,0,0,11,507,528,22,9,1066,0,0,0,1066
03/18/2002,PIT,PA,AEA,CE,Towers with Radar,497,646,60,11,1214,8,3,0,0,11,505,649,60,11,1225,0,0,0,1225
03/19/2002,PIT,PA,AEA,CE,Towers with Radar,530,664,53,16,1263,8,3,0,0,11,538,667,53,16,1274,0,0,0,1274
03/20/2002,PIT,PA,AEA,CE,Towers with Radar,514,665,71,18,1268,8,4,0,0,12,522,669,71,18,1280,0,0,0,1280
03/21/2002,PIT,PA,AEA,CE,Towers with Radar,522,624,78,15,1239,7,4,0,0,11,529,628,78,15,1250,0,0,0,1250
03/22/2002,PIT,PA,AEA,CE,Towers with Radar,546,670,52,21,1289,7,4,0,0,11,553,674,52,21,1300,0,0,0,1300
03/23/2002,PIT,PA,AEA,CE,Towers with Radar,487,523,50,12,1072,7,4,0,0,11,494,527,50,12,1083,0,0,0,1083
03/24/2002,PIT,PA,AEA,CE,Towers with Radar,502,540,40,8,1090,7,4,0,0,11,509,544,40,8,1101,0,0,0,1101
03/25/2002,PIT,PA,AEA,CE,Towers with Radar,517,641,44,8,1210,7,4,0,0,11,524,645,44,8,1221,0,0,0,1221
03/26/2002,PIT,PA,AEA,CE,Towers with Radar,512,609,32,13,1166,7,4,0,0,11,519,613,32,13,1177,0,0,0,1177
03/27/2002,PIT,PA,AEA,CE,Towers with Radar,539,661,81,26,1307,7,4,0,0,11,546,665,81,26,1318,0,0,0,1318
03/28/2002,PIT,PA,AEA,CE,Towers with Radar,523,668,65,24,1280,7,4,0,0,11,530,672,65,24,1291,0,0,0,1291
03/29/2002,PIT,PA,AEA,CE,Towers with Radar,533,653,30,20,1236,7,4,0,0,11,540,657,30,20,1247,0,0,0,1247
03/30/2002,PIT,PA,AEA,CE,Towers with Radar,482,525,25,16,1048,7,4,0,0,11,489,529,25,16,1059,0,0,0,1059
03/31/2002,PIT,PA,AEA,CE,Towers with Radar,464,526,24,12,1026,7,4,0,0,11,471,530,24,12,1037,0,0,0,1037
04/01/2002,PIT,PA,AEA,CE,Towers with Radar,498,654,63,12,1227,0,0,2,0,2,498,654,65,12,1229,0,0,0,1229
04/02/2002,PIT,PA,AEA,CE,Towers with Radar,525,668,79,23,1295,0,0,0,1,1,525,668,79,24,1296,0,0,0,1296
04/03/2002,PIT,PA,AEA,CE,Towers with Radar,520,667,50,12,1249,0,0,0,0,0,520,667,50,12,1249,0,0,0,1249
04/04/2002,PIT,PA,AEA,CE,Towers with Radar,523,685,51,18,1277,0,0,0,0,0,523,685,51,18,1277,0,0,0,1277
04/05/2002,PIT,PA,AEA,CE,Towers with Radar,529,671,56,23,1279,0,0,0,0,0,529,671,56,23,1279,0,0,0,1279
04/06/2002,PIT,PA,AEA,CE,Towers with Radar,479,544,46,15,1084,0,0,1,0,1,479,544,47,15,1085,0,0,0,1085
04/07/2002,PIT,PA,AEA,CE,Towers with Radar,494,550,33,18,1095,0,0,3,0,3,494,550,36,18,1098,0,0,0,1098
04/08/2002,PIT,PA,AEA,CE,Towers with Radar,514,670,87,17,1288,0,0,6,0,6,514,670,93,17,1294,0,0,0,1294
04/09/2002,PIT,PA,AEA,CE,Towers with Radar,511,664,61,16,1252,0,0,0,0,0,511,664,61,16,1252,0,0,0,1252
04/10/2002,PIT,PA,AEA,CE,Towers with Radar,523,692,81,23,1319,0,0,6,0,6,523,692,87,23,1325,0,0,0,1325
04/11/2002,PIT,PA,AEA,CE,Towers with Radar,528,671,99,22,1320,0,0,2,0,2,528,671,101,22,1322,0,0,0,1322
04/12/2002,PIT,PA,AEA,CE,Towers with Radar,516,671,78,24,1289,0,0,2,0,2,516,671,80,24,1291,0,0,0,1291
04/13/2002,PIT,PA,AEA,CE,Towers with Radar,492,519,31,18,1060,0,0,0,0,0,492,519,31,18,1060,0,0,0,1060
04/14/2002,PIT,PA,AEA,CE,Towers with Radar,493,550,38,14,1095,0,1,0,0,1,493,551,38,14,1096,0,0,0,1096
04/15/2002,PIT,PA,AEA,CE,Towers with Radar,504,650,66,6,1226,0,0,1,0,1,504,650,67,6,1227,0,0,0,1227
04/16/2002,PIT,PA,AEA,CE,Towers with Radar,526,678,62,24,1290,0,0,3,0,3,526,678,65,24,1293,0,0,0,1293
04/17/2002,PIT,PA,AEA,CE,Towers with Radar,513,673,66,18,1270,0,1,1,0,2,513,674,67,18,1272,0,0,0,1272
04/18/2002,PIT,PA,AEA,CE,Towers with Radar,523,676,97,27,1323,0,0,0,1,1,523,676,97,28,1324,0,0,0,1324
04/19/2002,PIT,PA,AEA,CE,Towers with Radar,477,596,65,14,1152,0,0,2,0,2,477,596,67,14,1154,0,0,0,1154
04/20/2002,PIT,PA,AEA,CE,Towers with Radar,524,542,29,10,1105,0,0,18,0,18,524,542,47,10,1123,0,0,0,1123
04/21/2002,PIT,PA,AEA,CE,Towers with Radar,495,531,36,9,1071,0,1,0,0,1,495,532,36,9,1072,0,0,0,1072
04/22/2002,PIT,PA,AEA,CE,Towers with Radar,513,661,55,20,1249,0,0,0,0,0,513,661,55,20,1249,0,0,0,1249
04/23/2002,PIT,PA,AEA,CE,Towers with Radar,527,660,65,16,1268,0,0,0,1,1,527,660,65,17,1269,0,0,0,1269
04/24/2002,PIT,PA,AEA,CE,Towers with Radar,509,662,104,17,1292,0,0,4,0,4,509,662,108,17,1296,0,0,0,1296
04/25/2002,PIT,PA,AEA,CE,Towers with Radar,525,660,92,16,1293,0,0,0,0,0,525,660,92,16,1293,0,0,0,1293
04/26/2002,PIT,PA,AEA,CE,Towers with Radar,527,661,62,18,1268,0,0,0,0,0,527,661,62,18,1268,0,0,0,1268
04/27/2002,PIT,PA,AEA,CE,Towers with Radar,484,517,35,3,1039,0,0,1,0,1,484,517,36,3,1040,0,0,0,1040
04/28/2002,PIT,PA,AEA,CE,Towers with Radar,439,443,37,6,925,0,0,0,0,0,439,443,37,6,925,0,0,0,925
04/29/2002,PIT,PA,AEA,CE,Towers with Radar,535,695,49,11,1290,0,0,3,0,3,535,695,52,11,1293,0,0,0,1293
04/30/2002,PIT,PA,AEA,CE,Towers with Radar,513,687,72,16,1288,0,0,3,0,3,513,687,75,16,1291,0,0,0,1291
05/01/2002,PIT,PA,AEA,CE,Towers with Radar,514,689,57,28,1288,2,0,0,1,3,516,689,57,29,1291,0,0,0,1291
05/02/2002,PIT,PA,AEA,CE,Towers with Radar,499,646,54,25,1224,2,0,0,0,2,501,646,54,25,1226,0,0,0,1226
05/03/2002,PIT,PA,AEA,CE,Towers with Radar,519,649,68,25,1261,2,1,0,0,3,521,650,68,25,1264,0,0,0,1264
05/04/2002,PIT,PA,AEA,CE,Towers with Radar,492,526,57,18,1093,2,0,2,4,8,494,526,59,22,1101,0,0,0,1101
05/05/2002,PIT,PA,AEA,CE,Towers with Radar,477,539,46,15,1077,2,0,3,0,5,479,539,49,15,1082,0,0,0,1082
05/06/2002,PIT,PA,AEA,CE,Towers with Radar,497,631,46,7,1181,2,0,0,0,2,499,631,46,7,1183,0,0,0,1183
05/07/2002,PIT,PA,AEA,CE,Towers with Radar,518,653,64,14,1249,2,0,0,0,2,520,653,64,14,1251,0,0,0,1251
05/08/2002,PIT,PA,AEA,CE,Towers with Radar,513,670,47,17,1247,1,0,0,0,1,514,670,47,17,1248,0,0,0,1248
05/09/2002,PIT,PA,AEA,CE,Towers with Radar,497,651,53,22,1223,1,0,1,3,5,498,651,54,25,1228,0,0,0,1228
05/10/2002,PIT,PA,AEA,CE,Towers with Radar,534,673,78,17,1302,1,2,0,0,3,535,675,78,17,1305,0,0,0,1305
05/11/2002,PIT,PA,AEA,CE,Towers with Radar,473,537,25,12,1047,1,1,0,0,2,474,538,25,12,1049,0,0,0,1049
05/12/2002,PIT,PA,AEA,CE,Towers with Radar,465,488,35,7,995,1,0,0,0,1,466,488,35,7,996,0,0,0,996
05/13/2002,PIT,PA,AEA,CE,Towers with Radar,497,637,64,3,1201,1,0,0,0,1,498,637,64,3,1202,0,0,0,1202
05/14/2002,PIT,PA,AEA,CE,Towers with Radar,529,649,79,11,1268,1,1,0,0,2,530,650,79,11,1270,0,0,0,1270
05/15/2002,PIT,PA,AEA,CE,Towers with Radar,515,660,113,28,1316,1,2,1,2,6,516,662,114,30,1322,0,0,0,1322
05/16/2002,PIT,PA,AEA,CE,Towers with Radar,508,664,76,25,1273,1,1,15,0,17,509,665,91,25,1290,0,0,0,1290
05/17/2002,PIT,PA,AEA,CE,Towers with Radar,508,659,94,26,1287,1,2,3,0,6,509,661,97,26,1293,0,0,0,1293
05/18/2002,PIT,PA,AEA,CE,Towers with Radar,482,537,36,5,1060,1,0,1,0,2,483,537,37,5,1062,0,0,0,1062
05/19/2002,PIT,PA,AEA,CE,Towers with Radar,477,541,60,14,1092,1,0,3,0,4,478,541,63,14,1096,0,0,0,1096
05/20/2002,PIT,PA,AEA,CE,Towers with Radar,499,647,60,22,1228,1,0,1,0,2,500,647,61,22,1230,0,0,0,1230
05/21/2002,PIT,PA,AEA,CE,Towers with Radar,507,676,71,20,1274,1,0,3,0,4,508,676,74,20,1278,0,0,0,1278
05/22/2002,PIT,PA,AEA,CE,Towers with Radar,516,670,98,38,1322,1,0,20,1,22,517,670,118,39,1344,0,0,0,1344
05/23/2002,PIT,PA,AEA,CE,Towers with Radar,516,665,74,19,1274,1,0,0,3,4,517,665,74,22,1278,0,0,0,1278
05/24/2002,PIT,PA,AEA,CE,Towers with Radar,521,631,63,10,1225,1,0,0,1,2,522,631,63,11,1227,0,0,0,1227
05/25/2002,PIT,PA,AEA,CE,Towers with Radar,470,534,39,12,1055,1,0,0,1,2,471,534,39,13,1057,0,0,0,1057
05/26/2002,PIT,PA,AEA,CE,Towers with Radar,456,463,43,5,967,1,0,0,0,1,457,463,43,5,968,0,0,0,968
05/27/2002,PIT,PA,AEA,CE,Towers with Radar,480,566,41,8,1095,1,0,2,1,4,481,566,43,9,1099,0,0,0,1099
05/28/2002,PIT,PA,AEA,CE,Towers with Radar,504,620,90,7,1221,1,0,1,0,2,505,620,91,7,1223,0,0,0,1223
05/29/2002,PIT,PA,AEA,CE,Towers with Radar,519,672,52,22,1265,1,0,1,0,2,520,672,53,22,1267,0,0,0,1267
05/30/2002,PIT,PA,AEA,CE,Towers with Radar,509,672,68,18,1267,0,2,14,4,20,509,674,82,22,1287,0,0,0,1287
05/31/2002,PIT,PA,AEA,CE,Towers with Radar,495,592,61,17,1165,1,0,1,0,2,496,592,62,17,1167,0,0,0,1167
06/01/2002,PIT,PA,AEA,CE,Towers with Radar,499,558,43,13,1113,0,0,0,0,0,499,558,43,13,1113,0,0,0,1113
06/02/2002,PIT,PA,AEA,CE,Towers with Radar,482,536,51,15,1084,0,0,0,0,0,482,536,51,15,1084,0,0,0,1084
06/03/2002,PIT,PA,AEA,CE,Towers with Radar,490,638,66,20,1214,0,0,2,0,2,490,638,68,20,1216,0,0,0,1216
06/04/2002,PIT,PA,AEA,CE,Towers with Radar,506,653,73,12,1244,0,0,1,0,1,506,653,74,12,1245,0,0,0,1245
06/05/2002,PIT,PA,AEA,CE,Towers with Radar,447,573,63,20,1103,0,0,0,1,1,447,573,63,21,1104,0,0,0,1104
06/06/2002,PIT,PA,AEA,CE,Towers with Radar,537,699,77,13,1326,0,0,1,0,1,537,699,78,13,1327,0,0,0,1327
06/07/2002,PIT,PA,AEA,CE,Towers with Radar,527,686,69,11,1293,0,0,2,0,2,527,686,71,11,1295,0,0,0,1295
06/08/2002,PIT,PA,AEA,CE,Towers with Radar,488,540,37,24,1089,0,0,1,0,1,488,540,38,24,1090,0,0,0,1090
06/09/2002,PIT,PA,AEA,CE,Towers with Radar,494,553,43,11,1101,0,0,1,0,1,494,553,44,11,1102,0,0,0,1102
06/10/2002,PIT,PA,AEA,CE,Towers with Radar,492,659,91,9,1251,0,0,3,0,3,492,659,94,9,1254,0,0,0,1254
06/11/2002,PIT,PA,AEA,CE,Towers with Radar,514,696,79,21,1310,0,0,1,0,1,514,696,80,21,1311,0,0,0,1311
06/12/2002,PIT,PA,AEA,CE,Towers with Radar,481,663,56,18,1218,0,0,3,0,3,481,663,59,18,1221,0,0,0,1221
06/13/2002,PIT,PA,AEA,CE,Towers with Radar,512,674,62,21,1269,0,0,0,0,0,512,674,62,21,1269,0,0,0,1269
06/14/2002,PIT,PA,AEA,CE,Towers with Radar,510,645,64,15,1234,0,0,1,0,1,510,645,65,15,1235,0,0,0,1235
06/15/2002,PIT,PA,AEA,CE,Towers with Radar,478,533,41,4,1056,0,0,1,0,1,478,533,42,4,1057,0,0,0,1057
06/16/2002,PIT,PA,AEA,CE,Towers with Radar,492,561,31,11,1095,0,0,3,0,3,492,561,34,11,1098,0,0,0,1098
06/17/2002,PIT,PA,AEA,CE,Towers with Radar,487,679,84,19,1269,0,0,3,1,4,487,679,87,20,1273,0,0,0,1273
06/18/2002,PIT,PA,AEA,CE,Towers with Radar,503,694,98,25,1320,0,0,5,2,7,503,694,103,27,1327,0,0,0,1327
06/19/2002,PIT,PA,AEA,CE,Towers with Radar,498,697,86,40,1321,0,0,6,3,9,498,697,92,43,1330,0,0,0,1330
06/20/2002,PIT,PA,AEA,CE,Towers with Radar,513,707,76,33,1329,0,0,1,0,1,513,707,77,33,1330,0,0,0,1330
06/21/2002,PIT,PA,AEA,CE,Towers with Radar,494,687,67,70,1318,0,2,13,1,16,494,689,80,71,1334,0,0,0,1334
06/22/2002,PIT,PA,AEA,CE,Towers with Radar,486,564,52,44,1146,0,1,3,109,113,486,565,55,153,1259,0,0,0,1259
06/23/2002,PIT,PA,AEA,CE,Towers with Radar,493,577,81,83,1234,2,0,8,47,57,495,577,89,130,1291,0,0,0,1291
06/24/2002,PIT,PA,AEA,CE,Towers with Radar,491,677,62,33,1263,0,0,2,0,2,491,677,64,33,1265,0,0,0,1265
06/25/2002,PIT,PA,AEA,CE,Towers with Radar,493,673,99,26,1291,0,0,3,0,3,493,673,102,26,1294,0,0,0,1294
06/26/2002,PIT,PA,AEA,CE,Towers with Radar,495,689,74,25,1283,0,0,0,1,1,495,689,74,26,1284,0,0,0,1284
06/27/2002,PIT,PA,AEA,CE,Towers with Radar,425,556,81,19,1081,0,0,1,0,1,425,556,82,19,1082,0,0,0,1082
06/28/2002,PIT,PA,AEA,CE,Towers with Radar,550,699,67,21,1337,0,0,1,0,1,550,699,68,21,1338,0,0,0,1338
06/29/2002,PIT,PA,AEA,CE,Towers with Radar,481,550,36,11,1078,0,0,4,2,6,481,550,40,13,1084,0,0,0,1084
06/30/2002,PIT,PA,AEA,CE,Towers with Radar,492,556,44,9,1101,0,0,4,2,6,492,556,48,11,1107,0,0,0,1107
07/01/2002,PIT,PA,AEA,CE,Towers with Radar,487,658,49,20,1214,2,0,1,2,5,489,658,50,22,1219,0,0,0,1219
07/02/2002,PIT,PA,AEA,CE,Towers with Radar,502,673,71,26,1272,2,0,0,0,2,504,673,71,26,1274,0,0,0,1274
07/03/2002,PIT,PA,AEA,CE,Towers with Radar,500,681,75,30,1286,2,0,5,3,10,502,681,80,33,1296,0,0,0,1296
07/04/2002,PIT,PA,AEA,CE,Towers with Radar,463,556,27,8,1054,2,0,0,0,2,465,556,27,8,1056,0,0,0,1056
07/05/2002,PIT,PA,AEA,CE,Towers with Radar,442,554,48,11,1055,2,0,2,3,7,444,554,50,14,1062,0,0,0,1062
07/06/2002,PIT,PA,AEA,CE,Towers with Radar,456,543,36,6,1041,2,1,0,0,3,458,544,36,6,1044,0,0,0,1044
07/07/2002,PIT,PA,AEA,CE,Towers with Radar,487,551,53,15,1106,2,0,1,1,4,489,551,54,16,1110,0,0,0,1110
07/08/2002,PIT,PA,AEA,CE,Towers with Radar,474,679,72,10,1235,2,54,0,0,56,476,733,72,10,1291,0,0,0,1291
07/09/2002,PIT,PA,AEA,CE,Towers with Radar,487,663,79,19,1248,2,0,0,1,3,489,663,79,20,1251,0,0,0,1251
07/10/2002,PIT,PA,AEA,CE,Towers with Radar,513,695,81,29,1318,2,0,0,0,2,515,695,81,29,1320,0,0,0,1320
07/11/2002,PIT,PA,AEA,CE,Towers with Radar,508,694,77,29,1308,1,0,2,3,6,509,694,79,32,1314,0,0,0,1314
07/12/2002,PIT,PA,AEA,CE,Towers with Radar,508,677,50,31,1266,1,0,0,1,2,509,677,50,32,1268,0,0,0,1268
07/13/2002,PIT,PA,AEA,CE,Towers with Radar,478,547,25,19,1069,1,1,0,2,4,479,548,25,21,1073,0,0,0,1073
07/14/2002,PIT,PA,AEA,CE,Towers with Radar,480,579,43,11,1113,1,0,2,1,4,481,579,45,12,1117,0,0,0,1117
07/15/2002,PIT,PA,AEA,CE,Towers with Radar,496,679,87,23,1285,1,2,3,5,11,497,681,90,28,1296,0,0,0,1296
07/16/2002,PIT,PA,AEA,CE,Towers with Radar,511,676,80,33,1300,1,0,3,3,7,512,676,83,36,1307,0,0,0,1307
07/17/2002,PIT,PA,AEA,CE,Towers with Radar,506,685,82,18,1291,1,1,5,7,14,507,686,87,25,1305,0,0,0,1305
07/18/2002,PIT,PA,AEA,CE,Towers with Radar,492,688,90,26,1296,1,0,0,2,3,493,688,90,28,1299,0,0,0,1299
07/19/2002,PIT,PA,AEA,CE,Towers with Radar,474,632,62,18,1186,1,1,2,1,5,475,633,64,19,1191,0,0,0,1191
07/20/2002,PIT,PA,AEA,CE,Towers with Radar,501,591,61,16,1169,1,0,0,1,2,502,591,61,17,1171,0,0,0,1171
07/21/2002,PIT,PA,AEA,CE,Towers with Radar,500,575,51,12,1138,1,0,4,2,7,501,575,55,14,1145,0,0,0,1145
07/22/2002,PIT,PA,AEA,CE,Towers with Radar,487,661,79,20,1247,1,0,1,2,4,488,661,80,22,1251,0,0,0,1251
07/23/2002,PIT,PA,AEA,CE,Towers with Radar,477,620,87,20,1204,1,0,0,1,2,478,620,87,21,1206,0,0,0,1206
07/24/2002,PIT,PA,AEA,CE,Towers with Radar,529,690,108,37,1364,1,1,2,4,8,530,691,110,41,1372,0,0,0,1372
07/25/2002,PIT,PA,AEA,CE,Towers with Radar,492,692,69,18,1271,1,0,0,2,3,493,692,69,20,1274,0,0,0,1274
07/26/2002,PIT,PA,AEA,CE,Towers with Radar,500,680,87,23,1290,1,0,0,1,2,501,680,87,24,1292,0,0,0,1292
07/27/2002,PIT,PA,AEA,CE,Towers with Radar,474,542,48,1,1065,1,0,0,1,2,475,542,48,2,1067,0,0,0,1067
07/28/2002,PIT,PA,AEA,CE,Towers with Radar,494,552,37,11,1094,1,0,1,3,5,495,552,38,14,1099,0,0,0,1099
07/29/2002,PIT,PA,AEA,CE,Towers with Radar,490,662,68,22,1242,1,0,1,1,3,491,662,69,23,1245,0,0,0,1245
07/30/2002,PIT,PA,AEA,CE,Towers with Radar,496,697,86,23,1302,1,0,1,2,4,497,697,87,25,1306,0,0,0,1306
07/31/2002,PIT,PA,AEA,CE,Towers with Radar,492,691,72,19,1274,0,0,14,0,14,492,691,86,19,1288,0,0,0,1288
08/01/2002,PIT,PA,AEA,CE,Towers with Radar,508,682,92,28,1310,0,0,4,3,7,508,682,96,31,1317,0,0,0,1317
08/02/2002,PIT,PA,AEA,CE,Towers with Radar,477,683,58,16,1234,0,0,1,0,1,477,683,59,16,1235,0,0,0,1235
08/03/2002,PIT,PA,AEA,CE,Towers with Radar,495,554,52,7,1108,0,0,0,0,0,495,554,52,7,1108,0,0,0,1108
08/04/2002,PIT,PA,AEA,CE,Towers with Radar,490,561,63,13,1127,0,0,2,4,6,490,561,65,17,1133,0,0,0,1133
08/05/2002,PIT,PA,AEA,CE,Towers with Radar,470,608,63,18,1159,0,0,0,0,0,470,608,63,18,1159,0,0,0,1159
08/06/2002,PIT,PA,AEA,CE,Towers with Radar,508,678,77,28,1291,0,0,1,0,1,508,678,78,28,1292,0,0,0,1292
08/07/2002,PIT,PA,AEA,CE,Towers with Radar,510,690,86,23,1309,0,0,2,2,4,510,690,88,25,1313,0,0,0,1313
08/08/2002,PIT,PA,AEA,CE,Towers with Radar,501,681,95,31,1308,0,0,1,2,3,501,681,96,33,1311,0,0,0,1311
08/09/2002,PIT,PA,AEA,CE,Towers with Radar,510,683,51,25,1269,0,0,3,2,5,510,683,54,27,1274,0,0,0,1274
08/10/2002,PIT,PA,AEA,CE,Towers with Radar,464,559,49,6,1078,0,2,2,0,4,464,561,51,6,1082,0,0,0,1082
08/11/2002,PIT,PA,AEA,CE,Towers with Radar,495,572,63,15,1145,0,0,7,6,13,495,572,70,21,1158,0,0,0,1158
08/12/2002,PIT,PA,AEA,CE,Towers with Radar,438,579,53,19,1089,0,0,0,0,0,438,579,53,19,1089,0,0,0,1089
08/13/2002,PIT,PA,AEA,CE,Towers with Radar,515,687,68,27,1297,0,0,3,5,8,515,687,71,32,1305,0,0,0,1305
08/14/2002,PIT,PA,AEA,CE,Towers with Radar,509,706,69,21,1305,0,0,4,3,7,509,706,73,24,1312,0,0,0,1312
08/15/2002,PIT,PA,AEA,CE,Towers with Radar,504,685,63,29,1281,0,0,2,0,2,504,685,65,29,1283,0,0,0,1283
08/16/2002,PIT,PA,AEA,CE,Towers with Radar,501,679,50,15,1245,0,0,0,0,0,501,679,50,15,1245,0,0,0,1245
08/17/2002,PIT,PA,AEA,CE,Towers with Radar,465,562,29,16,1072,0,1,1,0,2,465,563,30,16,1074,0,0,0,1074
08/18/2002,PIT,PA,AEA,CE,Towers with Radar,490,549,54,5,1098,0,0,0,0,0,490,549,54,5,1098,0,0,0,1098
08/19/2002,PIT,PA,AEA,CE,Towers with Radar,474,658,55,5,1192,0,0,2,2,4,474,658,57,7,1196,0,0,0,1196
08/20/2002,PIT,PA,AEA,CE,Towers with Radar,502,687,84,22,1295,0,0,0,2,2,502,687,84,24,1297,0,0,0,1297
08/21/2002,PIT,PA,AEA,CE,Towers with Radar,499,694,85,33,1311,0,0,4,1,5,499,694,89,34,1316,0,0,0,1316
08/22/2002,PIT,PA,AEA,CE,Towers with Radar,474,641,73,21,1209,0,0,0,1,1,474,641,73,22,1210,0,0,0,1210
08/23/2002,PIT,PA,AEA,CE,Towers with Radar,512,688,80,15,1295,0,0,0,0,0,512,688,80,15,1295,0,0,0,1295
08/24/2002,PIT,PA,AEA,CE,Towers with Radar,476,558,47,6,1087,0,0,2,0,2,476,558,49,6,1089,0,0,0,1089
08/25/2002,PIT,PA,AEA,CE,Towers with Radar,489,528,56,11,1084,0,0,0,0,0,489,528,56,11,1084,0,0,0,1084
08/26/2002,PIT,PA,AEA,CE,Towers with Radar,464,631,65,28,1188,0,0,4,5,9,464,631,69,33,1197,0,0,0,1197
08/27/2002,PIT,PA,AEA,CE,Towers with Radar,505,688,79,20,1292,0,0,2,4,6,505,688,81,24,1298,0,0,0,1298
08/28/2002,PIT,PA,AEA,CE,Towers with Radar,496,680,58,24,1258,0,0,5,6,11,496,680,63,30,1269,0,0,0,1269
08/29/2002,PIT,PA,AEA,CE,Towers with Radar,502,677,84,30,1293,0,0,0,0,0,502,677,84,30,1293,0,0,0,1293
08/30/2002,PIT,PA,AEA,CE,Towers with Radar,510,678,50,13,1251,0,0,2,2,4,510,678,52,15,1255,0,0,0,1255
08/31/2002,PIT,PA,AEA,CE,Towers with Radar,464,543,45,6,1058,0,0,1,1,2,464,543,46,7,1060,0,0,0,1060
09/01/2002,PIT,PA,AEA,CE,Towers with Radar,443,476,21,6,946,0,0,0,1,1,443,476,21,7,947,0,0,0,947
09/02/2002,PIT,PA,AEA,CE,Towers with Radar,466,575,50,20,1111,0,1,2,0,3,466,576,52,20,1114,0,0,0,1114
09/03/2002,PIT,PA,AEA,CE,Towers with Radar,445,593,53,16,1107,0,0,0,0,0,445,593,53,16,1107,0,0,0,1107
09/04/2002,PIT,PA,AEA,CE,Towers with Radar,524,727,49,29,1329,0,1,2,0,3,524,728,51,29,1332,0,0,0,1332
09/05/2002,PIT,PA,AEA,CE,Towers with Radar,485,660,93,30,1268,0,0,0,2,2,485,660,93,32,1270,0,0,0,1270
09/06/2002,PIT,PA,AEA,CE,Towers with Radar,510,683,77,34,1304,0,0,8,4,12,510,683,85,38,1316,0,0,0,1316
09/07/2002,PIT,PA,AEA,CE,Towers with Radar,449,543,49,10,1051,0,0,2,0,2,449,543,51,10,1053,0,0,0,1053
09/08/2002,PIT,PA,AEA,CE,Towers with Radar,467,551,70,19,1107,0,0,8,0,8,467,551,78,19,1115,0,0,0,1115
09/09/2002,PIT,PA,AEA,CE,Towers with Radar,483,663,64,31,1241,0,0,5,5,10,483,663,69,36,1251,0,0,0,1251
09/10/2002,PIT,PA,AEA,CE,Towers with Radar,467,666,85,21,1239,0,0,1,0,1,467,666,86,21,1240,0,0,0,1240
09/11/2002,PIT,PA,AEA,CE,Towers with Radar,454,652,75,33,1214,0,0,0,0,0,454,652,75,33,1214,0,0,0,1214
09/12/2002,PIT,PA,AEA,CE,Towers with Radar,472,695,89,26,1282,0,0,6,6,12,472,695,95,32,1294,0,0,0,1294
09/13/2002,PIT,PA,AEA,CE,Towers with Radar,473,650,66,11,1200,0,8,5,0,13,473,658,71,11,1213,0,0,0,1213
09/14/2002,PIT,PA,AEA,CE,Towers with Radar,474,530,49,8,1061,0,0,0,0,0,474,530,49,8,1061,0,0,0,1061
09/15/2002,PIT,PA,AEA,CE,Towers with Radar,456,528,54,14,1052,0,0,0,0,0,456,528,54,14,1052,0,0,0,1052
09/16/2002,PIT,PA,AEA,CE,Towers with Radar,466,649,76,16,1207,0,0,0,0,0,466,649,76,16,1207,0,0,0,1207
09/17/2002,PIT,PA,AEA,CE,Towers with Radar,469,641,79,22,1211,0,2,56,0,58,469,643,135,22,1269,0,0,0,1269
09/18/2002,PIT,PA,AEA,CE,Towers with Radar,475,666,87,16,1244,0,0,0,2,2,475,666,87,18,1246,0,0,0,1246
09/19/2002,PIT,PA,AEA,CE,Towers with Radar,453,659,80,24,1216,0,0,0,1,1,453,659,80,25,1217,0,0,0,1217
09/20/2002,PIT,PA,AEA,CE,Towers with Radar,484,664,63,15,1226,0,0,0,0,0,484,664,63,15,1226,0,0,0,1226
09/21/2002,PIT,PA,AEA,CE,Towers with Radar,443,549,42,9,1043,0,0,3,0,3,443,549,45,9,1046,0,0,0,1046
09/22/2002,PIT,PA,AEA,CE,Towers with Radar,459,505,71,9,1044,0,0,3,0,3,459,505,74,9,1047,0,0,0,1047
09/23/2002,PIT,PA,AEA,CE,Towers with Radar,441,654,59,10,1164,0,0,1,0,1,441,654,60,10,1165,0,0,0,1165
09/24/2002,PIT,PA,AEA,CE,Towers with Radar,471,648,65,8,1192,0,1,0,1,2,471,649,65,9,1194,0,0,0,1194
09/25/2002,PIT,PA,AEA,CE,Towers with Radar,451,678,71,12,1212,0,0,2,4,6,451,678,73,16,1218,0,0,0,1218
09/26/2002,PIT,PA,AEA,CE,Towers with Radar,452,645,65,10,1172,0,0,1,0,1,452,645,66,10,1173,0,0,0,1173
09/27/2002,PIT,PA,AEA,CE,Towers with Radar,463,662,65,5,1195,0,0,0,0,0,463,662,65,5,1195,0,0,0,1195
09/28/2002,PIT,PA,AEA,CE,Towers with Radar,433,544,74,2,1053,0,0,0,0,0,433,544,74,2,1053,0,0,0,1053
09/29/2002,PIT,PA,AEA,CE,Towers with Radar,439,529,44,8,1020,0,0,1,0,1,439,529,45,8,1021,0,0,0,1021
09/30/2002,PIT,PA,AEA,CE,Towers with Radar,446,667,77,8,1198,0,0,34,0,34,446,667,111,8,1232,0,0,0,1232
10/01/2002,PIT,PA,AEA,CE,Towers with Radar,453,663,87,19,1222,0,0,3,0,3,453,663,90,19,1225,0,0,0,1225
10/02/2002,PIT,PA,AEA,CE,Towers with Radar,462,665,54,14,1195,0,1,0,0,1,462,666,54,14,1196,0,0,0,1196
10/03/2002,PIT,PA,AEA,CE,Towers with Radar,456,658,71,7,1192,0,0,1,0,1,456,658,72,7,1193,0,0,0,1193
10/04/2002,PIT,PA,AEA,CE,Towers with Radar,492,649,56,8,1205,0,0,1,0,1,492,649,57,8,1206,0,0,0,1206
10/05/2002,PIT,PA,AEA,CE,Towers with Radar,439,553,29,12,1033,0,0,5,1,6,439,553,34,13,1039,0,0,0,1039
10/06/2002,PIT,PA,AEA,CE,Towers with Radar,397,520,52,4,973,0,1,0,0,1,397,521,52,4,974,0,0,0,974
10/07/2002,PIT,PA,AEA,CE,Towers with Radar,408,634,70,13,1125,0,0,2,1,3,408,634,72,14,1128,0,0,0,1128
10/08/2002,PIT,PA,AEA,CE,Towers with Radar,408,645,68,23,1144,0,0,0,0,0,408,645,68,23,1144,0,0,0,1144
10/09/2002,PIT,PA,AEA,CE,Towers with Radar,418,646,83,20,1167,0,0,1,2,3,418,646,84,22,1170,0,0,0,1170
10/10/2002,PIT,PA,AEA,CE,Towers with Radar,400,635,68,20,1123,0,0,0,0,0,400,635,68,20,1123,0,0,0,1123
10/11/2002,PIT,PA,AEA,CE,Towers with Radar,419,617,80,7,1123,0,0,0,0,0,419,617,80,7,1123,0,0,0,1123
10/12/2002,PIT,PA,AEA,CE,Towers with Radar,394,512,43,5,954,0,0,0,0,0,394,512,43,5,954,0,0,0,954
10/13/2002,PIT,PA,AEA,CE,Towers with Radar,374,527,52,0,953,0,0,0,0,0,374,527,52,0,953,0,0,0,953
10/14/2002,PIT,PA,AEA,CE,Towers with Radar,399,634,67,8,1108,0,0,0,0,0,399,634,67,8,1108,0,0,0,1108
10/15/2002,PIT,PA,AEA,CE,Towers with Radar,402,629,93,17,1141,0,0,0,0,0,402,629,93,17,1141,0,0,0,1141
10/16/2002,PIT,PA,AEA,CE,Towers with Radar,411,629,52,20,1112,0,0,0,0,0,411,629,52,20,1112,0,0,0,1112
10/17/2002,PIT,PA,AEA,CE,Towers with Radar,418,638,93,29,1178,0,0,0,0,0,418,638,93,29,1178,0,0,0,1178
10/18/2002,PIT,PA,AEA,CE,Towers with Radar,415,672,68,19,1174,0,0,1,0,1,415,672,69,19,1175,0,0,0,1175
10/19/2002,PIT,PA,AEA,CE,Towers with Radar,382,505,54,7,948,0,0,0,0,0,382,505,54,7,948,0,0,0,948
10/20/2002,PIT,PA,AEA,CE,Towers with Radar,384,523,61,14,982,0,0,1,2,3,384,523,62,16,985,0,0,0,985
10/21/2002,PIT,PA,AEA,CE,Towers with Radar,397,643,101,16,1157,0,0,0,0,0,397,643,101,16,1157,0,0,0,1157
10/22/2002,PIT,PA,AEA,CE,Towers with Radar,416,645,104,20,1185,0,0,4,4,8,416,645,108,24,1193,0,0,0,1193
10/23/2002,PIT,PA,AEA,CE,Towers with Radar,398,625,72,25,1120,0,0,5,0,5,398,625,77,25,1125,0,0,0,1125
10/24/2002,PIT,PA,AEA,CE,Towers with Radar,413,632,78,24,1147,0,1,2,1,4,413,633,80,25,1151,0,0,0,1151
10/25/2002,PIT,PA,AEA,CE,Towers with Radar,419,627,61,17,1124,0,0,2,0,2,419,627,63,17,1126,0,0,0,1126
10/26/2002,PIT,PA,AEA,CE,Towers with Radar,394,523,32,2,951,0,0,0,0,0,394,523,32,2,951,0,0,0,951
10/27/2002,PIT,PA,AEA,CE,Towers with Radar,360,505,44,7,916,0,0,1,0,1,360,505,45,7,917,0,0,0,917
10/28/2002,PIT,PA,AEA,CE,Towers with Radar,442,609,51,10,1112,0,0,0,0,0,442,609,51,10,1112,0,0,0,1112
10/29/2002,PIT,PA,AEA,CE,Towers with Radar,439,650,87,12,1188,0,1,2,0,3,439,651,89,12,1191,0,0,0,1191
10/30/2002,PIT,PA,AEA,CE,Towers with Radar,417,634,35,8,1094,0,0,0,0,0,417,634,35,8,1094,0,0,0,1094
10/31/2002,PIT,PA,AEA,CE,Towers with Radar,421,631,76,16,1144,0,0,0,0,0,421,631,76,16,1144,0,0,0,1144
11/01/2002,PIT,PA,AEA,CE,Towers with Radar,409,631,64,12,1116,0,1,2,0,3,409,632,66,12,1119,0,0,0,1119
11/02/2002,PIT,PA,AEA,CE,Towers with Radar,349,499,32,6,886,34,17,0,12,63,383,516,32,18,949,0,0,0,949
11/03/2002,PIT,PA,AEA,CE,Towers with Radar,369,495,32,3,899,0,1,1,0,2,369,496,33,3,901,0,0,0,901
11/04/2002,PIT,PA,AEA,CE,Towers with Radar,401,605,67,16,1089,0,1,1,0,2,401,606,68,16,1091,0,0,0,1091
11/05/2002,PIT,PA,AEA,CE,Towers with Radar,399,601,66,9,1075,0,1,2,0,3,399,602,68,9,1078,0,0,0,1078
11/06/2002,PIT,PA,AEA,CE,Towers with Radar,405,621,75,8,1109,0,1,0,0,1,405,622,75,8,1110,0,0,0,1110
11/07/2002,PIT,PA,AEA,CE,Towers with Radar,399,605,78,13,1095,0,0,1,0,1,399,605,79,13,1096,0,0,0,1096
11/08/2002,PIT,PA,AEA,CE,Towers with Radar,412,609,50,14,1085,0,0,1,0,1,412,609,51,14,1086,0,0,0,1086
11/09/2002,PIT,PA,AEA,CE,Towers with Radar,366,496,37,8,907,0,0,1,0,1,366,496,38,8,908,0,0,0,908
11/10/2002,PIT,PA,AEA,CE,Towers with Radar,388,463,46,3,900,0,0,1,0,1,388,463,47,3,901,0,0,0,901
11/11/2002,PIT,PA,AEA,CE,Towers with Radar,407,581,43,10,1041,0,0,1,0,1,407,581,44,10,1042,0,0,0,1042
11/12/2002,PIT,PA,AEA,CE,Towers with Radar,405,600,65,9,1079,0,1,1,1,3,405,601,66,10,1082,0,0,0,1082
11/13/2002,PIT,PA,AEA,CE,Towers with Radar,379,581,61,9,1030,0,0,7,0,7,379,581,68,9,1037,0,0,0,1037
11/14/2002,PIT,PA,AEA,CE,Towers with Radar,388,636,64,12,1100,0,0,1,0,1,388,636,65,12,1101,0,0,0,1101
11/15/2002,PIT,PA,AEA,CE,Towers with Radar,409,624,103,5,1141,0,0,4,1,5,409,624,107,6,1146,0,0,0,1146
11/16/2002,PIT,PA,AEA,CE,Towers with Radar,371,487,25,1,884,0,0,1,0,1,371,487,26,1,885,0,0,0,885
11/17/2002,PIT,PA,AEA,CE,Towers with Radar,385,483,27,4,899,0,0,1,0,1,385,483,28,4,900,0,0,0,900
11/18/2002,PIT,PA,AEA,CE,Towers with Radar,394,612,87,12,1105,0,0,7,4,11,394,612,94,16,1116,0,0,0,1116
11/19/2002,PIT,PA,AEA,CE,Towers with Radar,412,614,111,5,1142,0,0,3,1,4,412,614,114,6,1146,0,0,0,1146
11/20/2002,PIT,PA,AEA,CE,Towers with Radar,398,619,113,13,1143,0,0,3,1,4,398,619,116,14,1147,0,0,0,1147
11/21/2002,PIT,PA,AEA,CE,Towers with Radar,409,635,90,8,1142,0,0,2,4,6,409,635,92,12,1148,0,0,0,1148
11/22/2002,PIT,PA,AEA,CE,Towers with Radar,420,601,66,3,1090,0,0,1,0,1,420,601,67,3,1091,0,0,0,1091
11/23/2002,PIT,PA,AEA,CE,Towers with Radar,376,504,26,2,908,0,0,1,0,1,376,504,27,2,909,0,0,0,909
11/24/2002,PIT,PA,AEA,CE,Towers with Radar,348,497,42,6,893,34,0,0,0,34,382,497,42,6,927,0,0,0,927
11/25/2002,PIT,PA,AEA,CE,Towers with Radar,398,614,69,7,1088,0,0,1,0,1,398,614,70,7,1089,0,0,0,1089
11/26/2002,PIT,PA,AEA,CE,Towers with Radar,409,621,74,5,1109,0,0,1,0,1,409,621,75,5,1110,0,0,0,1110
11/27/2002,PIT,PA,AEA,CE,Towers with Radar,414,624,57,14,1109,0,0,1,1,2,414,624,58,15,1111,0,0,0,1111
11/28/2002,PIT,PA,AEA,CE,Towers with Radar,351,459,14,2,826,0,0,1,0,1,351,459,15,2,827,0,0,0,827
11/29/2002,PIT,PA,AEA,CE,Towers with Radar,347,434,23,0,804,0,0,2,0,2,347,434,25,0,806,0,0,0,806
11/30/2002,PIT,PA,AEA,CE,Towers with Radar,374,482,33,2,891,0,0,1,0,1,374,482,34,2,892,0,0,0,892
12/01/2002,PIT,PA,AEA,CE,Towers with Radar,387,530,46,5,968,0,0,0,0,0,387,530,46,5,968,0,0,0,968
12/02/2002,PIT,PA,AEA,CE,Towers with Radar,392,611,62,9,1074,0,0,1,0,1,392,611,63,9,1075,0,0,0,1075
12/03/2002,PIT,PA,AEA,CE,Towers with Radar,407,608,78,7,1100,0,0,3,1,4,407,608,81,8,1104,0,0,0,1104
12/04/2002,PIT,PA,AEA,CE,Towers with Radar,382,589,60,8,1039,0,1,1,1,3,382,590,61,9,1042,0,0,0,1042
12/05/2002,PIT,PA,AEA,CE,Towers with Radar,363,502,52,4,921,0,1,0,0,1,363,503,52,4,922,0,0,0,922
12/06/2002,PIT,PA,AEA,CE,Towers with Radar,413,607,61,15,1096,0,0,2,0,2,413,607,63,15,1098,0,0,0,1098
12/07/2002,PIT,PA,AEA,CE,Towers with Radar,355,481,38,5,879,0,0,0,0,0,355,481,38,5,879,0,0,0,879
12/08/2002,PIT,PA,AEA,CE,Towers with Radar,373,489,36,5,903,0,0,1,0,1,373,489,37,5,904,0,0,0,904
12/09/2002,PIT,PA,AEA,CE,Towers with Radar,371,594,67,6,1038,0,0,1,0,1,371,594,68,6,1039,0,0,0,1039
12/10/2002,PIT,PA,AEA,CE,Towers with Radar,398,626,70,24,1118,0,0,1,0,1,398,626,71,24,1119,0,0,0,1119
12/11/2002,PIT,PA,AEA,CE,Towers with Radar,390,533,38,4,965,0,0,0,0,0,390,533,38,4,965,0,0,0,965
12/12/2002,PIT,PA,AEA,CE,Towers with Radar,406,593,82,21,1102,0,0,1,0,1,406,593,83,21,1103,0,0,0,1103
12/13/2002,PIT,PA,AEA,CE,Towers with Radar,391,592,48,11,1042,0,0,0,0,0,391,592,48,11,1042,0,0,0,1042
12/14/2002,PIT,PA,AEA,CE,Towers with Radar,362,465,14,3,844,0,0,0,0,0,362,465,14,3,844,0,0,0,844
12/15/2002,PIT,PA,AEA,CE,Towers with Radar,378,481,50,7,916,0,0,0,0,0,378,481,50,7,916,0,0,0,916
12/16/2002,PIT,PA,AEA,CE,Towers with Radar,385,593,70,13,1061,0,0,1,1,2,385,593,71,14,1063,0,0,0,1063
12/17/2002,PIT,PA,AEA,CE,Towers with Radar,395,607,97,25,1124,0,0,36,1,37,395,607,133,26,1161,0,0,0,1161
12/18/2002,PIT,PA,AEA,CE,Towers with Radar,399,625,58,30,1112,0,0,1,0,1,399,625,59,30,1113,0,0,0,1113
12/19/2002,PIT,PA,AEA,CE,Towers with Radar,406,635,70,17,1128,0,0,2,1,3,406,635,72,18,1131,0,0,0,1131
12/20/2002,PIT,PA,AEA,CE,Towers with Radar,409,609,79,16,1113,0,0,0,0,0,409,609,79,16,1113,0,0,0,1113
12/21/2002,PIT,PA,AEA,CE,Towers with Radar,370,481,27,4,882,0,0,0,0,0,370,481,27,4,882,0,0,0,882
12/22/2002,PIT,PA,AEA,CE,Towers with Radar,375,491,29,3,898,0,0,0,0,0,375,491,29,3,898,0,0,0,898
12/23/2002,PIT,PA,AEA,CE,Towers with Radar,377,594,29,6,1006,0,0,1,0,1,377,594,30,6,1007,0,0,0,1007
12/24/2002,PIT,PA,AEA,CE,Towers with Radar,359,551,27,4,941,0,0,0,0,0,359,551,27,4,941,0,0,0,941
12/25/2002,PIT,PA,AEA,CE,Towers with Radar,322,366,5,1,694,0,0,0,0,0,322,366,5,1,694,0,0,0,694
12/26/2002,PIT,PA,AEA,CE,Towers with Radar,396,564,40,3,1003,0,0,0,0,0,396,564,40,3,1003,0,0,0,1003
12/27/2002,PIT,PA,AEA,CE,Towers with Radar,420,594,36,9,1059,0,0,0,0,0,420,594,36,9,1059,0,0,0,1059
12/28/2002,PIT,PA,AEA,CE,Towers with Radar,363,472,37,1,873,0,0,0,0,0,363,472,37,1,873,0,0,0,873
12/29/2002,PIT,PA,AEA,CE,Towers with Radar,377,482,17,2,878,0,0,0,0,0,377,482,17,2,878,0,0,0,878
12/30/2002,PIT,PA,AEA,CE,Towers with Radar,343,540,32,19,934,0,0,0,0,0,343,540,32,19,934,0,0,0,934
12/31/2002,PIT,PA,AEA,CE,Towers with Radar,374,540,28,9,951,0,0,0,0,0,374,540,28,9,951,0,0,0,951
01/01/2003,PIT,PA,AEA,CE,Towers with Radar,344,478,18,9,849,0,0,0,0,0,344,478,18,9,849,0,0,0,849
01/02/2003,PIT,PA,AEA,CE,Towers with Radar,391,576,22,4,993,0,0,0,0,0,391,576,22,4,993,0,0,0,993
01/03/2003,PIT,PA,AEA,CE,Towers with Radar,400,564,22,7,993,0,0,0,0,0,400,564,22,7,993,0,0,0,993
01/04/2003,PIT,PA,AEA,CE,Towers with Radar,357,469,26,14,866,0,0,0,0,0,357,469,26,14,866,0,0,0,866
01/05/2003,PIT,PA,AEA,CE,Towers with Radar,347,433,53,5,838,0,0,0,0,0,347,433,53,5,838,0,0,0,838
01/06/2003,PIT,PA,AEA,CE,Towers with Radar,368,566,33,4,971,0,0,0,0,0,368,566,33,4,971,0,0,0,971
01/07/2003,PIT,PA,AEA,CE,Towers with Radar,397,626,73,17,1113,0,0,0,0,0,397,626,73,17,1113,0,0,0,1113
01/08/2003,PIT,PA,AEA,CE,Towers with Radar,392,618,61,20,1091,0,0,0,0,0,392,618,61,20,1091,0,0,0,1091
01/09/2003,PIT,PA,AEA,CE,Towers with Radar,389,606,72,15,1082,0,0,0,0,0,389,606,72,15,1082,0,0,0,1082
01/10/2003,PIT,PA,AEA,CE,Towers with Radar,439,557,57,16,1069,0,0,0,0,0,439,557,57,16,1069,0,0,0,1069
01/11/2003,PIT,PA,AEA,CE,Towers with Radar,371,363,34,6,774,0,0,1,0,1,371,363,35,6,775,0,0,0,775
01/12/2003,PIT,PA,AEA,CE,Towers with Radar,346,438,45,9,838,0,0,0,0,0,346,438,45,9,838,0,0,0,838
01/13/2003,PIT,PA,AEA,CE,Towers with Radar,366,591,53,20,1030,0,0,0,0,0,366,591,53,20,1030,0,0,0,1030
01/14/2003,PIT,PA,AEA,CE,Towers with Radar,384,594,73,19,1070,0,1,0,0,1,384,595,73,19,1071,0,0,0,1071
01/15/2003,PIT,PA,AEA,CE,Towers with Radar,382,602,55,26,1065,0,0,1,0,1,382,602,56,26,1066,0,0,0,1066
01/16/2003,PIT,PA,AEA,CE,Towers with Radar,399,568,61,22,1050,0,0,0,1,1,399,568,61,23,1051,0,0,0,1051
01/17/2003,PIT,PA,AEA,CE,Towers with Radar,385,587,46,11,1029,0,0,0,0,0,385,587,46,11,1029,0,0,0,1029
01/18/2003,PIT,PA,AEA,CE,Towers with Radar,301,403,32,3,739,0,0,0,0,0,301,403,32,3,739,0,0,0,739
01/19/2003,PIT,PA,AEA,CE,Towers with Radar,349,456,34,6,845,0,0,0,0,0,349,456,34,6,845,0,0,0,845
01/20/2003,PIT,PA,AEA,CE,Towers with Radar,375,583,47,1,1006,0,0,1,0,1,375,583,48,1,1007,0,0,0,1007
01/21/2003,PIT,PA,AEA,CE,Towers with Radar,384,610,59,22,1075,0,0,1,2,3,384,610,60,24,1078,0,0,0,1078
01/22/2003,PIT,PA,AEA,CE,Towers with Radar,381,596,46,19,1042,0,0,0,0,0,381,596,46,19,1042,0,0,0,1042
01/23/2003,PIT,PA,AEA,CE,Towers with Radar,378,583,57,16,1034,0,0,0,0,0,378,583,57,16,1034,0,0,0,1034
01/24/2003,PIT,PA,AEA,CE,Towers with Radar,385,612,37,16,1050,0,0,0,0,0,385,612,37,16,1050,0,0,0,1050
01/25/2003,PIT,PA,AEA,CE,Towers with Radar,300,396,26,4,726,0,0,0,2,2,300,396,26,6,728,0,0,0,728
01/26/2003,PIT,PA,AEA,CE,Towers with Radar,336,433,23,3,795,0,0,0,0,0,336,433,23,3,795,0,0,0,795
01/27/2003,PIT,PA,AEA,CE,Towers with Radar,377,589,70,19,1055,0,0,0,2,2,377,589,70,21,1057,0,0,0,1057
01/28/2003,PIT,PA,AEA,CE,Towers with Radar,378,585,75,14,1052,0,0,0,0,0,378,585,75,14,1052,0,0,0,1052
01/29/2003,PIT,PA,AEA,CE,Towers with Radar,369,603,51,7,1030,0,0,1,0,1,369,603,52,7,1031,0,0,0,1031
01/30/2003,PIT,PA,AEA,CE,Towers with Radar,402,615,66,13,1096,0,0,2,2,4,402,615,68,15,1100,0,0,0,1100
01/31/2003,PIT,PA,AEA,CE,Towers with Radar,388,605,44,10,1047,0,0,0,1,1,388,605,44,11,1048,0,0,0,1048
02/01/2003,PIT,PA,AEA,CE,Towers with Radar,300,407,19,4,730,0,0,0,0,0,300,407,19,4,730,0,0,0,730
02/02/2003,PIT,PA,AEA,CE,Towers with Radar,341,443,38,8,830,0,0,1,0,1,341,443,39,8,831,0,0,0,831
02/03/2003,PIT,PA,AEA,CE,Towers with Radar,375,578,63,4,1020,0,0,0,0,0,375,578,63,4,1020,0,0,0,1020
02/04/2003,PIT,PA,AEA,CE,Towers with Radar,382,594,49,4,1029,0,0,0,0,0,382,594,49,4,1029,0,0,0,1029
02/05/2003,PIT,PA,AEA,CE,Towers with Radar,379,599,76,7,1061,0,0,0,0,0,379,599,76,7,1061,0,0,0,1061
02/06/2003,PIT,PA,AEA,CE,Towers with Radar,391,600,58,6,1055,0,0,1,0,1,391,600,59,6,1056,0,0,0,1056
02/07/2003,PIT,PA,AEA,CE,Towers with Radar,380,586,20,8,994,0,0,1,0,1,380,586,21,8,995,0,0,0,995
02/08/2003,PIT,PA,AEA,CE,Towers with Radar,300,408,37,4,749,0,0,0,0,0,300,408,37,4,749,0,0,0,749
02/09/2003,PIT,PA,AEA,CE,Towers with Radar,335,450,27,7,819,0,0,0,0,0,335,450,27,7,819,0,0,0,819
02/10/2003,PIT,PA,AEA,CE,Towers with Radar,374,570,34,16,994,0,0,0,0,0,374,570,34,16,994,0,0,0,994
02/11/2003,PIT,PA,AEA,CE,Towers with Radar,385,580,67,9,1041,0,0,0,0,0,385,580,67,9,1041,0,0,0,1041
02/12/2003,PIT,PA,AEA,CE,Towers with Radar,391,594,72,17,1074,0,0,0,0,0,391,594,72,17,1074,0,0,0,1074
02/13/2003,PIT,PA,AEA,CE,Towers with Radar,384,626,58,15,1083,0,0,0,3,3,384,626,58,18,1086,0,0,0,1086
02/14/2003,PIT,PA,AEA,CE,Towers with Radar,388,621,44,5,1058,0,0,0,1,1,388,621,44,6,1059,0,0,0,1059
02/15/2003,PIT,PA,AEA,CE,Towers with Radar,436,379,23,4,842,0,0,0,0,0,436,379,23,4,842,0,0,0,842
02/16/2003,PIT,PA,AEA,CE,Towers with Radar,301,308,14,3,626,0,0,0,0,0,301,308,14,3,626,0,0,0,626
02/17/2003,PIT,PA,AEA,CE,Towers with Radar,304,402,29,0,735,0,0,0,0,0,304,402,29,0,735,0,0,0,735
02/18/2003,PIT,PA,AEA,CE,Towers with Radar,333,580,43,11,967,0,0,0,0,0,333,580,43,11,967,0,0,0,967
02/19/2003,PIT,PA,AEA,CE,Towers with Radar,387,608,48,7,1050,0,0,0,0,0,387,608,48,7,1050,0,0,0,1050
02/20/2003,PIT,PA,AEA,CE,Towers with Radar,391,617,54,19,1081,0,0,1,1,2,391,617,55,20,1083,0,0,0,1083
02/21/2003,PIT,PA,AEA,CE,Towers with Radar,342,574,74,8,998,0,0,1,0,1,342,574,75,8,999,0,0,0,999
02/22/2003,PIT,PA,AEA,CE,Towers with Radar,322,405,20,2,749,0,0,0,0,0,322,405,20,2,749,0,0,0,749
02/23/2003,PIT,PA,AEA,CE,Towers with Radar,318,407,12,4,741,0,0,0,0,0,318,407,12,4,741,0,0,0,741
02/24/2003,PIT,PA,AEA,CE,Towers with Radar,357,570,65,12,1004,0,0,0,0,0,357,570,65,12,1004,0,0,0,1004
02/25/2003,PIT,PA,AEA,CE,Towers with Radar,387,606,52,22,1067,0,0,0,0,0,387,606,52,22,1067,0,0,0,1067
02/26/2003,PIT,PA,AEA,CE,Towers with Radar,370,619,67,18,1074,0,0,1,0,1,370,619,68,18,1075,0,0,0,1075
02/27/2003,PIT,PA,AEA,CE,Towers with Radar,384,593,58,13,1048,0,1,0,1,2,384,594,58,14,1050,0,0,0,1050
02/28/2003,PIT,PA,AEA,CE,Towers with Radar,387,617,67,15,1086,0,0,4,2,6,387,617,71,17,1092,0,0,0,1092
03/01/2003,PIT,PA,AEA,CE,Towers with Radar,298,424,21,6,749,0,0,0,0,0,298,424,21,6,749,0,0,0,749
03/02/2003,PIT,PA,AEA,CE,Towers with Radar,341,445,20,5,811,0,0,0,0,0,341,445,20,5,811,0,0,0,811
03/03/2003,PIT,PA,AEA,CE,Towers with Radar,367,604,73,10,1054,0,0,1,0,1,367,604,74,10,1055,0,0,0,1055
03/04/2003,PIT,PA,AEA,CE,Towers with Radar,378,604,81,23,1086,0,0,0,0,0,378,604,81,23,1086,0,0,0,1086
03/05/2003,PIT,PA,AEA,CE,Towers with Radar,376,624,51,9,1060,0,0,0,0,0,376,624,51,9,1060,0,0,0,1060
03/06/2003,PIT,PA,AEA,CE,Towers with Radar,390,603,69,11,1073,0,0,1,0,1,390,603,70,11,1074,0,0,0,1074
03/07/2003,PIT,PA,AEA,CE,Towers with Radar,396,622,61,18,1097,0,0,2,0,2,396,622,63,18,1099,0,0,0,1099
03/08/2003,PIT,PA,AEA,CE,Towers with Radar,295,435,27,6,763,0,0,0,0,0,295,435,27,6,763,0,0,0,763
03/09/2003,PIT,PA,AEA,CE,Towers with Radar,344,457,42,6,849,0,0,2,0,2,344,457,44,6,851,0,0,0,851
03/10/2003,PIT,PA,AEA,CE,Towers with Radar,384,616,39,8,1047,0,0,0,0,0,384,616,39,8,1047,0,0,0,1047
03/11/2003,PIT,PA,AEA,CE,Towers with Radar,393,625,55,13,1086,0,0,1,0,1,393,625,56,13,1087,0,0,0,1087
03/12/2003,PIT,PA,AEA,CE,Towers with Radar,390,634,83,23,1130,0,1,5,2,8,390,635,88,25,1138,0,0,0,1138
03/13/2003,PIT,PA,AEA,CE,Towers with Radar,383,613,47,13,1056,0,0,0,0,0,383,613,47,13,1056,0,0,0,1056
03/14/2003,PIT,PA,AEA,CE,Towers with Radar,399,639,69,13,1120,0,0,0,0,0,399,639,69,13,1120,0,0,0,1120
03/15/2003,PIT,PA,AEA,CE,Towers with Radar,302,436,31,8,777,0,0,0,1,1,302,436,31,9,778,0,0,0,778
03/16/2003,PIT,PA,AEA,CE,Towers with Radar,348,448,44,6,846,0,0,54,0,54,348,448,98,6,900,0,0,0,900
03/17/2003,PIT,PA,AEA,CE,Towers with Radar,366,621,70,8,1065,0,0,10,0,10,366,621,80,8,1075,0,0,0,1075
03/18/2003,PIT,PA,AEA,CE,Towers with Radar,383,604,64,17,1068,0,0,0,0,0,383,604,64,17,1068,0,0,0,1068
03/19/2003,PIT,PA,AEA,CE,Towers with Radar,369,619,66,22,1076,0,0,0,3,3,369,619,66,25,1079,0,0,0,1079
03/20/2003,PIT,PA,AEA,CE,Towers with Radar,398,612,72,21,1103,0,0,2,0,2,398,612,74,21,1105,0,0,0,1105
03/21/2003,PIT,PA,AEA,CE,Towers with Radar,402,619,76,7,1104,0,0,0,0,0,402,619,76,7,1104,0,0,0,1104
03/22/2003,PIT,PA,AEA,CE,Towers with Radar,304,444,48,0,796,0,0,0,0,0,304,444,48,0,796,0,0,0,796
03/23/2003,PIT,PA,AEA,CE,Towers with Radar,343,473,27,1,844,0,0,0,1,1,343,473,27,2,845,0,0,0,845
03/24/2003,PIT,PA,AEA,CE,Towers with Radar,367,608,58,7,1040,0,0,2,0,2,367,608,60,7,1042,0,0,0,1042
03/25/2003,PIT,PA,AEA,CE,Towers with Radar,383,612,56,12,1063,0,0,1,0,1,383,612,57,12,1064,0,0,0,1064
03/26/2003,PIT,PA,AEA,CE,Towers with Radar,379,617,64,20,1080,0,0,1,0,1,379,617,65,20,1081,0,0,0,1081
03/27/2003,PIT,PA,AEA,CE,Towers with Radar,387,632,87,10,1116,0,0,2,1,3,387,632,89,11,1119,0,0,0,1119
03/28/2003,PIT,PA,AEA,CE,Towers with Radar,398,627,42,17,1084,0,0,0,0,0,398,627,42,17,1084,0,0,0,1084
03/29/2003,PIT,PA,AEA,CE,Towers with Radar,304,442,17,8,771,0,0,0,0,0,304,442,17,8,771,0,0,0,771
03/30/2003,PIT,PA,AEA,CE,Towers with Radar,337,454,24,12,827,0,0,0,0,0,337,454,24,12,827,0,0,0,827
03/31/2003,PIT,PA,AEA,CE,Towers with Radar,367,609,43,19,1038,0,0,0,0,0,367,609,43,19,1038,0,0,0,1038
04/01/2003,PIT,PA,AEA,CE,Towers with Radar,385,622,69,21,1097,0,0,0,1,1,385,622,69,22,1098,0,0,0,1098
04/02/2003,PIT,PA,AEA,CE,Towers with Radar,312,508,70,25,915,0,1,3,0,4,312,509,73,25,919,0,0,0,919
04/03/2003,PIT,PA,AEA,CE,Towers with Radar,358,574,77,24,1033,0,0,2,0,2,358,574,79,24,1035,0,0,0,1035
04/04/2003,PIT,PA,AEA,CE,Towers with Radar,354,564,46,15,979,0,0,0,0,0,354,564,46,15,979,0,0,0,979
04/05/2003,PIT,PA,AEA,CE,Towers with Radar,323,456,25,6,810,0,0,0,0,0,323,456,25,6,810,0,0,0,810
04/06/2003,PIT,PA,AEA,CE,Towers with Radar,342,446,30,5,823,0,0,0,1,1,342,446,30,6,824,0,0,0,824
04/07/2003,PIT,PA,AEA,CE,Towers with Radar,363,563,35,6,967,0,0,0,0,0,363,563,35,6,967,0,0,0,967
04/08/2003,PIT,PA,AEA,CE,Towers with Radar,313,559,79,10,961,0,0,0,0,0,313,559,79,10,961,0,0,0,961
04/09/2003,PIT,PA,AEA,CE,Towers with Radar,296,488,68,9,861,0,0,0,0,0,296,488,68,9,861,0,0,0,861
04/10/2003,PIT,PA,AEA,CE,Towers with Radar,372,580,87,16,1055,0,0,0,1,1,372,580,87,17,1056,0,0,0,1056
04/11/2003,PIT,PA,AEA,CE,Towers with Radar,384,605,81,16,1086,0,0,3,0,3,384,605,84,16,1089,0,0,0,1089
04/12/2003,PIT,PA,AEA,CE,Towers with Radar,301,429,56,8,794,0,0,91,1,92,301,429,147,9,886,0,0,0,886
04/13/2003,PIT,PA,AEA,CE,Towers with Radar,336,453,47,10,846,0,0,53,0,53,336,453,100,10,899,0,0,0,899
04/14/2003,PIT,PA,AEA,CE,Towers with Radar,379,595,64,8,1046,0,0,4,1,5,379,595,68,9,1051,0,0,0,1051
04/15/2003,PIT,PA,AEA,CE,Towers with Radar,317,523,66,26,932,0,0,83,0,83,317,523,149,26,1015,0,0,0,1015
04/16/2003,PIT,PA,AEA,CE,Towers with Radar,368,565,89,10,1032,0,0,3,0,3,368,565,92,10,1035,0,0,0,1035
04/17/2003,PIT,PA,AEA,CE,Towers with Radar,391,606,72,14,1083,0,0,1,0,1,391,606,73,14,1084,0,0,0,1084
04/18/2003,PIT,PA,AEA,CE,Towers with Radar,383,609,58,2,1052,0,0,0,0,0,383,609,58,2,1052,0,0,0,1052
04/19/2003,PIT,PA,AEA,CE,Towers with Radar,306,430,29,8,773,0,0,1,0,1,306,430,30,8,774,0,0,0,774
04/20/2003,PIT,PA,AEA,CE,Towers with Radar,346,451,42,8,847,0,0,2,0,2,346,451,44,8,849,0,0,0,849
04/21/2003,PIT,PA,AEA,CE,Towers with Radar,378,619,66,16,1079,0,0,28,0,28,378,619,94,16,1107,0,0,0,1107
04/22/2003,PIT,PA,AEA,CE,Towers with Radar,388,608,62,18,1076,0,0,0,0,0,388,608,62,18,1076,0,0,0,1076
04/23/2003,PIT,PA,AEA,CE,Towers with Radar,314,524,74,21,933,0,0,2,0,2,314,524,76,21,935,0,0,0,935
04/24/2003,PIT,PA,AEA,CE,Towers with Radar,431,571,77,16,1095,0,0,0,0,0,431,571,77,16,1095,0,0,0,1095
04/25/2003,PIT,PA,AEA,CE,Towers with Radar,503,618,79,17,1217,0,0,2,0,2,503,618,81,17,1219,0,0,0,1219
04/26/2003,PIT,PA,AEA,CE,Towers with Radar,307,433,64,15,819,0,0,1,0,1,307,433,65,15,820,0,0,0,820
04/27/2003,PIT,PA,AEA,CE,Towers with Radar,347,458,61,9,875,0,0,0,0,0,347,458,61,9,875,0,0,0,875
04/28/2003,PIT,PA,AEA,CE,Towers with Radar,385,610,82,16,1093,0,0,1,0,1,385,610,83,16,1094,0,0,0,1094
04/29/2003,PIT,PA,AEA,CE,Towers with Radar,321,531,82,21,955,0,0,0,1,1,321,531,82,22,956,0,0,0,956
04/30/2003,PIT,PA,AEA,CE,Towers with Radar,279,476,69,16,840,0,0,1,0,1,279,476,70,16,841,0,0,0,841
05/01/2003,PIT,PA,AEA,CE,Towers with Radar,363,580,90,24,1057,0,0,1,2,3,363,580,91,26,1060,0,0,0,1060
05/02/2003,PIT,PA,AEA,CE,Towers with Radar,406,606,48,4,1064,0,0,19,0,19,406,606,67,4,1083,0,0,0,1083
05/03/2003,PIT,PA,AEA,CE,Towers with Radar,302,432,36,41,811,0,0,0,1,1,302,432,36,42,812,0,0,0,812
05/04/2003,PIT,PA,AEA,CE,Towers with Radar,333,454,49,8,844,0,0,1,0,1,333,454,50,8,845,0,0,0,845
05/05/2003,PIT,PA,AEA,CE,Towers with Radar,375,614,48,8,1045,0,0,0,0,0,375,614,48,8,1045,0,0,0,1045
05/06/2003,PIT,PA,AEA,CE,Towers with Radar,378,596,96,8,1078,0,0,2,1,3,378,596,98,9,1081,0,0,0,1081
05/07/2003,PIT,PA,AEA,CE,Towers with Radar,391,607,65,17,1080,0,0,0,0,0,391,607,65,17,1080,0,0,0,1080
05/08/2003,PIT,PA,AEA,CE,Towers with Radar,378,617,74,10,1079,0,0,0,1,1,378,617,74,11,1080,0,0,0,1080
05/09/2003,PIT,PA,AEA,CE,Towers with Radar,393,584,65,1,1043,0,0,0,0,0,393,584,65,1,1043,0,0,0,1043
05/10/2003,PIT,PA,AEA,CE,Towers with Radar,288,407,34,3,732,0,0,1,0,1,288,407,35,3,733,0,0,0,733
05/11/2003,PIT,PA,AEA,CE,Towers with Radar,330,447,24,3,804,0,0,0,0,0,330,447,24,3,804,0,0,0,804
05/12/2003,PIT,PA,AEA,CE,Towers with Radar,385,603,54,11,1053,0,0,1,0,1,385,603,55,11,1054,0,0,0,1054
05/13/2003,PIT,PA,AEA,CE,Towers with Radar,390,609,78,23,1100,0,0,0,0,0,390,609,78,23,1100,0,0,0,1100
05/14/2003,PIT,PA,AEA,CE,Towers with Radar,379,624,64,21,1088,0,0,1,1,2,379,624,65,22,1090,0,0,0,1090
05/15/2003,PIT,PA,AEA,CE,Towers with Radar,382,620,81,17,1100,0,0,1,0,1,382,620,82,17,1101,0,0,0,1101
05/16/2003,PIT,PA,AEA,CE,Towers with Radar,388,600,73,16,1077,0,0,1,0,1,388,600,74,16,1078,0,0,0,1078
05/17/2003,PIT,PA,AEA,CE,Towers with Radar,290,427,35,22,774,0,0,38,0,38,290,427,73,22,812,0,0,0,812
05/18/2003,PIT,PA,AEA,CE,Towers with Radar,343,456,53,9,861,0,0,21,0,21,343,456,74,9,882,0,0,0,882
05/19/2003,PIT,PA,AEA,CE,Towers with Radar,376,601,78,13,1068,0,0,2,0,2,376,601,80,13,1070,0,0,0,1070
05/20/2003,PIT,PA,AEA,CE,Towers with Radar,397,595,67,13,1072,0,0,2,0,2,397,595,69,13,1074,0,0,0,1074
05/21/2003,PIT,PA,AEA,CE,Towers with Radar,380,606,75,23,1084,0,0,0,0,0,380,606,75,23,1084,0,0,0,1084
05/22/2003,PIT,PA,AEA,CE,Towers with Radar,384,618,98,18,1118,0,0,3,0,3,384,618,101,18,1121,0,0,0,1121
05/23/2003,PIT,PA,AEA,CE,Towers with Radar,378,589,54,7,1028,0,0,3,1,4,378,589,57,8,1032,0,0,0,1032
05/24/2003,PIT,PA,AEA,CE,Towers with Radar,304,441,44,6,795,0,0,0,0,0,304,441,44,6,795,0,0,0,795
05/25/2003,PIT,PA,AEA,CE,Towers with Radar,281,423,44,7,755,0,0,3,4,7,281,423,47,11,762,0,0,0,762
05/26/2003,PIT,PA,AEA,CE,Towers with Radar,339,529,44,6,918,0,0,0,1,1,339,529,44,7,919,0,0,0,919
05/27/2003,PIT,PA,AEA,CE,Towers with Radar,368,600,75,29,1072,0,0,1,0,1,368,600,76,29,1073,0,0,0,1073
05/28/2003,PIT,PA,AEA,CE,Towers with Radar,385,601,93,19,1098,0,0,0,0,0,385,601,93,19,1098,0,0,0,1098
05/29/2003,PIT,PA,AEA,CE,Towers with Radar,389,616,74,16,1095,0,0,0,1,1,389,616,74,17,1096,0,0,0,1096
05/30/2003,PIT,PA,AEA,CE,Towers with Radar,384,625,54,9,1072,0,0,4,0,4,384,625,58,9,1076,0,0,0,1076
05/31/2003,PIT,PA,AEA,CE,Towers with Radar,299,428,26,3,756,0,0,0,0,0,299,428,26,3,756,0,0,0,756
06/01/2003,PIT,PA,AEA,CE,Towers with Radar,352,450,31,6,839,0,0,1,0,1,352,450,32,6,840,0,0,0,840
06/02/2003,PIT,PA,AEA,CE,Towers with Radar,392,601,82,18,1093,0,0,5,5,10,392,601,87,23,1103,0,0,0,1103
06/03/2003,PIT,PA,AEA,CE,Towers with Radar,393,609,57,18,1077,0,0,0,0,0,393,609,57,18,1077,0,0,0,1077
06/04/2003,PIT,PA,AEA,CE,Towers with Radar,392,614,93,18,1117,0,0,0,0,0,392,614,93,18,1117,0,0,0,1117
06/05/2003,PIT,PA,AEA,CE,Towers with Radar,406,626,85,19,1136,0,0,0,0,0,406,626,85,19,1136,0,0,0,1136
06/06/2003,PIT,PA,AEA,CE,Towers with Radar,406,599,87,14,1106,0,0,1,0,1,406,599,88,14,1107,0,0,0,1107
06/07/2003,PIT,PA,AEA,CE,Towers with Radar,299,429,37,5,770,0,0,0,0,0,299,429,37,5,770,0,0,0,770
06/08/2003,PIT,PA,AEA,CE,Towers with Radar,317,431,62,9,819,0,0,3,0,3,317,431,65,9,822,0,0,0,822
06/09/2003,PIT,PA,AEA,CE,Towers with Radar,349,600,84,7,1040,0,0,0,1,1,349,600,84,8,1041,0,0,0,1041
06/10/2003,PIT,PA,AEA,CE,Towers with Radar,368,626,67,16,1077,0,0,1,0,1,368,626,68,16,1078,0,0,0,1078
06/11/2003,PIT,PA,AEA,CE,Towers with Radar,358,616,72,24,1070,0,0,0,0,0,358,616,72,24,1070,0,0,0,1070
06/12/2003,PIT,PA,AEA,CE,Towers with Radar,374,605,64,12,1055,0,0,0,0,0,374,605,64,12,1055,0,0,0,1055
06/13/2003,PIT,PA,AEA,CE,Towers with Radar,401,645,71,15,1132,0,0,0,0,0,401,645,71,15,1132,0,0,0,1132
06/14/2003,PIT,PA,AEA,CE,Towers with Radar,277,477,29,10,793,0,0,0,0,0,277,477,29,10,793,0,0,0,793
06/15/2003,PIT,PA,AEA,CE,Towers with Radar,315,464,47,14,840,0,0,0,0,0,315,464,47,14,840,0,0,0,840
06/16/2003,PIT,PA,AEA,CE,Towers with Radar,338,592,79,15,1024,0,0,2,0,2,338,592,81,15,1026,0,0,0,1026
06/17/2003,PIT,PA,AEA,CE,Towers with Radar,511,593,55,19,1178,0,0,0,0,0,511,593,55,19,1178,0,0,0,1178
06/18/2003,PIT,PA,AEA,CE,Towers with Radar,515,591,92,18,1216,0,0,2,0,2,515,591,94,18,1218,0,0,0,1218
06/19/2003,PIT,PA,AEA,CE,Towers with Radar,523,606,66,20,1215,0,0,0,0,0,523,606,66,20,1215,0,0,0,1215
06/20/2003,PIT,PA,AEA,CE,Towers with Radar,378,619,67,31,1095,0,0,0,1,1,378,619,67,32,1096,0,0,0,1096
06/21/2003,PIT,PA,AEA,CE,Towers with Radar,304,473,29,6,812,0,0,0,1,1,304,473,29,7,813,0,0,0,813
06/22/2003,PIT,PA,AEA,CE,Towers with Radar,335,479,66,16,896,0,0,2,0,2,335,479,68,16,898,0,0,0,898
06/23/2003,PIT,PA,AEA,CE,Towers with Radar,368,598,74,11,1051,0,0,1,0,1,368,598,75,11,1052,0,0,0,1052
06/24/2003,PIT,PA,AEA,CE,Towers with Radar,370,623,82,38,1113,0,0,0,0,0,370,623,82,38,1113,0,0,0,1113
06/25/2003,PIT,PA,AEA,CE,Towers with Radar,376,635,94,23,1128,0,0,2,0,2,376,635,96,23,1130,0,0,0,1130
06/26/2003,PIT,PA,AEA,CE,Towers with Radar,376,621,93,19,1109,0,0,0,0,0,376,621,93,19,1109,0,0,0,1109
06/27/2003,PIT,PA,AEA,CE,Towers with Radar,377,639,87,27,1130,0,0,0,0,0,377,639,87,27,1130,0,0,0,1130
06/28/2003,PIT,PA,AEA,CE,Towers with Radar,297,471,49,6,823,0,1,0,0,1,297,472,49,6,824,0,0,0,824
06/29/2003,PIT,PA,AEA,CE,Towers with Radar,337,479,45,14,875,0,0,1,0,1,337,479,46,14,876,0,0,0,876
06/30/2003,PIT,PA,AEA,CE,Towers with Radar,339,559,79,21,998,0,0,6,4,10,339,559,85,25,1008,0,0,0,1008
07/01/2003,PIT,PA,AEA,CE,Towers with Radar,374,625,66,15,1080,0,0,2,1,3,374,625,68,16,1083,0,0,0,1083
07/02/2003,PIT,PA,AEA,CE,Towers with Radar,375,629,74,19,1097,0,0,0,0,0,375,629,74,19,1097,0,0,0,1097
07/03/2003,PIT,PA,AEA,CE,Towers with Radar,387,655,61,13,1116,0,0,1,0,1,387,655,62,13,1117,0,0,0,1117
07/04/2003,PIT,PA,AEA,CE,Towers with Radar,279,484,25,13,801,0,0,1,0,1,279,484,26,13,802,0,0,0,802
07/05/2003,PIT,PA,AEA,CE,Towers with Radar,232,374,40,15,661,0,0,0,0,0,232,374,40,15,661,0,0,0,661
07/06/2003,PIT,PA,AEA,CE,Towers with Radar,322,477,62,17,878,0,0,0,0,0,322,477,62,17,878,0,0,0,878
07/07/2003,PIT,PA,AEA,CE,Towers with Radar,338,589,67,8,1002,0,0,0,0,0,338,589,67,8,1002,0,0,0,1002
07/08/2003,PIT,PA,AEA,CE,Towers with Radar,343,582,51,11,987,0,0,0,0,0,343,582,51,11,987,0,0,0,987
07/09/2003,PIT,PA,AEA,CE,Towers with Radar,386,658,62,10,1116,0,0,0,0,0,386,658,62,10,1116,0,0,0,1116
07/10/2003,PIT,PA,AEA,CE,Towers with Radar,371,620,75,11,1077,0,0,0,0,0,371,620,75,11,1077,0,0,0,1077
07/11/2003,PIT,PA,AEA,CE,Towers with Radar,376,637,60,10,1083,0,0,0,0,0,376,637,60,10,1083,0,0,0,1083
07/12/2003,PIT,PA,AEA,CE,Towers with Radar,289,485,30,12,816,0,0,0,0,0,289,485,30,12,816,0,0,0,816
07/13/2003,PIT,PA,AEA,CE,Towers with Radar,309,485,69,11,874,0,0,0,0,0,309,485,69,11,874,0,0,0,874
07/14/2003,PIT,PA,AEA,CE,Towers with Radar,363,624,72,16,1075,0,0,1,0,1,363,624,73,16,1076,0,0,0,1076
07/15/2003,PIT,PA,AEA,CE,Towers with Radar,366,639,105,26,1136,0,0,2,1,3,366,639,107,27,1139,0,0,0,1139
07/16/2003,PIT,PA,AEA,CE,Towers with Radar,361,639,86,23,1109,0,0,0,1,1,361,639,86,24,1110,0,0,0,1110
07/17/2003,PIT,PA,AEA,CE,Towers with Radar,367,643,112,24,1146,0,0,3,0,3,367,643,115,24,1149,0,0,0,1149
07/18/2003,PIT,PA,AEA,CE,Towers with Radar,365,627,80,21,1093,0,0,0,0,0,365,627,80,21,1093,0,0,0,1093
07/19/2003,PIT,PA,AEA,CE,Towers with Radar,297,484,58,13,852,0,0,3,0,3,297,484,61,13,855,0,0,0,855
07/20/2003,PIT,PA,AEA,CE,Towers with Radar,330,478,70,21,899,0,0,46,4,50,330,478,116,25,949,0,0,0,949
07/21/2003,PIT,PA,AEA,CE,Towers with Radar,342,602,46,10,1000,0,0,0,0,0,342,602,46,10,1000,0,0,0,1000
07/22/2003,PIT,PA,AEA,CE,Towers with Radar,354,621,71,15,1061,0,0,1,0,1,354,621,72,15,1062,0,0,0,1062
07/23/2003,PIT,PA,AEA,CE,Towers with Radar,382,644,76,6,1108,0,0,0,0,0,382,644,76,6,1108,0,0,0,1108
07/24/2003,PIT,PA,AEA,CE,Towers with Radar,372,645,83,20,1120,0,0,1,0,1,372,645,84,20,1121,0,0,0,1121
07/25/2003,PIT,PA,AEA,CE,Towers with Radar,375,644,102,27,1148,0,0,3,0,3,375,644,105,27,1151,0,0,0,1151
07/26/2003,PIT,PA,AEA,CE,Towers with Radar,294,491,43,7,835,0,0,1,1,2,294,491,44,8,837,0,0,0,837
07/27/2003,PIT,PA,AEA,CE,Towers with Radar,288,432,61,16,797,0,0,0,0,0,288,432,61,16,797,0,0,0,797
07/28/2003,PIT,PA,AEA,CE,Towers with Radar,395,665,86,27,1173,0,2,72,0,74,395,667,158,27,1247,0,0,0,1247
07/29/2003,PIT,PA,AEA,CE,Towers with Radar,382,637,113,25,1157,0,0,0,0,0,382,637,113,25,1157,0,0,0,1157
07/30/2003,PIT,PA,AEA,CE,Towers with Radar,365,650,93,22,1130,0,0,0,0,0,365,650,93,22,1130,0,0,0,1130
07/31/2003,PIT,PA,AEA,CE,Towers with Radar,348,657,90,21,1116,0,0,1,2,3,348,657,91,23,1119,0,0,0,1119
08/01/2003,PIT,PA,AEA,CE,Towers with Radar,355,643,70,26,1094,0,0,18,1,19,355,643,88,27,1113,0,0,0,1113
08/02/2003,PIT,PA,AEA,CE,Towers with Radar,296,479,51,21,847,0,0,0,0,0,296,479,51,21,847,0,0,0,847
08/03/2003,PIT,PA,AEA,CE,Towers with Radar,328,452,53,13,846,0,0,0,0,0,328,452,53,13,846,0,0,0,846
08/04/2003,PIT,PA,AEA,CE,Towers with Radar,350,620,57,9,1036,0,0,0,0,0,350,620,57,9,1036,0,0,0,1036
08/05/2003,PIT,PA,AEA,CE,Towers with Radar,376,624,67,21,1088,0,0,1,0,1,376,624,68,21,1089,0,0,0,1089
08/06/2003,PIT,PA,AEA,CE,Towers with Radar,373,615,84,12,1084,0,0,1,0,1,373,615,85,12,1085,0,0,0,1085
08/07/2003,PIT,PA,AEA,CE,Towers with Radar,372,645,64,9,1090,0,0,2,0,2,372,645,66,9,1092,0,0,0,1092
08/08/2003,PIT,PA,AEA,CE,Towers with Radar,372,635,50,4,1061,0,0,0,0,0,372,635,50,4,1061,0,0,0,1061
08/09/2003,PIT,PA,AEA,CE,Towers with Radar,271,467,58,12,808,0,1,0,0,1,271,468,58,12,809,0,0,0,809
08/10/2003,PIT,PA,AEA,CE,Towers with Radar,316,486,50,8,860,0,0,0,0,0,316,486,50,8,860,0,0,0,860
08/11/2003,PIT,PA,AEA,CE,Towers with Radar,368,623,74,17,1082,0,0,1,2,3,368,623,75,19,1085,0,0,0,1085
08/12/2003,PIT,PA,AEA,CE,Towers with Radar,378,637,80,14,1109,0,0,0,0,0,378,637,80,14,1109,0,0,0,1109
08/13/2003,PIT,PA,AEA,CE,Towers with Radar,362,619,74,19,1074,0,0,0,0,0,362,619,74,19,1074,0,0,0,1074
08/14/2003,PIT,PA,AEA,CE,Towers with Radar,365,647,93,25,1130,0,0,3,0,3,365,647,96,25,1133,0,0,0,1133
08/15/2003,PIT,PA,AEA,CE,Towers with Radar,372,612,70,18,1072,0,0,2,0,2,372,612,72,18,1074,0,0,0,1074
08/16/2003,PIT,PA,AEA,CE,Towers with Radar,287,502,49,5,843,0,0,0,0,0,287,502,49,5,843,0,0,0,843
08/17/2003,PIT,PA,AEA,CE,Towers with Radar,321,494,58,10,883,0,0,1,0,1,321,494,59,10,884,0,0,0,884
08/18/2003,PIT,PA,AEA,CE,Towers with Radar,354,627,66,3,1050,0,0,53,1,54,354,627,119,4,1104,0,0,0,1104
08/19/2003,PIT,PA,AEA,CE,Towers with Radar,357,648,74,26,1105,0,0,24,0,24,357,648,98,26,1129,0,0,0,1129
08/20/2003,PIT,PA,AEA,CE,Towers with Radar,357,650,90,14,1111,0,0,1,2,3,357,650,91,16,1114,0,0,0,1114
08/21/2003,PIT,PA,AEA,CE,Towers with Radar,360,650,94,15,1119,0,0,4,2,6,360,650,98,17,1125,0,0,0,1125
08/22/2003,PIT,PA,AEA,CE,Towers with Radar,356,631,82,18,1087,0,0,0,0,0,356,631,82,18,1087,0,0,0,1087
08/23/2003,PIT,PA,AEA,CE,Towers with Radar,284,489,60,5,838,0,0,0,1,1,284,489,60,6,839,0,0,0,839
08/24/2003,PIT,PA,AEA,CE,Towers with Radar,314,486,59,12,871,0,0,0,0,0,314,486,59,12,871,0,0,0,871
08/25/2003,PIT,PA,AEA,CE,Towers with Radar,353,635,58,10,1056,0,0,3,1,4,353,635,61,11,1060,0,0,0,1060
08/26/2003,PIT,PA,AEA,CE,Towers with Radar,345,639,69,15,1068,0,0,2,0,2,345,639,71,15,1070,0,0,0,1070
08/27/2003,PIT,PA,AEA,CE,Towers with Radar,355,638,58,8,1059,0,0,0,0,0,355,638,58,8,1059,0,0,0,1059
08/28/2003,PIT,PA,AEA,CE,Towers with Radar,366,642,85,22,1115,0,0,0,1,1,366,642,85,23,1116,0,0,0,1116
08/29/2003,PIT,PA,AEA,CE,Towers with Radar,366,642,41,10,1059,0,0,0,0,0,366,642,41,10,1059,0,0,0,1059
08/30/2003,PIT,PA,AEA,CE,Towers with Radar,289,483,47,9,828,0,0,0,0,0,289,483,47,9,828,0,0,0,828
08/31/2003,PIT,PA,AEA,CE,Towers with Radar,248,379,42,5,674,0,0,0,1,1,248,379,42,6,675,0,0,0,675
09/01/2003,PIT,PA,AEA,CE,Combined TRACON& Tower with Radar,315,527,36,5,883,0,0,0,0,0,315,527,36,5,883,0,0,0,883
09/02/2003,PIT,PA,AEA,CE,Combined TRACON& Tower with Radar,292,543,31,19,885,0,0,0,0,0,292,543,31,19,885,0,0,0,885
09/03/2003,PIT,PA,AEA,CE,Combined TRACON& Tower with Radar,280,520,57,22,879,0,0,0,0,0,280,520,57,22,879,0,0,0,879
09/04/2003,PIT,PA,AEA,CE,Combined TRACON& Tower with Radar,336,599,86,22,1043,0,0,0,0,0,336,599,86,22,1043,0,0,0,1043
09/05/2003,PIT,PA,AEA,CE,Combined TRACON& Tower with Radar,361,637,82,17,1097,0,2,0,0,2,361,639,82,17,1099,0,0,0,1099
09/06/2003,PIT,PA,AEA,CE,Combined TRACON& Tower with Radar,277,492,50,17,836,0,0,0,2,2,277,492,50,19,838,0,0,0,838
09/07/2003,PIT,PA,AEA,CE,Combined TRACON& Tower with Radar,319,498,64,15,896,0,0,2,0,2,319,498,66,15,898,0,0,0,898
09/08/2003,PIT,PA,AEA,CE,Combined TRACON& Tower with Radar,330,636,81,22,1069,0,0,4,1,5,330,636,85,23,1074,0,0,0,1074
09/09/2003,PIT,PA,AEA,CE,Combined TRACON& Tower with Radar,287,572,92,28,979,0,0,1,0,1,287,572,93,28,980,0,0,0,980
09/10/2003,PIT,PA,AEA,CE,Combined TRACON& Tower with Radar,281,535,84,27,927,0,0,0,1,1,281,535,84,28,928,0,0,0,928
09/11/2003,PIT,PA,AEA,CE,Combined TRACON& Tower with Radar,273,511,116,22,922,0,0,7,1,8,273,511,123,23,930,0,0,0,930
09/12/2003,PIT,PA,AEA,CE,Combined TRACON& Tower with Radar,328,630,68,22,1048,0,0,0,0,0,328,630,68,22,1048,0,0,0,1048
09/13/2003,PIT,PA,AEA,CE,Combined TRACON& Tower with Radar,256,452,52,9,769,0,8,0,1,9,256,460,52,10,778,0,0,0,778
09/14/2003,PIT,PA,AEA,CE,Combined TRACON& Tower with Radar,314,501,48,6,869,0,1,1,0,2,314,502,49,6,871,0,0,0,871
09/15/2003,PIT,PA,AEA,CE,Combined TRACON& Tower with Radar,317,641,80,13,1051,0,0,2,2,4,317,641,82,15,1055,0,0,0,1055
09/16/2003,PIT,PA,AEA,CE,Combined TRACON& Tower with Radar,303,579,69,32,983,0,0,0,1,1,303,579,69,33,984,0,0,0,984
09/17/2003,PIT,PA,AEA,CE,Combined TRACON& Tower with Radar,317,615,95,20,1047,0,0,1,0,1,317,615,96,20,1048,0,0,0,1048
09/18/2003,PIT,PA,AEA,CE,Combined TRACON& Tower with Radar,332,608,74,13,1027,0,0,1,1,2,332,608,75,14,1029,0,0,0,1029
09/19/2003,PIT,PA,AEA,CE,Combined TRACON& Tower with Radar,339,591,21,5,956,0,0,0,0,0,339,591,21,5,956,0,0,0,956
09/20/2003,PIT,PA,AEA,CE,Combined TRACON& Tower with Radar,277,506,58,12,853,0,0,0,0,0,277,506,58,12,853,0,0,0,853
09/21/2003,PIT,PA,AEA,CE,Combined TRACON& Tower with Radar,317,498,51,7,873,0,0,0,0,0,317,498,51,7,873,0,0,0,873
09/22/2003,PIT,PA,AEA,CE,Combined TRACON& Tower with Radar,331,637,80,15,1063,0,0,2,0,2,331,637,82,15,1065,0,0,0,1065
09/23/2003,PIT,PA,AEA,CE,Combined TRACON& Tower with Radar,295,587,71,24,977,0,0,1,0,1,295,587,72,24,978,0,0,0,978
09/24/2003,PIT,PA,AEA,CE,Combined TRACON& Tower with Radar,327,622,83,27,1059,0,0,1,1,2,327,622,84,28,1061,0,0,0,1061
09/25/2003,PIT,PA,AEA,CE,Combined TRACON& Tower with Radar,344,652,84,22,1102,0,0,2,0,2,344,652,86,22,1104,0,0,0,1104
09/26/2003,PIT,PA,AEA,CE,Combined TRACON& Tower with Radar,336,572,103,18,1029,0,0,0,0,0,336,572,103,18,1029,0,0,0,1029
09/27/2003,PIT,PA,AEA,CE,Combined TRACON& Tower with Radar,274,490,34,5,803,0,0,0,0,0,274,490,34,5,803,0,0,0,803
09/28/2003,PIT,PA,AEA,CE,Combined TRACON& Tower with Radar,320,499,73,9,901,0,0,0,0,0,320,499,73,9,901,0,0,0,901
09/29/2003,PIT,PA,AEA,CE,Combined TRACON& Tower with Radar,324,653,72,14,1063,0,0,0,0,0,324,653,72,14,1063,0,0,0,1063
09/30/2003,PIT,PA,AEA,CE,Combined TRACON& Tower with Radar,332,681,64,21,1098,0,0,1,3,4,332,681,65,24,1102,0,0,0,1102
10/01/2003,PIT,PA,AEA,CE,Combined TRACON& Tower with Radar,329,666,62,16,1073,0,0,0,0,0,329,666,62,16,1073,0,0,0,1073
10/02/2003,PIT,PA,AEA,CE,Combined TRACON& Tower with Radar,335,673,72,23,1103,0,2,0,0,2,335,675,72,23,1105,0,0,0,1105
10/03/2003,PIT,PA,AEA,CE,Combined TRACON& Tower with Radar,356,661,61,21,1099,0,0,0,0,0,356,661,61,21,1099,0,0,0,1099
10/04/2003,PIT,PA,AEA,CE,Combined TRACON& Tower with Radar,279,496,46,7,828,0,0,2,0,2,279,496,48,7,830,0,0,0,830
10/05/2003,PIT,PA,AEA,CE,Combined TRACON& Tower with Radar,304,508,53,8,873,0,0,1,0,1,304,508,54,8,874,0,0,0,874
10/06/2003,PIT,PA,AEA,CE,Combined TRACON& Tower with Radar,329,647,71,21,1068,0,0,0,0,0,329,647,71,21,1068,0,0,0,1068
10/07/2003,PIT,PA,AEA,CE,Combined TRACON& Tower with Radar,335,648,61,20,1064,0,2,0,0,2,335,650,61,20,1066,0,0,0,1066
10/08/2003,PIT,PA,AEA,CE,Combined TRACON& Tower with Radar,361,671,84,32,1148,0,1,0,0,1,361,672,84,32,1149,0,0,0,1149
10/09/2003,PIT,PA,AEA,CE,Combined TRACON& Tower with Radar,336,666,94,30,1126,0,0,1,0,1,336,666,95,30,1127,0,0,0,1127
10/10/2003,PIT,PA,AEA,CE,Combined TRACON& Tower with Radar,363,658,78,7,1106,0,0,3,0,3,363,658,81,7,1109,0,0,0,1109
10/11/2003,PIT,PA,AEA,CE,Combined TRACON& Tower with Radar,281,489,45,8,823,0,0,1,0,1,281,489,46,8,824,0,0,0,824
10/12/2003,PIT,PA,AEA,CE,Combined TRACON& Tower with Radar,343,461,47,4,855,0,0,0,0,0,343,461,47,4,855,0,0,0,855
10/13/2003,PIT,PA,AEA,CE,Combined TRACON& Tower with Radar,334,659,88,6,1087,0,0,2,0,2,334,659,90,6,1089,0,0,0,1089
10/14/2003,PIT,PA,AEA,CE,Combined TRACON& Tower with Radar,336,632,58,11,1037,0,0,0,0,0,336,632,58,11,1037,0,0,0,1037
10/15/2003,PIT,PA,AEA,CE,Combined TRACON& Tower with Radar,334,661,60,15,1070,0,0,0,0,0,334,661,60,15,1070,0,0,0,1070
10/16/2003,PIT,PA,AEA,CE,Combined TRACON& Tower with Radar,338,659,77,18,1092,0,0,0,0,0,338,659,77,18,1092,0,0,0,1092
10/17/2003,PIT,PA,AEA,CE,Combined TRACON& Tower with Radar,314,607,87,14,1022,0,0,0,0,0,314,607,87,14,1022,0,0,0,1022
10/18/2003,PIT,PA,AEA,CE,Combined TRACON& Tower with Radar,248,436,52,11,747,0,0,0,1,1,248,436,52,12,748,0,0,0,748
10/19/2003,PIT,PA,AEA,CE,Combined TRACON& Tower with Radar,313,514,69,19,915,0,0,0,1,1,313,514,69,20,916,0,0,0,916
10/20/2003,PIT,PA,AEA,CE,Combined TRACON& Tower with Radar,326,655,75,14,1070,0,0,0,0,0,326,655,75,14,1070,0,0,0,1070
10/21/2003,PIT,PA,AEA,CE,Combined TRACON& Tower with Radar,337,673,56,23,1089,0,0,0,0,0,337,673,56,23,1089,0,0,0,1089
10/22/2003,PIT,PA,AEA,CE,Combined TRACON& Tower with Radar,339,671,60,33,1103,0,2,0,8,10,339,673,60,41,1113,0,0,0,1113
10/23/2003,PIT,PA,AEA,CE,Combined TRACON& Tower with Radar,336,672,82,28,1118,0,0,0,0,0,336,672,82,28,1118,0,0,0,1118
10/24/2003,PIT,PA,AEA,CE,Combined TRACON& Tower with Radar,347,673,64,15,1099,0,0,1,0,1,347,673,65,15,1100,0,0,0,1100
10/25/2003,PIT,PA,AEA,CE,Combined TRACON& Tower with Radar,270,497,31,11,809,0,0,0,0,0,270,497,31,11,809,0,0,0,809
10/26/2003,PIT,PA,AEA,CE,Combined TRACON& Tower with Radar,324,509,61,9,903,0,0,0,0,0,324,509,61,9,903,0,0,0,903
10/27/2003,PIT,PA,AEA,CE,Combined TRACON& Tower with Radar,331,651,83,6,1071,0,0,0,0,0,331,651,83,6,1071,0,0,0,1071
10/28/2003,PIT,PA,AEA,CE,Combined TRACON& Tower with Radar,350,656,67,21,1094,0,0,1,0,1,350,656,68,21,1095,0,0,0,1095
10/29/2003,PIT,PA,AEA,CE,Combined TRACON& Tower with Radar,344,655,92,19,1110,0,0,2,1,3,344,655,94,20,1113,0,0,0,1113
10/30/2003,PIT,PA,AEA,CE,Combined TRACON& Tower with Radar,336,663,84,31,1114,0,0,0,0,0,336,663,84,31,1114,0,0,0,1114
10/31/2003,PIT,PA,AEA,CE,Combined TRACON& Tower with Radar,349,660,80,14,1103,0,0,1,0,1,349,660,81,14,1104,0,0,0,1104
11/01/2003,PIT,PA,AEA,CE,Combined TRACON& Tower with Radar,271,498,43,13,825,0,0,0,0,0,271,498,43,13,825,0,0,0,825
11/02/2003,PIT,PA,AEA,CE,Combined TRACON& Tower with Radar,304,496,44,7,851,0,0,2,0,2,304,496,46,7,853,0,0,0,853
11/03/2003,PIT,PA,AEA,CE,Combined TRACON& Tower with Radar,337,603,61,24,1025,0,0,1,1,2,337,603,62,25,1027,0,0,0,1027
11/04/2003,PIT,PA,AEA,CE,Combined TRACON& Tower with Radar,325,631,70,25,1051,0,0,0,2,2,325,631,70,27,1053,0,0,0,1053
11/05/2003,PIT,PA,AEA,CE,Combined TRACON& Tower with Radar,367,612,69,28,1076,0,0,0,1,1,367,612,69,29,1077,0,0,0,1077
11/06/2003,PIT,PA,AEA,CE,Combined TRACON& Tower with Radar,337,636,84,16,1073,0,0,0,0,0,337,636,84,16,1073,0,0,0,1073
11/07/2003,PIT,PA,AEA,CE,Combined TRACON& Tower with Radar,351,636,82,19,1088,0,0,0,0,0,351,636,82,19,1088,0,0,0,1088
11/08/2003,PIT,PA,AEA,CE,Combined TRACON& Tower with Radar,264,490,44,10,808,0,0,1,0,1,264,490,45,10,809,0,0,0,809
11/09/2003,PIT,PA,AEA,CE,Combined TRACON& Tower with Radar,312,497,60,14,883,0,0,2,0,2,312,497,62,14,885,0,0,0,885
11/10/2003,PIT,PA,AEA,CE,Combined TRACON& Tower with Radar,339,615,68,12,1034,0,0,0,0,0,339,615,68,12,1034,0,0,0,1034
11/11/2003,PIT,PA,AEA,CE,Combined TRACON& Tower with Radar,340,639,54,0,1033,0,0,1,0,1,340,639,55,0,1034,0,0,0,1034
11/12/2003,PIT,PA,AEA,CE,Combined TRACON& Tower with Radar,334,607,68,13,1022,0,0,0,0,0,334,607,68,13,1022,0,0,0,1022
11/13/2003,PIT,PA,AEA,CE,Combined TRACON& Tower with Radar,349,600,58,6,1013,0,0,0,0,0,349,600,58,6,1013,0,0,0,1013
11/14/2003,PIT,PA,AEA,CE,Combined TRACON& Tower with Radar,332,625,91,11,1059,0,0,0,0,0,332,625,91,11,1059,0,0,0,1059
11/15/2003,PIT,PA,AEA,CE,Combined TRACON& Tower with Radar,269,480,38,18,805,0,0,0,1,1,269,480,38,19,806,0,0,0,806
11/16/2003,PIT,PA,AEA,CE,Combined TRACON& Tower with Radar,303,498,60,10,871,0,0,0,0,0,303,498,60,10,871,0,0,0,871
11/17/2003,PIT,PA,AEA,CE,Combined TRACON& Tower with Radar,327,616,68,20,1031,0,0,2,0,2,327,616,70,20,1033,0,0,0,1033
11/18/2003,PIT,PA,AEA,CE,Combined TRACON& Tower with Radar,348,636,70,22,1076,0,0,0,0,0,348,636,70,22,1076,0,0,0,1076
11/19/2003,PIT,PA,AEA,CE,Combined TRACON& Tower with Radar,342,622,61,9,1034,0,0,0,0,0,342,622,61,9,1034,0,0,0,1034
11/20/2003,PIT,PA,AEA,CE,Combined TRACON& Tower with Radar,348,640,117,28,1133,0,1,5,7,13,348,641,122,35,1146,0,0,0,1146
11/21/2003,PIT,PA,AEA,CE,Combined TRACON& Tower with Radar,350,622,56,20,1048,0,1,18,0,19,350,623,74,20,1067,0,0,0,1067
11/22/2003,PIT,PA,AEA,CE,Combined TRACON& Tower with Radar,263,480,35,11,789,0,0,1,0,1,263,480,36,11,790,0,0,0,790
11/23/2003,PIT,PA,AEA,CE,Combined TRACON& Tower with Radar,312,486,44,12,854,0,0,0,0,0,312,486,44,12,854,0,0,0,854
11/24/2003,PIT,PA,AEA,CE,Combined TRACON& Tower with Radar,334,578,60,5,977,0,0,36,0,36,334,578,96,5,1013,0,0,0,1013
11/25/2003,PIT,PA,AEA,CE,Combined TRACON& Tower with Radar,343,630,91,35,1099,0,0,0,0,0,343,630,91,35,1099,0,0,0,1099
11/26/2003,PIT,PA,AEA,CE,Combined TRACON& Tower with Radar,343,646,89,25,1103,0,0,1,0,1,343,646,90,25,1104,0,0,0,1104
11/27/2003,PIT,PA,AEA,CE,Combined TRACON& Tower with Radar,258,507,20,4,789,0,0,0,0,0,258,507,20,4,789,0,0,0,789
11/28/2003,PIT,PA,AEA,CE,Combined TRACON& Tower with Radar,228,433,17,6,684,0,0,0,0,0,228,433,17,6,684,0,0,0,684
11/29/2003,PIT,PA,AEA,CE,Combined TRACON& Tower with Radar,303,505,41,4,853,0,0,0,0,0,303,505,41,4,853,0,0,0,853
11/30/2003,PIT,PA,AEA,CE,Combined TRACON& Tower with Radar,331,590,65,7,993,0,1,81,0,82,331,591,146,7,1075,0,0,0,1075
12/01/2003,PIT,PA,AEA,CE,Combined TRACON& Tower with Radar,346,607,70,23,1046,0,0,0,0,0,346,607,70,23,1046,0,0,0,1046
12/02/2003,PIT,PA,AEA,CE,Combined TRACON& Tower with Radar,317,561,59,30,967,0,0,36,0,36,317,561,95,30,1003,0,0,0,1003
12/03/2003,PIT,PA,AEA,CE,Combined TRACON& Tower with Radar,341,625,82,18,1066,0,0,1,0,1,341,625,83,18,1067,0,0,0,1067
12/04/2003,PIT,PA,AEA,CE,Combined TRACON& Tower with Radar,335,624,68,30,1057,0,0,1,0,1,335,624,69,30,1058,0,0,0,1058
12/05/2003,PIT,PA,AEA,CE,Combined TRACON& Tower with Radar,298,547,59,10,914,0,0,0,0,0,298,547,59,10,914,0,0,0,914
12/06/2003,PIT,PA,AEA,CE,Combined TRACON& Tower with Radar,415,394,42,5,856,0,1,18,0,19,415,395,60,5,875,0,0,0,875
12/07/2003,PIT,PA,AEA,CE,Combined TRACON& Tower with Radar,313,463,49,7,832,0,0,3,0,3,313,463,52,7,835,0,0,0,835
12/08/2003,PIT,PA,AEA,CE,Combined TRACON& Tower with Radar,355,606,55,11,1027,0,0,1,0,1,355,606,56,11,1028,0,0,0,1028
12/09/2003,PIT,PA,AEA,CE,Combined TRACON& Tower with Radar,341,621,54,17,1033,0,0,18,0,18,341,621,72,17,1051,0,0,0,1051
12/10/2003,PIT,PA,AEA,CE,Combined TRACON& Tower with Radar,341,633,50,31,1055,0,0,0,0,0,341,633,50,31,1055,0,0,0,1055
12/11/2003,PIT,PA,AEA,CE,Combined TRACON& Tower with Radar,336,614,54,17,1021,0,0,0,0,0,336,614,54,17,1021,0,0,0,1021
12/12/2003,PIT,PA,AEA,CE,Combined TRACON& Tower with Radar,356,634,58,18,1066,0,0,18,0,18,356,634,76,18,1084,0,0,0,1084
12/13/2003,PIT,PA,AEA,CE,Combined TRACON& Tower with Radar,262,494,43,11,810,0,0,0,0,0,262,494,43,11,810,0,0,0,810
12/14/2003,PIT,PA,AEA,CE,Combined TRACON& Tower with Radar,300,425,37,8,770,0,0,0,0,0,300,425,37,8,770,0,0,0,770
12/15/2003,PIT,PA,AEA,CE,Combined TRACON& Tower with Radar,336,631,92,16,1075,0,0,0,0,0,336,631,92,16,1075,0,0,0,1075
12/16/2003,PIT,PA,AEA,CE,Combined TRACON& Tower with Radar,356,620,96,40,1112,0,1,0,0,1,356,621,96,40,1113,0,0,0,1113
12/17/2003,PIT,PA,AEA,CE,Combined TRACON& Tower with Radar,333,632,58,29,1052,0,0,0,20,20,333,632,58,49,1072,0,0,0,1072
12/18/2003,PIT,PA,AEA,CE,Combined TRACON& Tower with Radar,340,654,97,44,1135,0,0,1,6,7,340,654,98,50,1142,0,0,0,1142
12/19/2003,PIT,PA,AEA,CE,Combined TRACON& Tower with Radar,337,650,61,10,1058,0,1,2,0,3,337,651,63,10,1061,0,0,0,1061
12/20/2003,PIT,PA,AEA,CE,Combined TRACON& Tower with Radar,280,496,36,4,816,0,0,0,0,0,280,496,36,4,816,0,0,0,816
12/21/2003,PIT,PA,AEA,CE,Combined TRACON& Tower with Radar,301,502,41,0,844,0,0,3,0,3,301,502,44,0,847,0,0,0,847
12/22/2003,PIT,PA,AEA,CE,Combined TRACON& Tower with Radar,330,637,49,11,1027,0,0,0,2,2,330,637,49,13,1029,0,0,0,1029
12/23/2003,PIT,PA,AEA,CE,Combined TRACON& Tower with Radar,347,654,40,23,1064,0,0,0,0,0,347,654,40,23,1064,0,0,0,1064
12/24/2003,PIT,PA,AEA,CE,Combined TRACON& Tower with Radar,287,544,12,3,846,0,0,0,0,0,287,544,12,3,846,0,0,0,846
12/25/2003,PIT,PA,AEA,CE,Combined TRACON& Tower with Radar,252,470,12,1,735,0,0,0,0,0,252,470,12,1,735,0,0,0,735
12/26/2003,PIT,PA,AEA,CE,Combined TRACON& Tower with Radar,315,596,45,4,960,0,0,1,0,1,315,596,46,4,961,0,0,0,961
12/27/2003,PIT,PA,AEA,CE,Combined TRACON& Tower with Radar,282,512,58,14,866,0,0,2,4,6,282,512,60,18,872,0,0,0,872
12/28/2003,PIT,PA,AEA,CE,Combined TRACON& Tower with Radar,306,507,46,9,868,0,0,30,4,34,306,507,76,13,902,0,0,0,902
12/29/2003,PIT,PA,AEA,CE,Combined TRACON& Tower with Radar,294,585,54,23,956,0,1,4,4,9,294,586,58,27,965,0,0,0,965
12/30/2003,PIT,PA,AEA,CE,Combined TRACON& Tower with Radar,333,646,26,15,1020,0,0,0,0,0,333,646,26,15,1020,0,0,0,1020
12/31/2003,PIT,PA,AEA,CE,Combined TRACON& Tower with Radar,283,540,47,14,884,0,0,4,4,8,283,540,51,18,892,0,0,0,892
01/01/2004,PIT,PA,AEA,CE,Combined TRACON& Tower with Radar,263,502,37,7,809,0,0,4,0,4,263,502,41,7,813,0,0,0,813
01/02/2004,PIT,PA,AEA,CE,Combined TRACON& Tower with Radar,316,607,26,7,956,0,0,0,0,0,316,607,26,7,956,0,0,0,956
01/03/2004,PIT,PA,AEA,CE,Combined TRACON& Tower with Radar,267,500,43,2,812,0,0,0,0,0,267,500,43,2,812,0,0,0,812
01/04/2004,PIT,PA,AEA,CE,Combined TRACON& Tower with Radar,286,486,21,3,796,0,0,0,0,0,286,486,21,3,796,0,0,0,796
01/05/2004,PIT,PA,AEA,CE,Combined TRACON& Tower with Radar,314,595,41,2,952,0,0,18,0,18,314,595,59,2,970,0,0,0,970
01/06/2004,PIT,PA,AEA,CE,Combined TRACON& Tower with Radar,328,629,52,19,1028,0,0,0,1,1,328,629,52,20,1029,0,0,0,1029
01/07/2004,PIT,PA,AEA,CE,Combined TRACON& Tower with Radar,330,597,46,26,999,0,0,2,0,2,330,597,48,26,1001,0,0,0,1001
01/08/2004,PIT,PA,AEA,CE,Combined TRACON& Tower with Radar,431,577,63,17,1088,0,0,0,0,0,431,577,63,17,1088,0,0,0,1088
01/09/2004,PIT,PA,AEA,CE,Combined TRACON& Tower with Radar,386,562,50,15,1013,0,0,2,0,2,386,562,52,15,1015,0,0,0,1015
01/10/2004,PIT,PA,AEA,CE,Combined TRACON& Tower with Radar,245,483,40,16,784,0,0,0,0,0,245,483,40,16,784,0,0,0,784
01/11/2004,PIT,PA,AEA,CE,Combined TRACON& Tower with Radar,296,493,44,10,843,0,0,19,1,20,296,493,63,11,863,0,0,0,863
01/12/2004,PIT,PA,AEA,CE,Combined TRACON& Tower with Radar,316,616,52,12,996,0,0,0,0,0,316,616,52,12,996,0,0,0,996
01/13/2004,PIT,PA,AEA,CE,Combined TRACON& Tower with Radar,321,621,72,24,1038,0,0,0,0,0,321,621,72,24,1038,0,0,0,1038
01/14/2004,PIT,PA,AEA,CE,Combined TRACON& Tower with Radar,330,597,57,12,996,0,0,0,0,0,330,597,57,12,996,0,0,0,996
01/15/2004,PIT,PA,AEA,CE,Combined TRACON& Tower with Radar,322,607,44,20,993,0,0,0,0,0,322,607,44,20,993,0,0,0,993
01/16/2004,PIT,PA,AEA,CE,Combined TRACON& Tower with Radar,332,632,62,8,1034,0,3,0,0,3,332,635,62,8,1037,0,0,0,1037
01/17/2004,PIT,PA,AEA,CE,Combined TRACON& Tower with Radar,250,470,19,3,742,0,0,27,0,27,250,470,46,3,769,0,0,0,769
01/18/2004,PIT,PA,AEA,CE,Combined TRACON& Tower with Radar,285,468,22,7,782,0,0,0,0,0,285,468,22,7,782,0,0,0,782
01/19/2004,PIT,PA,AEA,CE,Combined TRACON& Tower with Radar,326,605,43,1,975,0,0,0,0,0,326,605,43,1,975,0,0,0,975
01/20/2004,PIT,PA,AEA,CE,Combined TRACON& Tower with Radar,327,620,51,19,1017,0,0,0,0,0,327,620,51,19,1017,0,0,0,1017
01/21/2004,PIT,PA,AEA,CE,Combined TRACON& Tower with Radar,324,632,60,12,1028,0,0,0,0,0,324,632,60,12,1028,0,0,0,1028
01/22/2004,PIT,PA,AEA,CE,Combined TRACON& Tower with Radar,327,627,66,23,1043,0,0,0,1,1,327,627,66,24,1044,0,0,0,1044
01/23/2004,PIT,PA,AEA,CE,Combined TRACON& Tower with Radar,340,623,69,19,1051,0,0,0,0,0,340,623,69,19,1051,0,0,0,1051
01/24/2004,PIT,PA,AEA,CE,Combined TRACON& Tower with Radar,256,478,36,4,774,0,0,0,0,0,256,478,36,4,774,0,0,0,774
01/25/2004,PIT,PA,AEA,CE,Combined TRACON& Tower with Radar,293,454,60,14,821,0,0,3,1,4,293,454,63,15,825,0,0,0,825
01/26/2004,PIT,PA,AEA,CE,Combined TRACON& Tower with Radar,361,465,52,2,880,0,0,0,0,0,361,465,52,2,880,0,0,0,880
01/27/2004,PIT,PA,AEA,CE,Combined TRACON& Tower with Radar,343,510,30,2,885,0,0,0,0,0,343,510,30,2,885,0,0,0,885
01/28/2004,PIT,PA,AEA,CE,Combined TRACON& Tower with Radar,338,581,60,14,993,0,0,0,0,0,338,581,60,14,993,0,0,0,993
01/29/2004,PIT,PA,AEA,CE,Combined TRACON& Tower with Radar,368,619,68,46,1101,0,0,2,0,2,368,619,70,46,1103,0,0,0,1103
01/30/2004,PIT,PA,AEA,CE,Combined TRACON& Tower with Radar,337,616,52,25,1030,0,0,0,0,0,337,616,52,25,1030,0,0,0,1030
01/31/2004,PIT,PA,AEA,CE,Combined TRACON& Tower with Radar,246,460,33,9,748,0,0,0,0,0,246,460,33,9,748,0,0,0,748
02/01/2004,PIT,PA,AEA,CE,Combined TRACON& Tower with Radar,298,477,38,14,827,0,0,2,0,2,298,477,40,14,829,0,0,0,829
02/02/2004,PIT,PA,AEA,CE,Combined TRACON& Tower with Radar,281,559,41,8,889,0,0,0,0,0,281,559,41,8,889,0,0,0,889
02/03/2004,PIT,PA,AEA,CE,Combined TRACON& Tower with Radar,323,585,45,13,966,0,0,0,0,0,323,585,45,13,966,0,0,0,966
02/04/2004,PIT,PA,AEA,CE,Combined TRACON& Tower with Radar,343,617,78,31,1069,0,0,0,0,0,343,617,78,31,1069,0,0,0,1069
02/05/2004,PIT,PA,AEA,CE,Combined TRACON& Tower with Radar,301,585,116,10,1012,0,0,1,0,1,301,585,117,10,1013,0,0,0,1013
02/06/2004,PIT,PA,AEA,CE,Combined TRACON& Tower with Radar,324,522,44,16,906,0,0,0,0,0,324,522,44,16,906,0,0,0,906
02/07/2004,PIT,PA,AEA,CE,Combined TRACON& Tower with Radar,259,429,13,9,710,0,0,0,0,0,259,429,13,9,710,0,0,0,710
02/08/2004,PIT,PA,AEA,CE,Combined TRACON& Tower with Radar,282,493,41,14,830,0,0,0,0,0,282,493,41,14,830,0,0,0,830
02/09/2004,PIT,PA,AEA,CE,Combined TRACON& Tower with Radar,274,579,60,5,918,0,0,0,0,0,274,579,60,5,918,0,0,0,918
02/10/2004,PIT,PA,AEA,CE,Combined TRACON& Tower with Radar,314,630,71,18,1033,0,0,0,2,2,314,630,71,20,1035,0,0,0,1035
02/11/2004,PIT,PA,AEA,CE,Combined TRACON& Tower with Radar,324,640,89,29,1082,0,0,0,0,0,324,640,89,29,1082,0,0,0,1082
02/12/2004,PIT,PA,AEA,CE,Combined TRACON& Tower with Radar,395,587,75,25,1082,0,1,0,0,1,395,588,75,25,1083,0,0,0,1083
02/13/2004,PIT,PA,AEA,CE,Combined TRACON& Tower with Radar,431,587,46,15,1079,0,0,1,0,1,431,587,47,15,1080,0,0,0,1080
02/14/2004,PIT,PA,AEA,CE,Combined TRACON& Tower with Radar,242,482,33,5,762,0,0,0,0,0,242,482,33,5,762,0,0,0,762
02/15/2004,PIT,PA,AEA,CE,Combined TRACON& Tower with Radar,287,510,44,12,853,0,0,1,1,2,287,510,45,13,855,0,0,0,855
02/16/2004,PIT,PA,AEA,CE,Combined TRACON& Tower with Radar,320,624,63,6,1013,0,0,2,0,2,320,624,65,6,1015,0,0,0,1015
02/17/2004,PIT,PA,AEA,CE,Combined TRACON& Tower with Radar,310,631,52,24,1017,0,0,0,0,0,310,631,52,24,1017,0,0,0,1017
02/18/2004,PIT,PA,AEA,CE,Combined TRACON& Tower with Radar,324,638,55,19,1036,0,0,1,1,2,324,638,56,20,1038,0,0,0,1038
02/19/2004,PIT,PA,AEA,CE,Combined TRACON& Tower with Radar,340,693,93,24,1150,0,0,0,0,0,340,693,93,24,1150,0,0,0,1150
02/20/2004,PIT,PA,AEA,CE,Combined TRACON& Tower with Radar,332,707,71,25,1135,0,0,0,1,1,332,707,71,26,1136,0,0,0,1136
02/21/2004,PIT,PA,AEA,CE,Combined TRACON& Tower with Radar,261,499,22,8,790,0,0,0,0,0,261,499,22,8,790,0,0,0,790
02/22/2004,PIT,PA,AEA,CE,Combined TRACON& Tower with Radar,291,504,40,17,852,0,0,4,0,4,291,504,44,17,856,0,0,0,856
02/23/2004,PIT,PA,AEA,CE,Combined TRACON& Tower with Radar,309,623,69,16,1017,0,0,1,0,1,309,623,70,16,1018,0,0,0,1018
02/24/2004,PIT,PA,AEA,CE,Combined TRACON& Tower with Radar,318,632,83,27,1060,0,0,2,3,5,318,632,85,30,1065,0,0,0,1065
02/25/2004,PIT,PA,AEA,CE,Combined TRACON& Tower with Radar,317,643,70,23,1053,0,0,2,0,2,317,643,72,23,1055,0,0,0,1055
02/26/2004,PIT,PA,AEA,CE,Combined TRACON& Tower with Radar,315,643,89,42,1089,0,0,2,3,5,315,643,91,45,1094,0,0,0,1094
02/27/2004,PIT,PA,AEA,CE,Combined TRACON& Tower with Radar,330,629,59,19,1037,0,0,3,1,4,330,629,62,20,1041,0,0,0,1041
02/28/2004,PIT,PA,AEA,CE,Combined TRACON& Tower with Radar,252,492,39,9,792,0,0,0,0,0,252,492,39,9,792,0,0,0,792
02/29/2004,PIT,PA,AEA,CE,Combined TRACON& Tower with Radar,284,502,40,12,838,0,0,0,4,4,284,502,40,16,842,0,0,0,842
03/01/2004,PIT,PA,AEA,CE,Combined TRACON& Tower with Radar,277,584,45,9,915,0,0,0,0,0,277,584,45,9,915,0,0,0,915
03/02/2004,PIT,PA,AEA,CE,Combined TRACON& Tower with Radar,320,650,44,12,1026,0,0,0,0,0,320,650,44,12,1026,0,0,0,1026
03/03/2004,PIT,PA,AEA,CE,Combined TRACON& Tower with Radar,317,637,64,27,1045,0,0,0,0,0,317,637,64,27,1045,0,0,0,1045
03/04/2004,PIT,PA,AEA,CE,Combined TRACON& Tower with Radar,319,642,54,22,1037,0,0,0,0,0,319,642,54,22,1037,0,0,0,1037
03/05/2004,PIT,PA,AEA,CE,Combined TRACON& Tower with Radar,329,617,61,19,1026,0,0,4,0,4,329,617,65,19,1030,0,0,0,1030
03/06/2004,PIT,PA,AEA,CE,Combined TRACON& Tower with Radar,258,468,23,14,763,0,0,0,0,0,258,468,23,14,763,0,0,0,763
03/07/2004,PIT,PA,AEA,CE,Combined TRACON& Tower with Radar,281,488,30,14,813,0,0,0,0,0,281,488,30,14,813,0,0,0,813
03/08/2004,PIT,PA,AEA,CE,Combined TRACON& Tower with Radar,312,617,38,23,990,0,0,0,0,0,312,617,38,23,990,0,0,0,990
03/09/2004,PIT,PA,AEA,CE,Combined TRACON& Tower with Radar,324,612,69,17,1022,0,0,18,2,20,324,612,87,19,1042,0,0,0,1042
03/10/2004,PIT,PA,AEA,CE,Combined TRACON& Tower with Radar,321,627,73,32,1053,0,1,0,0,1,321,628,73,32,1054,0,0,0,1054
03/11/2004,PIT,PA,AEA,CE,Combined TRACON& Tower with Radar,316,636,66,33,1051,0,0,0,0,0,316,636,66,33,1051,0,0,0,1051
03/12/2004,PIT,PA,AEA,CE,Combined TRACON& Tower with Radar,330,624,71,14,1039,0,0,0,0,0,330,624,71,14,1039,0,0,0,1039
03/13/2004,PIT,PA,AEA,CE,Combined TRACON& Tower with Radar,251,488,40,13,792,0,0,0,0,0,251,488,40,13,792,0,0,0,792
03/14/2004,PIT,PA,AEA,CE,Combined TRACON& Tower with Radar,284,496,32,14,826,0,0,0,0,0,284,496,32,14,826,0,0,0,826
03/15/2004,PIT,PA,AEA,CE,Combined TRACON& Tower with Radar,315,625,60,10,1010,0,0,19,0,19,315,625,79,10,1029,0,0,0,1029
03/16/2004,PIT,PA,AEA,CE,Combined TRACON& Tower with Radar,300,508,38,8,854,0,0,0,0,0,300,508,38,8,854,0,0,0,854
03/17/2004,PIT,PA,AEA,CE,Combined TRACON& Tower with Radar,326,645,62,12,1045,0,0,0,0,0,326,645,62,12,1045,0,0,0,1045
03/18/2004,PIT,PA,AEA,CE,Combined TRACON& Tower with Radar,321,654,65,31,1071,0,1,0,1,2,321,655,65,32,1073,0,0,0,1073
03/19/2004,PIT,PA,AEA,CE,Combined TRACON& Tower with Radar,328,621,85,13,1047,0,0,19,0,19,328,621,104,13,1066,0,0,0,1066
03/20/2004,PIT,PA,AEA,CE,Combined TRACON& Tower with Radar,254,478,42,10,784,0,0,0,0,0,254,478,42,10,784,0,0,0,784
03/21/2004,PIT,PA,AEA,CE,Combined TRACON& Tower with Radar,283,505,34,9,831,0,0,0,0,0,283,505,34,9,831,0,0,0,831
03/22/2004,PIT,PA,AEA,CE,Combined TRACON& Tower with Radar,304,625,68,14,1011,0,2,36,1,39,304,627,104,15,1050,0,0,0,1050
03/23/2004,PIT,PA,AEA,CE,Combined TRACON& Tower with Radar,317,628,102,25,1072,0,0,2,0,2,317,628,104,25,1074,0,0,0,1074
03/24/2004,PIT,PA,AEA,CE,Combined TRACON& Tower with Radar,316,649,59,24,1048,0,0,2,0,2,316,649,61,24,1050,0,0,0,1050
03/25/2004,PIT,PA,AEA,CE,Combined TRACON& Tower with Radar,324,651,82,29,1086,0,0,1,0,1,324,651,83,29,1087,0,0,0,1087
03/26/2004,PIT,PA,AEA,CE,Combined TRACON& Tower with Radar,325,653,62,27,1067,0,0,1,0,1,325,653,63,27,1068,0,0,0,1068
03/27/2004,PIT,PA,AEA,CE,Combined TRACON& Tower with Radar,244,486,41,8,779,0,0,3,0,3,244,486,44,8,782,0,0,0,782
03/28/2004,PIT,PA,AEA,CE,Combined TRACON& Tower with Radar,289,504,66,4,863,0,0,0,0,0,289,504,66,4,863,0,0,0,863
03/29/2004,PIT,PA,AEA,CE,Combined TRACON& Tower with Radar,306,634,63,9,1012,0,0,1,0,1,306,634,64,9,1013,0,0,0,1013
03/30/2004,PIT,PA,AEA,CE,Combined TRACON& Tower with Radar,317,634,62,17,1030,0,0,0,18,18,317,634,62,35,1048,0,0,0,1048
03/31/2004,PIT,PA,AEA,CE,Combined TRACON& Tower with Radar,394,613,73,12,1092,0,0,0,0,0,394,613,73,12,1092,0,0,0,1092
04/01/2004,PIT,PA,AEA,CE,Combined TRACON& Tower with Radar,324,641,64,18,1047,0,0,0,0,0,324,641,64,18,1047,0,0,0,1047
04/02/2004,PIT,PA,AEA,CE,Combined TRACON& Tower with Radar,339,631,66,19,1055,0,0,0,0,0,339,631,66,19,1055,0,0,0,1055
04/03/2004,PIT,PA,AEA,CE,Combined TRACON& Tower with Radar,245,493,33,20,791,0,0,0,1,1,245,493,33,21,792,0,0,0,792
04/04/2004,PIT,PA,AEA,CE,Combined TRACON& Tower with Radar,259,513,39,12,823,0,0,0,0,0,259,513,39,12,823,0,0,0,823
04/05/2004,PIT,PA,AEA,CE,Combined TRACON& Tower with Radar,306,639,52,46,1043,0,0,36,18,54,306,639,88,64,1097,0,0,0,1097
04/06/2004,PIT,PA,AEA,CE,Combined TRACON& Tower with Radar,321,639,85,21,1066,0,0,2,0,2,321,639,87,21,1068,0,0,0,1068
04/07/2004,PIT,PA,AEA,CE,Combined TRACON& Tower with Radar,308,660,84,26,1078,0,0,2,0,2,308,660,86,26,1080,0,0,0,1080
04/08/2004,PIT,PA,AEA,CE,Combined TRACON& Tower with Radar,312,651,81,19,1063,0,0,0,0,0,312,651,81,19,1063,0,0,0,1063
04/09/2004,PIT,PA,AEA,CE,Combined TRACON& Tower with Radar,311,641,44,12,1008,0,0,0,1,1,311,641,44,13,1009,0,0,0,1009
04/10/2004,PIT,PA,AEA,CE,Combined TRACON& Tower with Radar,247,494,46,14,801,0,0,0,0,0,247,494,46,14,801,0,0,0,801
04/11/2004,PIT,PA,AEA,CE,Combined TRACON& Tower with Radar,282,511,35,9,837,0,1,0,0,1,282,512,35,9,838,0,0,0,838
04/12/2004,PIT,PA,AEA,CE,Combined TRACON& Tower with Radar,295,610,64,7,976,0,0,0,0,0,295,610,64,7,976,0,0,0,976
04/13/2004,PIT,PA,AEA,CE,Combined TRACON& Tower with Radar,309,616,51,13,989,0,0,0,0,0,309,616,51,13,989,0,0,0,989
04/14/2004,PIT,PA,AEA,CE,Combined TRACON& Tower with Radar,362,653,77,19,1111,0,0,0,1,1,362,653,77,20,1112,0,0,0,1112
04/15/2004,PIT,PA,AEA,CE,Combined TRACON& Tower with Radar,315,645,79,27,1066,0,1,1,1,3,315,646,80,28,1069,0,0,0,1069
04/16/2004,PIT,PA,AEA,CE,Combined TRACON& Tower with Radar,318,637,64,18,1037,0,0,3,0,3,318,637,67,18,1040,0,0,0,1040
04/17/2004,PIT,PA,AEA,CE,Combined TRACON& Tower with Radar,252,504,62,23,841,1,1,19,2,23,253,505,81,25,864,0,0,0,864
04/18/2004,PIT,PA,AEA,CE,Combined TRACON& Tower with Radar,290,499,61,12,862,0,1,0,0,1,290,500,61,12,863,0,0,0,863
04/19/2004,PIT,PA,AEA,CE,Combined TRACON& Tower with Radar,308,647,65,37,1057,0,1,0,0,1,308,648,65,37,1058,0,0,0,1058
04/20/2004,PIT,PA,AEA,CE,Combined TRACON& Tower with Radar,308,656,68,21,1053,0,0,1,0,1,308,656,69,21,1054,0,0,0,1054
04/21/2004,PIT,PA,AEA,CE,Combined TRACON& Tower with Radar,310,647,69,22,1048,0,1,0,0,1,310,648,69,22,1049,0,0,0,1049
04/22/2004,PIT,PA,AEA,CE,Combined TRACON& Tower with Radar,324,663,89,20,1096,0,1,2,0,3,324,664,91,20,1099,0,0,0,1099
04/23/2004,PIT,PA,AEA,CE,Combined TRACON& Tower with Radar,318,661,53,20,1052,0,0,0,0,0,318,661,53,20,1052,0,0,0,1052
04/24/2004,PIT,PA,AEA,CE,Combined TRACON& Tower with Radar,252,509,52,21,834,0,0,1,0,1,252,509,53,21,835,0,0,0,835
04/25/2004,PIT,PA,AEA,CE,Combined TRACON& Tower with Radar,266,492,50,12,820,0,0,2,0,2,266,492,52,12,822,0,0,0,822
04/26/2004,PIT,PA,AEA,CE,Combined TRACON& Tower with Radar,307,634,93,10,1044,0,0,0,0,0,307,634,93,10,1044,0,0,0,1044
04/27/2004,PIT,PA,AEA,CE,Combined TRACON& Tower with Radar,307,644,86,14,1051,0,0,0,0,0,307,644,86,14,1051,0,0,0,1051
04/28/2004,PIT,PA,AEA,CE,Combined TRACON& Tower with Radar,310,660,111,29,1110,0,0,36,0,36,310,660,147,29,1146,0,0,0,1146
04/29/2004,PIT,PA,AEA,CE,Combined TRACON& Tower with Radar,321,655,86,30,1092,0,0,0,1,1,321,655,86,31,1093,0,0,0,1093
04/30/2004,PIT,PA,AEA,CE,Combined TRACON& Tower with Radar,312,653,70,14,1049,0,0,1,0,1,312,653,71,14,1050,0,0,0,1050
05/01/2004,PIT,PA,AEA,CE,Combined TRACON& Tower with Radar,245,498,52,15,810,0,0,0,0,0,245,498,52,15,810,0,0,0,810
05/02/2004,PIT,PA,AEA,CE,Combined TRACON& Tower with Radar,278,536,39,3,856,0,0,1,0,1,278,536,40,3,857,0,0,0,857
05/03/2004,PIT,PA,AEA,CE,Combined TRACON& Tower with Radar,380,599,63,21,1063,0,0,0,0,0,380,599,63,21,1063,0,0,0,1063
05/04/2004,PIT,PA,AEA,CE,Combined TRACON& Tower with Radar,311,648,73,27,1059,0,0,18,0,18,311,648,91,27,1077,0,0,0,1077
05/05/2004,PIT,PA,AEA,CE,Combined TRACON& Tower with Radar,301,666,93,59,1119,0,0,0,0,0,301,666,93,59,1119,0,0,0,1119
05/06/2004,PIT,PA,AEA,CE,Combined TRACON& Tower with Radar,305,660,110,26,1101,0,0,0,0,0,305,660,110,26,1101,0,0,0,1101
05/07/2004,PIT,PA,AEA,CE,Combined TRACON& Tower with Radar,310,637,57,17,1021,0,0,1,0,1,310,637,58,17,1022,0,0,0,1022
05/08/2004,PIT,PA,AEA,CE,Combined TRACON& Tower with Radar,243,530,40,4,817,0,0,36,0,36,243,530,76,4,853,0,0,0,853
05/09/2004,PIT,PA,AEA,CE,Combined TRACON& Tower with Radar,260,529,38,8,835,0,0,10,0,10,260,529,48,8,845,0,0,0,845
05/10/2004,PIT,PA,AEA,CE,Combined TRACON& Tower with Radar,445,649,92,11,1197,0,0,0,0,0,445,649,92,11,1197,0,0,0,1197
05/11/2004,PIT,PA,AEA,CE,Combined TRACON& Tower with Radar,302,658,76,16,1052,0,0,1,0,1,302,658,77,16,1053,0,0,0,1053
05/12/2004,PIT,PA,AEA,CE,Combined TRACON& Tower with Radar,331,725,88,28,1172,0,0,1,0,1,331,725,89,28,1173,0,0,0,1173
05/13/2004,PIT,PA,AEA,CE,Combined TRACON& Tower with Radar,359,613,86,24,1082,0,0,0,0,0,359,613,86,24,1082,0,0,0,1082
05/14/2004,PIT,PA,AEA,CE,Combined TRACON& Tower with Radar,299,630,98,20,1047,0,0,0,0,0,299,630,98,20,1047,0,0,0,1047
05/15/2004,PIT,PA,AEA,CE,Combined TRACON& Tower with Radar,248,531,42,4,825,0,1,0,0,1,248,532,42,4,826,0,0,0,826
05/16/2004,PIT,PA,AEA,CE,Combined TRACON& Tower with Radar,284,543,65,15,907,0,0,0,0,0,284,543,65,15,907,0,0,0,907
05/17/2004,PIT,PA,AEA,CE,Combined TRACON& Tower with Radar,291,623,66,23,1003,0,0,0,0,0,291,623,66,23,1003,0,0,0,1003
05/18/2004,PIT,PA,AEA,CE,Combined TRACON& Tower with Radar,310,633,58,18,1019,0,0,0,0,0,310,633,58,18,1019,0,0,0,1019
05/19/2004,PIT,PA,AEA,CE,Combined TRACON& Tower with Radar,311,651,91,15,1068,0,0,0,4,4,311,651,91,19,1072,0,0,0,1072
05/20/2004,PIT,PA,AEA,CE,Combined TRACON& Tower with Radar,309,676,93,20,1098,0,0,1,0,1,309,676,94,20,1099,0,0,0,1099
05/21/2004,PIT,PA,AEA,CE,Combined TRACON& Tower with Radar,268,533,60,18,879,0,0,1,2,3,268,533,61,20,882,0,0,0,882
05/22/2004,PIT,PA,AEA,CE,Combined TRACON& Tower with Radar,269,529,45,9,852,0,0,3,4,7,269,529,48,13,859,0,0,0,859
05/23/2004,PIT,PA,AEA,CE,Combined TRACON& Tower with Radar,282,532,50,8,872,0,0,2,0,2,282,532,52,8,874,0,0,0,874
05/24/2004,PIT,PA,AEA,CE,Combined TRACON& Tower with Radar,309,648,63,10,1030,0,0,9,0,9,309,648,72,10,1039,0,0,0,1039
05/25/2004,PIT,PA,AEA,CE,Combined TRACON& Tower with Radar,318,664,68,22,1072,0,0,0,1,1,318,664,68,23,1073,0,0,0,1073
05/26/2004,PIT,PA,AEA,CE,Combined TRACON& Tower with Radar,291,649,120,37,1097,0,0,1,0,1,291,649,121,37,1098,0,0,0,1098
05/27/2004,PIT,PA,AEA,CE,Combined TRACON& Tower with Radar,313,657,89,26,1085,0,1,0,0,1,313,658,89,26,1086,0,0,0,1086
05/28/2004,PIT,PA,AEA,CE,Combined TRACON& Tower with Radar,312,665,99,18,1094,0,0,1,0,1,312,665,100,18,1095,0,0,0,1095
05/29/2004,PIT,PA,AEA,CE,Combined TRACON& Tower with Radar,238,498,48,12,796,0,0,0,0,0,238,498,48,12,796,0,0,0,796
05/30/2004,PIT,PA,AEA,CE,Combined TRACON& Tower with Radar,244,464,35,12,755,0,0,0,0,0,244,464,35,12,755,0,0,0,755
05/31/2004,PIT,PA,AEA,CE,Combined TRACON& Tower with Radar,282,552,28,5,867,0,0,0,0,0,282,552,28,5,867,0,0,0,867
06/01/2004,PIT,PA,AEA,CE,Combined TRACON& Tower with Radar,291,644,73,19,1027,0,0,2,0,2,291,644,75,19,1029,0,0,0,1029
06/02/2004,PIT,PA,AEA,CE,Combined TRACON& Tower with Radar,311,643,67,33,1054,1,1,0,0,2,312,644,67,33,1056,0,0,0,1056
06/03/2004,PIT,PA,AEA,CE,Combined TRACON& Tower with Radar,285,611,96,22,1014,0,0,1,1,2,285,611,97,23,1016,0,0,0,1016
06/04/2004,PIT,PA,AEA,CE,Combined TRACON& Tower with Radar,295,658,84,22,1059,0,0,0,1,1,295,658,84,23,1060,0,0,0,1060
06/05/2004,PIT,PA,AEA,CE,Combined TRACON& Tower with Radar,237,486,42,8,773,0,0,0,0,0,237,486,42,8,773,0,0,0,773
06/06/2004,PIT,PA,AEA,CE,Combined TRACON& Tower with Radar,272,518,58,7,855,0,0,3,0,3,272,518,61,7,858,0,0,0,858
06/07/2004,PIT,PA,AEA,CE,Combined TRACON& Tower with Radar,293,635,78,14,1020,0,3,1,0,4,293,638,79,14,1024,0,0,0,1024
06/08/2004,PIT,PA,AEA,CE,Combined TRACON& Tower with Radar,304,650,77,15,1046,0,0,1,0,1,304,650,78,15,1047,0,0,0,1047
06/09/2004,PIT,PA,AEA,CE,Combined TRACON& Tower with Radar,300,641,109,25,1075,0,0,0,0,0,300,641,109,25,1075,0,0,0,1075
06/10/2004,PIT,PA,AEA,CE,Combined TRACON& Tower with Radar,308,652,87,19,1066,0,0,0,2,2,308,652,87,21,1068,0,0,0,1068
06/11/2004,PIT,PA,AEA,CE,Combined TRACON& Tower with Radar,309,655,65,19,1048,0,0,0,0,0,309,655,65,19,1048,0,0,0,1048
06/12/2004,PIT,PA,AEA,CE,Combined TRACON& Tower with Radar,275,518,24,8,825,0,0,0,0,0,275,518,24,8,825,0,0,0,825
06/13/2004,PIT,PA,AEA,CE,Combined TRACON& Tower with Radar,296,525,36,2,859,0,0,0,0,0,296,525,36,2,859,0,0,0,859
06/14/2004,PIT,PA,AEA,CE,Combined TRACON& Tower with Radar,275,583,71,14,943,0,0,2,1,3,275,583,73,15,946,0,0,0,946
06/15/2004,PIT,PA,AEA,CE,Combined TRACON& Tower with Radar,302,646,62,23,1033,0,0,0,0,0,302,646,62,23,1033,0,0,0,1033
06/16/2004,PIT,PA,AEA,CE,Combined TRACON& Tower with Radar,299,651,88,26,1064,0,0,1,1,2,299,651,89,27,1066,0,0,0,1066
06/17/2004,PIT,PA,AEA,CE,Combined TRACON& Tower with Radar,288,608,94,31,1021,0,1,1,0,2,288,609,95,31,1023,0,0,0,1023
06/18/2004,PIT,PA,AEA,CE,Combined TRACON& Tower with Radar,327,661,66,42,1096,0,1,2,3,6,327,662,68,45,1102,0,0,0,1102
06/19/2004,PIT,PA,AEA,CE,Combined TRACON& Tower with Radar,267,536,61,21,885,0,3,1,13,17,267,539,62,34,902,0,0,0,902
06/20/2004,PIT,PA,AEA,CE,Combined TRACON& Tower with Radar,292,544,68,40,944,1,2,4,9,16,293,546,72,49,960,0,0,0,960
06/21/2004,PIT,PA,AEA,CE,Combined TRACON& Tower with Radar,287,643,70,16,1016,0,0,1,1,2,287,643,71,17,1018,0,0,0,1018
06/22/2004,PIT,PA,AEA,CE,Combined TRACON& Tower with Radar,308,656,93,35,1092,0,6,1,0,7,308,662,94,35,1099,0,0,0,1099
06/23/2004,PIT,PA,AEA,CE,Combined TRACON& Tower with Radar,310,662,103,29,1104,0,0,0,1,1,310,662,103,30,1105,0,0,0,1105
06/24/2004,PIT,PA,AEA,CE,Combined TRACON& Tower with Radar,302,641,91,34,1068,0,0,0,0,0,302,641,91,34,1068,0,0,0,1068
06/25/2004,PIT,PA,AEA,CE,Combined TRACON& Tower with Radar,300,656,59,7,1022,0,0,0,3,3,300,656,59,10,1025,0,0,0,1025
06/26/2004,PIT,PA,AEA,CE,Combined TRACON& Tower with Radar,267,519,61,15,862,0,0,0,0,0,267,519,61,15,862,0,0,0,862
06/27/2004,PIT,PA,AEA,CE,Combined TRACON& Tower with Radar,288,531,69,6,894,0,0,5,0,5,288,531,74,6,899,0,0,0,899
06/28/2004,PIT,PA,AEA,CE,Combined TRACON& Tower with Radar,298,626,67,18,1009,0,0,0,0,0,298,626,67,18,1009,0,0,0,1009
06/29/2004,PIT,PA,AEA,CE,Combined TRACON& Tower with Radar,309,672,81,17,1079,0,1,8,0,9,309,673,89,17,1088,0,0,0,1088
06/30/2004,PIT,PA,AEA,CE,Combined TRACON& Tower with Radar,313,661,101,26,1101,0,1,5,0,6,313,662,106,26,1107,0,0,0,1107
07/01/2004,PIT,PA,AEA,CE,Combined TRACON& Tower with Radar,307,645,88,32,1072,0,1,3,0,4,307,646,91,32,1076,0,0,0,1076
07/02/2004,PIT,PA,AEA,CE,Combined TRACON& Tower with Radar,306,660,62,21,1049,0,0,0,1,1,306,660,62,22,1050,0,0,0,1050
07/03/2004,PIT,PA,AEA,CE,Combined TRACON& Tower with Radar,239,481,51,2,773,0,0,1,1,2,239,481,52,3,775,0,0,0,775
07/04/2004,PIT,PA,AEA,CE,Combined TRACON& Tower with Radar,226,408,45,6,685,0,0,0,0,0,226,408,45,6,685,0,0,0,685
07/05/2004,PIT,PA,AEA,CE,Combined TRACON& Tower with Radar,258,549,39,4,850,0,0,0,0,0,258,549,39,4,850,0,0,0,850
07/06/2004,PIT,PA,AEA,CE,Combined TRACON& Tower with Radar,300,625,62,14,1001,0,0,0,0,0,300,625,62,14,1001,0,0,0,1001
07/07/2004,PIT,PA,AEA,CE,Combined TRACON& Tower with Radar,324,605,79,24,1032,0,0,1,0,1,324,605,80,24,1033,0,0,0,1033
07/08/2004,PIT,PA,AEA,CE,Combined TRACON& Tower with Radar,289,603,75,27,994,0,0,0,0,0,289,603,75,27,994,0,0,0,994
07/09/2004,PIT,PA,AEA,CE,Combined TRACON& Tower with Radar,295,634,67,42,1038,0,0,0,0,0,295,634,67,42,1038,0,0,0,1038
07/10/2004,PIT,PA,AEA,CE,Combined TRACON& Tower with Radar,270,508,70,12,860,0,0,0,1,1,270,508,70,13,861,0,0,0,861
07/11/2004,PIT,PA,AEA,CE,Combined TRACON& Tower with Radar,395,469,61,12,937,0,0,0,0,0,395,469,61,12,937,0,0,0,937
07/12/2004,PIT,PA,AEA,CE,Combined TRACON& Tower with Radar,392,526,63,30,1011,0,0,0,0,0,392,526,63,30,1011,0,0,0,1011
07/13/2004,PIT,PA,AEA,CE,Combined TRACON& Tower with Radar,313,644,75,17,1049,0,0,0,0,0,313,644,75,17,1049,0,0,0,1049
07/14/2004,PIT,PA,AEA,CE,Combined TRACON& Tower with Radar,287,596,73,13,969,0,0,0,0,0,287,596,73,13,969,0,0,0,969
07/15/2004,PIT,PA,AEA,CE,Combined TRACON& Tower with Radar,318,624,82,26,1050,0,0,0,0,0,318,624,82,26,1050,0,0,0,1050
07/16/2004,PIT,PA,AEA,CE,Combined TRACON& Tower with Radar,294,605,89,47,1035,0,0,1,0,1,294,605,90,47,1036,0,0,0,1036
07/17/2004,PIT,PA,AEA,CE,Combined TRACON& Tower with Radar,267,507,50,10,834,0,0,0,0,0,267,507,50,10,834,0,0,0,834
07/18/2004,PIT,PA,AEA,CE,Combined TRACON& Tower with Radar,295,493,60,4,852,0,0,0,0,0,295,493,60,4,852,0,0,0,852
07/19/2004,PIT,PA,AEA,CE,Combined TRACON& Tower with Radar,290,605,78,7,980,0,0,0,0,0,290,605,78,7,980,0,0,0,980
07/20/2004,PIT,PA,AEA,CE,Combined TRACON& Tower with Radar,310,609,113,40,1072,0,0,3,1,4,310,609,116,41,1076,0,0,0,1076
07/21/2004,PIT,PA,AEA,CE,Combined TRACON& Tower with Radar,308,615,127,17,1067,0,0,0,1,1,308,615,127,18,1068,0,0,0,1068
07/22/2004,PIT,PA,AEA,CE,Combined TRACON& Tower with Radar,304,600,93,23,1020,0,0,0,4,4,304,600,93,27,1024,0,0,0,1024
07/23/2004,PIT,PA,AEA,CE,Combined TRACON& Tower with Radar,322,611,78,36,1047,0,0,0,0,0,322,611,78,36,1047,0,0,0,1047
07/24/2004,PIT,PA,AEA,CE,Combined TRACON& Tower with Radar,259,507,48,16,830,0,0,2,0,2,259,507,50,16,832,0,0,0,832
07/25/2004,PIT,PA,AEA,CE,Combined TRACON& Tower with Radar,289,497,57,14,857,0,0,1,0,1,289,497,58,14,858,0,0,0,858
07/26/2004,PIT,PA,AEA,CE,Combined TRACON& Tower with Radar,294,598,67,11,970,0,0,0,0,0,294,598,67,11,970,0,0,0,970
07/27/2004,PIT,PA,AEA,CE,Combined TRACON& Tower with Radar,304,612,76,24,1016,0,0,0,0,0,304,612,76,24,1016,0,0,0,1016
07/28/2004,PIT,PA,AEA,CE,Combined TRACON& Tower with Radar,302,618,91,38,1049,0,3,0,1,4,302,621,91,39,1053,0,0,0,1053
07/29/2004,PIT,PA,AEA,CE,Combined TRACON& Tower with Radar,303,612,113,23,1051,0,0,2,0,2,303,612,115,23,1053,0,0,0,1053
07/30/2004,PIT,PA,AEA,CE,Combined TRACON& Tower with Radar,304,601,71,56,1032,0,0,1,0,1,304,601,72,56,1033,0,0,0,1033
07/31/2004,PIT,PA,AEA,CE,Combined TRACON& Tower with Radar,260,474,61,25,820,0,1,0,1,2,260,475,61,26,822,0,0,0,822
08/01/2004,PIT,PA,AEA,CE,Combined TRACON& Tower with Radar,250,465,57,3,775,0,0,0,0,0,250,465,57,3,775,0,0,0,775
08/02/2004,PIT,PA,AEA,CE,Combined TRACON& Tower with Radar,283,559,83,14,939,0,1,1,0,2,283,560,84,14,941,0,0,0,941
08/03/2004,PIT,PA,AEA,CE,Combined TRACON& Tower with Radar,301,620,74,25,1020,0,0,3,0,3,301,620,77,25,1023,0,0,0,1023
08/04/2004,PIT,PA,AEA,CE,Combined TRACON& Tower with Radar,306,594,86,17,1003,0,0,0,0,0,306,594,86,17,1003,0,0,0,1003
08/05/2004,PIT,PA,AEA,CE,Combined TRACON& Tower with Radar,301,622,82,17,1022,0,1,1,0,2,301,623,83,17,1024,0,0,0,1024
08/06/2004,PIT,PA,AEA,CE,Combined TRACON& Tower with Radar,310,601,92,28,1031,0,0,0,0,0,310,601,92,28,1031,0,0,0,1031
08/07/2004,PIT,PA,AEA,CE,Combined TRACON& Tower with Radar,262,495,58,17,832,0,0,0,0,0,262,495,58,17,832,0,0,0,832
08/08/2004,PIT,PA,AEA,CE,Combined TRACON& Tower with Radar,271,476,51,17,815,0,0,2,0,2,271,476,53,17,817,0,0,0,817
08/09/2004,PIT,PA,AEA,CE,Combined TRACON& Tower with Radar,271,540,77,24,912,0,0,0,1,1,271,540,77,25,913,0,0,0,913
08/10/2004,PIT,PA,AEA,CE,Combined TRACON& Tower with Radar,306,574,76,14,970,0,0,0,0,0,306,574,76,14,970,0,0,0,970
08/11/2004,PIT,PA,AEA,CE,Combined TRACON& Tower with Radar,315,610,78,18,1021,0,0,0,0,0,315,610,78,18,1021,0,0,0,1021
08/12/2004,PIT,PA,AEA,CE,Combined TRACON& Tower with Radar,317,617,84,16,1034,0,0,0,0,0,317,617,84,16,1034,0,0,0,1034
08/13/2004,PIT,PA,AEA,CE,Combined TRACON& Tower with Radar,427,564,57,15,1063,0,0,1,0,1,427,564,58,15,1064,0,0,0,1064
08/14/2004,PIT,PA,AEA,CE,Combined TRACON& Tower with Radar,253,485,33,4,775,0,0,0,0,0,253,485,33,4,775,0,0,0,775
08/15/2004,PIT,PA,AEA,CE,Combined TRACON& Tower with Radar,282,488,81,7,858,0,0,0,0,0,282,488,81,7,858,0,0,0,858
08/16/2004,PIT,PA,AEA,CE,Combined TRACON& Tower with Radar,397,551,75,4,1027,0,2,0,0,2,397,553,75,4,1029,0,0,0,1029
08/17/2004,PIT,PA,AEA,CE,Combined TRACON& Tower with Radar,300,632,101,16,1049,0,0,2,1,3,300,632,103,17,1052,0,0,0,1052
08/18/2004,PIT,PA,AEA,CE,Combined TRACON& Tower with Radar,296,591,83,12,982,0,0,0,0,0,296,591,83,12,982,0,0,0,982
08/19/2004,PIT,PA,AEA,CE,Combined TRACON& Tower with Radar,285,549,67,48,949,0,0,1,0,1,285,549,68,48,950,0,0,0,950
08/20/2004,PIT,PA,AEA,CE,Combined TRACON& Tower with Radar,320,612,56,31,1019,0,0,0,0,0,320,612,56,31,1019,0,0,0,1019
08/21/2004,PIT,PA,AEA,CE,Combined TRACON& Tower with Radar,248,437,82,9,776,0,0,0,0,0,248,437,82,9,776,0,0,0,776
08/22/2004,PIT,PA,AEA,CE,Combined TRACON& Tower with Radar,297,488,62,12,859,0,0,0,1,1,297,488,62,13,860,0,0,0,860
08/23/2004,PIT,PA,AEA,CE,Combined TRACON& Tower with Radar,294,584,89,16,983,0,0,19,0,19,294,584,108,16,1002,0,0,0,1002
08/24/2004,PIT,PA,AEA,CE,Combined TRACON& Tower with Radar,296,602,96,26,1020,0,0,0,0,0,296,602,96,26,1020,0,0,0,1020
08/25/2004,PIT,PA,AEA,CE,Combined TRACON& Tower with Radar,299,611,95,22,1027,0,0,0,0,0,299,611,95,22,1027,0,0,0,1027
08/26/2004,PIT,PA,AEA,CE,Combined TRACON& Tower with Radar,310,615,98,21,1044,0,0,1,0,1,310,615,99,21,1045,0,0,0,1045
08/27/2004,PIT,PA,AEA,CE,Combined TRACON& Tower with Radar,305,623,59,15,1002,0,0,2,1,3,305,623,61,16,1005,0,0,0,1005
08/28/2004,PIT,PA,AEA,CE,Combined TRACON& Tower with Radar,235,480,42,6,763,0,0,0,0,0,235,480,42,6,763,0,0,0,763
08/29/2004,PIT,PA,AEA,CE,Combined TRACON& Tower with Radar,264,489,41,10,804,0,0,0,0,0,264,489,41,10,804,0,0,0,804
08/30/2004,PIT,PA,AEA,CE,Combined TRACON& Tower with Radar,293,597,65,12,967,0,0,0,0,0,293,597,65,12,967,0,0,0,967
08/31/2004,PIT,PA,AEA,CE,Combined TRACON& Tower with Radar,302,626,83,20,1031,0,2,0,0,2,302,628,83,20,1033,0,0,0,1033
09/01/2004,PIT,PA,AEA,CE,Combined TRACON& Tower with Radar,305,582,97,23,1007,0,0,1,0,1,305,582,98,23,1008,0,0,0,1008
09/02/2004,PIT,PA,AEA,CE,Combined TRACON& Tower with Radar,296,559,96,35,986,0,0,1,1,2,296,559,97,36,988,0,0,0,988
09/03/2004,PIT,PA,AEA,CE,Combined TRACON& Tower with Radar,287,580,60,11,938,0,0,0,0,0,287,580,60,11,938,0,0,0,938
09/04/2004,PIT,PA,AEA,CE,Combined TRACON& Tower with Radar,204,404,53,7,668,0,0,1,0,1,204,404,54,7,669,0,0,0,669
09/05/2004,PIT,PA,AEA,CE,Combined TRACON& Tower with Radar,203,341,43,12,599,0,0,25,0,25,203,341,68,12,624,0,0,0,624
09/06/2004,PIT,PA,AEA,CE,Combined TRACON& Tower with Radar,260,463,57,12,792,0,0,19,0,19,260,463,76,12,811,0,0,0,811
09/07/2004,PIT,PA,AEA,CE,Combined TRACON& Tower with Radar,295,547,73,23,938,0,0,3,0,3,295,547,76,23,941,0,0,0,941
09/08/2004,PIT,PA,AEA,CE,Combined TRACON& Tower with Radar,299,542,66,14,921,0,0,0,0,0,299,542,66,14,921,0,0,0,921
09/09/2004,PIT,PA,AEA,CE,Combined TRACON& Tower with Radar,300,586,82,30,998,0,0,0,1,1,300,586,82,31,999,0,0,0,999
09/10/2004,PIT,PA,AEA,CE,Combined TRACON& Tower with Radar,282,539,100,22,943,0,0,2,0,2,282,539,102,22,945,0,0,0,945
09/11/2004,PIT,PA,AEA,CE,Combined TRACON& Tower with Radar,205,380,50,11,646,0,0,1,1,2,205,380,51,12,648,0,0,0,648
09/12/2004,PIT,PA,AEA,CE,Combined TRACON& Tower with Radar,274,427,62,18,781,0,0,0,0,0,274,427,62,18,781,0,0,0,781
09/13/2004,PIT,PA,AEA,CE,Combined TRACON& Tower with Radar,286,554,114,4,958,0,0,0,0,0,286,554,114,4,958,0,0,0,958
09/14/2004,PIT,PA,AEA,CE,Combined TRACON& Tower with Radar,302,580,78,25,985,0,0,0,1,1,302,580,78,26,986,0,0,0,986
09/15/2004,PIT,PA,AEA,CE,Combined TRACON& Tower with Radar,285,586,86,42,999,0,0,3,0,3,285,586,89,42,1002,0,0,0,1002
09/16/2004,PIT,PA,AEA,CE,Combined TRACON& Tower with Radar,305,584,94,46,1029,0,0,0,0,0,305,584,94,46,1029,0,0,0,1029
09/17/2004,PIT,PA,AEA,CE,Combined TRACON& Tower with Radar,288,538,61,19,906,0,0,0,0,0,288,538,61,19,906,0,0,0,906
09/18/2004,PIT,PA,AEA,CE,Combined TRACON& Tower with Radar,261,437,54,16,768,0,0,0,0,0,261,437,54,16,768,0,0,0,768
09/19/2004,PIT,PA,AEA,CE,Combined TRACON& Tower with Radar,274,426,67,9,776,0,1,19,0,20,274,427,86,9,796,0,0,0,796
09/20/2004,PIT,PA,AEA,CE,Combined TRACON& Tower with Radar,294,575,78,19,966,0,0,4,0,4,294,575,82,19,970,0,0,0,970
09/21/2004,PIT,PA,AEA,CE,Combined TRACON& Tower with Radar,311,595,107,24,1037,0,0,0,1,1,311,595,107,25,1038,0,0,0,1038
09/22/2004,PIT,PA,AEA,CE,Combined TRACON& Tower with Radar,295,582,130,38,1045,0,0,1,2,3,295,582,131,40,1048,0,0,0,1048
09/23/2004,PIT,PA,AEA,CE,Combined TRACON& Tower with Radar,308,596,102,28,1034,0,1,1,0,2,308,597,103,28,1036,0,0,0,1036
09/24/2004,PIT,PA,AEA,CE,Combined TRACON& Tower with Radar,307,581,80,21,989,0,0,1,0,1,307,581,81,21,990,0,0,0,990
09/25/2004,PIT,PA,AEA,CE,Combined TRACON& Tower with Radar,226,420,49,2,697,0,0,0,0,0,226,420,49,2,697,0,0,0,697
09/26/2004,PIT,PA,AEA,CE,Combined TRACON& Tower with Radar,245,434,61,14,754,0,0,18,0,18,245,434,79,14,772,0,0,0,772
09/27/2004,PIT,PA,AEA,CE,Combined TRACON& Tower with Radar,279,554,77,7,917,0,0,1,0,1,279,554,78,7,918,0,0,0,918
09/28/2004,PIT,PA,AEA,CE,Combined TRACON& Tower with Radar,298,585,71,6,960,0,0,22,0,22,298,585,93,6,982,0,0,0,982
09/29/2004,PIT,PA,AEA,CE,Combined TRACON& Tower with Radar,306,587,94,27,1014,0,0,0,1,1,306,587,94,28,1015,0,0,0,1015
09/30/2004,PIT,PA,AEA,CE,Combined TRACON& Tower with Radar,303,592,103,14,1012,0,0,2,1,3,303,592,105,15,1015,0,0,0,1015
10/01/2004,PIT,PA,AEA,CE,Combined TRACON& Tower with Radar,322,589,62,15,988,0,0,2,0,2,322,589,64,15,990,0,0,0,990
10/02/2004,PIT,PA,AEA,CE,Combined TRACON& Tower with Radar,236,428,58,9,731,0,0,6,0,6,236,428,64,9,737,0,0,0,737
10/03/2004,PIT,PA,AEA,CE,Combined TRACON& Tower with Radar,288,413,75,0,776,0,0,19,0,19,288,413,94,0,795,0,0,0,795
10/04/2004,PIT,PA,AEA,CE,Combined TRACON& Tower with Radar,277,548,55,15,895,0,0,1,0,1,277,548,56,15,896,0,0,0,896
10/05/2004,PIT,PA,AEA,CE,Combined TRACON& Tower with Radar,282,536,74,33,925,0,0,2,0,2,282,536,76,33,927,0,0,0,927
10/06/2004,PIT,PA,AEA,CE,Combined TRACON& Tower with Radar,266,501,67,16,850,0,0,12,0,12,266,501,79,16,862,0,0,0,862
10/07/2004,PIT,PA,AEA,CE,Combined TRACON& Tower with Radar,285,565,100,34,984,0,0,1,4,5,285,565,101,38,989,0,0,0,989
10/08/2004,PIT,PA,AEA,CE,Combined TRACON& Tower with Radar,313,573,101,7,994,0,0,3,1,4,313,573,104,8,998,0,0,0,998
10/09/2004,PIT,PA,AEA,CE,Combined TRACON& Tower with Radar,204,368,33,7,612,0,0,0,0,0,204,368,33,7,612,0,0,0,612
10/10/2004,PIT,PA,AEA,CE,Combined TRACON& Tower with Radar,252,414,42,3,711,0,0,0,0,0,252,414,42,3,711,0,0,0,711
10/11/2004,PIT,PA,AEA,CE,Combined TRACON& Tower with Radar,268,506,103,9,886,0,0,18,0,18,268,506,121,9,904,0,0,0,904
10/12/2004,PIT,PA,AEA,CE,Combined TRACON& Tower with Radar,289,539,90,18,936,0,0,0,2,2,289,539,90,20,938,0,0,0,938
10/13/2004,PIT,PA,AEA,CE,Combined TRACON& Tower with Radar,302,552,101,26,981,0,0,0,0,0,302,552,101,26,981,0,0,0,981
10/14/2004,PIT,PA,AEA,CE,Combined TRACON& Tower with Radar,285,578,84,25,972,0,0,0,0,0,285,578,84,25,972,0,0,0,972
10/15/2004,PIT,PA,AEA,CE,Combined TRACON& Tower with Radar,302,550,65,21,938,0,0,0,0,0,302,550,65,21,938,0,0,0,938
10/16/2004,PIT,PA,AEA,CE,Combined TRACON& Tower with Radar,223,388,41,5,657,0,0,0,0,0,223,388,41,5,657,0,0,0,657
10/17/2004,PIT,PA,AEA,CE,Combined TRACON& Tower with Radar,256,425,70,10,761,0,0,0,0,0,256,425,70,10,761,0,0,0,761
10/18/2004,PIT,PA,AEA,CE,Combined TRACON& Tower with Radar,276,519,81,24,900,0,0,0,0,0,276,519,81,24,900,0,0,0,900
10/19/2004,PIT,PA,AEA,CE,Combined TRACON& Tower with Radar,290,526,68,15,899,0,0,0,0,0,290,526,68,15,899,0,0,0,899
10/20/2004,PIT,PA,AEA,CE,Combined TRACON& Tower with Radar,290,559,95,26,970,0,0,2,1,3,290,559,97,27,973,0,0,0,973
10/21/2004,PIT,PA,AEA,CE,Combined TRACON& Tower with Radar,282,545,81,19,927,0,0,0,2,2,282,545,81,21,929,0,0,0,929
10/22/2004,PIT,PA,AEA,CE,Combined TRACON& Tower with Radar,297,541,97,29,964,0,0,1,0,1,297,541,98,29,965,0,0,0,965
10/23/2004,PIT,PA,AEA,CE,Combined TRACON& Tower with Radar,226,395,53,6,680,0,0,2,0,2,226,395,55,6,682,0,0,0,682
10/24/2004,PIT,PA,AEA,CE,Combined TRACON& Tower with Radar,257,402,70,4,733,0,0,18,0,18,257,402,88,4,751,0,0,0,751
10/25/2004,PIT,PA,AEA,CE,Combined TRACON& Tower with Radar,265,534,115,5,919,0,0,0,0,0,265,534,115,5,919,0,0,0,919
10/26/2004,PIT,PA,AEA,CE,Combined TRACON& Tower with Radar,293,527,106,29,955,0,0,0,7,7,293,527,106,36,962,0,0,0,962
10/27/2004,PIT,PA,AEA,CE,Combined TRACON& Tower with Radar,288,545,112,33,978,0,1,4,0,5,288,546,116,33,983,0,0,0,983
10/28/2004,PIT,PA,AEA,CE,Combined TRACON& Tower with Radar,289,544,84,28,945,0,1,5,0,6,289,545,89,28,951,0,0,0,951
10/29/2004,PIT,PA,AEA,CE,Combined TRACON& Tower with Radar,302,550,65,21,938,0,0,0,0,0,302,550,65,21,938,0,0,0,938
10/30/2004,PIT,PA,AEA,CE,Combined TRACON& Tower with Radar,233,397,39,9,678,0,0,1,0,1,233,397,40,9,679,0,0,0,679
10/31/2004,PIT,PA,AEA,CE,Combined TRACON& Tower with Radar,284,410,59,1,754,0,0,4,0,4,284,410,63,1,758,0,0,0,758
11/01/2004,PIT,PA,AEA,CE,Combined TRACON& Tower with Radar,264,533,84,29,910,0,0,4,18,22,264,533,88,47,932,0,0,0,932
11/02/2004,PIT,PA,AEA,CE,Combined TRACON& Tower with Radar,271,554,65,16,906,0,0,4,0,4,271,554,69,16,910,0,0,0,910
11/03/2004,PIT,PA,AEA,CE,Combined TRACON& Tower with Radar,286,547,71,19,923,0,0,0,0,0,286,547,71,19,923,0,0,0,923
11/04/2004,PIT,PA,AEA,CE,Combined TRACON& Tower with Radar,286,565,86,17,954,0,20,2,0,22,286,585,88,17,976,0,0,0,976
11/05/2004,PIT,PA,AEA,CE,Combined TRACON& Tower with Radar,271,553,95,14,933,0,0,1,0,1,271,553,96,14,934,0,0,0,934
11/06/2004,PIT,PA,AEA,CE,Combined TRACON& Tower with Radar,179,329,43,26,577,0,0,18,0,18,179,329,61,26,595,0,0,0,595
11/07/2004,PIT,PA,AEA,CE,Combined TRACON& Tower with Radar,204,383,83,13,683,0,0,21,0,21,204,383,104,13,704,0,0,0,704
11/08/2004,PIT,PA,AEA,CE,Combined TRACON& Tower with Radar,206,446,101,15,768,0,0,2,0,2,206,446,103,15,770,0,0,0,770
11/09/2004,PIT,PA,AEA,CE,Combined TRACON& Tower with Radar,232,469,76,24,801,0,0,0,0,0,232,469,76,24,801,0,0,0,801
11/10/2004,PIT,PA,AEA,CE,Combined TRACON& Tower with Radar,228,458,98,27,811,0,0,1,1,2,228,458,99,28,813,0,0,0,813
11/11/2004,PIT,PA,AEA,CE,Combined TRACON& Tower with Radar,226,463,90,5,784,0,0,1,0,1,226,463,91,5,785,0,0,0,785
11/12/2004,PIT,PA,AEA,CE,Combined TRACON& Tower with Radar,212,439,76,9,736,0,0,1,0,1,212,439,77,9,737,0,0,0,737
11/13/2004,PIT,PA,AEA,CE,Combined TRACON& Tower with Radar,166,327,55,5,553,0,0,2,0,2,166,327,57,5,555,0,0,0,555
11/14/2004,PIT,PA,AEA,CE,Combined TRACON& Tower with Radar,199,345,63,9,616,0,0,0,0,0,199,345,63,9,616,0,0,0,616
11/15/2004,PIT,PA,AEA,CE,Combined TRACON& Tower with Radar,208,459,90,9,766,0,0,3,0,3,208,459,93,9,769,0,0,0,769
11/16/2004,PIT,PA,AEA,CE,Combined TRACON& Tower with Radar,241,459,101,26,827,0,0,0,2,2,241,459,101,28,829,0,0,0,829
11/17/2004,PIT,PA,AEA,CE,Combined TRACON& Tower with Radar,227,461,73,46,807,0,0,1,4,5,227,461,74,50,812,0,0,0,812
11/18/2004,PIT,PA,AEA,CE,Combined TRACON& Tower with Radar,236,457,79,17,789,0,0,0,0,0,236,457,79,17,789,0,0,0,789
11/19/2004,PIT,PA,AEA,CE,Combined TRACON& Tower with Radar,231,492,58,23,804,0,0,0,0,0,231,492,58,23,804,0,0,0,804
11/20/2004,PIT,PA,AEA,CE,Combined TRACON& Tower with Radar,194,350,46,8,598,0,0,0,0,0,194,350,46,8,598,0,0,0,598
11/21/2004,PIT,PA,AEA,CE,Combined TRACON& Tower with Radar,207,345,46,11,609,0,0,0,0,0,207,345,46,11,609,0,0,0,609
11/22/2004,PIT,PA,AEA,CE,Combined TRACON& Tower with Radar,204,445,83,24,756,0,0,0,0,0,204,445,83,24,756,0,0,0,756
11/23/2004,PIT,PA,AEA,CE,Combined TRACON& Tower with Radar,235,476,89,19,819,0,0,0,0,0,235,476,89,19,819,0,0,0,819
11/24/2004,PIT,PA,AEA,CE,Combined TRACON& Tower with Radar,230,451,45,17,743,0,0,0,0,0,230,451,45,17,743,0,0,0,743
11/25/2004,PIT,PA,AEA,CE,Combined TRACON& Tower with Radar,186,362,23,10,581,0,0,0,0,0,186,362,23,10,581,0,0,0,581
11/26/2004,PIT,PA,AEA,CE,Combined TRACON& Tower with Radar,166,309,38,10,523,0,0,1,0,1,166,309,39,10,524,0,0,0,524
11/27/2004,PIT,PA,AEA,CE,Combined TRACON& Tower with Radar,204,404,42,9,659,0,0,1,2,3,204,404,43,11,662,0,0,0,662
11/28/2004,PIT,PA,AEA,CE,Combined TRACON& Tower with Radar,225,398,100,5,728,0,0,0,0,0,225,398,100,5,728,0,0,0,728
11/29/2004,PIT,PA,AEA,CE,Combined TRACON& Tower with Radar,229,463,73,16,781,0,0,0,0,0,229,463,73,16,781,0,0,0,781
11/30/2004,PIT,PA,AEA,CE,Combined TRACON& Tower with Radar,239,464,71,18,792,0,0,0,0,0,239,464,71,18,792,0,0,0,792
12/01/2004,PIT,PA,AEA,CE,Combined TRACON& Tower with Radar,241,477,60,35,813,0,0,0,1,1,241,477,60,36,814,0,0,0,814
12/02/2004,PIT,PA,AEA,CE,Combined TRACON& Tower with Radar,245,484,81,35,845,0,0,1,0,1,245,484,82,35,846,0,0,0,846
12/03/2004,PIT,PA,AEA,CE,Combined TRACON& Tower with Radar,222,451,62,17,752,0,0,2,0,2,222,451,64,17,754,0,0,0,754
12/04/2004,PIT,PA,AEA,CE,Combined TRACON& Tower with Radar,188,337,67,9,601,0,0,1,0,1,188,337,68,9,602,0,0,0,602
12/05/2004,PIT,PA,AEA,CE,Combined TRACON& Tower with Radar,213,361,52,10,636,0,0,2,4,6,213,361,54,14,642,0,0,0,642
12/06/2004,PIT,PA,AEA,CE,Combined TRACON& Tower with Radar,205,445,48,14,712,0,0,0,0,0,205,445,48,14,712,0,0,0,712
12/07/2004,PIT,PA,AEA,CE,Combined TRACON& Tower with Radar,240,449,51,21,761,0,0,0,0,0,240,449,51,21,761,0,0,0,761
12/08/2004,PIT,PA,AEA,CE,Combined TRACON& Tower with Radar,240,469,97,14,820,0,0,0,1,1,240,469,97,15,821,0,0,0,821
12/09/2004,PIT,PA,AEA,CE,Combined TRACON& Tower with Radar,232,459,99,21,811,0,0,1,0,1,232,459,100,21,812,0,0,0,812
12/10/2004,PIT,PA,AEA,CE,Combined TRACON& Tower with Radar,231,398,76,14,719,0,0,0,0,0,231,398,76,14,719,0,0,0,719
12/11/2004,PIT,PA,AEA,CE,Combined TRACON& Tower with Radar,187,334,21,1,543,0,0,0,0,0,187,334,21,1,543,0,0,0,543
12/12/2004,PIT,PA,AEA,CE,Combined TRACON& Tower with Radar,210,368,37,6,621,0,0,0,0,0,210,368,37,6,621,0,0,0,621
12/13/2004,PIT,PA,AEA,CE,Combined TRACON& Tower with Radar,215,453,50,39,757,0,0,0,8,8,215,453,50,47,765,0,0,0,765
12/14/2004,PIT,PA,AEA,CE,Combined TRACON& Tower with Radar,238,446,53,22,759,0,0,0,0,0,238,446,53,22,759,0,0,0,759
12/15/2004,PIT,PA,AEA,CE,Combined TRACON& Tower with Radar,219,467,73,30,789,0,0,0,0,0,219,467,73,30,789,0,0,0,789
12/16/2004,PIT,PA,AEA,CE,Combined TRACON& Tower with Radar,243,466,109,45,863,0,0,1,0,1,243,466,110,45,864,0,0,0,864
12/17/2004,PIT,PA,AEA,CE,Combined TRACON& Tower with Radar,238,473,70,14,795,0,0,0,0,0,238,473,70,14,795,0,0,0,795
12/18/2004,PIT,PA,AEA,CE,Combined TRACON& Tower with Radar,186,344,51,7,588,0,0,0,0,0,186,344,51,7,588,0,0,0,588
12/19/2004,PIT,PA,AEA,CE,Combined TRACON& Tower with Radar,197,344,27,8,576,0,0,0,0,0,197,344,27,8,576,0,0,0,576
12/20/2004,PIT,PA,AEA,CE,Combined TRACON& Tower with Radar,227,453,85,13,778,0,0,0,0,0,227,453,85,13,778,0,0,0,778
12/21/2004,PIT,PA,AEA,CE,Combined TRACON& Tower with Radar,245,489,102,27,863,0,1,0,0,1,245,490,102,27,864,0,0,0,864
12/22/2004,PIT,PA,AEA,CE,Combined TRACON& Tower with Radar,239,447,62,17,765,0,0,0,0,0,239,447,62,17,765,0,0,0,765
12/23/2004,PIT,PA,AEA,CE,Combined TRACON& Tower with Radar,233,387,42,7,669,0,0,0,0,0,233,387,42,7,669,0,0,0,669
12/24/2004,PIT,PA,AEA,CE,Combined TRACON& Tower with Radar,221,425,35,9,690,0,0,0,0,0,221,425,35,9,690,0,0,0,690
12/25/2004,PIT,PA,AEA,CE,Combined TRACON& Tower with Radar,169,279,8,6,462,0,0,0,0,0,169,279,8,6,462,0,0,0,462
12/26/2004,PIT,PA,AEA,CE,Combined TRACON& Tower with Radar,199,318,51,6,574,0,0,2,0,2,199,318,53,6,576,0,0,0,576
12/27/2004,PIT,PA,AEA,CE,Combined TRACON& Tower with Radar,229,449,65,14,757,0,0,0,0,0,229,449,65,14,757,0,0,0,757
12/28/2004,PIT,PA,AEA,CE,Combined TRACON& Tower with Radar,244,454,60,18,776,0,0,0,1,1,244,454,60,19,777,0,0,0,777
12/29/2004,PIT,PA,AEA,CE,Combined TRACON& Tower with Radar,238,445,60,17,760,0,0,0,0,0,238,445,60,17,760,0,0,0,760
12/30/2004,PIT,PA,AEA,CE,Combined TRACON& Tower with Radar,247,458,46,16,767,0,0,1,0,1,247,458,47,16,768,0,0,0,768
12/31/2004,PIT,PA,AEA,CE,Combined TRACON& Tower with Radar,212,398,31,8,649,0,0,0,0,0,212,398,31,8,649,0,0,0,649
01/01/2005,PIT,PA,AEA,CE,Combined TRACON& Tower with Radar,156,261,25,0,442,0,0,0,0,0,156,261,25,0,442,0,0,0,442
01/02/2005,PIT,PA,AEA,CE,Combined TRACON& Tower with Radar,206,365,42,13,626,0,0,0,0,0,206,365,42,13,626,0,0,0,626
01/03/2005,PIT,PA,AEA,CE,Combined TRACON& Tower with Radar,228,453,34,9,724,0,0,0,0,0,228,453,34,9,724,0,0,0,724
01/04/2005,PIT,PA,AEA,CE,Combined TRACON& Tower with Radar,227,442,37,20,726,0,0,0,0,0,227,442,37,20,726,0,0,0,726
01/05/2005,PIT,PA,AEA,CE,Combined TRACON& Tower with Radar,226,434,38,11,709,0,0,0,0,0,226,434,38,11,709,0,0,0,709
01/06/2005,PIT,PA,AEA,CE,Combined TRACON& Tower with Radar,236,440,61,23,760,0,1,0,0,1,236,441,61,23,761,0,0,0,761
01/07/2005,PIT,PA,AEA,CE,Combined TRACON& Tower with Radar,242,467,55,29,793,0,0,0,0,0,242,467,55,29,793,0,0,0,793
01/08/2005,PIT,PA,AEA,CE,Combined TRACON& Tower with Radar,184,330,21,12,547,0,0,0,0,0,184,330,21,12,547,0,0,0,547
01/09/2005,PIT,PA,AEA,CE,Combined TRACON& Tower with Radar,202,360,46,8,616,0,0,4,0,4,202,360,50,8,620,0,0,0,620
01/10/2005,PIT,PA,AEA,CE,Combined TRACON& Tower with Radar,216,465,75,41,797,0,0,0,0,0,216,465,75,41,797,0,0,0,797
01/11/2005,PIT,PA,AEA,CE,Combined TRACON& Tower with Radar,269,469,43,16,797,0,0,0,0,0,269,469,43,16,797,0,0,0,797
01/12/2005,PIT,PA,AEA,CE,Combined TRACON& Tower with Radar,266,444,53,35,798,0,0,0,1,1,266,444,53,36,799,0,0,0,799
01/13/2005,PIT,PA,AEA,CE,Combined TRACON& Tower with Radar,243,439,48,15,745,0,0,0,0,0,243,439,48,15,745,0,0,0,745
01/14/2005,PIT,PA,AEA,CE,Combined TRACON& Tower with Radar,234,473,77,9,793,0,0,0,0,0,234,473,77,9,793,0,0,0,793
01/15/2005,PIT,PA,AEA,CE,Combined TRACON& Tower with Radar,178,327,57,4,566,0,0,0,0,0,178,327,57,4,566,0,0,0,566
01/16/2005,PIT,PA,AEA,CE,Combined TRACON& Tower with Radar,203,351,28,1,583,0,0,0,0,0,203,351,28,1,583,0,0,0,583
01/17/2005,PIT,PA,AEA,CE,Combined TRACON& Tower with Radar,210,441,46,7,704,0,0,0,0,0,210,441,46,7,704,0,0,0,704
01/18/2005,PIT,PA,AEA,CE,Combined TRACON& Tower with Radar,214,455,64,48,781,0,0,1,0,1,214,455,65,48,782,0,0,0,782
01/19/2005,PIT,PA,AEA,CE,Combined TRACON& Tower with Radar,213,407,62,4,686,0,0,0,0,0,213,407,62,4,686,0,0,0,686
01/20/2005,PIT,PA,AEA,CE,Combined TRACON& Tower with Radar,209,438,63,35,745,0,0,0,0,0,209,438,63,35,745,0,0,0,745
01/21/2005,PIT,PA,AEA,CE,Combined TRACON& Tower with Radar,233,470,104,26,833,0,0,3,0,3,233,470,107,26,836,0,0,0,836
01/22/2005,PIT,PA,AEA,CE,Combined TRACON& Tower with Radar,193,219,21,0,433,0,0,0,0,0,193,219,21,0,433,0,0,0,433
01/23/2005,PIT,PA,AEA,CE,Combined TRACON& Tower with Radar,163,311,43,7,524,0,0,0,0,0,163,311,43,7,524,0,0,0,524
01/24/2005,PIT,PA,AEA,CE,Combined TRACON& Tower with Radar,206,442,93,20,761,0,0,0,0,0,206,442,93,20,761,0,0,0,761
01/25/2005,PIT,PA,AEA,CE,Combined TRACON& Tower with Radar,208,438,92,31,769,0,0,0,0,0,208,438,92,31,769,0,0,0,769
01/26/2005,PIT,PA,AEA,CE,Combined TRACON& Tower with Radar,210,462,79,31,782,0,0,0,0,0,210,462,79,31,782,0,0,0,782
01/27/2005,PIT,PA,AEA,CE,Combined TRACON& Tower with Radar,227,481,87,40,835,0,0,1,0,1,227,481,88,40,836,0,0,0,836
01/28/2005,PIT,PA,AEA,CE,Combined TRACON& Tower with Radar,228,477,80,46,831,0,1,0,0,1,228,478,80,46,832,0,0,0,832
01/29/2005,PIT,PA,AEA,CE,Combined TRACON& Tower with Radar,152,301,22,2,477,0,0,0,0,0,152,301,22,2,477,0,0,0,477
01/30/2005,PIT,PA,AEA,CE,Combined TRACON& Tower with Radar,195,360,40,5,600,0,0,2,0,2,195,360,42,5,602,0,0,0,602
01/31/2005,PIT,PA,AEA,CE,Combined TRACON& Tower with Radar,220,449,63,7,739,0,0,0,0,0,220,449,63,7,739,0,0,0,739
02/01/2005,PIT,PA,AEA,CE,Combined TRACON& Tower with Radar,219,459,78,25,781,0,0,0,0,0,219,459,78,25,781,0,0,0,781
02/02/2005,PIT,PA,AEA,CE,Combined TRACON& Tower with Radar,251,520,75,15,861,0,0,1,1,2,251,520,76,16,863,0,0,0,863
02/03/2005,PIT,PA,AEA,CE,Combined TRACON& Tower with Radar,212,452,76,24,764,0,0,0,0,0,212,452,76,24,764,0,0,0,764
02/04/2005,PIT,PA,AEA,CE,Combined TRACON& Tower with Radar,223,461,67,23,774,0,0,1,0,1,223,461,68,23,775,0,0,0,775
02/05/2005,PIT,PA,AEA,CE,Combined TRACON& Tower with Radar,177,318,54,13,562,0,0,0,1,1,177,318,54,14,563,0,0,0,563
02/06/2005,PIT,PA,AEA,CE,Combined TRACON& Tower with Radar,182,377,58,8,625,0,0,0,0,0,182,377,58,8,625,0,0,0,625
02/07/2005,PIT,PA,AEA,CE,Combined TRACON& Tower with Radar,203,491,64,19,777,0,0,1,18,19,203,491,65,37,796,0,0,0,796
02/08/2005,PIT,PA,AEA,CE,Combined TRACON& Tower with Radar,215,473,74,53,815,0,0,0,0,0,215,473,74,53,815,0,0,0,815
02/09/2005,PIT,PA,AEA,CE,Combined TRACON& Tower with Radar,206,341,53,21,621,0,0,0,0,0,206,341,53,21,621,0,0,0,621
02/10/2005,PIT,PA,AEA,CE,Combined TRACON& Tower with Radar,226,518,80,16,840,0,0,2,0,2,226,518,82,16,842,0,0,0,842
02/11/2005,PIT,PA,AEA,CE,Combined TRACON& Tower with Radar,216,502,72,11,801,0,0,0,0,0,216,502,72,11,801,0,0,0,801
02/12/2005,PIT,PA,AEA,CE,Combined TRACON& Tower with Radar,183,340,50,7,580,0,0,0,0,0,183,340,50,7,580,0,0,0,580
02/13/2005,PIT,PA,AEA,CE,Combined TRACON& Tower with Radar,190,378,44,1,613,0,0,0,10,10,190,378,44,11,623,0,0,0,623
02/14/2005,PIT,PA,AEA,CE,Combined TRACON& Tower with Radar,194,479,42,5,720,0,0,0,0,0,194,479,42,5,720,0,0,0,720
02/15/2005,PIT,PA,AEA,CE,Combined TRACON& Tower with Radar,321,497,79,16,913,0,0,0,0,0,321,497,79,16,913,0,0,0,913
02/16/2005,PIT,PA,AEA,CE,Combined TRACON& Tower with Radar,189,475,61,24,749,0,0,0,2,2,189,475,61,26,751,0,0,0,751
02/17/2005,PIT,PA,AEA,CE,Combined TRACON& Tower with Radar,297,469,61,14,841,0,0,0,0,0,297,469,61,14,841,0,0,0,841
02/18/2005,PIT,PA,AEA,CE,Combined TRACON& Tower with Radar,272,490,102,22,886,0,0,0,0,0,272,490,102,22,886,0,0,0,886
02/19/2005,PIT,PA,AEA,CE,Combined TRACON& Tower with Radar,187,339,39,10,575,0,0,2,0,2,187,339,41,10,577,0,0,0,577
02/20/2005,PIT,PA,AEA,CE,Combined TRACON& Tower with Radar,186,361,30,3,580,0,0,0,0,0,186,361,30,3,580,0,0,0,580
02/21/2005,PIT,PA,AEA,CE,Combined TRACON& Tower with Radar,189,463,62,12,726,0,0,1,0,1,189,463,63,12,727,0,0,0,727
02/22/2005,PIT,PA,AEA,CE,Combined TRACON& Tower with Radar,221,497,119,20,857,0,0,0,0,0,221,497,119,20,857,0,0,0,857
02/23/2005,PIT,PA,AEA,CE,Combined TRACON& Tower with Radar,196,483,71,32,782,0,0,0,0,0,196,483,71,32,782,0,0,0,782
02/24/2005,PIT,PA,AEA,CE,Combined TRACON& Tower with Radar,208,455,82,4,749,0,0,0,0,0,208,455,82,4,749,0,0,0,749
02/25/2005,PIT,PA,AEA,CE,Combined TRACON& Tower with Radar,226,529,91,31,877,1,0,0,0,1,227,529,91,31,878,0,0,0,878
02/26/2005,PIT,PA,AEA,CE,Combined TRACON& Tower with Radar,191,348,30,6,575,0,0,2,0,2,191,348,32,6,577,0,0,0,577
02/27/2005,PIT,PA,AEA,CE,Combined TRACON& Tower with Radar,182,371,50,9,612,0,0,0,0,0,182,371,50,9,612,0,0,0,612
02/28/2005,PIT,PA,AEA,CE,Combined TRACON& Tower with Radar,195,444,42,2,683,0,0,0,0,0,195,444,42,2,683,0,0,0,683
03/01/2005,PIT,PA,AEA,CE,Combined TRACON& Tower with Radar,221,469,57,4,751,0,0,0,0,0,221,469,57,4,751,0,0,0,751
03/02/2005,PIT,PA,AEA,CE,Combined TRACON& Tower with Radar,215,501,68,17,801,0,0,0,0,0,215,501,68,17,801,0,0,0,801
03/03/2005,PIT,PA,AEA,CE,Combined TRACON& Tower with Radar,218,518,104,10,850,0,0,0,0,0,218,518,104,10,850,0,0,0,850
03/04/2005,PIT,PA,AEA,CE,Combined TRACON& Tower with Radar,225,507,64,23,819,0,0,1,1,2,225,507,65,24,821,0,0,0,821
03/05/2005,PIT,PA,AEA,CE,Combined TRACON& Tower with Radar,188,351,33,38,610,0,0,0,1,1,188,351,33,39,611,0,0,0,611
03/06/2005,PIT,PA,AEA,CE,Combined TRACON& Tower with Radar,206,383,46,11,646,0,0,2,0,2,206,383,48,11,648,0,0,0,648
03/07/2005,PIT,PA,AEA,CE,Combined TRACON& Tower with Radar,212,484,67,41,804,1,0,0,0,1,213,484,67,41,805,0,0,0,805
03/08/2005,PIT,PA,AEA,CE,Combined TRACON& Tower with Radar,229,472,81,22,804,0,0,0,1,1,229,472,81,23,805,0,0,0,805
03/09/2005,PIT,PA,AEA,CE,Combined TRACON& Tower with Radar,215,495,84,47,841,0,0,0,0,0,215,495,84,47,841,0,0,0,841
03/10/2005,PIT,PA,AEA,CE,Combined TRACON& Tower with Radar,226,501,140,34,901,0,0,2,0,2,226,501,142,34,903,0,0,0,903
03/11/2005,PIT,PA,AEA,CE,Combined TRACON& Tower with Radar,227,488,55,8,778,0,0,0,0,0,227,488,55,8,778,0,0,0,778
03/12/2005,PIT,PA,AEA,CE,Combined TRACON& Tower with Radar,199,354,35,2,590,0,0,0,0,0,199,354,35,2,590,0,0,0,590
03/13/2005,PIT,PA,AEA,CE,Combined TRACON& Tower with Radar,192,386,51,2,631,0,0,0,0,0,192,386,51,2,631,0,0,0,631
03/14/2005,PIT,PA,AEA,CE,Combined TRACON& Tower with Radar,205,466,62,24,757,0,0,1,0,1,205,466,63,24,758,0,0,0,758
03/15/2005,PIT,PA,AEA,CE,Combined TRACON& Tower with Radar,219,514,100,34,867,0,2,0,0,2,219,516,100,34,869,0,0,0,869
03/16/2005,PIT,PA,AEA,CE,Combined TRACON& Tower with Radar,216,492,115,17,840,0,0,0,2,2,216,492,115,19,842,0,0,0,842
03/17/2005,PIT,PA,AEA,CE,Combined TRACON& Tower with Radar,202,486,69,24,781,0,0,0,0,0,202,486,69,24,781,0,0,0,781
03/18/2005,PIT,PA,AEA,CE,Combined TRACON& Tower with Radar,243,503,107,41,894,0,0,0,0,0,243,503,107,41,894,0,0,0,894
03/19/2005,PIT,PA,AEA,CE,Combined TRACON& Tower with Radar,203,369,33,23,628,0,0,0,0,0,203,369,33,23,628,0,0,0,628
03/20/2005,PIT,PA,AEA,CE,Combined TRACON& Tower with Radar,206,408,25,6,645,0,0,0,0,0,206,408,25,6,645,0,0,0,645
03/21/2005,PIT,PA,AEA,CE,Combined TRACON& Tower with Radar,214,490,67,25,796,0,0,0,0,0,214,490,67,25,796,0,0,0,796
03/22/2005,PIT,PA,AEA,CE,Combined TRACON& Tower with Radar,218,497,58,24,797,0,0,1,0,1,218,497,59,24,798,0,0,0,798
03/23/2005,PIT,PA,AEA,CE,Combined TRACON& Tower with Radar,200,483,67,45,795,0,0,0,0,0,200,483,67,45,795,0,0,0,795
03/24/2005,PIT,PA,AEA,CE,Combined TRACON& Tower with Radar,237,518,75,29,859,0,0,0,0,0,237,518,75,29,859,0,0,0,859
03/25/2005,PIT,PA,AEA,CE,Combined TRACON& Tower with Radar,212,496,47,16,771,0,0,0,0,0,212,496,47,16,771,0,0,0,771
03/26/2005,PIT,PA,AEA,CE,Combined TRACON& Tower with Radar,212,360,49,14,635,0,0,0,0,0,212,360,49,14,635,0,0,0,635
03/27/2005,PIT,PA,AEA,CE,Combined TRACON& Tower with Radar,187,371,33,5,596,0,0,0,0,0,187,371,33,5,596,0,0,0,596
03/28/2005,PIT,PA,AEA,CE,Combined TRACON& Tower with Radar,205,467,61,2,735,0,0,0,0,0,205,467,61,2,735,0,0,0,735
03/29/2005,PIT,PA,AEA,CE,Combined TRACON& Tower with Radar,231,535,101,35,902,0,0,3,2,5,231,535,104,37,907,0,0,0,907
03/30/2005,PIT,PA,AEA,CE,Combined TRACON& Tower with Radar,214,513,78,65,870,0,0,1,0,1,214,513,79,65,871,0,0,0,871
03/31/2005,PIT,PA,AEA,CE,Combined TRACON& Tower with Radar,224,527,67,84,902,0,1,1,0,2,224,528,68,84,904,0,0,0,904
04/01/2005,PIT,PA,AEA,CE,Combined TRACON& Tower with Radar,246,518,69,37,870,0,1,0,0,1,246,519,69,37,871,0,0,0,871
04/02/2005,PIT,PA,AEA,CE,Combined TRACON& Tower with Radar,191,369,25,13,598,0,0,0,0,0,191,369,25,13,598,0,0,0,598
04/03/2005,PIT,PA,AEA,CE,Combined TRACON& Tower with Radar,182,329,39,2,552,0,0,0,0,0,182,329,39,2,552,0,0,0,552
04/04/2005,PIT,PA,AEA,CE,Combined TRACON& Tower with Radar,218,478,67,25,788,0,0,14,0,14,218,478,81,25,802,0,0,0,802
04/05/2005,PIT,PA,AEA,CE,Combined TRACON& Tower with Radar,216,488,88,60,852,0,0,0,0,0,216,488,88,60,852,0,0,0,852
04/06/2005,PIT,PA,AEA,CE,Combined TRACON& Tower with Radar,220,491,67,29,807,0,0,4,0,4,220,491,71,29,811,0,0,0,811
04/07/2005,PIT,PA,AEA,CE,Combined TRACON& Tower with Radar,219,484,67,39,809,0,0,2,0,2,219,484,69,39,811,0,0,0,811
04/08/2005,PIT,PA,AEA,CE,Combined TRACON& Tower with Radar,227,501,73,16,817,0,0,1,0,1,227,501,74,16,818,0,0,0,818
04/09/2005,PIT,PA,AEA,CE,Combined TRACON& Tower with Radar,182,335,26,15,558,0,0,12,0,12,182,335,38,15,570,0,0,0,570
04/10/2005,PIT,PA,AEA,CE,Combined TRACON& Tower with Radar,198,368,61,4,631,0,0,0,0,0,198,368,61,4,631,0,0,0,631
04/11/2005,PIT,PA,AEA,CE,Combined TRACON& Tower with Radar,207,472,91,41,811,0,0,5,1,6,207,472,96,42,817,0,0,0,817
04/12/2005,PIT,PA,AEA,CE,Combined TRACON& Tower with Radar,223,482,86,38,829,0,0,1,2,3,223,482,87,40,832,0,0,0,832
04/13/2005,PIT,PA,AEA,CE,Combined TRACON& Tower with Radar,223,486,80,58,847,0,0,8,3,11,223,486,88,61,858,0,0,0,858
04/14/2005,PIT,PA,AEA,CE,Combined TRACON& Tower with Radar,212,490,78,41,821,0,0,17,0,17,212,490,95,41,838,0,0,0,838
04/15/2005,PIT,PA,AEA,CE,Combined TRACON& Tower with Radar,238,493,70,24,825,0,0,2,0,2,238,493,72,24,827,0,0,0,827
04/16/2005,PIT,PA,AEA,CE,Combined TRACON& Tower with Radar,196,351,61,9,617,0,0,0,0,0,196,351,61,9,617,0,0,0,617
04/17/2005,PIT,PA,AEA,CE,Combined TRACON& Tower with Radar,200,375,48,7,630,0,0,0,0,0,200,375,48,7,630,0,0,0,630
04/18/2005,PIT,PA,AEA,CE,Combined TRACON& Tower with Radar,207,478,62,47,794,0,0,2,0,2,207,478,64,47,796,0,0,0,796
04/19/2005,PIT,PA,AEA,CE,Combined TRACON& Tower with Radar,226,500,85,59,870,0,0,0,0,0,226,500,85,59,870,0,0,0,870
04/20/2005,PIT,PA,AEA,CE,Combined TRACON& Tower with Radar,233,476,79,36,824,0,0,0,0,0,233,476,79,36,824,0,0,0,824
04/21/2005,PIT,PA,AEA,CE,Combined TRACON& Tower with Radar,224,513,72,41,850,0,0,3,1,4,224,513,75,42,854,0,0,0,854
04/22/2005,PIT,PA,AEA,CE,Combined TRACON& Tower with Radar,221,491,58,21,791,0,0,0,0,0,221,491,58,21,791,0,0,0,791
04/23/2005,PIT,PA,AEA,CE,Combined TRACON& Tower with Radar,201,346,17,7,571,0,0,0,0,0,201,346,17,7,571,0,0,0,571
04/24/2005,PIT,PA,AEA,CE,Combined TRACON& Tower with Radar,199,356,19,6,580,0,0,0,0,0,199,356,19,6,580,0,0,0,580
04/25/2005,PIT,PA,AEA,CE,Combined TRACON& Tower with Radar,320,462,81,18,881,0,0,0,0,0,320,462,81,18,881,0,0,0,881
04/26/2005,PIT,PA,AEA,CE,Combined TRACON& Tower with Radar,215,496,88,51,850,0,0,1,0,1,215,496,89,51,851,0,0,0,851
04/27/2005,PIT,PA,AEA,CE,Combined TRACON& Tower with Radar,228,508,98,19,853,0,0,0,0,0,228,508,98,19,853,0,0,0,853
04/28/2005,PIT,PA,AEA,CE,Combined TRACON& Tower with Radar,234,491,82,53,860,0,0,1,0,1,234,491,83,53,861,0,0,0,861
04/29/2005,PIT,PA,AEA,CE,Combined TRACON& Tower with Radar,228,491,58,48,825,0,0,1,1,2,228,491,59,49,827,0,0,0,827
04/30/2005,PIT,PA,AEA,CE,Combined TRACON& Tower with Radar,188,337,31,32,588,0,0,0,0,0,188,337,31,32,588,0,0,0,588
05/01/2005,PIT,PA,AEA,CE,Combined TRACON& Tower with Radar,206,390,59,11,666,0,0,0,0,0,206,390,59,11,666,0,0,0,666
05/02/2005,PIT,PA,AEA,CE,Combined TRACON& Tower with Radar,210,485,76,21,792,0,0,2,0,2,210,485,78,21,794,0,0,0,794
05/03/2005,PIT,PA,AEA,CE,Combined TRACON& Tower with Radar,222,491,64,38,815,0,0,0,0,0,222,491,64,38,815,0,0,0,815
05/04/2005,PIT,PA,AEA,CE,Combined TRACON& Tower with Radar,247,504,118,29,898,0,0,0,0,0,247,504,118,29,898,0,0,0,898
05/05/2005,PIT,PA,AEA,CE,Combined TRACON& Tower with Radar,250,501,70,25,846,0,0,0,0,0,250,501,70,25,846,0,0,0,846
05/06/2005,PIT,PA,AEA,CE,Combined TRACON& Tower with Radar,263,501,63,18,845,0,0,2,0,2,263,501,65,18,847,0,0,0,847
05/07/2005,PIT,PA,AEA,CE,Combined TRACON& Tower with Radar,220,342,33,9,604,0,0,0,0,0,220,342,33,9,604,0,0,0,604
05/08/2005,PIT,PA,AEA,CE,Combined TRACON& Tower with Radar,223,386,70,6,685,0,0,0,0,0,223,386,70,6,685,0,0,0,685
05/09/2005,PIT,PA,AEA,CE,Combined TRACON& Tower with Radar,233,499,93,11,836,0,0,0,0,0,233,499,93,11,836,0,0,0,836
05/10/2005,PIT,PA,AEA,CE,Combined TRACON& Tower with Radar,239,499,76,19,833,0,0,0,0,0,239,499,76,19,833,0,0,0,833
05/11/2005,PIT,PA,AEA,CE,Combined TRACON& Tower with Radar,241,499,79,24,843,0,0,5,1,6,241,499,84,25,849,0,0,0,849
05/12/2005,PIT,PA,AEA,CE,Combined TRACON& Tower with Radar,254,496,86,53,889,0,0,0,0,0,254,496,86,53,889,0,0,0,889
05/13/2005,PIT,PA,AEA,CE,Combined TRACON& Tower with Radar,244,515,74,15,848,0,0,0,0,0,244,515,74,15,848,0,0,0,848
05/14/2005,PIT,PA,AEA,CE,Combined TRACON& Tower with Radar,224,364,42,9,639,0,0,0,0,0,224,364,42,9,639,0,0,0,639
05/15/2005,PIT,PA,AEA,CE,Combined TRACON& Tower with Radar,231,391,57,13,692,0,0,2,0,2,231,391,59,13,694,0,0,0,694
05/16/2005,PIT,PA,AEA,CE,Combined TRACON& Tower with Radar,238,497,75,23,833,0,0,1,0,1,238,497,76,23,834,0,0,0,834
05/17/2005,PIT,PA,AEA,CE,Combined TRACON& Tower with Radar,243,510,87,29,869,0,0,1,0,1,243,510,88,29,870,0,0,0,870
05/18/2005,PIT,PA,AEA,CE,Combined TRACON& Tower with Radar,256,500,75,70,901,0,1,2,0,3,256,501,77,70,904,0,0,0,904
05/19/2005,PIT,PA,AEA,CE,Combined TRACON& Tower with Radar,262,493,90,21,866,0,0,0,0,0,262,493,90,21,866,0,0,0,866
05/20/2005,PIT,PA,AEA,CE,Combined TRACON& Tower with Radar,238,486,64,20,808,0,0,0,0,0,238,486,64,20,808,0,0,0,808
05/21/2005,PIT,PA,AEA,CE,Combined TRACON& Tower with Radar,213,375,61,17,666,0,0,0,0,0,213,375,61,17,666,0,0,0,666
05/22/2005,PIT,PA,AEA,CE,Combined TRACON& Tower with Radar,225,387,46,9,667,0,0,2,0,2,225,387,48,9,669,0,0,0,669
05/23/2005,PIT,PA,AEA,CE,Combined TRACON& Tower with Radar,231,470,86,15,802,0,0,0,0,0,231,470,86,15,802,0,0,0,802
05/24/2005,PIT,PA,AEA,CE,Combined TRACON& Tower with Radar,265,501,109,53,928,0,0,0,0,0,265,501,109,53,928,0,0,0,928
05/25/2005,PIT,PA,AEA,CE,Combined TRACON& Tower with Radar,294,472,97,59,922,0,0,0,0,0,294,472,97,59,922,0,0,0,922
05/26/2005,PIT,PA,AEA,CE,Combined TRACON& Tower with Radar,248,504,91,35,878,0,0,0,0,0,248,504,91,35,878,0,0,0,878
05/27/2005,PIT,PA,AEA,CE,Combined TRACON& Tower with Radar,256,496,77,34,863,0,0,0,0,0,256,496,77,34,863,0,0,0,863
05/28/2005,PIT,PA,AEA,CE,Combined TRACON& Tower with Radar,199,360,38,29,626,0,0,0,0,0,199,360,38,29,626,0,0,0,626
05/29/2005,PIT,PA,AEA,CE,Combined TRACON& Tower with Radar,184,311,35,21,551,0,0,1,4,5,184,311,36,25,556,0,0,0,556
05/30/2005,PIT,PA,AEA,CE,Combined TRACON& Tower with Radar,209,435,48,23,715,0,0,0,4,4,209,435,48,27,719,0,0,0,719
05/31/2005,PIT,PA,AEA,CE,Combined TRACON& Tower with Radar,223,482,50,34,789,0,0,0,0,0,223,482,50,34,789,0,0,0,789
06/01/2005,PIT,PA,AEA,CE,Combined TRACON& Tower with Radar,244,523,85,52,904,0,0,0,0,0,244,523,85,52,904,0,0,0,904
06/02/2005,PIT,PA,AEA,CE,Combined TRACON& Tower with Radar,257,511,71,75,914,0,0,4,4,8,257,511,75,79,922,0,0,0,922
06/03/2005,PIT,PA,AEA,CE,Combined TRACON& Tower with Radar,241,502,69,39,851,0,0,0,0,0,241,502,69,39,851,0,0,0,851
06/04/2005,PIT,PA,AEA,CE,Combined TRACON& Tower with Radar,218,364,40,6,628,0,0,0,1,1,218,364,40,7,629,0,0,0,629
06/05/2005,PIT,PA,AEA,CE,Combined TRACON& Tower with Radar,225,379,59,42,705,0,0,3,4,7,225,379,62,46,712,0,0,0,712
06/06/2005,PIT,PA,AEA,CE,Combined TRACON& Tower with Radar,308,382,55,0,745,0,0,12,0,12,308,382,67,0,757,0,0,0,757
06/07/2005,PIT,PA,AEA,CE,Combined TRACON& Tower with Radar,246,517,76,53,892,0,5,63,2,70,246,522,139,55,962,0,0,0,962
06/08/2005,PIT,PA,AEA,CE,Combined TRACON& Tower with Radar,239,498,89,42,868,0,3,36,2,41,239,501,125,44,909,0,0,0,909
06/09/2005,PIT,PA,AEA,CE,Combined TRACON& Tower with Radar,245,466,79,34,824,0,33,0,0,33,245,499,79,34,857,0,0,0,857
06/10/2005,PIT,PA,AEA,CE,Combined TRACON& Tower with Radar,228,451,84,21,784,0,0,47,0,47,228,451,131,21,831,0,0,0,831
06/11/2005,PIT,PA,AEA,CE,Combined TRACON& Tower with Radar,194,382,47,29,652,0,0,0,0,0,194,382,47,29,652,0,0,0,652
06/12/2005,PIT,PA,AEA,CE,Combined TRACON& Tower with Radar,226,393,44,50,713,0,0,2,0,2,226,393,46,50,715,0,0,0,715
06/13/2005,PIT,PA,AEA,CE,Combined TRACON& Tower with Radar,248,468,77,67,860,0,0,2,5,7,248,468,79,72,867,0,0,0,867
06/14/2005,PIT,PA,AEA,CE,Combined TRACON& Tower with Radar,222,485,88,64,859,0,0,1,0,1,222,485,89,64,860,0,0,0,860
06/15/2005,PIT,PA,AEA,CE,Combined TRACON& Tower with Radar,235,485,98,37,855,0,0,2,3,5,235,485,100,40,860,0,0,0,860
06/16/2005,PIT,PA,AEA,CE,Combined TRACON& Tower with Radar,220,469,89,29,807,0,0,4,0,4,220,469,93,29,811,0,0,0,811
06/17/2005,PIT,PA,AEA,CE,Combined TRACON& Tower with Radar,252,486,97,23,858,0,0,0,0,0,252,486,97,23,858,0,0,0,858
06/18/2005,PIT,PA,AEA,CE,Combined TRACON& Tower with Radar,204,394,44,8,650,0,0,0,0,0,204,394,44,8,650,0,0,0,650
06/19/2005,PIT,PA,AEA,CE,Combined TRACON& Tower with Radar,216,381,51,10,658,0,0,81,0,81,216,381,132,10,739,0,0,0,739
06/20/2005,PIT,PA,AEA,CE,Combined TRACON& Tower with Radar,229,490,79,5,803,0,0,60,1,61,229,490,139,6,864,0,0,0,864
06/21/2005,PIT,PA,AEA,CE,Combined TRACON& Tower with Radar,252,489,80,65,886,0,0,72,19,91,252,489,152,84,977,0,0,0,977
06/22/2005,PIT,PA,AEA,CE,Combined TRACON& Tower with Radar,274,484,87,65,910,0,3,47,2,52,274,487,134,67,962,0,0,0,962
06/23/2005,PIT,PA,AEA,CE,Combined TRACON& Tower with Radar,256,514,48,34,852,0,0,106,0,106,256,514,154,34,958,0,0,0,958
06/24/2005,PIT,PA,AEA,CE,Combined TRACON& Tower with Radar,244,494,60,61,859,0,1,87,2,90,244,495,147,63,949,0,0,0,949
06/25/2005,PIT,PA,AEA,CE,Combined TRACON& Tower with Radar,180,333,32,29,574,0,0,0,0,0,180,333,32,29,574,0,0,0,574
06/26/2005,PIT,PA,AEA,CE,Combined TRACON& Tower with Radar,225,396,68,18,707,0,1,73,2,76,225,397,141,20,783,0,0,0,783
06/27/2005,PIT,PA,AEA,CE,Combined TRACON& Tower with Radar,227,477,81,45,830,0,1,51,1,53,227,478,132,46,883,0,0,0,883
06/28/2005,PIT,PA,AEA,CE,Combined TRACON& Tower with Radar,238,453,81,63,835,1,1,25,2,29,239,454,106,65,864,0,0,0,864
06/29/2005,PIT,PA,AEA,CE,Combined TRACON& Tower with Radar,252,454,80,30,816,0,0,24,2,26,252,454,104,32,842,0,0,0,842
06/30/2005,PIT,PA,AEA,CE,Combined TRACON& Tower with Radar,253,467,54,63,837,0,1,25,1,27,253,468,79,64,864,0,0,0,864
07/01/2005,PIT,PA,AEA,CE,Combined TRACON& Tower with Radar,245,529,54,41,869,0,0,2,0,2,245,529,56,41,871,0,0,0,871
07/02/2005,PIT,PA,AEA,CE,Combined TRACON& Tower with Radar,191,387,33,14,625,0,0,0,0,0,191,387,33,14,625,0,0,0,625
07/03/2005,PIT,PA,AEA,CE,Combined TRACON& Tower with Radar,186,327,24,29,566,0,0,2,0,2,186,327,26,29,568,0,0,0,568
07/04/2005,PIT,PA,AEA,CE,Combined TRACON& Tower with Radar,199,412,19,5,635,0,0,4,0,4,199,412,23,5,639,0,0,0,639
07/05/2005,PIT,PA,AEA,CE,Combined TRACON& Tower with Radar,224,423,36,29,712,0,0,2,0,2,224,423,38,29,714,0,0,0,714
07/06/2005,PIT,PA,AEA,CE,Combined TRACON& Tower with Radar,271,503,55,32,861,0,0,1,1,2,271,503,56,33,863,0,0,0,863
07/07/2005,PIT,PA,AEA,CE,Combined TRACON& Tower with Radar,245,491,50,105,891,0,0,6,0,6,245,491,56,105,897,0,0,0,897
07/08/2005,PIT,PA,AEA,CE,Combined TRACON& Tower with Radar,239,468,55,154,916,0,0,3,5,8,239,468,58,159,924,0,0,0,924
07/09/2005,PIT,PA,AEA,CE,Combined TRACON& Tower with Radar,177,381,50,114,722,0,0,4,7,11,177,381,54,121,733,0,0,0,733
07/10/2005,PIT,PA,AEA,CE,Combined TRACON& Tower with Radar,214,387,24,27,652,0,0,0,0,0,214,387,24,27,652,0,0,0,652
07/11/2005,PIT,PA,AEA,CE,Combined TRACON& Tower with Radar,229,473,73,53,828,0,0,9,0,9,229,473,82,53,837,0,0,0,837
07/12/2005,PIT,PA,AEA,CE,Combined TRACON& Tower with Radar,223,441,57,60,781,0,0,1,0,1,223,441,58,60,782,0,0,0,782
07/13/2005,PIT,PA,AEA,CE,Combined TRACON& Tower with Radar,242,482,55,56,835,0,0,0,0,0,242,482,55,56,835,0,0,0,835
07/14/2005,PIT,PA,AEA,CE,Combined TRACON& Tower with Radar,241,478,56,60,835,0,0,3,0,3,241,478,59,60,838,0,0,0,838
07/15/2005,PIT,PA,AEA,CE,Combined TRACON& Tower with Radar,235,458,57,12,762,0,0,2,0,2,235,458,59,12,764,0,0,0,764
07/16/2005,PIT,PA,AEA,CE,Combined TRACON& Tower with Radar,209,394,17,6,626,0,0,1,0,1,209,394,18,6,627,0,0,0,627
07/17/2005,PIT,PA,AEA,CE,Combined TRACON& Tower with Radar,209,352,26,50,637,0,0,0,0,0,209,352,26,50,637,0,0,0,637
07/18/2005,PIT,PA,AEA,CE,Combined TRACON& Tower with Radar,204,432,63,5,704,0,0,2,0,2,204,432,65,5,706,0,0,0,706
07/19/2005,PIT,PA,AEA,CE,Combined TRACON& Tower with Radar,242,461,89,30,822,0,0,0,0,0,242,461,89,30,822,0,0,0,822
07/20/2005,PIT,PA,AEA,CE,Combined TRACON& Tower with Radar,244,489,85,52,870,0,0,1,2,3,244,489,86,54,873,0,0,0,873
07/21/2005,PIT,PA,AEA,CE,Combined TRACON& Tower with Radar,228,473,51,65,817,0,1,54,1,56,228,474,105,66,873,0,0,0,873
07/22/2005,PIT,PA,AEA,CE,Combined TRACON& Tower with Radar,244,483,41,52,820,0,0,3,0,3,244,483,44,52,823,0,0,0,823
07/23/2005,PIT,PA,AEA,CE,Combined TRACON& Tower with Radar,193,388,33,32,646,0,0,1,0,1,193,388,34,32,647,0,0,0,647
07/24/2005,PIT,PA,AEA,CE,Combined TRACON& Tower with Radar,214,382,46,35,677,0,0,2,0,2,214,382,48,35,679,0,0,0,679
07/25/2005,PIT,PA,AEA,CE,Combined TRACON& Tower with Radar,227,451,71,14,763,0,0,2,0,2,227,451,73,14,765,0,0,0,765
07/26/2005,PIT,PA,AEA,CE,Combined TRACON& Tower with Radar,233,454,80,51,818,0,0,1,0,1,233,454,81,51,819,0,0,0,819
07/27/2005,PIT,PA,AEA,CE,Combined TRACON& Tower with Radar,251,475,68,78,872,0,0,2,2,4,251,475,70,80,876,0,0,0,876
07/28/2005,PIT,PA,AEA,CE,Combined TRACON& Tower with Radar,243,480,79,65,867,0,0,1,0,1,243,480,80,65,868,0,0,0,868
07/29/2005,PIT,PA,AEA,CE,Combined TRACON& Tower with Radar,235,507,74,39,855,0,0,0,0,0,235,507,74,39,855,0,0,0,855
07/30/2005,PIT,PA,AEA,CE,Combined TRACON& Tower with Radar,199,392,34,15,640,0,0,1,0,1,199,392,35,15,641,0,0,0,641
07/31/2005,PIT,PA,AEA,CE,Combined TRACON& Tower with Radar,221,394,60,36,711,0,0,1,2,3,221,394,61,38,714,0,0,0,714
08/01/2005,PIT,PA,AEA,CE,Combined TRACON& Tower with Radar,233,466,48,10,757,0,0,0,0,0,233,466,48,10,757,0,0,0,757
08/02/2005,PIT,PA,AEA,CE,Combined TRACON& Tower with Radar,236,479,49,67,831,0,0,2,0,2,236,479,51,67,833,0,0,0,833
08/03/2005,PIT,PA,AEA,CE,Combined TRACON& Tower with Radar,235,472,52,30,789,0,0,0,0,0,235,472,52,30,789,0,0,0,789
08/04/2005,PIT,PA,AEA,CE,Combined TRACON& Tower with Radar,227,469,65,58,819,0,0,0,0,0,227,469,65,58,819,0,0,0,819
08/05/2005,PIT,PA,AEA,CE,Combined TRACON& Tower with Radar,233,466,43,77,819,0,1,0,0,1,233,467,43,77,820,0,0,0,820
08/06/2005,PIT,PA,AEA,CE,Combined TRACON& Tower with Radar,201,384,40,4,629,0,0,0,0,0,201,384,40,4,629,0,0,0,629
08/07/2005,PIT,PA,AEA,CE,Combined TRACON& Tower with Radar,210,375,23,11,619,0,0,4,0,4,210,375,27,11,623,0,0,0,623
08/08/2005,PIT,PA,AEA,CE,Combined TRACON& Tower with Radar,220,423,29,14,686,0,0,0,0,0,220,423,29,14,686,0,0,0,686
08/09/2005,PIT,PA,AEA,CE,Combined TRACON& Tower with Radar,233,486,52,100,871,0,0,1,10,11,233,486,53,110,882,0,0,0,882
08/10/2005,PIT,PA,AEA,CE,Combined TRACON& Tower with Radar,250,475,72,52,849,0,0,0,0,0,250,475,72,52,849,0,0,0,849
08/11/2005,PIT,PA,AEA,CE,Combined TRACON& Tower with Radar,240,477,79,23,819,0,1,1,0,2,240,478,80,23,821,0,0,0,821
08/12/2005,PIT,PA,AEA,CE,Combined TRACON& Tower with Radar,236,471,41,38,786,0,0,0,0,0,236,471,41,38,786,0,0,0,786
08/13/2005,PIT,PA,AEA,CE,Combined TRACON& Tower with Radar,193,386,25,6,610,0,0,0,0,0,193,386,25,6,610,0,0,0,610
08/14/2005,PIT,PA,AEA,CE,Combined TRACON& Tower with Radar,209,364,34,25,632,0,0,1,0,1,209,364,35,25,633,0,0,0,633
08/15/2005,PIT,PA,AEA,CE,Combined TRACON& Tower with Radar,250,458,76,18,802,0,0,0,0,0,250,458,76,18,802,0,0,0,802
08/16/2005,PIT,PA,AEA,CE,Combined TRACON& Tower with Radar,226,474,75,11,786,0,0,1,0,1,226,474,76,11,787,0,0,0,787
08/17/2005,PIT,PA,AEA,CE,Combined TRACON& Tower with Radar,238,493,66,31,828,0,0,2,0,2,238,493,68,31,830,0,0,0,830
08/18/2005,PIT,PA,AEA,CE,Combined TRACON& Tower with Radar,227,481,43,29,780,0,0,0,0,0,227,481,43,29,780,0,0,0,780
08/19/2005,PIT,PA,AEA,CE,Combined TRACON& Tower with Radar,241,473,52,30,796,0,0,0,0,0,241,473,52,30,796,0,0,0,796
08/20/2005,PIT,PA,AEA,CE,Combined TRACON& Tower with Radar,192,365,23,26,606,0,0,1,0,1,192,365,24,26,607,0,0,0,607
08/21/2005,PIT,PA,AEA,CE,Combined TRACON& Tower with Radar,221,374,56,27,678,0,0,3,1,4,221,374,59,28,682,0,0,0,682
08/22/2005,PIT,PA,AEA,CE,Combined TRACON& Tower with Radar,211,469,54,33,767,0,0,2,0,2,211,469,56,33,769,0,0,0,769
08/23/2005,PIT,PA,AEA,CE,Combined TRACON& Tower with Radar,223,481,48,22,774,0,0,0,2,2,223,481,48,24,776,0,0,0,776
08/24/2005,PIT,PA,AEA,CE,Combined TRACON& Tower with Radar,218,484,51,21,774,0,0,0,2,2,218,484,51,23,776,0,0,0,776
08/25/2005,PIT,PA,AEA,CE,Combined TRACON& Tower with Radar,218,468,66,35,787,0,0,1,0,1,218,468,67,35,788,0,0,0,788
08/26/2005,PIT,PA,AEA,CE,Combined TRACON& Tower with Radar,219,467,65,14,765,0,0,0,0,0,219,467,65,14,765,0,0,0,765
08/27/2005,PIT,PA,AEA,CE,Combined TRACON& Tower with Radar,194,338,25,5,562,0,0,0,0,0,194,338,25,5,562,0,0,0,562
08/28/2005,PIT,PA,AEA,CE,Combined TRACON& Tower with Radar,202,380,34,17,633,0,0,0,0,0,202,380,34,17,633,0,0,0,633
08/29/2005,PIT,PA,AEA,CE,Combined TRACON& Tower with Radar,200,467,41,17,725,0,0,0,0,0,200,467,41,17,725,0,0,0,725
08/30/2005,PIT,PA,AEA,CE,Combined TRACON& Tower with Radar,218,501,53,30,802,0,0,0,0,0,218,501,53,30,802,0,0,0,802
08/31/2005,PIT,PA,AEA,CE,Combined TRACON& Tower with Radar,215,472,55,28,770,0,0,0,0,0,215,472,55,28,770,0,0,0,770
09/01/2005,PIT,PA,AEA,CE,Combined TRACON& Tower with Radar,221,496,46,20,783,0,0,2,3,5,221,496,48,23,788,0,0,0,788
09/02/2005,PIT,PA,AEA,CE,Combined TRACON& Tower with Radar,214,490,48,21,773,0,0,0,0,0,214,490,48,21,773,0,0,0,773
09/03/2005,PIT,PA,AEA,CE,Combined TRACON& Tower with Radar,172,330,53,26,581,0,0,0,1,1,172,330,53,27,582,0,0,0,582
09/04/2005,PIT,PA,AEA,CE,Combined TRACON& Tower with Radar,165,284,28,4,481,0,0,1,0,1,165,284,29,4,482,0,0,0,482
09/05/2005,PIT,PA,AEA,CE,Combined TRACON& Tower with Radar,188,401,24,7,620,0,0,2,0,2,188,401,26,7,622,0,0,0,622
09/06/2005,PIT,PA,AEA,CE,Combined TRACON& Tower with Radar,203,472,61,28,764,0,0,1,0,1,203,472,62,28,765,0,0,0,765
09/07/2005,PIT,PA,AEA,CE,Combined TRACON& Tower with Radar,207,475,67,45,794,0,0,4,0,4,207,475,71,45,798,0,0,0,798
09/08/2005,PIT,PA,AEA,CE,Combined TRACON& Tower with Radar,223,471,62,29,785,0,0,1,0,1,223,471,63,29,786,0,0,0,786
09/09/2005,PIT,PA,AEA,CE,Combined TRACON& Tower with Radar,222,476,73,38,809,0,0,0,0,0,222,476,73,38,809,0,0,0,809
09/10/2005,PIT,PA,AEA,CE,Combined TRACON& Tower with Radar,183,326,32,14,555,0,0,0,0,0,183,326,32,14,555,0,0,0,555
09/11/2005,PIT,PA,AEA,CE,Combined TRACON& Tower with Radar,206,376,35,14,631,0,0,2,0,2,206,376,37,14,633,0,0,0,633
09/12/2005,PIT,PA,AEA,CE,Combined TRACON& Tower with Radar,210,475,49,5,739,0,0,0,0,0,210,475,49,5,739,0,0,0,739
09/13/2005,PIT,PA,AEA,CE,Combined TRACON& Tower with Radar,219,484,55,14,772,0,0,0,0,0,219,484,55,14,772,0,0,0,772
09/14/2005,PIT,PA,AEA,CE,Combined TRACON& Tower with Radar,215,455,76,33,779,0,0,0,0,0,215,455,76,33,779,0,0,0,779
09/15/2005,PIT,PA,AEA,CE,Combined TRACON& Tower with Radar,216,472,71,27,786,0,0,0,0,0,216,472,71,27,786,0,0,0,786
09/16/2005,PIT,PA,AEA,CE,Combined TRACON& Tower with Radar,213,468,44,27,752,0,0,0,0,0,213,468,44,27,752,0,0,0,752
09/17/2005,PIT,PA,AEA,CE,Combined TRACON& Tower with Radar,171,333,27,10,541,0,0,3,0,3,171,333,30,10,544,0,0,0,544
09/18/2005,PIT,PA,AEA,CE,Combined TRACON& Tower with Radar,204,363,44,3,614,0,0,3,0,3,204,363,47,3,617,0,0,0,617
09/19/2005,PIT,PA,AEA,CE,Combined TRACON& Tower with Radar,199,446,41,14,700,0,0,26,0,26,199,446,67,14,726,0,0,0,726
09/20/2005,PIT,PA,AEA,CE,Combined TRACON& Tower with Radar,217,467,70,20,774,0,0,3,0,3,217,467,73,20,777,0,0,0,777
09/21/2005,PIT,PA,AEA,CE,Combined TRACON& Tower with Radar,206,466,56,32,760,0,1,0,1,2,206,467,56,33,762,0,0,0,762
09/22/2005,PIT,PA,AEA,CE,Combined TRACON& Tower with Radar,217,464,75,24,780,0,1,2,1,4,217,465,77,25,784,0,0,0,784
09/23/2005,PIT,PA,AEA,CE,Combined TRACON& Tower with Radar,219,464,84,15,782,0,0,2,0,2,219,464,86,15,784,0,0,0,784
09/24/2005,PIT,PA,AEA,CE,Combined TRACON& Tower with Radar,169,322,52,5,548,0,0,0,0,0,169,322,52,5,548,0,0,0,548
09/25/2005,PIT,PA,AEA,CE,Combined TRACON& Tower with Radar,201,360,52,4,617,0,0,1,0,1,201,360,53,4,618,0,0,0,618
09/26/2005,PIT,PA,AEA,CE,Combined TRACON& Tower with Radar,200,452,57,5,714,0,0,0,0,0,200,452,57,5,714,0,0,0,714
09/27/2005,PIT,PA,AEA,CE,Combined TRACON& Tower with Radar,202,454,68,6,730,0,0,2,1,3,202,454,70,7,733,0,0,0,733
09/28/2005,PIT,PA,AEA,CE,Combined TRACON& Tower with Radar,208,469,91,11,779,0,0,0,0,0,208,469,91,11,779,0,0,0,779
09/29/2005,PIT,PA,AEA,CE,Combined TRACON& Tower with Radar,212,464,69,8,753,0,0,0,1,1,212,464,69,9,754,0,0,0,754
09/30/2005,PIT,PA,AEA,CE,Combined TRACON& Tower with Radar,222,485,62,22,791,0,2,2,0,4,222,487,64,22,795,0,0,0,795
10/01/2005,PIT,PA,AEA,CE,Combined TRACON& Tower with Radar,164,326,21,6,517,0,0,0,0,0,164,326,21,6,517,0,0,0,517
10/02/2005,PIT,PA,AEA,CE,Combined TRACON& Tower with Radar,210,362,25,3,600,0,0,3,0,3,210,362,28,3,603,0,0,0,603
10/03/2005,PIT,PA,AEA,CE,Combined TRACON& Tower with Radar,206,468,35,13,722,0,0,1,0,1,206,468,36,13,723,0,0,0,723
10/04/2005,PIT,PA,AEA,CE,Combined TRACON& Tower with Radar,219,470,49,23,761,0,0,3,0,3,219,470,52,23,764,0,0,0,764
10/05/2005,PIT,PA,AEA,CE,Combined TRACON& Tower with Radar,221,471,81,16,789,0,0,3,0,3,221,471,84,16,792,0,0,0,792
10/06/2005,PIT,PA,AEA,CE,Combined TRACON& Tower with Radar,226,467,72,23,788,0,0,1,0,1,226,467,73,23,789,0,0,0,789
10/07/2005,PIT,PA,AEA,CE,Combined TRACON& Tower with Radar,228,461,38,5,732,0,0,0,0,0,228,461,38,5,732,0,0,0,732
10/08/2005,PIT,PA,AEA,CE,Combined TRACON& Tower with Radar,191,324,27,2,544,0,0,0,0,0,191,324,27,2,544,0,0,0,544
10/09/2005,PIT,PA,AEA,CE,Combined TRACON& Tower with Radar,220,359,30,10,619,0,0,0,0,0,220,359,30,10,619,0,0,0,619
10/10/2005,PIT,PA,AEA,CE,Combined TRACON& Tower with Radar,212,455,58,1,726,0,0,0,0,0,212,455,58,1,726,0,0,0,726
10/11/2005,PIT,PA,AEA,CE,Combined TRACON& Tower with Radar,232,453,55,17,757,0,0,0,0,0,232,453,55,17,757,0,0,0,757
10/12/2005,PIT,PA,AEA,CE,Combined TRACON& Tower with Radar,211,447,52,29,739,0,0,10,0,10,211,447,62,29,749,0,0,0,749
10/13/2005,PIT,PA,AEA,CE,Combined TRACON& Tower with Radar,227,455,65,27,774,0,0,1,0,1,227,455,66,27,775,0,0,0,775
10/14/2005,PIT,PA,AEA,CE,Combined TRACON& Tower with Radar,285,397,42,23,747,0,0,5,0,5,285,397,47,23,752,0,0,0,752
10/15/2005,PIT,PA,AEA,CE,Combined TRACON& Tower with Radar,203,315,23,3,544,0,0,4,0,4,203,315,27,3,548,0,0,0,548
10/16/2005,PIT,PA,AEA,CE,Combined TRACON& Tower with Radar,216,343,55,2,616,0,0,0,0,0,216,343,55,2,616,0,0,0,616
10/17/2005,PIT,PA,AEA,CE,Combined TRACON& Tower with Radar,263,411,42,15,731,0,2,7,0,9,263,413,49,15,740,0,0,0,740
10/18/2005,PIT,PA,AEA,CE,Combined TRACON& Tower with Radar,278,414,50,26,768,0,6,10,0,16,278,420,60,26,784,0,0,0,784
10/19/2005,PIT,PA,AEA,CE,Combined TRACON& Tower with Radar,280,434,49,39,802,0,0,7,1,8,280,434,56,40,810,0,0,0,810
10/20/2005,PIT,PA,AEA,CE,Combined TRACON& Tower with Radar,277,416,55,34,782,0,1,6,1,8,277,417,61,35,790,0,0,0,790
10/21/2005,PIT,PA,AEA,CE,Combined TRACON& Tower with Radar,276,407,54,14,751,0,0,1,0,1,276,407,55,14,752,0,0,0,752
10/22/2005,PIT,PA,AEA,CE,Combined TRACON& Tower with Radar,222,283,14,2,521,0,0,0,0,0,222,283,14,2,521,0,0,0,521
10/23/2005,PIT,PA,AEA,CE,Combined TRACON& Tower with Radar,250,306,27,5,588,0,0,1,0,1,250,306,28,5,589,0,0,0,589
10/24/2005,PIT,PA,AEA,CE,Combined TRACON& Tower with Radar,252,395,52,1,700,0,0,1,0,1,252,395,53,1,701,0,0,0,701
10/25/2005,PIT,PA,AEA,CE,Combined TRACON& Tower with Radar,270,387,47,19,723,0,0,0,0,0,270,387,47,19,723,0,0,0,723
10/26/2005,PIT,PA,AEA,CE,Combined TRACON& Tower with Radar,270,414,49,19,752,0,14,7,2,23,270,428,56,21,775,0,0,0,775
10/27/2005,PIT,PA,AEA,CE,Combined TRACON& Tower with Radar,279,426,35,23,763,0,30,5,0,35,279,456,40,23,798,0,0,0,798
10/28/2005,PIT,PA,AEA,CE,Combined TRACON& Tower with Radar,229,457,58,25,769,0,0,0,2,2,229,457,58,27,771,0,0,0,771
10/29/2005,PIT,PA,AEA,CE,Combined TRACON& Tower with Radar,197,307,31,5,540,0,0,1,0,1,197,307,32,5,541,0,0,0,541
10/30/2005,PIT,PA,AEA,CE,Combined TRACON& Tower with Radar,196,347,35,3,581,0,0,4,0,4,196,347,39,3,585,0,0,0,585
10/31/2005,PIT,PA,AEA,CE,Combined TRACON& Tower with Radar,259,388,27,12,686,0,0,6,0,6,259,388,33,12,692,0,0,0,692
11/01/2005,PIT,PA,AEA,CE,Combined TRACON& Tower with Radar,284,414,53,30,781,0,0,1,2,3,284,414,54,32,784,0,0,0,784
11/02/2005,PIT,PA,AEA,CE,Combined TRACON& Tower with Radar,269,395,55,29,748,0,0,2,3,5,269,395,57,32,753,0,0,0,753
11/03/2005,PIT,PA,AEA,CE,Combined TRACON& Tower with Radar,282,389,53,14,738,0,0,5,0,5,282,389,58,14,743,0,0,0,743
11/04/2005,PIT,PA,AEA,CE,Combined TRACON& Tower with Radar,275,420,47,9,751,0,0,1,0,1,275,420,48,9,752,0,0,0,752
11/05/2005,PIT,PA,AEA,CE,Combined TRACON& Tower with Radar,224,261,26,11,522,0,1,4,2,7,224,262,30,13,529,0,0,0,529
11/06/2005,PIT,PA,AEA,CE,Combined TRACON& Tower with Radar,249,290,23,9,571,0,0,2,0,2,249,290,25,9,573,0,0,0,573
11/07/2005,PIT,PA,AEA,CE,Combined TRACON& Tower with Radar,272,394,49,2,717,0,0,8,0,8,272,394,57,2,725,0,0,0,725
11/08/2005,PIT,PA,AEA,CE,Combined TRACON& Tower with Radar,265,391,51,21,728,0,2,1,1,4,265,393,52,22,732,0,0,0,732
11/09/2005,PIT,PA,AEA,CE,Combined TRACON& Tower with Radar,256,388,54,23,721,0,0,0,1,1,256,388,54,24,722,0,0,0,722
11/10/2005,PIT,PA,AEA,CE,Combined TRACON& Tower with Radar,262,429,51,15,757,0,0,1,0,1,262,429,52,15,758,0,0,0,758
11/11/2005,PIT,PA,AEA,CE,Combined TRACON& Tower with Radar,266,432,53,0,751,0,1,8,0,9,266,433,61,0,760,0,0,0,760
11/12/2005,PIT,PA,AEA,CE,Combined TRACON& Tower with Radar,203,274,20,0,497,2,6,5,0,13,205,280,25,0,510,0,0,0,510
11/13/2005,PIT,PA,AEA,CE,Combined TRACON& Tower with Radar,242,318,29,5,594,0,0,0,0,0,242,318,29,5,594,0,0,0,594
11/14/2005,PIT,PA,AEA,CE,Combined TRACON& Tower with Radar,250,402,34,35,721,0,0,3,0,3,250,402,37,35,724,0,0,0,724
11/15/2005,PIT,PA,AEA,CE,Combined TRACON& Tower with Radar,258,407,34,33,732,0,0,2,0,2,258,407,36,33,734,0,0,0,734
11/16/2005,PIT,PA,AEA,CE,Combined TRACON& Tower with Radar,260,423,48,7,738,0,0,0,1,1,260,423,48,8,739,0,0,0,739
11/17/2005,PIT,PA,AEA,CE,Combined TRACON& Tower with Radar,270,432,50,29,781,0,0,1,0,1,270,432,51,29,782,0,0,0,782
11/18/2005,PIT,PA,AEA,CE,Combined TRACON& Tower with Radar,264,410,43,7,724,0,0,6,0,6,264,410,49,7,730,0,0,0,730
11/19/2005,PIT,PA,AEA,CE,Combined TRACON& Tower with Radar,202,268,10,2,482,0,2,8,0,10,202,270,18,2,492,0,0,0,492
11/20/2005,PIT,PA,AEA,CE,Combined TRACON& Tower with Radar,236,319,18,1,574,0,2,2,0,4,236,321,20,1,578,0,0,0,578
11/21/2005,PIT,PA,AEA,CE,Combined TRACON& Tower with Radar,244,397,29,0,670,0,0,3,1,4,244,397,32,1,674,0,0,0,674
11/22/2005,PIT,PA,AEA,CE,Combined TRACON& Tower with Radar,278,397,38,23,736,0,0,0,0,0,278,397,38,23,736,0,0,0,736
11/23/2005,PIT,PA,AEA,CE,Combined TRACON& Tower with Radar,270,419,30,10,729,0,0,0,0,0,270,419,30,10,729,0,0,0,729
11/24/2005,PIT,PA,AEA,CE,Combined TRACON& Tower with Radar,205,319,6,2,532,0,0,0,0,0,205,319,6,2,532,0,0,0,532
11/25/2005,PIT,PA,AEA,CE,Combined TRACON& Tower with Radar,204,254,15,2,475,0,0,3,0,3,204,254,18,2,478,0,0,0,478
11/26/2005,PIT,PA,AEA,CE,Combined TRACON& Tower with Radar,203,275,10,1,489,0,1,2,0,3,203,276,12,1,492,0,0,0,492
11/27/2005,PIT,PA,AEA,CE,Combined TRACON& Tower with Radar,230,339,35,2,606,0,0,0,0,0,230,339,35,2,606,0,0,0,606
11/28/2005,PIT,PA,AEA,CE,Combined TRACON& Tower with Radar,250,403,52,20,725,0,0,1,0,1,250,403,53,20,726,0,0,0,726
11/29/2005,PIT,PA,AEA,CE,Combined TRACON& Tower with Radar,297,419,64,27,807,0,0,0,0,0,297,419,64,27,807,0,0,0,807
11/30/2005,PIT,PA,AEA,CE,Combined TRACON& Tower with Radar,271,423,51,43,788,0,0,0,0,0,271,423,51,43,788,0,0,0,788
12/01/2005,PIT,PA,AEA,CE,Combined TRACON& Tower with Radar,267,418,49,33,767,0,3,1,0,4,267,421,50,33,771,0,0,0,771
12/02/2005,PIT,PA,AEA,CE,Combined TRACON& Tower with Radar,268,405,40,12,725,0,0,0,0,0,268,405,40,12,725,0,0,0,725
12/03/2005,PIT,PA,AEA,CE,Combined TRACON& Tower with Radar,200,267,33,5,505,0,0,4,0,4,200,267,37,5,509,0,0,0,509
12/04/2005,PIT,PA,AEA,CE,Combined TRACON& Tower with Radar,235,312,26,3,576,0,3,0,0,3,235,315,26,3,579,0,0,0,579
12/05/2005,PIT,PA,AEA,CE,Combined TRACON& Tower with Radar,248,403,52,2,705,0,3,0,0,3,248,406,52,2,708,0,0,0,708
12/06/2005,PIT,PA,AEA,CE,Combined TRACON& Tower with Radar,258,394,56,32,740,0,0,4,0,4,258,394,60,32,744,0,0,0,744
12/07/2005,PIT,PA,AEA,CE,Combined TRACON& Tower with Radar,240,398,61,35,734,0,3,0,0,3,240,401,61,35,737,0,0,0,737
12/08/2005,PIT,PA,AEA,CE,Combined TRACON& Tower with Radar,243,383,57,21,704,0,1,2,1,4,243,384,59,22,708,0,0,0,708
12/09/2005,PIT,PA,AEA,CE,Combined TRACON& Tower with Radar,252,377,35,7,671,0,1,0,0,1,252,378,35,7,672,0,0,0,672
12/10/2005,PIT,PA,AEA,CE,Combined TRACON& Tower with Radar,200,280,24,2,506,0,1,4,0,5,200,281,28,2,511,0,0,0,511
12/11/2005,PIT,PA,AEA,CE,Combined TRACON& Tower with Radar,233,321,40,11,605,0,0,0,0,0,233,321,40,11,605,0,0,0,605
12/12/2005,PIT,PA,AEA,CE,Combined TRACON& Tower with Radar,245,412,34,22,713,0,0,1,0,1,245,412,35,22,714,0,0,0,714
12/13/2005,PIT,PA,AEA,CE,Combined TRACON& Tower with Radar,251,407,63,28,749,0,2,2,1,5,251,409,65,29,754,0,0,0,754
12/14/2005,PIT,PA,AEA,CE,Combined TRACON& Tower with Radar,244,401,49,28,722,0,0,3,1,4,244,401,52,29,726,0,0,0,726
12/15/2005,PIT,PA,AEA,CE,Combined TRACON& Tower with Radar,258,306,45,0,609,0,0,0,0,0,258,306,45,0,609,0,0,0,609
12/16/2005,PIT,PA,AEA,CE,Combined TRACON& Tower with Radar,273,381,58,8,720,0,0,0,0,0,273,381,58,8,720,0,0,0,720
12/17/2005,PIT,PA,AEA,CE,Combined TRACON& Tower with Radar,216,278,22,0,516,0,1,3,2,6,216,279,25,2,522,0,0,0,522
12/18/2005,PIT,PA,AEA,CE,Combined TRACON& Tower with Radar,228,290,19,6,543,0,1,1,0,2,228,291,20,6,545,0,0,0,545
12/19/2005,PIT,PA,AEA,CE,Combined TRACON& Tower with Radar,251,383,53,19,706,0,0,1,0,1,251,383,54,19,707,0,0,0,707
12/20/2005,PIT,PA,AEA,CE,Combined TRACON& Tower with Radar,274,369,51,19,713,0,0,0,0,0,274,369,51,19,713,0,0,0,713
12/21/2005,PIT,PA,AEA,CE,Combined TRACON& Tower with Radar,269,418,33,28,748,0,2,0,0,2,269,420,33,28,750,0,0,0,750
12/22/2005,PIT,PA,AEA,CE,Combined TRACON& Tower with Radar,286,398,31,25,740,0,2,4,0,6,286,400,35,25,746,0,0,0,746
12/23/2005,PIT,PA,AEA,CE,Combined TRACON& Tower with Radar,279,399,14,12,704,0,0,3,0,3,279,399,17,12,707,0,0,0,707
12/24/2005,PIT,PA,AEA,CE,Combined TRACON& Tower with Radar,209,258,6,1,474,0,0,2,0,2,209,258,8,1,476,0,0,0,476
12/25/2005,PIT,PA,AEA,CE,Combined TRACON& Tower with Radar,185,220,3,2,410,0,0,0,0,0,185,220,3,2,410,0,0,0,410
12/26/2005,PIT,PA,AEA,CE,Combined TRACON& Tower with Radar,250,357,15,3,625,0,0,0,0,0,250,357,15,3,625,0,0,0,625
12/27/2005,PIT,PA,AEA,CE,Combined TRACON& Tower with Radar,257,383,25,12,677,0,0,0,0,0,257,383,25,12,677,0,0,0,677
12/28/2005,PIT,PA,AEA,CE,Combined TRACON& Tower with Radar,265,385,21,31,702,0,0,0,1,1,265,385,21,32,703,0,0,0,703
12/29/2005,PIT,PA,AEA,CE,Combined TRACON& Tower with Radar,273,355,14,33,675,0,0,0,0,0,273,355,14,33,675,0,0,0,675
12/30/2005,PIT,PA,AEA,CE,Combined TRACON& Tower with Radar,268,397,18,20,703,0,0,0,0,0,268,397,18,20,703,0,0,0,703
12/31/2005,PIT,PA,AEA,CE,Combined TRACON& Tower with Radar,215,249,9,1,474,0,0,0,0,0,215,249,9,1,474,0,0,0,474
01/01/2006,PIT,PA,AEA,CE,Combined TRACON& Tower with Radar,199,249,4,0,452,0,1,0,0,1,199,250,4,0,453,0,0,0,453
01/02/2006,PIT,PA,AEA,CE,Combined TRACON& Tower with Radar,228,339,18,0,585,0,0,0,0,0,228,339,18,0,585,0,0,0,585
01/03/2006,PIT,PA,AEA,CE,Combined TRACON& Tower with Radar,256,355,26,12,649,0,0,0,0,0,256,355,26,12,649,0,0,0,649
01/04/2006,PIT,PA,AEA,CE,Combined TRACON& Tower with Radar,248,394,27,45,714,0,2,0,0,2,248,396,27,45,716,0,0,0,716
01/05/2006,PIT,PA,AEA,CE,Combined TRACON& Tower with Radar,245,406,32,19,702,0,0,0,0,0,245,406,32,19,702,0,0,0,702
01/06/2006,PIT,PA,AEA,CE,Combined TRACON& Tower with Radar,245,386,39,30,700,0,0,0,0,0,245,386,39,30,700,0,0,0,700
01/07/2006,PIT,PA,AEA,CE,Combined TRACON& Tower with Radar,195,262,8,15,480,0,0,2,0,2,195,262,10,15,482,0,0,0,482
01/08/2006,PIT,PA,AEA,CE,Combined TRACON& Tower with Radar,219,293,17,6,535,0,0,0,0,0,219,293,17,6,535,0,0,0,535
01/09/2006,PIT,PA,AEA,CE,Combined TRACON& Tower with Radar,244,367,44,19,674,0,2,1,0,3,244,369,45,19,677,0,0,0,677
01/10/2006,PIT,PA,AEA,CE,Combined TRACON& Tower with Radar,240,371,35,20,666,0,0,1,2,3,240,371,36,22,669,0,0,0,669
01/11/2006,PIT,PA,AEA,CE,Combined TRACON& Tower with Radar,222,353,47,24,646,0,1,0,0,1,222,354,47,24,647,0,0,0,647
01/12/2006,PIT,PA,AEA,CE,Combined TRACON& Tower with Radar,244,366,45,14,669,0,3,9,1,13,244,369,54,15,682,0,0,0,682
01/13/2006,PIT,PA,AEA,CE,Combined TRACON& Tower with Radar,259,341,38,17,655,0,0,5,0,5,259,341,43,17,660,0,0,0,660
01/14/2006,PIT,PA,AEA,CE,Combined TRACON& Tower with Radar,204,262,19,7,492,0,2,0,0,2,204,264,19,7,494,0,0,0,494
01/15/2006,PIT,PA,AEA,CE,Combined TRACON& Tower with Radar,226,275,18,6,525,0,0,1,0,1,226,275,19,6,526,0,0,0,526
01/16/2006,PIT,PA,AEA,CE,Combined TRACON& Tower with Radar,236,370,40,0,646,0,0,1,0,1,236,370,41,0,647,0,0,0,647
01/17/2006,PIT,PA,AEA,CE,Combined TRACON& Tower with Radar,230,383,32,7,652,0,0,0,0,0,230,383,32,7,652,0,0,0,652
01/18/2006,PIT,PA,AEA,CE,Combined TRACON& Tower with Radar,232,372,29,11,644,0,0,0,0,0,232,372,29,11,644,0,0,0,644
01/19/2006,PIT,PA,AEA,CE,Combined TRACON& Tower with Radar,246,390,40,22,698,0,0,5,3,8,246,390,45,25,706,0,0,0,706
01/20/2006,PIT,PA,AEA,CE,Combined TRACON& Tower with Radar,256,381,42,19,698,0,0,2,0,2,256,381,44,19,700,0,0,0,700
01/21/2006,PIT,PA,AEA,CE,Combined TRACON& Tower with Radar,192,267,14,8,481,0,1,0,4,5,192,268,14,12,486,0,0,0,486
01/22/2006,PIT,PA,AEA,CE,Combined TRACON& Tower with Radar,217,283,28,8,536,0,3,4,1,8,217,286,32,9,544,0,0,0,544
01/23/2006,PIT,PA,AEA,CE,Combined TRACON& Tower with Radar,246,360,38,23,667,0,2,2,0,4,246,362,40,23,671,0,0,0,671
01/24/2006,PIT,PA,AEA,CE,Combined TRACON& Tower with Radar,236,379,42,16,673,0,0,1,0,1,236,379,43,16,674,0,0,0,674
01/25/2006,PIT,PA,AEA,CE,Combined TRACON& Tower with Radar,235,367,49,19,670,0,0,0,0,0,235,367,49,19,670,0,0,0,670
01/26/2006,PIT,PA,AEA,CE,Combined TRACON& Tower with Radar,240,392,44,37,713,0,1,4,0,5,240,393,48,37,718,0,0,0,718
01/27/2006,PIT,PA,AEA,CE,Combined TRACON& Tower with Radar,242,391,36,14,683,1,0,5,0,6,243,391,41,14,689,0,0,0,689
01/28/2006,PIT,PA,AEA,CE,Combined TRACON& Tower with Radar,186,262,10,1,459,0,0,7,0,7,186,262,17,1,466,0,0,0,466
01/29/2006,PIT,PA,AEA,CE,Combined TRACON& Tower with Radar,219,284,13,4,520,0,0,2,0,2,219,284,15,4,522,0,0,0,522
01/30/2006,PIT,PA,AEA,CE,Combined TRACON& Tower with Radar,256,370,42,6,674,0,0,3,0,3,256,370,45,6,677,0,0,0,677
01/31/2006,PIT,PA,AEA,CE,Combined TRACON& Tower with Radar,240,369,43,15,667,0,0,3,0,3,240,369,46,15,670,0,0,0,670
02/01/2006,PIT,PA,AEA,CE,Combined TRACON& Tower with Radar,230,372,41,17,660,0,1,0,0,1,230,373,41,17,661,0,0,0,661
02/02/2006,PIT,PA,AEA,CE,Combined TRACON& Tower with Radar,233,384,43,30,690,0,1,3,0,4,233,385,46,30,694,0,0,0,694
02/03/2006,PIT,PA,AEA,CE,Combined TRACON& Tower with Radar,250,362,40,18,670,0,0,0,0,0,250,362,40,18,670,0,0,0,670
02/04/2006,PIT,PA,AEA,CE,Combined TRACON& Tower with Radar,198,265,15,4,482,0,0,0,0,0,198,265,15,4,482,0,0,0,482
02/05/2006,PIT,PA,AEA,CE,Combined TRACON& Tower with Radar,225,285,32,4,546,0,0,1,0,1,225,285,33,4,547,0,0,0,547
02/06/2006,PIT,PA,AEA,CE,Combined TRACON& Tower with Radar,257,393,83,21,754,0,0,1,0,1,257,393,84,21,755,0,0,0,755
02/07/2006,PIT,PA,AEA,CE,Combined TRACON& Tower with Radar,245,378,63,39,725,0,1,1,0,2,245,379,64,39,727,0,0,0,727
02/08/2006,PIT,PA,AEA,CE,Combined TRACON& Tower with Radar,236,375,40,29,680,0,0,0,0,0,236,375,40,29,680,0,0,0,680
02/09/2006,PIT,PA,AEA,CE,Combined TRACON& Tower with Radar,243,376,46,35,700,0,0,2,1,3,243,376,48,36,703,0,0,0,703
02/10/2006,PIT,PA,AEA,CE,Combined TRACON& Tower with Radar,254,373,41,19,687,0,2,3,1,6,254,375,44,20,693,0,0,0,693
02/11/2006,PIT,PA,AEA,CE,Combined TRACON& Tower with Radar,189,255,14,8,466,0,0,2,1,3,189,255,16,9,469,0,0,0,469
02/12/2006,PIT,PA,AEA,CE,Combined TRACON& Tower with Radar,209,238,15,8,470,0,0,0,0,0,209,238,15,8,470,0,0,0,470
02/13/2006,PIT,PA,AEA,CE,Combined TRACON& Tower with Radar,239,368,39,2,648,0,2,0,0,2,239,370,39,2,650,0,0,0,650
02/14/2006,PIT,PA,AEA,CE,Combined TRACON& Tower with Radar,241,375,49,27,692,0,0,4,0,4,241,375,53,27,696,0,0,0,696
02/15/2006,PIT,PA,AEA,CE,Combined TRACON& Tower with Radar,232,375,48,28,683,0,0,4,0,4,232,375,52,28,687,0,0,0,687
02/16/2006,PIT,PA,AEA,CE,Combined TRACON& Tower with Radar,229,373,52,27,681,0,0,4,0,4,229,373,56,27,685,0,0,0,685
02/17/2006,PIT,PA,AEA,CE,Combined TRACON& Tower with Radar,254,364,25,8,651,0,0,1,0,1,254,364,26,8,652,0,0,0,652
02/18/2006,PIT,PA,AEA,CE,Combined TRACON& Tower with Radar,194,249,14,3,460,0,0,6,0,6,194,249,20,3,466,0,0,0,466
02/19/2006,PIT,PA,AEA,CE,Combined TRACON& Tower with Radar,215,286,10,6,517,0,0,1,0,1,215,286,11,6,518,0,0,0,518
02/20/2006,PIT,PA,AEA,CE,Combined TRACON& Tower with Radar,232,371,29,2,634,0,0,5,0,5,232,371,34,2,639,0,0,0,639
02/21/2006,PIT,PA,AEA,CE,Combined TRACON& Tower with Radar,242,375,38,30,685,0,0,0,1,1,242,375,38,31,686,0,0,0,686
02/22/2006,PIT,PA,AEA,CE,Combined TRACON& Tower with Radar,235,363,42,30,670,0,0,4,1,5,235,363,46,31,675,0,0,0,675
02/23/2006,PIT,PA,AEA,CE,Combined TRACON& Tower with Radar,246,397,32,36,711,0,0,4,0,4,246,397,36,36,715,0,0,0,715
02/24/2006,PIT,PA,AEA,CE,Combined TRACON& Tower with Radar,249,371,26,26,672,0,0,5,0,5,249,371,31,26,677,0,0,0,677
02/25/2006,PIT,PA,AEA,CE,Combined TRACON& Tower with Radar,197,260,3,4,464,0,1,0,0,1,197,261,3,4,465,0,0,0,465
02/26/2006,PIT,PA,AEA,CE,Combined TRACON& Tower with Radar,217,297,15,13,542,0,0,0,0,0,217,297,15,13,542,0,0,0,542
02/27/2006,PIT,PA,AEA,CE,Combined TRACON& Tower with Radar,239,364,51,2,656,0,1,0,0,1,239,365,51,2,657,0,0,0,657
02/28/2006,PIT,PA,AEA,CE,Combined TRACON& Tower with Radar,243,372,52,24,691,0,0,5,0,5,243,372,57,24,696,0,0,0,696
03/01/2006,PIT,PA,AEA,CE,Combined TRACON& Tower with Radar,242,378,53,29,702,0,0,4,1,5,242,378,57,30,707,0,0,0,707
03/02/2006,PIT,PA,AEA,CE,Combined TRACON& Tower with Radar,235,349,54,11,649,0,0,0,0,0,235,349,54,11,649,0,0,0,649
03/03/2006,PIT,PA,AEA,CE,Combined TRACON& Tower with Radar,254,375,48,12,689,0,0,3,0,3,254,375,51,12,692,0,0,0,692
03/04/2006,PIT,PA,AEA,CE,Combined TRACON& Tower with Radar,197,270,15,3,485,0,0,5,0,5,197,270,20,3,490,0,0,0,490
03/05/2006,PIT,PA,AEA,CE,Combined TRACON& Tower with Radar,208,290,30,10,538,0,1,4,0,5,208,291,34,10,543,0,0,0,543
03/06/2006,PIT,PA,AEA,CE,Combined TRACON& Tower with Radar,236,368,50,19,673,0,1,3,0,4,236,369,53,19,677,0,0,0,677
03/07/2006,PIT,PA,AEA,CE,Combined TRACON& Tower with Radar,241,385,39,33,698,0,2,5,0,7,241,387,44,33,705,0,0,0,705
03/08/2006,PIT,PA,AEA,CE,Combined TRACON& Tower with Radar,248,387,48,28,711,0,0,0,2,2,248,387,48,30,713,0,0,0,713
03/09/2006,PIT,PA,AEA,CE,Combined TRACON& Tower with Radar,245,384,43,13,685,0,0,2,1,3,245,384,45,14,688,0,0,0,688
03/10/2006,PIT,PA,AEA,CE,Combined TRACON& Tower with Radar,248,387,55,19,709,0,0,4,0,4,248,387,59,19,713,0,0,0,713
03/11/2006,PIT,PA,AEA,CE,Combined TRACON& Tower with Radar,196,269,21,2,488,0,0,1,0,1,196,269,22,2,489,0,0,0,489
03/12/2006,PIT,PA,AEA,CE,Combined TRACON& Tower with Radar,219,286,30,4,539,0,0,0,0,0,219,286,30,4,539,0,0,0,539
03/13/2006,PIT,PA,AEA,CE,Combined TRACON& Tower with Radar,233,350,42,2,627,0,0,0,0,0,233,350,42,2,627,0,0,0,627
03/14/2006,PIT,PA,AEA,CE,Combined TRACON& Tower with Radar,242,379,48,51,720,0,0,0,0,0,242,379,48,51,720,0,0,0,720
03/15/2006,PIT,PA,AEA,CE,Combined TRACON& Tower with Radar,245,383,46,15,689,0,1,1,0,2,245,384,47,15,691,0,0,0,691
03/16/2006,PIT,PA,AEA,CE,Combined TRACON& Tower with Radar,248,390,51,32,721,0,2,3,4,9,248,392,54,36,730,0,0,0,730
03/17/2006,PIT,PA,AEA,CE,Combined TRACON& Tower with Radar,251,373,56,14,694,0,0,2,0,2,251,373,58,14,696,0,0,0,696
03/18/2006,PIT,PA,AEA,CE,Combined TRACON& Tower with Radar,191,272,11,10,484,0,0,1,0,1,191,272,12,10,485,0,0,0,485
03/19/2006,PIT,PA,AEA,CE,Combined TRACON& Tower with Radar,215,291,16,5,527,0,0,2,0,2,215,291,18,5,529,0,0,0,529
03/20/2006,PIT,PA,AEA,CE,Combined TRACON& Tower with Radar,234,380,39,21,674,0,0,2,0,2,234,380,41,21,676,0,0,0,676
03/21/2006,PIT,PA,AEA,CE,Combined TRACON& Tower with Radar,242,376,25,22,665,0,3,2,1,6,242,379,27,23,671,0,0,0,671
03/22/2006,PIT,PA,AEA,CE,Combined TRACON& Tower with Radar,244,384,48,40,716,0,0,1,1,2,244,384,49,41,718,0,0,0,718
03/23/2006,PIT,PA,AEA,CE,Combined TRACON& Tower with Radar,243,389,28,31,691,0,0,4,1,5,243,389,32,32,696,0,0,0,696
03/24/2006,PIT,PA,AEA,CE,Combined TRACON& Tower with Radar,256,382,44,23,705,0,3,3,0,6,256,385,47,23,711,0,0,0,711
03/25/2006,PIT,PA,AEA,CE,Combined TRACON& Tower with Radar,189,274,10,6,479,0,3,0,0,3,189,277,10,6,482,0,0,0,482
03/26/2006,PIT,PA,AEA,CE,Combined TRACON& Tower with Radar,214,289,18,4,525,0,0,0,0,0,214,289,18,4,525,0,0,0,525
03/27/2006,PIT,PA,AEA,CE,Combined TRACON& Tower with Radar,235,371,42,6,654,0,3,7,0,10,235,374,49,6,664,0,0,0,664
03/28/2006,PIT,PA,AEA,CE,Combined TRACON& Tower with Radar,246,375,38,40,699,0,1,5,1,7,246,376,43,41,706,0,0,0,706
03/29/2006,PIT,PA,AEA,CE,Combined TRACON& Tower with Radar,253,388,56,18,715,0,0,7,0,7,253,388,63,18,722,0,0,0,722
03/30/2006,PIT,PA,AEA,CE,Combined TRACON& Tower with Radar,245,397,47,23,712,0,2,10,0,12,245,399,57,23,724,0,0,0,724
03/31/2006,PIT,PA,AEA,CE,Combined TRACON& Tower with Radar,246,386,49,8,689,0,0,8,0,8,246,386,57,8,697,0,0,0,697
04/01/2006,PIT,PA,AEA,CE,Combined TRACON& Tower with Radar,195,269,22,2,488,0,0,3,0,3,195,269,25,2,491,0,0,0,491
04/02/2006,PIT,PA,AEA,CE,Combined TRACON& Tower with Radar,214,284,33,4,535,0,0,6,0,6,214,284,39,4,541,0,0,0,541
04/03/2006,PIT,PA,AEA,CE,Combined TRACON& Tower with Radar,241,370,43,19,673,0,0,1,2,3,241,370,44,21,676,0,0,0,676
04/04/2006,PIT,PA,AEA,CE,Combined TRACON& Tower with Radar,260,397,40,27,724,0,1,2,1,4,260,398,42,28,728,0,0,0,728
04/05/2006,PIT,PA,AEA,CE,Combined TRACON& Tower with Radar,243,380,69,29,721,0,0,3,0,3,243,380,72,29,724,0,0,0,724
04/06/2006,PIT,PA,AEA,CE,Combined TRACON& Tower with Radar,249,396,56,13,714,0,0,8,0,8,249,396,64,13,722,0,0,0,722
04/07/2006,PIT,PA,AEA,CE,Combined TRACON& Tower with Radar,251,383,34,9,677,0,0,0,0,0,251,383,34,9,677,0,0,0,677
04/08/2006,PIT,PA,AEA,CE,Combined TRACON& Tower with Radar,191,284,17,6,498,0,1,3,0,4,191,285,20,6,502,0,0,0,502
04/09/2006,PIT,PA,AEA,CE,Combined TRACON& Tower with Radar,223,302,27,5,557,0,2,8,0,10,223,304,35,5,567,0,0,0,567
04/10/2006,PIT,PA,AEA,CE,Combined TRACON& Tower with Radar,242,372,36,11,661,0,0,2,1,3,242,372,38,12,664,0,0,0,664
04/11/2006,PIT,PA,AEA,CE,Combined TRACON& Tower with Radar,239,391,39,27,696,0,1,8,0,9,239,392,47,27,705,0,0,0,705
04/12/2006,PIT,PA,AEA,CE,Combined TRACON& Tower with Radar,243,392,47,20,702,0,0,0,1,1,243,392,47,21,703,0,0,0,703
04/13/2006,PIT,PA,AEA,CE,Combined TRACON& Tower with Radar,248,388,31,23,690,0,1,7,0,8,248,389,38,23,698,0,0,0,698
04/14/2006,PIT,PA,AEA,CE,Combined TRACON& Tower with Radar,252,392,18,20,682,0,0,2,0,2,252,392,20,20,684,0,0,0,684
04/15/2006,PIT,PA,AEA,CE,Combined TRACON& Tower with Radar,200,262,13,3,478,0,0,0,0,0,200,262,13,3,478,0,0,0,478
04/16/2006,PIT,PA,AEA,CE,Combined TRACON& Tower with Radar,209,293,7,5,514,0,0,4,0,4,209,293,11,5,518,0,0,0,518
04/17/2006,PIT,PA,AEA,CE,Combined TRACON& Tower with Radar,240,379,51,18,688,0,1,7,0,8,240,380,58,18,696,0,0,0,696
04/18/2006,PIT,PA,AEA,CE,Combined TRACON& Tower with Radar,241,406,48,17,712,0,4,12,0,16,241,410,60,17,728,0,0,0,728
04/19/2006,PIT,PA,AEA,CE,Combined TRACON& Tower with Radar,245,390,57,29,721,0,1,10,0,11,245,391,67,29,732,0,0,0,732
04/20/2006,PIT,PA,AEA,CE,Combined TRACON& Tower with Radar,254,393,48,14,709,0,0,5,0,5,254,393,53,14,714,0,0,0,714
04/21/2006,PIT,PA,AEA,CE,Combined TRACON& Tower with Radar,252,381,42,24,699,0,2,5,0,7,252,383,47,24,706,0,0,0,706
04/22/2006,PIT,PA,AEA,CE,Combined TRACON& Tower with Radar,200,279,18,4,501,0,0,0,0,0,200,279,18,4,501,0,0,0,501
04/23/2006,PIT,PA,AEA,CE,Combined TRACON& Tower with Radar,220,285,20,7,532,0,1,1,0,2,220,286,21,7,534,0,0,0,534
04/24/2006,PIT,PA,AEA,CE,Combined TRACON& Tower with Radar,237,378,57,5,677,0,0,0,0,0,237,378,57,5,677,0,0,0,677
04/25/2006,PIT,PA,AEA,CE,Combined TRACON& Tower with Radar,245,389,57,16,707,0,0,2,0,2,245,389,59,16,709,0,0,0,709
04/26/2006,PIT,PA,AEA,CE,Combined TRACON& Tower with Radar,251,389,47,42,729,0,1,7,0,8,251,390,54,42,737,0,0,0,737
04/27/2006,PIT,PA,AEA,CE,Combined TRACON& Tower with Radar,248,383,46,21,698,0,3,6,0,9,248,386,52,21,707,0,0,0,707
04/28/2006,PIT,PA,AEA,CE,Combined TRACON& Tower with Radar,248,384,51,26,709,0,1,8,1,10,248,385,59,27,719,0,0,0,719
04/29/2006,PIT,PA,AEA,CE,Combined TRACON& Tower with Radar,197,265,35,3,500,0,3,8,0,11,197,268,43,3,511,0,0,0,511
04/30/2006,PIT,PA,AEA,CE,Combined TRACON& Tower with Radar,215,297,35,3,550,0,1,7,0,8,215,298,42,3,558,0,0,0,558
05/01/2006,PIT,PA,AEA,CE,Combined TRACON& Tower with Radar,241,387,58,14,700,0,0,8,0,8,241,387,66,14,708,0,0,0,708
05/02/2006,PIT,PA,AEA,CE,Combined TRACON& Tower with Radar,251,391,71,8,721,0,0,2,3,5,251,391,73,11,726,0,0,0,726
05/03/2006,PIT,PA,AEA,CE,Combined TRACON& Tower with Radar,257,402,73,22,754,0,1,2,0,3,257,403,75,22,757,0,0,0,757
05/04/2006,PIT,PA,AEA,CE,Combined TRACON& Tower with Radar,254,417,84,15,770,0,4,4,0,8,254,421,88,15,778,0,0,0,778
05/05/2006,PIT,PA,AEA,CE,Combined TRACON& Tower with Radar,253,404,64,21,742,0,0,5,0,5,253,404,69,21,747,0,0,0,747
05/06/2006,PIT,PA,AEA,CE,Combined TRACON& Tower with Radar,204,278,45,3,530,0,2,9,1,12,204,280,54,4,542,0,0,0,542
05/07/2006,PIT,PA,AEA,CE,Combined TRACON& Tower with Radar,226,298,47,3,574,0,1,1,0,2,226,299,48,3,576,0,0,0,576
05/08/2006,PIT,PA,AEA,CE,Combined TRACON& Tower with Radar,241,368,65,4,678,0,3,3,2,8,241,371,68,6,686,0,0,0,686
05/09/2006,PIT,PA,AEA,CE,Combined TRACON& Tower with Radar,246,390,91,16,743,0,0,5,3,8,246,390,96,19,751,0,0,0,751
05/10/2006,PIT,PA,AEA,CE,Combined TRACON& Tower with Radar,247,402,76,19,744,0,0,12,1,13,247,402,88,20,757,0,0,0,757
05/11/2006,PIT,PA,AEA,CE,Combined TRACON& Tower with Radar,262,392,78,13,745,0,0,0,0,0,262,392,78,13,745,0,0,0,745
05/12/2006,PIT,PA,AEA,CE,Combined TRACON& Tower with Radar,266,399,79,24,768,0,2,1,0,3,266,401,80,24,771,0,0,0,771
05/13/2006,PIT,PA,AEA,CE,Combined TRACON& Tower with Radar,208,261,29,3,501,0,0,1,0,1,208,261,30,3,502,0,0,0,502
05/14/2006,PIT,PA,AEA,CE,Combined TRACON& Tower with Radar,223,284,38,4,549,0,0,1,0,1,223,284,39,4,550,0,0,0,550
05/15/2006,PIT,PA,AEA,CE,Combined TRACON& Tower with Radar,241,351,72,10,674,0,0,0,0,0,241,351,72,10,674,0,0,0,674
05/16/2006,PIT,PA,AEA,CE,Combined TRACON& Tower with Radar,249,411,94,11,765,0,2,0,0,2,249,413,94,11,767,0,0,0,767
05/17/2006,PIT,PA,AEA,CE,Combined TRACON& Tower with Radar,249,413,84,16,762,3,4,4,0,11,252,417,88,16,773,0,0,0,773
05/18/2006,PIT,PA,AEA,CE,Combined TRACON& Tower with Radar,258,422,90,5,775,0,3,1,1,5,258,425,91,6,780,0,0,0,780
05/19/2006,PIT,PA,AEA,CE,Combined TRACON& Tower with Radar,263,392,61,12,728,0,1,2,0,3,263,393,63,12,731,0,0,0,731
05/20/2006,PIT,PA,AEA,CE,Combined TRACON& Tower with Radar,215,269,34,6,524,0,4,4,0,8,215,273,38,6,532,0,0,0,532
05/21/2006,PIT,PA,AEA,CE,Combined TRACON& Tower with Radar,221,276,44,10,551,0,0,2,0,2,221,276,46,10,553,0,0,0,553
05/22/2006,PIT,PA,AEA,CE,Combined TRACON& Tower with Radar,245,358,78,16,697,0,3,17,0,20,245,361,95,16,717,0,0,0,717
05/23/2006,PIT,PA,AEA,CE,Combined TRACON& Tower with Radar,249,374,66,23,712,0,3,8,2,13,249,377,74,25,725,0,0,0,725
05/24/2006,PIT,PA,AEA,CE,Combined TRACON& Tower with Radar,250,354,65,9,678,0,1,9,0,10,250,355,74,9,688,0,0,0,688
05/25/2006,PIT,PA,AEA,CE,Combined TRACON& Tower with Radar,247,353,81,6,687,0,0,8,0,8,247,353,89,6,695,0,0,0,695
05/26/2006,PIT,PA,AEA,CE,Combined TRACON& Tower with Radar,259,345,39,9,652,0,0,2,0,2,259,345,41,9,654,0,0,0,654
05/27/2006,PIT,PA,AEA,CE,Combined TRACON& Tower with Radar,208,243,23,3,477,0,1,2,0,3,208,244,25,3,480,0,0,0,480
05/28/2006,PIT,PA,AEA,CE,Combined TRACON& Tower with Radar,199,199,10,2,410,0,0,0,0,0,199,199,10,2,410,0,0,0,410
05/29/2006,PIT,PA,AEA,CE,Combined TRACON& Tower with Radar,215,289,26,3,533,0,0,3,1,4,215,289,29,4,537,0,0,0,537
05/30/2006,PIT,PA,AEA,CE,Combined TRACON& Tower with Radar,237,350,45,8,640,0,3,4,0,7,237,353,49,8,647,0,0,0,647
05/31/2006,PIT,PA,AEA,CE,Combined TRACON& Tower with Radar,246,383,47,17,693,0,3,5,0,8,246,386,52,17,701,0,0,0,701
06/01/2006,PIT,PA,AEA,CE,Combined TRACON& Tower with Radar,261,333,46,5,645,1,0,3,0,4,262,333,49,5,649,0,0,0,649
06/02/2006,PIT,PA,AEA,CE,Combined TRACON& Tower with Radar,246,336,58,7,647,2,4,1,0,7,248,340,59,7,654,0,0,0,654
06/03/2006,PIT,PA,AEA,CE,Combined TRACON& Tower with Radar,211,254,23,7,495,0,2,5,2,9,211,256,28,9,504,0,0,0,504
06/04/2006,PIT,PA,AEA,CE,Combined TRACON& Tower with Radar,221,278,22,3,524,1,1,0,0,2,222,279,22,3,526,0,0,0,526
06/05/2006,PIT,PA,AEA,CE,Combined TRACON& Tower with Radar,233,349,52,4,638,0,1,3,0,4,233,350,55,4,642,0,0,0,642
06/06/2006,PIT,PA,AEA,CE,Combined TRACON& Tower with Radar,242,352,62,18,674,0,1,11,1,13,242,353,73,19,687,0,0,0,687
06/07/2006,PIT,PA,AEA,CE,Combined TRACON& Tower with Radar,244,351,35,20,650,0,1,2,2,5,244,352,37,22,655,0,0,0,655
06/08/2006,PIT,PA,AEA,CE,Combined TRACON& Tower with Radar,244,358,58,25,685,1,2,7,2,12,245,360,65,27,697,0,0,0,697
06/09/2006,PIT,PA,AEA,CE,Combined TRACON& Tower with Radar,247,368,46,20,681,2,0,4,0,6,249,368,50,20,687,0,0,0,687
06/10/2006,PIT,PA,AEA,CE,Combined TRACON& Tower with Radar,194,260,19,4,477,0,4,1,0,5,194,264,20,4,482,0,0,0,482
06/11/2006,PIT,PA,AEA,CE,Combined TRACON& Tower with Radar,214,279,12,8,513,0,2,2,0,4,214,281,14,8,517,0,0,0,517
06/12/2006,PIT,PA,AEA,CE,Combined TRACON& Tower with Radar,230,360,53,14,657,1,2,4,0,7,231,362,57,14,664,0,0,0,664
06/13/2006,PIT,PA,AEA,CE,Combined TRACON& Tower with Radar,241,378,72,17,708,1,4,4,1,10,242,382,76,18,718,0,0,0,718
06/14/2006,PIT,PA,AEA,CE,Combined TRACON& Tower with Radar,239,369,60,16,684,0,1,8,1,10,239,370,68,17,694,0,0,0,694
06/15/2006,PIT,PA,AEA,CE,Combined TRACON& Tower with Radar,250,379,48,17,694,0,1,7,0,8,250,380,55,17,702,0,0,0,702
06/16/2006,PIT,PA,AEA,CE,Combined TRACON& Tower with Radar,244,378,57,30,709,2,0,4,2,8,246,378,61,32,717,0,0,0,717
06/17/2006,PIT,PA,AEA,CE,Combined TRACON& Tower with Radar,198,247,30,1,476,0,1,4,0,5,198,248,34,1,481,0,0,0,481
06/18/2006,PIT,PA,AEA,CE,Combined TRACON& Tower with Radar,214,288,9,5,516,3,1,1,0,5,217,289,10,5,521,0,0,0,521
06/19/2006,PIT,PA,AEA,CE,Combined TRACON& Tower with Radar,234,342,47,18,641,0,0,0,3,3,234,342,47,21,644,0,0,0,644
06/20/2006,PIT,PA,AEA,CE,Combined TRACON& Tower with Radar,243,372,48,16,679,2,2,4,3,11,245,374,52,19,690,0,0,0,690
06/21/2006,PIT,PA,AEA,CE,Combined TRACON& Tower with Radar,234,352,51,23,660,2,10,2,2,16,236,362,53,25,676,0,0,0,676
06/22/2006,PIT,PA,AEA,CE,Combined TRACON& Tower with Radar,241,321,46,17,625,0,2,1,3,6,241,323,47,20,631,0,0,0,631
06/23/2006,PIT,PA,AEA,CE,Combined TRACON& Tower with Radar,262,370,41,21,694,2,3,0,0,5,264,373,41,21,699,0,0,0,699
06/24/2006,PIT,PA,AEA,CE,Combined TRACON& Tower with Radar,207,264,16,3,490,0,0,6,2,8,207,264,22,5,498,0,0,0,498
06/25/2006,PIT,PA,AEA,CE,Combined TRACON& Tower with Radar,216,268,23,14,521,1,4,0,1,6,217,272,23,15,527,0,0,0,527
06/26/2006,PIT,PA,AEA,CE,Combined TRACON& Tower with Radar,243,335,41,22,641,0,0,0,0,0,243,335,41,22,641,0,0,0,641
06/27/2006,PIT,PA,AEA,CE,Combined TRACON& Tower with Radar,259,331,41,8,639,0,2,1,0,3,259,333,42,8,642,0,0,0,642
06/28/2006,PIT,PA,AEA,CE,Combined TRACON& Tower with Radar,250,369,65,32,716,1,0,3,3,7,251,369,68,35,723,0,0,0,723
06/29/2006,PIT,PA,AEA,CE,Combined TRACON& Tower with Radar,248,367,60,13,688,0,3,5,4,12,248,370,65,17,700,0,0,0,700
06/30/2006,PIT,PA,AEA,CE,Combined TRACON& Tower with Radar,260,375,43,13,691,0,3,8,1,12,260,378,51,14,703,0,0,0,703
07/01/2006,PIT,PA,AEA,CE,Combined TRACON& Tower with Radar,222,271,11,11,515,0,2,4,0,6,222,273,15,11,521,0,0,0,521
07/02/2006,PIT,PA,AEA,CE,Combined TRACON& Tower with Radar,227,250,16,6,499,0,1,2,0,3,227,251,18,6,502,0,0,0,502
07/03/2006,PIT,PA,AEA,CE,Combined TRACON& Tower with Radar,202,278,9,4,493,0,0,2,1,3,202,278,11,5,496,0,0,0,496
07/04/2006,PIT,PA,AEA,CE,Combined TRACON& Tower with Radar,230,283,8,3,524,0,0,2,0,2,230,283,10,3,526,0,0,0,526
07/05/2006,PIT,PA,AEA,CE,Combined TRACON& Tower with Radar,251,363,24,25,663,0,2,2,6,10,251,365,26,31,673,0,0,0,673
07/06/2006,PIT,PA,AEA,CE,Combined TRACON& Tower with Radar,261,363,30,35,689,0,1,8,17,26,261,364,38,52,715,0,0,0,715
07/07/2006,PIT,PA,AEA,CE,Combined TRACON& Tower with Radar,259,364,57,22,702,0,3,32,15,50,259,367,89,37,752,0,0,0,752
07/08/2006,PIT,PA,AEA,CE,Combined TRACON& Tower with Radar,207,257,18,4,486,0,1,13,20,34,207,258,31,24,520,0,0,0,520
07/09/2006,PIT,PA,AEA,CE,Combined TRACON& Tower with Radar,227,301,36,13,577,0,4,26,23,53,227,305,62,36,630,0,0,0,630
07/10/2006,PIT,PA,AEA,CE,Combined TRACON& Tower with Radar,249,374,51,28,702,0,1,6,2,9,249,375,57,30,711,0,0,0,711
07/11/2006,PIT,PA,AEA,CE,Combined TRACON& Tower with Radar,254,376,90,18,738,0,1,2,1,4,254,377,92,19,742,0,0,0,742
07/12/2006,PIT,PA,AEA,CE,Combined TRACON& Tower with Radar,260,416,119,23,818,0,2,2,0,4,260,418,121,23,822,0,0,0,822
07/13/2006,PIT,PA,AEA,CE,Combined TRACON& Tower with Radar,269,355,55,51,730,0,2,6,0,8,269,357,61,51,738,0,0,0,738
07/14/2006,PIT,PA,AEA,CE,Combined TRACON& Tower with Radar,266,379,50,23,718,0,0,2,0,2,266,379,52,23,720,0,0,0,720
07/15/2006,PIT,PA,AEA,CE,Combined TRACON& Tower with Radar,216,263,25,2,506,0,5,1,0,6,216,268,26,2,512,0,0,0,512
07/16/2006,PIT,PA,AEA,CE,Combined TRACON& Tower with Radar,230,292,25,3,550,0,0,1,0,1,230,292,26,3,551,0,0,0,551
07/17/2006,PIT,PA,AEA,CE,Combined TRACON& Tower with Radar,250,375,40,10,675,0,2,3,3,8,250,377,43,13,683,0,0,0,683
07/18/2006,PIT,PA,AEA,CE,Combined TRACON& Tower with Radar,253,349,72,16,690,1,10,4,2,17,254,359,76,18,707,0,0,0,707
07/19/2006,PIT,PA,AEA,CE,Combined TRACON& Tower with Radar,265,371,65,54,755,0,0,7,4,11,265,371,72,58,766,0,0,0,766
07/20/2006,PIT,PA,AEA,CE,Combined TRACON& Tower with Radar,247,365,44,30,686,0,1,6,3,10,247,366,50,33,696,0,7,7,703
07/21/2006,PIT,PA,AEA,CE,Combined TRACON& Tower with Radar,249,349,41,23,662,0,1,4,6,11,249,350,45,29,673,0,45,45,718
07/22/2006,PIT,PA,AEA,CE,Combined TRACON& Tower with Radar,228,246,21,18,513,0,0,1,1,2,228,246,22,19,515,0,0,0,515
07/23/2006,PIT,PA,AEA,CE,Combined TRACON& Tower with Radar,235,288,30,4,557,1,0,6,0,7,236,288,36,4,564,0,6,6,570
07/24/2006,PIT,PA,AEA,CE,Combined TRACON& Tower with Radar,248,371,42,38,699,0,2,8,0,10,248,373,50,38,709,0,12,12,721
07/25/2006,PIT,PA,AEA,CE,Combined TRACON& Tower with Radar,260,359,43,30,692,0,2,8,2,12,260,361,51,32,704,0,10,10,714
07/26/2006,PIT,PA,AEA,CE,Combined TRACON& Tower with Radar,263,381,65,24,733,0,0,13,0,13,263,381,78,24,746,0,0,0,746
07/27/2006,PIT,PA,AEA,CE,Combined TRACON& Tower with Radar,248,324,67,33,672,0,3,3,3,9,248,327,70,36,681,6,8,14,695
07/28/2006,PIT,PA,AEA,CE,Combined TRACON& Tower with Radar,264,348,50,14,676,1,2,5,0,8,265,350,55,14,684,0,12,12,696
07/29/2006,PIT,PA,AEA,CE,Combined TRACON& Tower with Radar,224,265,15,3,507,0,0,2,0,2,224,265,17,3,509,0,0,0,509
07/30/2006,PIT,PA,AEA,CE,Combined TRACON& Tower with Radar,225,260,21,1,507,0,0,2,0,2,225,260,23,1,509,0,0,0,509
07/31/2006,PIT,PA,AEA,CE,Combined TRACON& Tower with Radar,262,375,38,9,684,0,1,0,2,3,262,376,38,11,687,0,10,10,697
08/01/2006,PIT,PA,AEA,CE,Combined TRACON& Tower with Radar,261,355,47,24,687,0,0,8,0,8,261,355,55,24,695,0,0,0,695
08/02/2006,PIT,PA,AEA,CE,Combined TRACON& Tower with Radar,257,358,63,38,716,1,0,1,0,2,258,358,64,38,718,0,12,12,730
08/03/2006,PIT,PA,AEA,CE,Combined TRACON& Tower with Radar,265,362,44,17,688,1,1,3,0,5,266,363,47,17,693,0,0,0,693
08/04/2006,PIT,PA,AEA,CE,Combined TRACON& Tower with Radar,259,371,41,15,686,0,0,6,1,7,259,371,47,16,693,0,0,0,693
08/05/2006,PIT,PA,AEA,CE,Combined TRACON& Tower with Radar,215,263,21,10,509,0,1,4,0,5,215,264,25,10,514,0,0,0,514
08/06/2006,PIT,PA,AEA,CE,Combined TRACON& Tower with Radar,229,299,34,2,564,0,0,1,0,1,229,299,35,2,565,0,0,0,565
08/07/2006,PIT,PA,AEA,CE,Combined TRACON& Tower with Radar,245,353,30,18,646,2,2,4,2,10,247,355,34,20,656,0,0,0,656
08/08/2006,PIT,PA,AEA,CE,Combined TRACON& Tower with Radar,264,370,46,20,700,0,3,9,1,13,264,373,55,21,713,0,9,9,722
08/09/2006,PIT,PA,AEA,CE,Combined TRACON& Tower with Radar,255,363,36,42,696,0,7,6,8,21,255,370,42,50,717,0,20,20,737
08/10/2006,PIT,PA,AEA,CE,Combined TRACON& Tower with Radar,240,357,57,17,671,0,3,8,1,12,240,360,65,18,683,0,20,20,703
08/11/2006,PIT,PA,AEA,CE,Combined TRACON& Tower with Radar,282,367,45,12,706,0,3,4,1,8,282,370,49,13,714,0,20,20,734
08/12/2006,PIT,PA,AEA,CE,Combined TRACON& Tower with Radar,211,266,12,5,494,0,0,2,0,2,211,266,14,5,496,0,0,0,496
08/13/2006,PIT,PA,AEA,CE,Combined TRACON& Tower with Radar,231,294,29,6,560,0,1,3,0,4,231,295,32,6,564,0,0,0,564
08/14/2006,PIT,PA,AEA,CE,Combined TRACON& Tower with Radar,243,351,30,4,628,0,2,4,0,6,243,353,34,4,634,0,0,0,634
08/15/2006,PIT,PA,AEA,CE,Combined TRACON& Tower with Radar,258,376,58,21,713,0,2,5,1,8,258,378,63,22,721,0,16,16,737
08/16/2006,PIT,PA,AEA,CE,Combined TRACON& Tower with Radar,259,388,67,22,736,0,1,7,6,14,259,389,74,28,750,0,0,0,750
08/17/2006,PIT,PA,AEA,CE,Combined TRACON& Tower with Radar,265,377,57,22,721,0,3,7,2,12,265,380,64,24,733,0,0,0,733
08/18/2006,PIT,PA,AEA,CE,Combined TRACON& Tower with Radar,260,379,65,21,725,0,2,2,7,11,260,381,67,28,736,0,22,22,758
08/19/2006,PIT,PA,AEA,CE,Combined TRACON& Tower with Radar,215,253,16,10,494,0,1,2,4,7,215,254,18,14,501,0,0,0,501
08/20/2006,PIT,PA,AEA,CE,Combined TRACON& Tower with Radar,245,282,15,8,550,1,1,4,0,6,246,283,19,8,556,0,0,0,556
08/21/2006,PIT,PA,AEA,CE,Combined TRACON& Tower with Radar,247,351,34,20,652,0,1,5,2,8,247,352,39,22,660,0,4,4,664
08/22/2006,PIT,PA,AEA,CE,Combined TRACON& Tower with Radar,264,365,53,48,730,0,2,3,0,5,264,367,56,48,735,0,12,12,747
08/23/2006,PIT,PA,AEA,CE,Combined TRACON& Tower with Radar,268,359,61,22,710,0,0,6,2,8,268,359,67,24,718,0,0,0,718
08/24/2006,PIT,PA,AEA,CE,Combined TRACON& Tower with Radar,253,358,33,24,668,0,0,3,6,9,253,358,36,30,677,0,22,22,699
08/25/2006,PIT,PA,AEA,CE,Combined TRACON& Tower with Radar,270,354,37,18,679,0,2,4,4,10,270,356,41,22,689,0,18,18,707
08/26/2006,PIT,PA,AEA,CE,Combined TRACON& Tower with Radar,217,250,23,4,494,0,0,4,1,5,217,250,27,5,499,0,0,0,499
08/27/2006,PIT,PA,AEA,CE,Combined TRACON& Tower with Radar,241,261,10,2,514,0,1,0,0,1,241,262,10,2,515,0,0,0,515
08/28/2006,PIT,PA,AEA,CE,Combined TRACON& Tower with Radar,267,347,47,11,672,1,0,2,2,5,268,347,49,13,677,0,0,0,677
08/29/2006,PIT,PA,AEA,CE,Combined TRACON& Tower with Radar,245,345,85,32,707,0,0,4,2,6,245,345,89,34,713,0,0,0,713
08/30/2006,PIT,PA,AEA,CE,Combined TRACON& Tower with Radar,259,371,51,18,699,0,0,1,0,1,259,371,52,18,700,0,0,0,700
08/31/2006,PIT,PA,AEA,CE,Combined TRACON& Tower with Radar,275,367,53,16,711,0,0,4,0,4,275,367,57,16,715,0,14,14,729
09/01/2006,PIT,PA,AEA,CE,Combined TRACON& Tower with Radar,265,359,26,15,665,0,0,2,0,2,265,359,28,15,667,0,0,0,667
09/02/2006,PIT,PA,AEA,CE,Combined TRACON& Tower with Radar,206,246,17,12,481,0,2,1,2,5,206,248,18,14,486,0,0,0,486
09/03/2006,PIT,PA,AEA,CE,Combined TRACON& Tower with Radar,208,225,5,2,440,0,0,0,0,0,208,225,5,2,440,0,0,0,440
09/04/2006,PIT,PA,AEA,CE,Combined TRACON& Tower with Radar,241,302,22,4,569,0,1,4,0,5,241,303,26,4,574,0,0,0,574
09/05/2006,PIT,PA,AEA,CE,Combined TRACON& Tower with Radar,246,361,42,10,659,0,0,0,0,0,246,361,42,10,659,0,0,0,659
09/06/2006,PIT,PA,AEA,CE,Combined TRACON& Tower with Radar,265,368,53,15,701,0,0,2,2,4,265,368,55,17,705,0,0,0,705
09/07/2006,PIT,PA,AEA,CE,Combined TRACON& Tower with Radar,272,366,60,14,712,0,0,6,0,6,272,366,66,14,718,0,20,20,738
09/08/2006,PIT,PA,AEA,CE,Combined TRACON& Tower with Radar,274,373,72,11,730,0,0,2,1,3,274,373,74,12,733,0,0,0,733
09/09/2006,PIT,PA,AEA,CE,Combined TRACON& Tower with Radar,236,246,25,8,515,0,4,5,2,11,236,250,30,10,526,0,0,0,526
09/10/2006,PIT,PA,AEA,CE,Combined TRACON& Tower with Radar,232,298,51,5,586,0,29,4,0,33,232,327,55,5,619,0,9,9,628
09/11/2006,PIT,PA,AEA,CE,Combined TRACON& Tower with Radar,249,355,53,17,674,0,3,4,4,11,249,358,57,21,685,0,0,0,685
09/12/2006,PIT,PA,AEA,CE,Combined TRACON& Tower with Radar,253,376,61,17,707,0,0,0,0,0,253,376,61,17,707,0,0,0,707
09/13/2006,PIT,PA,AEA,CE,Combined TRACON& Tower with Radar,257,367,61,15,700,0,1,0,0,1,257,368,61,15,701,0,0,0,701
09/14/2006,PIT,PA,AEA,CE,Combined TRACON& Tower with Radar,261,355,59,29,704,0,3,1,1,5,261,358,60,30,709,0,0,0,709
09/15/2006,PIT,PA,AEA,CE,Combined TRACON& Tower with Radar,264,362,50,12,688,0,1,4,7,12,264,363,54,19,700,0,0,0,700
09/16/2006,PIT,PA,AEA,CE,Combined TRACON& Tower with Radar,235,243,22,0,500,0,0,3,0,3,235,243,25,0,503,0,0,0,503
09/17/2006,PIT,PA,AEA,CE,Combined TRACON& Tower with Radar,232,296,26,2,556,0,1,3,1,5,232,297,29,3,561,0,0,0,561
09/18/2006,PIT,PA,AEA,CE,Combined TRACON& Tower with Radar,255,346,55,27,683,0,2,1,7,10,255,348,56,34,693,0,0,0,693
09/19/2006,PIT,PA,AEA,CE,Combined TRACON& Tower with Radar,261,373,62,7,703,1,4,2,2,9,262,377,64,9,712,0,37,37,749
09/20/2006,PIT,PA,AEA,CE,Combined TRACON& Tower with Radar,264,374,50,24,712,1,0,7,20,28,265,374,57,44,740,0,27,27,767
09/21/2006,PIT,PA,AEA,CE,Combined TRACON& Tower with Radar,267,370,35,15,687,0,1,3,0,4,267,371,38,15,691,0,0,0,691
09/22/2006,PIT,PA,AEA,CE,Combined TRACON& Tower with Radar,262,364,47,15,688,0,0,11,3,14,262,364,58,18,702,0,8,8,710
09/23/2006,PIT,PA,AEA,CE,Combined TRACON& Tower with Radar,234,243,14,2,493,0,1,1,0,2,234,244,15,2,495,0,0,0,495
09/24/2006,PIT,PA,AEA,CE,Combined TRACON& Tower with Radar,231,293,36,6,566,0,1,1,0,2,231,294,37,6,568,0,0,0,568
09/25/2006,PIT,PA,AEA,CE,Combined TRACON& Tower with Radar,257,355,64,6,682,1,0,6,0,7,258,355,70,6,689,0,0,0,689
09/26/2006,PIT,PA,AEA,CE,Combined TRACON& Tower with Radar,268,365,51,12,696,0,5,11,2,18,268,370,62,14,714,0,18,18,732
09/27/2006,PIT,PA,AEA,CE,Combined TRACON& Tower with Radar,258,377,66,19,720,0,2,7,3,12,258,379,73,22,732,0,0,0,732
09/28/2006,PIT,PA,AEA,CE,Combined TRACON& Tower with Radar,265,362,57,18,702,0,1,1,2,4,265,363,58,20,706,0,0,0,706
09/29/2006,PIT,PA,AEA,CE,Combined TRACON& Tower with Radar,288,359,57,7,711,0,0,1,2,3,288,359,58,9,714,0,0,0,714
09/30/2006,PIT,PA,AEA,CE,Combined TRACON& Tower with Radar,237,244,11,5,497,0,1,1,0,2,237,245,12,5,499,0,0,0,499
10/01/2006,PIT,PA,AEA,CE,Combined TRACON& Tower with Radar,240,286,27,5,558,0,4,2,0,6,240,290,29,5,564,0,0,0,564
10/02/2006,PIT,PA,AEA,CE,Combined TRACON& Tower with Radar,256,338,37,13,644,0,0,8,0,8,256,338,45,13,652,0,0,0,652
10/03/2006,PIT,PA,AEA,CE,Combined TRACON& Tower with Radar,260,370,40,35,705,0,1,5,3,9,260,371,45,38,714,0,34,34,748
10/04/2006,PIT,PA,AEA,CE,Combined TRACON& Tower with Radar,260,345,53,22,680,0,2,3,0,5,260,347,56,22,685,0,0,0,685
10/05/2006,PIT,PA,AEA,CE,Combined TRACON& Tower with Radar,269,370,73,17,729,0,1,4,0,5,269,371,77,17,734,0,0,0,734
10/06/2006,PIT,PA,AEA,CE,Combined TRACON& Tower with Radar,278,365,48,17,708,1,1,4,0,6,279,366,52,17,714,0,0,0,714
10/07/2006,PIT,PA,AEA,CE,Combined TRACON& Tower with Radar,235,254,26,14,529,0,2,2,0,4,235,256,28,14,533,0,10,10,543
10/08/2006,PIT,PA,AEA,CE,Combined TRACON& Tower with Radar,235,275,16,0,526,0,0,3,0,3,235,275,19,0,529,0,0,0,529
10/09/2006,PIT,PA,AEA,CE,Combined TRACON& Tower with Radar,260,338,51,3,652,0,0,3,0,3,260,338,54,3,655,0,0,0,655
10/10/2006,PIT,PA,AEA,CE,Combined TRACON& Tower with Radar,261,344,40,30,675,0,0,2,3,5,261,344,42,33,680,0,0,0,680
10/11/2006,PIT,PA,AEA,CE,Combined TRACON& Tower with Radar,286,364,46,26,722,2,2,1,2,7,288,366,47,28,729,0,14,14,743
10/12/2006,PIT,PA,AEA,CE,Combined TRACON& Tower with Radar,321,439,57,24,841,11,7,15,2,35,332,446,72,26,876,0,7,7,883
10/13/2006,PIT,PA,AEA,CE,Combined TRACON& Tower with Radar,352,441,51,30,874,23,7,8,5,43,375,448,59,35,917,0,0,0,917
10/14/2006,PIT,PA,AEA,CE,Combined TRACON& Tower with Radar,284,294,28,12,618,10,6,4,4,24,294,300,32,16,642,0,0,0,642
10/15/2006,PIT,PA,AEA,CE,Combined TRACON& Tower with Radar,286,355,44,6,691,17,9,7,0,33,303,364,51,6,724,0,0,0,724
10/16/2006,PIT,PA,AEA,CE,Combined TRACON& Tower with Radar,311,425,42,36,814,9,5,8,1,23,320,430,50,37,837,0,0,0,837
10/17/2006,PIT,PA,AEA,CE,Combined TRACON& Tower with Radar,305,408,48,19,780,9,6,2,2,19,314,414,50,21,799,0,14,14,813
10/18/2006,PIT,PA,AEA,CE,Combined TRACON& Tower with Radar,253,363,58,19,693,0,2,2,0,4,253,365,60,19,697,0,0,0,697
10/19/2006,PIT,PA,AEA,CE,Combined TRACON& Tower with Radar,271,358,69,18,716,0,0,0,0,0,271,358,69,18,716,0,0,0,716
10/20/2006,PIT,PA,AEA,CE,Combined TRACON& Tower with Radar,272,347,57,5,681,0,2,0,0,2,272,349,57,5,683,0,0,0,683
10/21/2006,PIT,PA,AEA,CE,Combined TRACON& Tower with Radar,236,239,34,3,512,0,1,7,0,8,236,240,41,3,520,0,0,0,520
10/22/2006,PIT,PA,AEA,CE,Combined TRACON& Tower with Radar,235,276,24,5,540,0,0,0,0,0,235,276,24,5,540,0,0,0,540
10/23/2006,PIT,PA,AEA,CE,Combined TRACON& Tower with Radar,261,336,29,16,642,0,1,0,1,2,261,337,29,17,644,0,0,0,644
10/24/2006,PIT,PA,AEA,CE,Combined TRACON& Tower with Radar,268,378,50,21,717,0,3,0,2,5,268,381,50,23,722,8,0,8,730
10/25/2006,PIT,PA,AEA,CE,Combined TRACON& Tower with Radar,264,373,65,24,726,0,0,0,0,0,264,373,65,24,726,0,6,6,732
10/26/2006,PIT,PA,AEA,CE,Combined TRACON& Tower with Radar,268,378,45,24,715,0,1,3,0,4,268,379,48,24,719,0,0,0,719
10/27/2006,PIT,PA,AEA,CE,Combined TRACON& Tower with Radar,274,358,44,28,704,0,1,2,2,5,274,359,46,30,709,0,0,0,709
10/28/2006,PIT,PA,AEA,CE,Combined TRACON& Tower with Radar,229,241,15,2,487,1,1,0,0,2,230,242,15,2,489,0,0,0,489
10/29/2006,PIT,PA,AEA,CE,Combined TRACON& Tower with Radar,239,269,19,4,531,0,1,2,0,3,239,270,21,4,534,0,0,0,534
10/30/2006,PIT,PA,AEA,CE,Combined TRACON& Tower with Radar,258,340,35,19,652,0,0,0,4,4,258,340,35,23,656,0,16,16,672
10/31/2006,PIT,PA,AEA,CE,Combined TRACON& Tower with Radar,259,353,38,33,683,0,0,3,0,3,259,353,41,33,686,0,0,0,686
11/01/2006,PIT,PA,AEA,CE,Combined TRACON& Tower with Radar,262,362,53,19,696,0,3,0,1,4,262,365,53,20,700,0,0,0,700
11/02/2006,PIT,PA,AEA,CE,Combined TRACON& Tower with Radar,259,365,69,18,711,0,1,1,4,6,259,366,70,22,717,0,0,0,717
11/03/2006,PIT,PA,AEA,CE,Combined TRACON& Tower with Radar,272,353,42,29,696,0,0,6,3,9,272,353,48,32,705,0,0,0,705
11/04/2006,PIT,PA,AEA,CE,Combined TRACON& Tower with Radar,237,263,11,8,519,1,4,4,2,11,238,267,15,10,530,0,0,0,530
11/05/2006,PIT,PA,AEA,CE,Combined TRACON& Tower with Radar,236,287,43,5,571,0,0,6,0,6,236,287,49,5,577,0,0,0,577
11/06/2006,PIT,PA,AEA,CE,Combined TRACON& Tower with Radar,256,341,58,12,667,0,0,3,0,3,256,341,61,12,670,0,0,0,670
11/07/2006,PIT,PA,AEA,CE,Combined TRACON& Tower with Radar,261,329,76,32,698,1,1,1,1,4,262,330,77,33,702,0,6,6,708
11/08/2006,PIT,PA,AEA,CE,Combined TRACON& Tower with Radar,269,350,57,25,701,0,1,1,1,3,269,351,58,26,704,0,0,0,704
11/09/2006,PIT,PA,AEA,CE,Combined TRACON& Tower with Radar,277,364,58,25,724,0,3,1,1,5,277,367,59,26,729,0,0,0,729
11/10/2006,PIT,PA,AEA,CE,Combined TRACON& Tower with Radar,284,346,34,5,669,0,5,1,1,7,284,351,35,6,676,0,0,0,676
11/11/2006,PIT,PA,AEA,CE,Combined TRACON& Tower with Radar,235,258,20,1,514,0,0,0,0,0,235,258,20,1,514,0,0,0,514
11/12/2006,PIT,PA,AEA,CE,Combined TRACON& Tower with Radar,245,268,33,3,549,0,1,0,0,1,245,269,33,3,550,0,0,0,550
11/13/2006,PIT,PA,AEA,CE,Combined TRACON& Tower with Radar,258,322,50,14,644,0,0,0,0,0,258,322,50,14,644,0,0,0,644
11/14/2006,PIT,PA,AEA,CE,Combined TRACON& Tower with Radar,294,367,48,18,727,2,2,3,1,8,296,369,51,19,735,0,0,0,735
11/15/2006,PIT,PA,AEA,CE,Combined TRACON& Tower with Radar,291,392,47,22,752,8,2,8,0,18,299,394,55,22,770,0,0,0,770
11/16/2006,PIT,PA,AEA,CE,Combined TRACON& Tower with Radar,289,324,39,28,680,0,2,0,5,7,289,326,39,33,687,0,0,0,687
11/17/2006,PIT,PA,AEA,CE,Combined TRACON& Tower with Radar,287,356,65,20,728,0,0,2,2,4,287,356,67,22,732,0,8,8,740
11/18/2006,PIT,PA,AEA,CE,Combined TRACON& Tower with Radar,241,245,30,4,520,0,0,2,0,2,241,245,32,4,522,0,0,0,522
11/19/2006,PIT,PA,AEA,CE,Combined TRACON& Tower with Radar,243,260,22,2,527,0,0,0,0,0,243,260,22,2,527,0,0,0,527
11/20/2006,PIT,PA,AEA,CE,Combined TRACON& Tower with Radar,254,322,28,26,630,0,0,0,0,0,254,322,28,26,630,0,0,0,630
11/21/2006,PIT,PA,AEA,CE,Combined TRACON& Tower with Radar,272,335,64,20,691,0,2,10,2,14,272,337,74,22,705,0,0,0,705
11/22/2006,PIT,PA,AEA,CE,Combined TRACON& Tower with Radar,268,350,39,21,678,0,1,5,1,7,268,351,44,22,685,0,16,16,701
11/23/2006,PIT,PA,AEA,CE,Combined TRACON& Tower with Radar,214,211,6,0,431,0,0,4,0,4,214,211,10,0,435,0,0,0,435
11/24/2006,PIT,PA,AEA,CE,Combined TRACON& Tower with Radar,213,230,21,2,466,1,0,1,0,2,214,230,22,2,468,0,0,0,468
11/25/2006,PIT,PA,AEA,CE,Combined TRACON& Tower with Radar,235,264,9,1,509,0,0,1,0,1,235,264,10,1,510,0,0,0,510
11/26/2006,PIT,PA,AEA,CE,Combined TRACON& Tower with Radar,258,290,34,5,587,0,2,2,2,6,258,292,36,7,593,0,0,0,593
11/27/2006,PIT,PA,AEA,CE,Combined TRACON& Tower with Radar,266,341,47,19,673,0,0,1,0,1,266,341,48,19,674,0,0,0,674
11/28/2006,PIT,PA,AEA,CE,Combined TRACON& Tower with Radar,277,334,57,27,695,0,0,5,1,6,277,334,62,28,701,0,14,14,715
11/29/2006,PIT,PA,AEA,CE,Combined TRACON& Tower with Radar,263,350,57,19,689,0,4,2,3,9,263,354,59,22,698,0,0,0,698
11/30/2006,PIT,PA,AEA,CE,Combined TRACON& Tower with Radar,276,340,45,20,681,0,1,0,0,1,276,341,45,20,682,0,0,0,682
12/01/2006,PIT,PA,AEA,CE,Combined TRACON& Tower with Radar,255,305,17,2,579,0,0,1,0,1,255,305,18,2,580,0,0,0,580
12/02/2006,PIT,PA,AEA,CE,Combined TRACON& Tower with Radar,246,248,31,12,537,0,0,1,3,4,246,248,32,15,541,0,0,0,541
12/03/2006,PIT,PA,AEA,CE,Combined TRACON& Tower with Radar,242,257,37,11,547,0,0,5,0,5,242,257,42,11,552,0,0,0,552
12/04/2006,PIT,PA,AEA,CE,Combined TRACON& Tower with Radar,260,313,53,9,635,0,2,1,0,3,260,315,54,9,638,0,0,0,638
12/05/2006,PIT,PA,AEA,CE,Combined TRACON& Tower with Radar,263,349,44,32,688,0,1,0,1,2,263,350,44,33,690,0,0,0,690
12/06/2006,PIT,PA,AEA,CE,Combined TRACON& Tower with Radar,268,358,56,25,707,0,1,4,5,10,268,359,60,30,717,0,14,14,731
12/07/2006,PIT,PA,AEA,CE,Combined TRACON& Tower with Radar,261,335,48,12,656,1,1,1,0,3,262,336,49,12,659,0,0,0,659
12/08/2006,PIT,PA,AEA,CE,Combined TRACON& Tower with Radar,270,328,60,10,668,0,0,0,0,0,270,328,60,10,668,0,0,0,668
12/09/2006,PIT,PA,AEA,CE,Combined TRACON& Tower with Radar,233,247,22,4,506,0,0,6,0,6,233,247,28,4,512,0,0,0,512
12/10/2006,PIT,PA,AEA,CE,Combined TRACON& Tower with Radar,237,262,39,6,544,0,0,8,1,9,237,262,47,7,553,0,0,0,553
12/11/2006,PIT,PA,AEA,CE,Combined TRACON& Tower with Radar,249,323,43,17,632,0,0,4,3,7,249,323,47,20,639,0,7,7,646
12/12/2006,PIT,PA,AEA,CE,Combined TRACON& Tower with Radar,271,342,45,28,686,0,0,7,4,11,271,342,52,32,697,0,10,10,707
12/13/2006,PIT,PA,AEA,CE,Combined TRACON& Tower with Radar,265,346,64,20,695,0,0,1,2,3,265,346,65,22,698,0,10,10,708
12/14/2006,PIT,PA,AEA,CE,Combined TRACON& Tower with Radar,265,340,40,20,665,0,0,4,1,5,265,340,44,21,670,0,0,0,670
12/15/2006,PIT,PA,AEA,CE,Combined TRACON& Tower with Radar,278,346,44,8,676,0,2,0,0,2,278,348,44,8,678,0,0,0,678
12/16/2006,PIT,PA,AEA,CE,Combined TRACON& Tower with Radar,242,246,25,1,514,0,0,3,2,5,242,246,28,3,519,0,0,0,519
12/17/2006,PIT,PA,AEA,CE,Combined TRACON& Tower with Radar,229,264,23,1,517,0,0,5,0,5,229,264,28,1,522,0,0,0,522
12/18/2006,PIT,PA,AEA,CE,Combined TRACON& Tower with Radar,252,320,39,6,617,0,0,0,0,0,252,320,39,6,617,0,0,0,617
12/19/2006,PIT,PA,AEA,CE,Combined TRACON& Tower with Radar,263,353,48,17,681,0,0,3,1,4,263,353,51,18,685,0,0,0,685
12/20/2006,PIT,PA,AEA,CE,Combined TRACON& Tower with Radar,266,353,43,31,693,0,0,6,7,13,266,353,49,38,706,0,70,70,776
12/21/2006,PIT,PA,AEA,CE,Combined TRACON& Tower with Radar,259,351,39,33,682,0,2,2,0,4,259,353,41,33,686,0,8,8,694
12/22/2006,PIT,PA,AEA,CE,Combined TRACON& Tower with Radar,261,345,32,30,668,0,1,0,1,2,261,346,32,31,670,0,6,6,676
12/23/2006,PIT,PA,AEA,CE,Combined TRACON& Tower with Radar,235,263,19,2,519,0,0,0,0,0,235,263,19,2,519,0,0,0,519
12/24/2006,PIT,PA,AEA,CE,Combined TRACON& Tower with Radar,211,220,9,2,442,0,0,1,0,1,211,220,10,2,443,0,0,0,443
12/25/2006,PIT,PA,AEA,CE,Combined TRACON& Tower with Radar,200,234,9,2,445,0,0,0,0,0,200,234,9,2,445,0,0,0,445
12/26/2006,PIT,PA,AEA,CE,Combined TRACON& Tower with Radar,247,308,19,7,581,0,1,0,0,1,247,309,19,7,582,0,0,0,582
12/27/2006,PIT,PA,AEA,CE,Combined TRACON& Tower with Radar,263,337,26,21,647,0,1,1,1,3,263,338,27,22,650,0,6,6,656
12/28/2006,PIT,PA,AEA,CE,Combined TRACON& Tower with Radar,268,312,21,20,621,0,2,3,3,8,268,314,24,23,629,0,10,10,639
12/29/2006,PIT,PA,AEA,CE,Combined TRACON& Tower with Radar,260,327,25,9,621,0,0,3,0,3,260,327,28,9,624,0,8,8,632
12/30/2006,PIT,PA,AEA,CE,Combined TRACON& Tower with Radar,220,226,6,0,452,0,1,1,1,3,220,227,7,1,455,0,0,0,455
12/31/2006,PIT,PA,AEA,CE,Combined TRACON& Tower with Radar,222,218,7,3,450,0,0,2,0,2,222,218,9,3,452,0,0,0,452
01/01/2007,PIT,PA,AEA,CE,Combined TRACON& Tower with Radar,222,246,9,6,483,0,1,1,0,2,222,247,10,6,485,0,0,0,485
01/02/2007,PIT,PA,AEA,CE,Combined TRACON& Tower with Radar,250,324,24,2,600,0,0,1,0,1,250,324,25,2,601,0,0,0,601
01/03/2007,PIT,PA,AEA,CE,Combined TRACON& Tower with Radar,270,329,22,26,647,0,0,9,3,12,270,329,31,29,659,0,0,0,659
01/04/2007,PIT,PA,AEA,CE,Combined TRACON& Tower with Radar,258,340,31,19,648,0,2,0,10,12,258,342,31,29,660,0,0,0,660
01/05/2007,PIT,PA,AEA,CE,Combined TRACON& Tower with Radar,259,320,46,27,652,0,0,0,6,6,259,320,46,33,658,0,2,2,660
01/06/2007,PIT,PA,AEA,CE,Combined TRACON& Tower with Radar,221,235,12,10,478,0,0,0,0,0,221,235,12,10,478,0,0,0,478
01/07/2007,PIT,PA,AEA,CE,Combined TRACON& Tower with Radar,218,274,23,7,522,1,1,2,0,4,219,275,25,7,526,0,0,0,526
01/08/2007,PIT,PA,AEA,CE,Combined TRACON& Tower with Radar,242,313,32,9,596,0,1,1,0,2,242,314,33,9,598,0,0,0,598
01/09/2007,PIT,PA,AEA,CE,Combined TRACON& Tower with Radar,261,330,28,25,644,0,1,2,0,3,261,331,30,25,647,0,0,0,647
01/10/2007,PIT,PA,AEA,CE,Combined TRACON& Tower with Radar,251,328,53,51,683,0,1,1,3,5,251,329,54,54,688,0,44,44,732
01/11/2007,PIT,PA,AEA,CE,Combined TRACON& Tower with Radar,260,335,51,13,659,0,0,7,3,10,260,335,58,16,669,0,2,2,671
01/12/2007,PIT,PA,AEA,CE,Combined TRACON& Tower with Radar,253,327,40,15,635,0,2,0,2,4,253,329,40,17,639,0,24,24,663
01/13/2007,PIT,PA,AEA,CE,Combined TRACON& Tower with Radar,207,237,12,3,459,0,0,0,0,0,207,237,12,3,459,0,0,0,459
01/14/2007,PIT,PA,AEA,CE,Combined TRACON& Tower with Radar,206,253,17,6,482,0,0,0,0,0,206,253,17,6,482,0,0,0,482
01/15/2007,PIT,PA,AEA,CE,Combined TRACON& Tower with Radar,236,291,36,2,565,0,0,0,1,1,236,291,36,3,566,0,0,0,566
01/16/2007,PIT,PA,AEA,CE,Combined TRACON& Tower with Radar,267,308,60,9,644,0,0,0,0,0,267,308,60,9,644,0,0,0,644
01/17/2007,PIT,PA,AEA,CE,Combined TRACON& Tower with Radar,255,345,38,13,651,0,1,4,1,6,255,346,42,14,657,0,0,0,657
01/18/2007,PIT,PA,AEA,CE,Combined TRACON& Tower with Radar,258,328,57,30,673,0,0,4,1,5,258,328,61,31,678,0,0,0,678
01/19/2007,PIT,PA,AEA,CE,Combined TRACON& Tower with Radar,266,338,29,14,647,0,0,1,0,1,266,338,30,14,648,0,0,0,648
01/20/2007,PIT,PA,AEA,CE,Combined TRACON& Tower with Radar,213,234,17,6,470,0,2,3,0,5,213,236,20,6,475,0,0,0,475
01/21/2007,PIT,PA,AEA,CE,Combined TRACON& Tower with Radar,212,250,24,6,492,0,0,2,0,2,212,250,26,6,494,0,0,0,494
01/22/2007,PIT,PA,AEA,CE,Combined TRACON& Tower with Radar,240,322,38,9,609,0,0,0,0,0,240,322,38,9,609,0,0,0,609
01/23/2007,PIT,PA,AEA,CE,Combined TRACON& Tower with Radar,263,328,51,26,668,0,0,0,1,1,263,328,51,27,669,0,8,8,677
01/24/2007,PIT,PA,AEA,CE,Combined TRACON& Tower with Radar,257,331,30,19,637,0,3,1,0,4,257,334,31,19,641,0,0,0,641
01/25/2007,PIT,PA,AEA,CE,Combined TRACON& Tower with Radar,268,337,51,4,660,0,3,0,0,3,268,340,51,4,663,0,0,0,663
01/26/2007,PIT,PA,AEA,CE,Combined TRACON& Tower with Radar,256,325,55,8,644,0,1,1,0,2,256,326,56,8,646,0,0,0,646
01/27/2007,PIT,PA,AEA,CE,Combined TRACON& Tower with Radar,214,235,11,4,464,0,0,0,0,0,214,235,11,4,464,0,0,0,464
01/28/2007,PIT,PA,AEA,CE,Combined TRACON& Tower with Radar,217,267,16,5,505,0,0,0,0,0,217,267,16,5,505,0,0,0,505
01/29/2007,PIT,PA,AEA,CE,Combined TRACON& Tower with Radar,245,316,57,0,618,0,0,1,0,1,245,316,58,0,619,0,0,0,619
01/30/2007,PIT,PA,AEA,CE,Combined TRACON& Tower with Radar,265,326,48,20,659,0,0,1,0,1,265,326,49,20,660,0,8,8,668
01/31/2007,PIT,PA,AEA,CE,Combined TRACON& Tower with Radar,261,342,51,23,677,0,2,0,2,4,261,344,51,25,681,0,16,16,697
02/01/2007,PIT,PA,AEA,CE,Combined TRACON& Tower with Radar,259,332,42,31,664,0,3,1,6,10,259,335,43,37,674,0,6,6,680
02/02/2007,PIT,PA,AEA,CE,Combined TRACON& Tower with Radar,267,320,39,12,638,0,1,0,0,1,267,321,39,12,639,0,6,6,645
02/03/2007,PIT,PA,AEA,CE,Combined TRACON& Tower with Radar,209,243,11,7,470,0,0,1,0,1,209,243,12,7,471,0,0,0,471
02/04/2007,PIT,PA,AEA,CE,Combined TRACON& Tower with Radar,223,258,16,6,503,0,0,0,0,0,223,258,16,6,503,0,0,0,503
02/05/2007,PIT,PA,AEA,CE,Combined TRACON& Tower with Radar,246,297,34,28,605,0,0,3,1,4,246,297,37,29,609,0,16,16,625
02/06/2007,PIT,PA,AEA,CE,Combined TRACON& Tower with Radar,262,318,36,34,650,0,0,0,14,14,262,318,36,48,664,0,30,30,694
02/07/2007,PIT,PA,AEA,CE,Combined TRACON& Tower with Radar,263,318,59,44,684,0,0,2,0,2,263,318,61,44,686,0,24,24,710
02/08/2007,PIT,PA,AEA,CE,Combined TRACON& Tower with Radar,266,343,51,33,693,0,3,1,17,21,266,346,52,50,714,0,2,2,716
02/09/2007,PIT,PA,AEA,CE,Combined TRACON& Tower with Radar,264,341,57,25,687,0,0,3,0,3,264,341,60,25,690,0,24,24,714
02/10/2007,PIT,PA,AEA,CE,Combined TRACON& Tower with Radar,217,231,30,14,492,1,0,16,12,29,218,231,46,26,521,0,0,0,521
02/11/2007,PIT,PA,AEA,CE,Combined TRACON& Tower with Radar,228,263,26,6,523,0,2,7,0,9,228,265,33,6,532,0,0,0,532
02/12/2007,PIT,PA,AEA,CE,Combined TRACON& Tower with Radar,241,295,36,2,574,0,0,0,0,0,241,295,36,2,574,0,0,0,574
02/13/2007,PIT,PA,AEA,CE,Combined TRACON& Tower with Radar,185,197,25,2,409,0,0,0,0,0,185,197,25,2,409,0,0,0,409
02/14/2007,PIT,PA,AEA,CE,Combined TRACON& Tower with Radar,188,142,25,0,355,0,0,0,0,0,188,142,25,0,355,0,0,0,355
02/15/2007,PIT,PA,AEA,CE,Combined TRACON& Tower with Radar,246,309,56,18,629,0,3,1,8,12,246,312,57,26,641,0,8,8,649
02/16/2007,PIT,PA,AEA,CE,Combined TRACON& Tower with Radar,256,324,41,30,651,0,1,5,0,6,256,325,46,30,657,0,4,4,661
02/17/2007,PIT,PA,AEA,CE,Combined TRACON& Tower with Radar,228,305,22,6,561,15,7,6,0,28,243,312,28,6,589,0,0,0,589
02/18/2007,PIT,PA,AEA,CE,Combined TRACON& Tower with Radar,221,277,12,3,513,0,0,0,0,0,221,277,12,3,513,0,0,0,513
02/19/2007,PIT,PA,AEA,CE,Combined TRACON& Tower with Radar,224,332,50,2,608,0,2,3,0,5,224,334,53,2,613,0,0,0,613
02/20/2007,PIT,PA,AEA,CE,Combined TRACON& Tower with Radar,253,342,57,27,679,0,2,0,1,3,253,344,57,28,682,0,34,34,716
02/21/2007,PIT,PA,AEA,CE,Combined TRACON& Tower with Radar,268,366,59,28,721,0,2,6,3,11,268,368,65,31,732,0,10,10,742
02/22/2007,PIT,PA,AEA,CE,Combined TRACON& Tower with Radar,277,337,61,10,685,0,1,2,0,3,277,338,63,10,688,0,0,0,688
02/23/2007,PIT,PA,AEA,CE,Combined TRACON& Tower with Radar,255,338,47,18,658,1,0,3,0,4,256,338,50,18,662,0,0,0,662
02/24/2007,PIT,PA,AEA,CE,Combined TRACON& Tower with Radar,190,246,26,6,468,1,2,6,0,9,191,248,32,6,477,0,0,0,477
02/25/2007,PIT,PA,AEA,CE,Combined TRACON& Tower with Radar,191,224,23,1,439,0,0,0,0,0,191,224,23,1,439,0,0,0,439
02/26/2007,PIT,PA,AEA,CE,Combined TRACON& Tower with Radar,241,323,60,1,625,2,0,2,0,4,243,323,62,1,629,0,0,0,629
02/27/2007,PIT,PA,AEA,CE,Combined TRACON& Tower with Radar,259,341,41,12,653,0,2,0,0,2,259,343,41,12,655,0,6,6,661
02/28/2007,PIT,PA,AEA,CE,Combined TRACON& Tower with Radar,250,328,58,45,681,0,1,6,0,7,250,329,64,45,688,0,48,48,736
03/01/2007,PIT,PA,AEA,CE,Combined TRACON& Tower with Radar,240,324,60,25,649,0,6,2,0,8,240,330,62,25,657,0,38,38,695
03/02/2007,PIT,PA,AEA,CE,Combined TRACON& Tower with Radar,260,324,27,19,630,0,2,2,0,4,260,326,29,19,634,0,7,7,641
03/03/2007,PIT,PA,AEA,CE,Combined TRACON& Tower with Radar,205,261,19,10,495,1,1,2,0,4,206,262,21,10,499,0,0,0,499
03/04/2007,PIT,PA,AEA,CE,Combined TRACON& Tower with Radar,221,281,27,6,535,0,1,0,0,1,221,282,27,6,536,0,0,0,536
03/05/2007,PIT,PA,AEA,CE,Combined TRACON& Tower with Radar,246,321,15,18,600,0,0,0,0,0,246,321,15,18,600,0,12,12,612
03/06/2007,PIT,PA,AEA,CE,Combined TRACON& Tower with Radar,254,338,45,22,659,0,0,3,0,3,254,338,48,22,662,0,0,0,662
03/07/2007,PIT,PA,AEA,CE,Combined TRACON& Tower with Radar,249,310,42,14,615,0,0,0,0,0,249,310,42,14,615,0,0,0,615
03/08/2007,PIT,PA,AEA,CE,Combined TRACON& Tower with Radar,260,365,61,26,712,0,5,6,7,18,260,370,67,33,730,0,0,0,730
03/09/2007,PIT,PA,AEA,CE,Combined TRACON& Tower with Radar,257,343,46,18,664,0,0,5,23,28,257,343,51,41,692,0,24,24,716
03/10/2007,PIT,PA,AEA,CE,Combined TRACON& Tower with Radar,199,236,25,5,465,0,2,1,0,3,199,238,26,5,468,0,0,0,468
03/11/2007,PIT,PA,AEA,CE,Combined TRACON& Tower with Radar,217,269,26,4,516,0,5,7,0,12,217,274,33,4,528,0,0,0,528
03/12/2007,PIT,PA,AEA,CE,Combined TRACON& Tower with Radar,248,324,31,0,603,0,2,3,1,6,248,326,34,1,609,0,0,0,609
03/13/2007,PIT,PA,AEA,CE,Combined TRACON& Tower with Radar,257,338,45,23,663,1,2,2,1,6,258,340,47,24,669,0,23,23,692
03/14/2007,PIT,PA,AEA,CE,Combined TRACON& Tower with Radar,256,359,50,21,686,0,2,2,3,7,256,361,52,24,693,0,14,14,707
03/15/2007,PIT,PA,AEA,CE,Combined TRACON& Tower with Radar,261,340,64,26,691,0,0,0,0,0,261,340,64,26,691,0,0,0,691
03/16/2007,PIT,PA,AEA,CE,Combined TRACON& Tower with Radar,218,216,30,5,469,1,2,0,0,3,219,218,30,5,472,0,0,0,472
03/17/2007,PIT,PA,AEA,CE,Combined TRACON& Tower with Radar,181,203,41,7,432,0,0,0,0,0,181,203,41,7,432,0,0,0,432
03/18/2007,PIT,PA,AEA,CE,Combined TRACON& Tower with Radar,223,270,30,12,535,0,2,4,0,6,223,272,34,12,541,0,0,0,541
03/19/2007,PIT,PA,AEA,CE,Combined TRACON& Tower with Radar,252,325,30,8,615,0,0,0,0,0,252,325,30,8,615,0,0,0,615
03/20/2007,PIT,PA,AEA,CE,Combined TRACON& Tower with Radar,265,343,58,13,679,0,5,3,1,9,265,348,61,14,688,0,0,0,688
03/21/2007,PIT,PA,AEA,CE,Combined TRACON& Tower with Radar,254,351,41,15,661,0,6,0,1,7,254,357,41,16,668,0,4,4,672
03/22/2007,PIT,PA,AEA,CE,Combined TRACON& Tower with Radar,253,329,53,15,650,0,1,4,0,5,253,330,57,15,655,0,0,0,655
03/23/2007,PIT,PA,AEA,CE,Combined TRACON& Tower with Radar,268,321,45,12,646,0,0,0,0,0,268,321,45,12,646,0,0,0,646
03/24/2007,PIT,PA,AEA,CE,Combined TRACON& Tower with Radar,213,239,22,6,480,0,0,0,0,0,213,239,22,6,480,0,0,0,480
03/25/2007,PIT,PA,AEA,CE,Combined TRACON& Tower with Radar,217,260,29,4,510,1,1,5,0,7,218,261,34,4,517,0,0,0,517
03/26/2007,PIT,PA,AEA,CE,Combined TRACON& Tower with Radar,254,328,38,2,622,0,1,1,0,2,254,329,39,2,624,0,0,0,624
03/27/2007,PIT,PA,AEA,CE,Combined TRACON& Tower with Radar,258,336,47,15,656,0,1,0,0,1,258,337,47,15,657,0,12,12,669
03/28/2007,PIT,PA,AEA,CE,Combined TRACON& Tower with Radar,250,334,42,13,639,0,1,0,1,2,250,335,42,14,641,0,10,10,651
03/29/2007,PIT,PA,AEA,CE,Combined TRACON& Tower with Radar,255,354,49,14,672,0,1,3,0,4,255,355,52,14,676,0,0,0,676
03/30/2007,PIT,PA,AEA,CE,Combined TRACON& Tower with Radar,261,332,40,12,645,0,1,5,2,8,261,333,45,14,653,0,0,0,653
03/31/2007,PIT,PA,AEA,CE,Combined TRACON& Tower with Radar,201,252,43,5,501,0,1,1,0,2,201,253,44,5,503,0,0,0,503
04/01/2007,PIT,PA,AEA,CE,Combined TRACON& Tower with Radar,214,280,18,7,519,0,0,0,0,0,214,280,18,7,519,0,0,0,519
04/02/2007,PIT,PA,AEA,CE,Combined TRACON& Tower with Radar,245,328,27,14,614,1,1,2,0,4,246,329,29,14,618,0,14,14,632
04/03/2007,PIT,PA,AEA,CE,Combined TRACON& Tower with Radar,261,334,42,12,649,0,0,3,1,4,261,334,45,13,653,0,4,4,657
04/04/2007,PIT,PA,AEA,CE,Combined TRACON& Tower with Radar,261,312,69,16,658,0,2,0,3,5,261,314,69,19,663,0,18,18,681
04/05/2007,PIT,PA,AEA,CE,Combined TRACON& Tower with Radar,264,329,53,42,688,1,1,0,2,4,265,330,53,44,692,0,12,12,704
04/06/2007,PIT,PA,AEA,CE,Combined TRACON& Tower with Radar,268,337,22,18,645,0,1,4,3,8,268,338,26,21,653,0,10,10,663
04/07/2007,PIT,PA,AEA,CE,Combined TRACON& Tower with Radar,205,238,8,3,454,0,0,1,0,1,205,238,9,3,455,0,0,0,455
04/08/2007,PIT,PA,AEA,CE,Combined TRACON& Tower with Radar,223,262,11,0,496,0,2,0,0,2,223,264,11,0,498,0,0,0,498
04/09/2007,PIT,PA,AEA,CE,Combined TRACON& Tower with Radar,249,324,47,3,623,0,0,1,0,1,249,324,48,3,624,0,0,0,624
04/10/2007,PIT,PA,AEA,CE,Combined TRACON& Tower with Radar,262,325,74,39,700,0,1,3,0,4,262,326,77,39,704,0,20,20,724
04/11/2007,PIT,PA,AEA,CE,Combined TRACON& Tower with Radar,247,318,47,19,631,0,3,2,1,6,247,321,49,20,637,0,16,16,653
04/12/2007,PIT,PA,AEA,CE,Combined TRACON& Tower with Radar,266,301,65,13,645,1,0,1,0,2,267,301,66,13,647,0,0,0,647
04/13/2007,PIT,PA,AEA,CE,Combined TRACON& Tower with Radar,268,322,35,18,643,0,2,1,0,3,268,324,36,18,646,0,0,0,646
04/14/2007,PIT,PA,AEA,CE,Combined TRACON& Tower with Radar,212,256,15,10,493,1,1,1,1,4,213,257,16,11,497,0,6,6,503
04/15/2007,PIT,PA,AEA,CE,Combined TRACON& Tower with Radar,217,247,22,1,487,0,0,0,0,0,217,247,22,1,487,0,0,0,487
04/16/2007,PIT,PA,AEA,CE,Combined TRACON& Tower with Radar,248,285,27,4,564,0,0,0,0,0,248,285,27,4,564,0,0,0,564
04/17/2007,PIT,PA,AEA,CE,Combined TRACON& Tower with Radar,259,337,53,10,659,0,0,1,1,2,259,337,54,11,661,0,0,0,661
04/18/2007,PIT,PA,AEA,CE,Combined TRACON& Tower with Radar,255,341,55,27,678,1,0,3,4,8,256,341,58,31,686,0,0,0,686
04/19/2007,PIT,PA,AEA,CE,Combined TRACON& Tower with Radar,271,350,63,17,701,0,0,0,5,5,271,350,63,22,706,0,0,0,706
04/20/2007,PIT,PA,AEA,CE,Combined TRACON& Tower with Radar,259,338,41,19,657,0,5,5,3,13,259,343,46,22,670,0,0,0,670
04/21/2007,PIT,PA,AEA,CE,Combined TRACON& Tower with Radar,207,261,37,0,505,0,1,14,0,15,207,262,51,0,520,0,0,0,520
04/22/2007,PIT,PA,AEA,CE,Combined TRACON& Tower with Radar,223,279,39,6,547,0,0,8,0,8,223,279,47,6,555,0,0,0,555
04/23/2007,PIT,PA,AEA,CE,Combined TRACON& Tower with Radar,238,320,48,6,612,0,0,2,0,2,238,320,50,6,614,0,0,0,614
04/24/2007,PIT,PA,AEA,CE,Combined TRACON& Tower with Radar,264,325,60,26,675,0,1,3,0,4,264,326,63,26,679,0,0,0,679
04/25/2007,PIT,PA,AEA,CE,Combined TRACON& Tower with Radar,243,337,53,12,645,0,0,1,0,1,243,337,54,12,646,0,0,0,646
04/26/2007,PIT,PA,AEA,CE,Combined TRACON& Tower with Radar,261,344,51,12,668,0,2,2,3,7,261,346,53,15,675,0,0,0,675
04/27/2007,PIT,PA,AEA,CE,Combined TRACON& Tower with Radar,261,335,50,31,677,0,0,0,1,1,261,335,50,32,678,0,0,0,678
04/28/2007,PIT,PA,AEA,CE,Combined TRACON& Tower with Radar,217,240,22,4,483,0,0,0,0,0,217,240,22,4,483,0,0,0,483
04/29/2007,PIT,PA,AEA,CE,Combined TRACON& Tower with Radar,229,274,15,9,527,0,0,3,0,3,229,274,18,9,530,0,0,0,530
04/30/2007,PIT,PA,AEA,CE,Combined TRACON& Tower with Radar,255,319,49,19,642,0,1,5,0,6,255,320,54,19,648,0,7,7,655
05/01/2007,PIT,PA,AEA,CE,Combined TRACON& Tower with Radar,249,324,47,16,636,1,0,7,2,10,250,324,54,18,646,0,0,0,646
05/02/2007,PIT,PA,AEA,CE,Combined TRACON& Tower with Radar,268,345,65,26,704,0,0,3,12,15,268,345,68,38,719,0,0,0,719
05/03/2007,PIT,PA,AEA,CE,Combined TRACON& Tower with Radar,266,353,55,19,693,0,2,4,13,19,266,355,59,32,712,0,0,0,712
05/04/2007,PIT,PA,AEA,CE,Combined TRACON& Tower with Radar,258,343,46,58,705,0,2,4,15,21,258,345,50,73,726,0,8,8,734
05/05/2007,PIT,PA,AEA,CE,Combined TRACON& Tower with Radar,213,254,30,3,500,0,1,4,0,5,213,255,34,3,505,0,0,0,505
05/06/2007,PIT,PA,AEA,CE,Combined TRACON& Tower with Radar,222,276,28,6,532,1,3,5,0,9,223,279,33,6,541,0,0,0,541
05/07/2007,PIT,PA,AEA,CE,Combined TRACON& Tower with Radar,250,328,49,7,634,1,1,4,0,6,251,329,53,7,640,0,0,0,640
05/08/2007,PIT,PA,AEA,CE,Combined TRACON& Tower with Radar,266,340,70,48,724,0,0,7,4,11,266,340,77,52,735,0,28,28,763
05/09/2007,PIT,PA,AEA,CE,Combined TRACON& Tower with Radar,264,346,68,31,709,0,5,10,7,22,264,351,78,38,731,0,20,20,751
05/10/2007,PIT,PA,AEA,CE,Combined TRACON& Tower with Radar,262,325,74,39,700,0,1,3,0,4,262,326,77,39,704,0,20,20,724
05/11/2007,PIT,PA,AEA,CE,Combined TRACON& Tower with Radar,271,348,42,23,684,0,3,13,8,24,271,351,55,31,708,0,7,7,715
05/12/2007,PIT,PA,AEA,CE,Combined TRACON& Tower with Radar,212,247,23,4,486,0,2,1,0,3,212,249,24,4,489,0,0,0,489
05/13/2007,PIT,PA,AEA,CE,Combined TRACON& Tower with Radar,230,278,20,2,530,0,0,3,0,3,230,278,23,2,533,0,0,0,533
05/14/2007,PIT,PA,AEA,CE,Combined TRACON& Tower with Radar,250,345,31,28,654,0,0,1,0,1,250,345,32,28,655,0,0,0,655
05/15/2007,PIT,PA,AEA,CE,Combined TRACON& Tower with Radar,268,327,53,26,674,0,0,3,13,16,268,327,56,39,690,0,2,2,692
05/16/2007,PIT,PA,AEA,CE,Combined TRACON& Tower with Radar,257,332,62,37,688,0,0,0,20,20,257,332,62,57,708,0,36,36,744
05/17/2007,PIT,PA,AEA,CE,Combined TRACON& Tower with Radar,273,358,82,32,745,0,1,0,3,4,273,359,82,35,749,0,75,75,824
05/18/2007,PIT,PA,AEA,CE,Combined TRACON& Tower with Radar,260,356,60,19,695,0,0,3,3,6,260,356,63,22,701,0,0,0,701
05/19/2007,PIT,PA,AEA,CE,Combined TRACON& Tower with Radar,214,249,30,6,499,0,0,3,0,3,214,249,33,6,502,0,0,0,502
05/20/2007,PIT,PA,AEA,CE,Combined TRACON& Tower with Radar,229,268,35,5,537,1,0,4,0,5,230,268,39,5,542,0,0,0,542
05/21/2007,PIT,PA,AEA,CE,Combined TRACON& Tower with Radar,250,335,49,3,637,0,1,4,0,5,250,336,53,3,642,0,0,0,642
05/22/2007,PIT,PA,AEA,CE,Combined TRACON& Tower with Radar,259,350,41,36,686,0,8,5,31,44,259,358,46,67,730,0,11,11,741
05/23/2007,PIT,PA,AEA,CE,Combined TRACON& Tower with Radar,251,367,63,57,738,0,2,8,15,25,251,369,71,72,763,0,68,68,831
05/24/2007,PIT,PA,AEA,CE,Combined TRACON& Tower with Radar,253,360,44,34,691,0,4,6,3,13,253,364,50,37,704,0,22,22,726
05/25/2007,PIT,PA,AEA,CE,Combined TRACON& Tower with Radar,258,359,51,13,681,0,2,4,0,6,258,361,55,13,687,5,0,5,692
05/26/2007,PIT,PA,AEA,CE,Combined TRACON& Tower with Radar,211,228,15,7,461,0,0,1,1,2,211,228,16,8,463,0,0,0,463
05/27/2007,PIT,PA,AEA,CE,Combined TRACON& Tower with Radar,192,205,13,1,411,0,2,0,0,2,192,207,13,1,413,0,0,0,413
05/28/2007,PIT,PA,AEA,CE,Combined TRACON& Tower with Radar,239,282,23,1,545,0,1,5,0,6,239,283,28,1,551,0,0,0,551
05/29/2007,PIT,PA,AEA,CE,Combined TRACON& Tower with Radar,242,332,56,42,672,0,1,0,12,13,242,333,56,54,685,0,12,12,697
05/30/2007,PIT,PA,AEA,CE,Combined TRACON& Tower with Radar,257,350,54,26,687,0,2,5,6,13,257,352,59,32,700,0,12,12,712
05/31/2007,PIT,PA,AEA,CE,Combined TRACON& Tower with Radar,255,336,63,36,690,0,2,1,10,13,255,338,64,46,703,0,42,42,745
06/01/2007,PIT,PA,AEA,CE,Combined TRACON& Tower with Radar,265,332,37,32,666,0,2,1,1,4,265,334,38,33,670,0,0,0,670
06/02/2007,PIT,PA,AEA,CE,Combined TRACON& Tower with Radar,226,248,17,17,508,0,2,3,0,5,226,250,20,17,513,0,0,0,513
06/03/2007,PIT,PA,AEA,CE,Combined TRACON& Tower with Radar,225,230,20,4,479,0,0,0,2,2,225,230,20,6,481,0,0,0,481
06/04/2007,PIT,PA,AEA,CE,Combined TRACON& Tower with Radar,245,310,43,7,605,0,1,0,0,1,245,311,43,7,606,0,0,0,606
06/05/2007,PIT,PA,AEA,CE,Combined TRACON& Tower with Radar,260,322,67,16,665,2,3,0,0,5,262,325,67,16,670,0,0,0,670
06/06/2007,PIT,PA,AEA,CE,Combined TRACON& Tower with Radar,257,326,59,33,675,0,1,3,8,12,257,327,62,41,687,0,28,28,715
06/07/2007,PIT,PA,AEA,CE,Combined TRACON& Tower with Radar,251,328,72,31,682,0,0,2,4,6,251,328,74,35,688,0,32,32,720
06/08/2007,PIT,PA,AEA,CE,Combined TRACON& Tower with Radar,249,266,33,32,580,0,0,4,2,6,249,266,37,34,586,0,46,46,632
06/09/2007,PIT,PA,AEA,CE,Combined TRACON& Tower with Radar,242,243,32,3,520,0,0,2,0,2,242,243,34,3,522,0,0,0,522
06/10/2007,PIT,PA,AEA,CE,Combined TRACON& Tower with Radar,237,251,32,3,523,1,0,3,0,4,238,251,35,3,527,0,0,0,527
06/11/2007,PIT,PA,AEA,CE,Combined TRACON& Tower with Radar,229,329,62,29,649,0,1,9,1,11,229,330,71,30,660,0,15,15,675
06/12/2007,PIT,PA,AEA,CE,Combined TRACON& Tower with Radar,280,302,62,16,660,0,1,2,2,5,280,303,64,18,665,0,26,26,691
06/13/2007,PIT,PA,AEA,CE,Combined TRACON& Tower with Radar,266,332,74,29,701,0,0,5,4,9,266,332,79,33,710,0,75,75,785
06/14/2007,PIT,PA,AEA,CE,Combined TRACON& Tower with Radar,253,353,85,33,724,0,5,6,11,22,253,358,91,44,746,0,0,0,746
06/15/2007,PIT,PA,AEA,CE,Combined TRACON& Tower with Radar,259,338,65,39,701,0,5,15,7,27,259,343,80,46,728,0,18,18,746
06/16/2007,PIT,PA,AEA,CE,Combined TRACON& Tower with Radar,223,222,29,6,480,0,3,13,6,22,223,225,42,12,502,0,0,0,502
06/17/2007,PIT,PA,AEA,CE,Combined TRACON& Tower with Radar,236,249,35,13,533,0,8,20,9,37,236,257,55,22,570,0,124,124,694
06/18/2007,PIT,PA,AEA,CE,Combined TRACON& Tower with Radar,234,314,56,24,628,0,2,4,4,10,234,316,60,28,638,0,6,6,644
06/19/2007,PIT,PA,AEA,CE,Combined TRACON& Tower with Radar,240,286,46,19,591,0,0,2,2,4,240,286,48,21,595,0,10,10,605
06/20/2007,PIT,PA,AEA,CE,Combined TRACON& Tower with Radar,265,323,63,31,682,0,0,3,1,4,265,323,66,32,686,0,26,26,712
06/21/2007,PIT,PA,AEA,CE,Combined TRACON& Tower with Radar,258,320,58,14,650,0,0,1,1,2,258,320,59,15,652,0,0,0,652
06/22/2007,PIT,PA,AEA,CE,Combined TRACON& Tower with Radar,266,327,46,25,664,0,0,6,1,7,266,327,52,26,671,0,8,8,679
06/23/2007,PIT,PA,AEA,CE,Combined TRACON& Tower with Radar,228,228,19,11,486,0,0,5,0,5,228,228,24,11,491,0,0,0,491
06/24/2007,PIT,PA,AEA,CE,Combined TRACON& Tower with Radar,231,236,22,10,499,0,0,1,0,1,231,236,23,10,500,0,0,0,500
06/25/2007,PIT,PA,AEA,CE,Combined TRACON& Tower with Radar,231,312,45,22,610,0,0,4,1,5,231,312,49,23,615,0,23,23,638
06/26/2007,PIT,PA,AEA,CE,Combined TRACON& Tower with Radar,255,317,64,22,658,0,0,4,4,8,255,317,68,26,666,0,22,22,688
06/27/2007,PIT,PA,AEA,CE,Combined TRACON& Tower with Radar,229,297,53,14,593,0,1,3,0,4,229,298,56,14,597,0,0,0,597
06/28/2007,PIT,PA,AEA,CE,Combined TRACON& Tower with Radar,255,312,58,26,651,0,0,1,0,1,255,312,59,26,652,0,18,18,670
06/29/2007,PIT,PA,AEA,CE,Combined TRACON& Tower with Radar,267,311,46,11,635,1,0,1,0,2,268,311,47,11,637,0,0,0,637
06/30/2007,PIT,PA,AEA,CE,Combined TRACON& Tower with Radar,237,241,21,11,510,0,0,1,3,4,237,241,22,14,514,0,0,0,514
07/01/2007,PIT,PA,AEA,CE,Combined TRACON& Tower with Radar,244,249,24,3,520,0,1,2,1,4,244,250,26,4,524,0,0,0,524
07/02/2007,PIT,PA,AEA,CE,Combined TRACON& Tower with Radar,236,303,39,2,580,0,1,4,0,5,236,304,43,2,585,0,0,0,585
07/03/2007,PIT,PA,AEA,CE,Combined TRACON& Tower with Radar,250,276,29,7,562,0,3,6,3,12,250,279,35,10,574,0,0,0,574
07/04/2007,PIT,PA,AEA,CE,Combined TRACON& Tower with Radar,210,213,8,2,433,0,1,2,0,3,210,214,10,2,436,0,0,0,436
07/05/2007,PIT,PA,AEA,CE,Combined TRACON& Tower with Radar,245,279,27,12,563,0,0,0,1,1,245,279,27,13,564,0,8,8,572
07/06/2007,PIT,PA,AEA,CE,Combined TRACON& Tower with Radar,261,304,17,18,600,0,0,1,0,1,261,304,18,18,601,8,16,24,625
07/07/2007,PIT,PA,AEA,CE,Combined TRACON& Tower with Radar,233,219,21,6,479,0,4,2,0,6,233,223,23,6,485,0,0,0,485
07/08/2007,PIT,PA,AEA,CE,Combined TRACON& Tower with Radar,237,229,22,6,494,0,1,5,0,6,237,230,27,6,500,0,0,0,500
07/09/2007,PIT,PA,AEA,CE,Combined TRACON& Tower with Radar,226,281,40,31,578,0,0,1,0,1,226,281,41,31,579,0,0,0,579
07/10/2007,PIT,PA,AEA,CE,Combined TRACON& Tower with Radar,247,284,54,25,610,1,0,3,7,11,248,284,57,32,621,0,0,0,621
07/11/2007,PIT,PA,AEA,CE,Combined TRACON& Tower with Radar,265,276,45,25,611,0,0,1,1,2,265,276,46,26,613,0,16,16,629
07/12/2007,PIT,PA,AEA,CE,Combined TRACON& Tower with Radar,256,306,40,43,645,0,2,6,3,11,256,308,46,46,656,0,36,36,692
07/13/2007,PIT,PA,AEA,CE,Combined TRACON& Tower with Radar,257,293,26,20,596,0,2,3,1,6,257,295,29,21,602,0,0,0,602
07/14/2007,PIT,PA,AEA,CE,Combined TRACON& Tower with Radar,227,204,15,5,451,0,1,5,1,7,227,205,20,6,458,0,0,0,458
07/15/2007,PIT,PA,AEA,CE,Combined TRACON& Tower with Radar,243,225,26,5,499,0,0,2,0,2,243,225,28,5,501,0,0,0,501
07/16/2007,PIT,PA,AEA,CE,Combined TRACON& Tower with Radar,234,281,53,1,569,0,1,4,0,5,234,282,57,1,574,0,0,0,574
07/17/2007,PIT,PA,AEA,CE,Combined TRACON& Tower with Radar,251,290,47,14,602,0,2,2,0,4,251,292,49,14,606,0,8,8,614
07/18/2007,PIT,PA,AEA,CE,Combined TRACON& Tower with Radar,255,299,69,29,652,0,2,0,23,25,255,301,69,52,677,0,0,0,677
07/19/2007,PIT,PA,AEA,CE,Combined TRACON& Tower with Radar,238,292,59,22,611,0,0,0,3,3,238,292,59,25,614,0,0,0,614
07/20/2007,PIT,PA,AEA,CE,Combined TRACON& Tower with Radar,258,306,48,29,641,0,1,2,4,7,258,307,50,33,648,0,0,0,648
07/21/2007,PIT,PA,AEA,CE,Combined TRACON& Tower with Radar,232,201,21,1,455,0,0,2,0,2,232,201,23,1,457,0,0,0,457
07/22/2007,PIT,PA,AEA,CE,Combined TRACON& Tower with Radar,245,229,16,9,499,0,1,1,1,3,245,230,17,10,502,0,0,0,502
07/23/2007,PIT,PA,AEA,CE,Combined TRACON& Tower with Radar,234,284,54,28,600,0,2,9,5,16,234,286,63,33,616,0,0,0,616
07/24/2007,PIT,PA,AEA,CE,Combined TRACON& Tower with Radar,254,294,53,25,626,0,0,2,1,3,254,294,55,26,629,0,4,4,633
07/25/2007,PIT,PA,AEA,CE,Combined TRACON& Tower with Radar,254,303,61,62,680,1,5,0,15,21,255,308,61,77,701,0,38,38,739
07/26/2007,PIT,PA,AEA,CE,Combined TRACON& Tower with Radar,244,299,61,45,649,0,1,2,3,6,244,300,63,48,655,0,8,8,663
07/27/2007,PIT,PA,AEA,CE,Combined TRACON& Tower with Radar,261,288,39,19,607,1,4,1,0,6,262,292,40,19,613,0,10,10,623
07/28/2007,PIT,PA,AEA,CE,Combined TRACON& Tower with Radar,256,207,33,7,503,0,1,0,1,2,256,208,33,8,505,13,0,13,518
07/29/2007,PIT,PA,AEA,CE,Combined TRACON& Tower with Radar,233,204,31,4,472,0,0,2,0,2,233,204,33,4,474,0,0,0,474
07/30/2007,PIT,PA,AEA,CE,Combined TRACON& Tower with Radar,243,292,50,8,593,0,0,0,2,2,243,292,50,10,595,0,0,0,595
07/31/2007,PIT,PA,AEA,CE,Combined TRACON& Tower with Radar,258,308,41,61,668,0,0,10,4,14,258,308,51,65,682,0,21,21,703
08/01/2007,PIT,PA,AEA,CE,Combined TRACON& Tower with Radar,252,306,51,60,669,0,3,4,3,10,252,309,55,63,679,0,68,68,747
08/02/2007,PIT,PA,AEA,CE,Combined TRACON& Tower with Radar,259,280,34,50,623,0,1,5,24,30,259,281,39,74,653,0,38,38,691
08/03/2007,PIT,PA,AEA,CE,Combined TRACON& Tower with Radar,261,276,41,27,605,0,2,4,1,7,261,278,45,28,612,0,22,22,634
08/04/2007,PIT,PA,AEA,CE,Combined TRACON& Tower with Radar,248,214,19,4,485,0,0,3,1,4,248,214,22,5,489,0,0,0,489
08/05/2007,PIT,PA,AEA,CE,Combined TRACON& Tower with Radar,235,214,24,8,481,0,0,2,0,2,235,214,26,8,483,0,0,0,483
08/06/2007,PIT,PA,AEA,CE,Combined TRACON& Tower with Radar,237,267,43,27,574,0,0,0,0,0,237,267,43,27,574,0,0,0,574
08/07/2007,PIT,PA,AEA,CE,Combined TRACON& Tower with Radar,254,295,54,31,634,0,0,2,9,11,254,295,56,40,645,0,41,41,686
08/08/2007,PIT,PA,AEA,CE,Combined TRACON& Tower with Radar,265,273,41,7,586,0,0,3,0,3,265,273,44,7,589,0,0,0,589
08/09/2007,PIT,PA,AEA,CE,Combined TRACON& Tower with Radar,243,260,41,0,544,0,0,0,1,1,243,260,41,1,545,0,0,0,545
08/10/2007,PIT,PA,AEA,CE,Combined TRACON& Tower with Radar,260,293,30,14,597,0,0,0,0,0,260,293,30,14,597,0,0,0,597
08/11/2007,PIT,PA,AEA,CE,Combined TRACON& Tower with Radar,243,211,17,14,485,0,1,6,3,10,243,212,23,17,495,0,0,0,495
08/12/2007,PIT,PA,AEA,CE,Combined TRACON& Tower with Radar,237,224,31,6,498,0,0,6,1,7,237,224,37,7,505,0,0,0,505
08/13/2007,PIT,PA,AEA,CE,Combined TRACON& Tower with Radar,242,267,43,0,552,0,0,3,0,3,242,267,46,0,555,0,0,0,555
08/14/2007,PIT,PA,AEA,CE,Combined TRACON& Tower with Radar,254,271,64,18,607,0,1,5,1,7,254,272,69,19,614,6,0,6,620
08/15/2007,PIT,PA,AEA,CE,Combined TRACON& Tower with Radar,255,277,57,15,604,0,2,8,0,10,255,279,65,15,614,0,0,0,614
08/16/2007,PIT,PA,AEA,CE,Combined TRACON& Tower with Radar,245,272,49,38,604,0,0,4,0,4,245,272,53,38,608,0,16,16,624
08/17/2007,PIT,PA,AEA,CE,Combined TRACON& Tower with Radar,276,277,50,38,641,0,1,2,5,8,276,278,52,43,649,0,37,37,686
08/18/2007,PIT,PA,AEA,CE,Combined TRACON& Tower with Radar,240,221,15,1,477,0,2,4,0,6,240,223,19,1,483,0,0,0,483
08/19/2007,PIT,PA,AEA,CE,Combined TRACON& Tower with Radar,230,219,20,1,470,0,0,0,0,0,230,219,20,1,470,0,0,0,470
08/20/2007,PIT,PA,AEA,CE,Combined TRACON& Tower with Radar,230,271,30,19,550,0,0,0,1,1,230,271,30,20,551,0,0,0,551
08/21/2007,PIT,PA,AEA,CE,Combined TRACON& Tower with Radar,251,253,61,32,597,0,0,0,0,0,251,253,61,32,597,0,0,0,597
08/22/2007,PIT,PA,AEA,CE,Combined TRACON& Tower with Radar,250,270,42,29,591,0,0,5,36,41,250,270,47,65,632,0,0,0,632
08/23/2007,PIT,PA,AEA,CE,Combined TRACON& Tower with Radar,246,270,58,46,620,1,3,1,3,8,247,273,59,49,628,0,38,38,666
08/24/2007,PIT,PA,AEA,CE,Combined TRACON& Tower with Radar,248,274,32,15,569,1,1,2,1,5,249,275,34,16,574,0,0,0,574
08/25/2007,PIT,PA,AEA,CE,Combined TRACON& Tower with Radar,227,190,17,6,440,0,0,1,0,1,227,190,18,6,441,0,0,0,441
08/26/2007,PIT,PA,AEA,CE,Combined TRACON& Tower with Radar,234,197,26,4,461,0,0,4,1,5,234,197,30,5,466,0,0,0,466
08/27/2007,PIT,PA,AEA,CE,Combined TRACON& Tower with Radar,245,272,36,19,572,0,1,5,7,13,245,273,41,26,585,0,26,26,611
08/28/2007,PIT,PA,AEA,CE,Combined TRACON& Tower with Radar,250,271,63,28,612,0,0,8,5,13,250,271,71,33,625,0,46,46,671
08/29/2007,PIT,PA,AEA,CE,Combined TRACON& Tower with Radar,245,263,48,24,580,0,2,1,4,7,245,265,49,28,587,0,12,12,599
08/30/2007,PIT,PA,AEA,CE,Combined TRACON& Tower with Radar,243,290,61,44,638,1,0,1,1,3,244,290,62,45,641,0,6,6,647
08/31/2007,PIT,PA,AEA,CE,Combined TRACON& Tower with Radar,262,271,32,34,599,0,0,2,4,6,262,271,34,38,605,0,14,14,619
09/01/2007,PIT,PA,AEA,CE,Combined TRACON& Tower with Radar,212,187,13,3,415,1,0,6,0,7,213,187,19,3,422,0,0,0,422
09/02/2007,PIT,PA,AEA,CE,Combined TRACON& Tower with Radar,190,176,12,4,382,0,0,5,0,5,190,176,17,4,387,0,0,0,387
09/03/2007,PIT,PA,AEA,CE,Combined TRACON& Tower with Radar,225,237,24,2,488,0,1,1,0,2,225,238,25,2,490,0,0,0,490
09/04/2007,PIT,PA,AEA,CE,Combined TRACON& Tower with Radar,232,288,32,33,585,0,0,4,3,7,232,288,36,36,592,0,28,28,620
09/05/2007,PIT,PA,AEA,CE,Combined TRACON& Tower with Radar,232,290,40,31,593,0,0,4,3,7,232,290,44,34,600,0,24,24,624
09/06/2007,PIT,PA,AEA,CE,Combined TRACON& Tower with Radar,244,291,46,24,605,0,0,4,7,11,244,291,50,31,616,0,0,0,616
09/07/2007,PIT,PA,AEA,CE,Combined TRACON& Tower with Radar,244,301,36,16,597,1,2,10,0,13,245,303,46,16,610,0,2,2,612
09/08/2007,PIT,PA,AEA,CE,Combined TRACON& Tower with Radar,200,187,15,4,406,0,0,4,0,4,200,187,19,4,410,0,0,0,410
09/09/2007,PIT,PA,AEA,CE,Combined TRACON& Tower with Radar,216,221,14,5,456,0,0,1,0,1,216,221,15,5,457,0,0,0,457
09/10/2007,PIT,PA,AEA,CE,Combined TRACON& Tower with Radar,225,288,50,6,569,0,0,2,0,2,225,288,52,6,571,0,0,0,571
09/11/2007,PIT,PA,AEA,CE,Combined TRACON& Tower with Radar,229,279,60,15,583,0,1,2,0,3,229,280,62,15,586,0,0,0,586
09/12/2007,PIT,PA,AEA,CE,Combined TRACON& Tower with Radar,238,290,58,20,606,0,0,10,1,11,238,290,68,21,617,0,10,10,627
09/13/2007,PIT,PA,AEA,CE,Combined TRACON& Tower with Radar,241,283,48,23,595,0,1,9,3,13,241,284,57,26,608,0,0,0,608
09/14/2007,PIT,PA,AEA,CE,Combined TRACON& Tower with Radar,249,272,44,29,594,0,2,4,2,8,249,274,48,31,602,0,0,0,602
09/15/2007,PIT,PA,AEA,CE,Combined TRACON& Tower with Radar,206,187,31,8,432,0,0,1,0,1,206,187,32,8,433,0,0,0,433
09/16/2007,PIT,PA,AEA,CE,Combined TRACON& Tower with Radar,222,225,47,8,502,0,0,4,2,6,222,225,51,10,508,0,4,4,512
09/17/2007,PIT,PA,AEA,CE,Combined TRACON& Tower with Radar,227,285,51,18,581,0,0,2,1,3,227,285,53,19,584,0,0,0,584
09/18/2007,PIT,PA,AEA,CE,Combined TRACON& Tower with Radar,228,280,59,24,591,0,0,7,19,26,228,280,66,43,617,0,52,52,669
09/19/2007,PIT,PA,AEA,CE,Combined TRACON& Tower with Radar,232,296,41,16,585,0,1,6,0,7,232,297,47,16,592,0,0,0,592
09/20/2007,PIT,PA,AEA,CE,Combined TRACON& Tower with Radar,244,292,57,22,615,0,2,2,0,4,244,294,59,22,619,0,0,0,619
09/21/2007,PIT,PA,AEA,CE,Combined TRACON& Tower with Radar,239,280,32,11,562,0,1,10,0,11,239,281,42,11,573,0,0,0,573
09/22/2007,PIT,PA,AEA,CE,Combined TRACON& Tower with Radar,200,191,29,3,423,0,0,2,0,2,200,191,31,3,425,0,0,0,425
09/23/2007,PIT,PA,AEA,CE,Combined TRACON& Tower with Radar,223,231,35,6,495,0,1,1,0,2,223,232,36,6,497,0,0,0,497
09/24/2007,PIT,PA,AEA,CE,Combined TRACON& Tower with Radar,228,286,52,5,571,0,0,1,0,1,228,286,53,5,572,0,0,0,572
09/25/2007,PIT,PA,AEA,CE,Combined TRACON& Tower with Radar,229,281,68,11,589,0,0,5,0,5,229,281,73,11,594,0,0,0,594
09/26/2007,PIT,PA,AEA,CE,Combined TRACON& Tower with Radar,230,279,57,6,572,0,0,6,0,6,230,279,63,6,578,0,0,0,578
09/27/2007,PIT,PA,AEA,CE,Combined TRACON& Tower with Radar,237,292,55,8,592,0,0,0,0,0,237,292,55,8,592,0,0,0,592
09/28/2007,PIT,PA,AEA,CE,Combined TRACON& Tower with Radar,255,284,49,15,603,0,0,1,0,1,255,284,50,15,604,0,0,0,604
09/29/2007,PIT,PA,AEA,CE,Combined TRACON& Tower with Radar,207,205,28,1,441,0,3,3,0,6,207,208,31,1,447,0,0,0,447
09/30/2007,PIT,PA,AEA,CE,Combined TRACON& Tower with Radar,221,205,29,8,463,0,0,2,0,2,221,205,31,8,465,0,0,0,465
10/01/2007,PIT,PA,AEA,CE,Combined TRACON& Tower with Radar,228,272,54,21,575,0,4,3,0,7,228,276,57,21,582,0,25,25,607
10/02/2007,PIT,PA,AEA,CE,Combined TRACON& Tower with Radar,230,260,64,26,580,0,7,1,2,10,230,267,65,28,590,0,0,0,590
10/03/2007,PIT,PA,AEA,CE,Combined TRACON& Tower with Radar,233,270,66,29,598,0,0,5,2,7,233,270,71,31,605,10,8,18,623
10/04/2007,PIT,PA,AEA,CE,Combined TRACON& Tower with Radar,241,279,64,19,603,0,5,8,8,21,241,284,72,27,624,0,0,0,624
10/05/2007,PIT,PA,AEA,CE,Combined TRACON& Tower with Radar,251,263,28,10,552,0,0,4,4,8,251,263,32,14,560,0,0,0,560
10/06/2007,PIT,PA,AEA,CE,Combined TRACON& Tower with Radar,207,191,12,6,416,0,1,3,0,4,207,192,15,6,420,0,0,0,420
10/07/2007,PIT,PA,AEA,CE,Combined TRACON& Tower with Radar,221,201,29,2,453,0,1,2,0,3,221,202,31,2,456,0,0,0,456
10/08/2007,PIT,PA,AEA,CE,Combined TRACON& Tower with Radar,226,250,38,6,520,0,0,5,0,5,226,250,43,6,525,0,0,0,525
10/09/2007,PIT,PA,AEA,CE,Combined TRACON& Tower with Radar,219,257,51,19,546,1,3,3,0,7,220,260,54,19,553,0,0,0,553
10/10/2007,PIT,PA,AEA,CE,Combined TRACON& Tower with Radar,239,269,64,22,594,0,0,1,5,6,239,269,65,27,600,0,0,0,600
10/11/2007,PIT,PA,AEA,CE,Combined TRACON& Tower with Radar,241,253,55,26,575,0,0,0,0,0,241,253,55,26,575,0,0,0,575
10/12/2007,PIT,PA,AEA,CE,Combined TRACON& Tower with Radar,258,251,50,24,583,0,1,7,1,9,258,252,57,25,592,0,0,0,592
10/13/2007,PIT,PA,AEA,CE,Combined TRACON& Tower with Radar,192,174,7,7,380,0,0,2,2,4,192,174,9,9,384,0,0,0,384
10/14/2007,PIT,PA,AEA,CE,Combined TRACON& Tower with Radar,220,189,22,7,438,0,1,2,0,3,220,190,24,7,441,0,0,0,441
10/15/2007,PIT,PA,AEA,CE,Combined TRACON& Tower with Radar,225,238,37,18,518,0,0,7,10,17,225,238,44,28,535,0,0,0,535
10/16/2007,PIT,PA,AEA,CE,Combined TRACON& Tower with Radar,234,256,62,25,577,0,1,2,3,6,234,257,64,28,583,0,0,0,583
10/17/2007,PIT,PA,AEA,CE,Combined TRACON& Tower with Radar,234,255,52,28,569,1,0,8,1,10,235,255,60,29,579,0,12,12,591
10/18/2007,PIT,PA,AEA,CE,Combined TRACON& Tower with Radar,236,268,66,20,590,0,3,1,1,5,236,271,67,21,595,0,0,0,595
10/19/2007,PIT,PA,AEA,CE,Combined TRACON& Tower with Radar,260,247,37,23,567,0,0,0,2,2,260,247,37,25,569,0,0,0,569
10/20/2007,PIT,PA,AEA,CE,Combined TRACON& Tower with Radar,220,189,25,7,441,0,2,8,0,10,220,191,33,7,451,0,0,0,451
10/21/2007,PIT,PA,AEA,CE,Combined TRACON& Tower with Radar,216,202,19,2,439,0,1,2,0,3,216,203,21,2,442,0,0,0,442
10/22/2007,PIT,PA,AEA,CE,Combined TRACON& Tower with Radar,227,249,42,3,521,0,0,2,2,4,227,249,44,5,525,0,0,0,525
10/23/2007,PIT,PA,AEA,CE,Combined TRACON& Tower with Radar,232,246,50,15,543,0,0,0,0,0,232,246,50,15,543,0,0,0,543
10/24/2007,PIT,PA,AEA,CE,Combined TRACON& Tower with Radar,233,252,46,23,554,0,1,0,0,1,233,253,46,23,555,0,22,22,577
10/25/2007,PIT,PA,AEA,CE,Combined TRACON& Tower with Radar,236,260,63,42,601,0,0,5,1,6,236,260,68,43,607,0,0,0,607
10/26/2007,PIT,PA,AEA,CE,Combined TRACON& Tower with Radar,252,252,52,30,586,0,0,0,0,0,252,252,52,30,586,0,0,0,586
10/27/2007,PIT,PA,AEA,CE,Combined TRACON& Tower with Radar,209,189,22,4,424,0,0,0,0,0,209,189,22,4,424,0,0,0,424
10/28/2007,PIT,PA,AEA,CE,Combined TRACON& Tower with Radar,219,200,31,4,454,0,1,3,0,4,219,201,34,4,458,0,0,0,458
10/29/2007,PIT,PA,AEA,CE,Combined TRACON& Tower with Radar,236,247,38,34,555,0,0,1,0,1,236,247,39,34,556,0,0,0,556
10/30/2007,PIT,PA,AEA,CE,Combined TRACON& Tower with Radar,229,244,40,30,543,0,0,10,5,15,229,244,50,35,558,0,12,12,570
10/31/2007,PIT,PA,AEA,CE,Combined TRACON& Tower with Radar,232,254,49,30,565,0,0,5,4,9,232,254,54,34,574,0,8,8,582
11/01/2007,PIT,PA,AEA,CE,Combined TRACON& Tower with Radar,245,254,63,45,607,0,0,5,4,9,245,254,68,49,616,0,0,0,616
11/02/2007,PIT,PA,AEA,CE,Combined TRACON& Tower with Radar,250,251,44,15,560,0,0,7,2,9,250,251,51,17,569,0,8,8,577
11/03/2007,PIT,PA,AEA,CE,Combined TRACON& Tower with Radar,204,173,15,7,399,0,1,6,0,7,204,174,21,7,406,0,0,0,406
11/04/2007,PIT,PA,AEA,CE,Combined TRACON& Tower with Radar,211,191,30,4,436,1,0,4,0,5,212,191,34,4,441,0,0,0,441
11/05/2007,PIT,PA,AEA,CE,Combined TRACON& Tower with Radar,232,242,61,4,539,1,2,2,0,5,233,244,63,4,544,0,0,0,544
11/06/2007,PIT,PA,AEA,CE,Combined TRACON& Tower with Radar,243,265,92,46,646,2,1,3,13,19,245,266,95,59,665,0,0,0,665
11/07/2007,PIT,PA,AEA,CE,Combined TRACON& Tower with Radar,246,248,54,50,598,1,1,1,11,14,247,249,55,61,612,0,0,0,612
11/08/2007,PIT,PA,AEA,CE,Combined TRACON& Tower with Radar,256,257,69,38,620,0,1,6,2,9,256,258,75,40,629,0,0,0,629
11/09/2007,PIT,PA,AEA,CE,Combined TRACON& Tower with Radar,245,252,32,26,555,1,3,1,3,8,246,255,33,29,563,0,0,0,563
11/10/2007,PIT,PA,AEA,CE,Combined TRACON& Tower with Radar,207,187,14,1,409,1,0,3,0,4,208,187,17,1,413,0,0,0,413
11/11/2007,PIT,PA,AEA,CE,Combined TRACON& Tower with Radar,215,213,30,4,462,2,1,0,1,4,217,214,30,5,466,0,0,0,466
11/12/2007,PIT,PA,AEA,CE,Combined TRACON& Tower with Radar,234,247,52,2,535,0,0,0,1,1,234,247,52,3,536,0,0,0,536
11/13/2007,PIT,PA,AEA,CE,Combined TRACON& Tower with Radar,238,252,64,56,610,5,0,1,4,10,243,252,65,60,620,0,0,0,620
11/14/2007,PIT,PA,AEA,CE,Combined TRACON& Tower with Radar,243,254,72,36,605,0,0,3,0,3,243,254,75,36,608,0,0,0,608
11/15/2007,PIT,PA,AEA,CE,Combined TRACON& Tower with Radar,258,251,49,61,619,4,1,2,0,7,262,252,51,61,626,0,0,0,626
11/16/2007,PIT,PA,AEA,CE,Combined TRACON& Tower with Radar,249,249,76,27,601,1,0,1,0,2,250,249,77,27,603,0,0,0,603
11/17/2007,PIT,PA,AEA,CE,Combined TRACON& Tower with Radar,215,186,28,5,434,4,1,1,0,6,219,187,29,5,440,0,0,0,440
11/18/2007,PIT,PA,AEA,CE,Combined TRACON& Tower with Radar,211,189,22,7,429,0,1,0,0,1,211,190,22,7,430,0,0,0,430
11/19/2007,PIT,PA,AEA,CE,Combined TRACON& Tower with Radar,220,244,31,26,521,0,2,4,2,8,220,246,35,28,529,9,8,17,546
11/20/2007,PIT,PA,AEA,CE,Combined TRACON& Tower with Radar,246,246,54,30,576,0,1,1,0,2,246,247,55,30,578,0,9,9,587
11/21/2007,PIT,PA,AEA,CE,Combined TRACON& Tower with Radar,262,265,45,11,583,1,3,3,8,15,263,268,48,19,598,0,0,0,598
11/22/2007,PIT,PA,AEA,CE,Combined TRACON& Tower with Radar,198,157,3,2,360,0,0,0,0,0,198,157,3,2,360,0,0,0,360
11/23/2007,PIT,PA,AEA,CE,Combined TRACON& Tower with Radar,190,152,6,1,349,0,0,0,0,0,190,152,6,1,349,0,0,0,349
11/24/2007,PIT,PA,AEA,CE,Combined TRACON& Tower with Radar,209,179,17,1,406,0,1,1,0,2,209,180,18,1,408,0,0,0,408
11/25/2007,PIT,PA,AEA,CE,Combined TRACON& Tower with Radar,218,227,20,0,465,0,0,2,0,2,218,227,22,0,467,0,0,0,467
11/26/2007,PIT,PA,AEA,CE,Combined TRACON& Tower with Radar,235,215,64,16,530,0,0,0,0,0,235,215,64,16,530,0,0,0,530
11/27/2007,PIT,PA,AEA,CE,Combined TRACON& Tower with Radar,261,261,61,46,629,0,0,3,2,5,261,261,64,48,634,0,16,16,650
11/28/2007,PIT,PA,AEA,CE,Combined TRACON& Tower with Radar,241,251,50,51,593,0,1,2,2,5,241,252,52,53,598,0,0,0,598
11/29/2007,PIT,PA,AEA,CE,Combined TRACON& Tower with Radar,245,254,48,32,579,0,1,4,3,8,245,255,52,35,587,0,0,0,587
11/30/2007,PIT,PA,AEA,CE,Combined TRACON& Tower with Radar,234,254,46,15,549,0,0,3,4,7,234,254,49,19,556,0,0,0,556
12/01/2007,PIT,PA,AEA,CE,Combined TRACON& Tower with Radar,214,165,20,5,404,0,1,3,2,6,214,166,23,7,410,0,0,0,410
12/02/2007,PIT,PA,AEA,CE,Combined TRACON& Tower with Radar,198,170,28,1,397,0,0,0,0,0,198,170,28,1,397,0,0,0,397
12/03/2007,PIT,PA,AEA,CE,Combined TRACON& Tower with Radar,235,227,38,7,507,0,0,0,0,0,235,227,38,7,507,0,0,0,507
12/04/2007,PIT,PA,AEA,CE,Combined TRACON& Tower with Radar,251,243,54,57,605,0,1,1,2,4,251,244,55,59,609,0,0,0,609
12/05/2007,PIT,PA,AEA,CE,Combined TRACON& Tower with Radar,225,243,49,6,523,0,1,0,0,1,225,244,49,6,524,0,0,0,524
12/06/2007,PIT,PA,AEA,CE,Combined TRACON& Tower with Radar,253,266,73,52,644,5,3,2,5,15,258,269,75,57,659,0,24,24,683
12/07/2007,PIT,PA,AEA,CE,Combined TRACON& Tower with Radar,245,231,60,7,543,5,2,0,0,7,250,233,60,7,550,0,0,0,550
12/08/2007,PIT,PA,AEA,CE,Combined TRACON& Tower with Radar,207,173,27,2,409,2,1,4,0,7,209,174,31,2,416,0,0,0,416
12/09/2007,PIT,PA,AEA,CE,Combined TRACON& Tower with Radar,200,184,42,3,429,2,1,0,0,3,202,185,42,3,432,0,0,0,432
12/10/2007,PIT,PA,AEA,CE,Combined TRACON& Tower with Radar,231,242,51,38,562,1,1,0,0,2,232,243,51,38,564,0,0,0,564
12/11/2007,PIT,PA,AEA,CE,Combined TRACON& Tower with Radar,237,239,61,26,563,1,1,0,1,3,238,240,61,27,566,0,0,0,566
12/12/2007,PIT,PA,AEA,CE,Combined TRACON& Tower with Radar,243,248,74,43,608,2,0,2,4,8,245,248,76,47,616,0,0,0,616
12/13/2007,PIT,PA,AEA,CE,Combined TRACON& Tower with Radar,236,210,55,18,519,2,1,0,0,3,238,211,55,18,522,0,0,0,522
12/14/2007,PIT,PA,AEA,CE,Combined TRACON& Tower with Radar,245,247,44,10,546,2,3,1,1,7,247,250,45,11,553,0,0,0,553
12/15/2007,PIT,PA,AEA,CE,Combined TRACON& Tower with Radar,209,171,12,2,394,0,0,1,0,1,209,171,13,2,395,0,0,0,395
12/16/2007,PIT,PA,AEA,CE,Combined TRACON& Tower with Radar,197,164,32,5,398,0,0,0,0,0,197,164,32,5,398,0,0,0,398
12/17/2007,PIT,PA,AEA,CE,Combined TRACON& Tower with Radar,225,253,48,4,530,0,0,2,0,2,225,253,50,4,532,0,0,0,532
12/18/2007,PIT,PA,AEA,CE,Combined TRACON& Tower with Radar,247,260,59,53,619,0,1,1,15,17,247,261,60,68,636,0,0,0,636
12/19/2007,PIT,PA,AEA,CE,Combined TRACON& Tower with Radar,247,260,45,38,590,0,1,0,14,15,247,261,45,52,605,0,0,0,605
12/20/2007,PIT,PA,AEA,CE,Combined TRACON& Tower with Radar,242,257,52,49,600,0,2,4,8,14,242,259,56,57,614,0,0,0,614
12/21/2007,PIT,PA,AEA,CE,Combined TRACON& Tower with Radar,240,256,38,30,564,0,0,1,0,1,240,256,39,30,565,0,0,0,565
12/22/2007,PIT,PA,AEA,CE,Combined TRACON& Tower with Radar,241,166,24,3,434,0,0,0,0,0,241,166,24,3,434,0,0,0,434
12/23/2007,PIT,PA,AEA,CE,Combined TRACON& Tower with Radar,210,186,17,2,415,0,0,0,0,0,210,186,17,2,415,0,0,0,415
12/24/2007,PIT,PA,AEA,CE,Combined TRACON& Tower with Radar,207,164,5,2,378,0,0,0,0,0,207,164,5,2,378,0,0,0,378
12/25/2007,PIT,PA,AEA,CE,Combined TRACON& Tower with Radar,181,157,4,2,344,0,0,0,0,0,181,157,4,2,344,0,0,0,344
12/26/2007,PIT,PA,AEA,CE,Combined TRACON& Tower with Radar,229,232,30,23,514,0,1,0,2,3,229,233,30,25,517,0,14,14,531
12/27/2007,PIT,PA,AEA,CE,Combined TRACON& Tower with Radar,236,257,18,34,545,0,0,0,0,0,236,257,18,34,545,0,0,0,545
12/28/2007,PIT,PA,AEA,CE,Combined TRACON& Tower with Radar,221,236,15,27,499,0,0,2,0,2,221,236,17,27,501,0,0,0,501
12/29/2007,PIT,PA,AEA,CE,Combined TRACON& Tower with Radar,234,167,18,0,419,0,0,0,0,0,234,167,18,0,419,0,0,0,419
12/30/2007,PIT,PA,AEA,CE,Combined TRACON& Tower with Radar,204,188,18,1,411,0,0,1,0,1,204,188,19,1,412,0,0,0,412
12/31/2007,PIT,PA,AEA,CE,Combined TRACON& Tower with Radar,213,168,11,1,393,0,1,1,0,2,213,169,12,1,395,0,0,0,395
01/01/2008,PIT,PA,AEA,CE,Combined TRACON& Tower with Radar,201,189,24,3,417,0,0,0,0,0,201,189,24,3,417,0,0,0,417
01/02/2008,PIT,PA,AEA,CE,Combined TRACON& Tower with Radar,237,243,33,40,553,0,0,1,0,1,237,243,34,40,554,0,11,11,565
01/03/2008,PIT,PA,AEA,CE,Combined TRACON& Tower with Radar,245,237,26,38,546,1,1,1,5,8,246,238,27,43,554,0,18,18,572
01/04/2008,PIT,PA,AEA,CE,Combined TRACON& Tower with Radar,249,247,37,26,559,1,2,4,0,7,250,249,41,26,566,0,2,2,568
01/05/2008,PIT,PA,AEA,CE,Combined TRACON& Tower with Radar,221,158,33,0,412,0,0,0,0,0,221,158,33,0,412,0,0,0,412
01/06/2008,PIT,PA,AEA,CE,Combined TRACON& Tower with Radar,186,162,32,1,381,0,0,1,0,1,186,162,33,1,382,0,0,0,382
01/07/2008,PIT,PA,AEA,CE,Combined TRACON& Tower with Radar,216,199,35,39,489,0,0,3,0,3,216,199,38,39,492,0,6,6,498
01/08/2008,PIT,PA,AEA,CE,Combined TRACON& Tower with Radar,222,217,32,18,489,0,0,3,4,7,222,217,35,22,496,0,0,0,496
01/09/2008,PIT,PA,AEA,CE,Combined TRACON& Tower with Radar,225,201,45,53,524,0,0,1,0,1,225,201,46,53,525,0,0,0,525
01/10/2008,PIT,PA,AEA,CE,Combined TRACON& Tower with Radar,224,219,60,52,555,1,0,7,0,8,225,219,67,52,563,0,15,15,578
01/11/2008,PIT,PA,AEA,CE,Combined TRACON& Tower with Radar,236,208,31,38,513,0,0,3,0,3,236,208,34,38,516,0,0,0,516
01/12/2008,PIT,PA,AEA,CE,Combined TRACON& Tower with Radar,200,153,25,4,382,0,0,5,4,9,200,153,30,8,391,0,5,5,396
01/13/2008,PIT,PA,AEA,CE,Combined TRACON& Tower with Radar,179,156,29,0,364,0,1,0,0,1,179,157,29,0,365,0,0,0,365
01/14/2008,PIT,PA,AEA,CE,Combined TRACON& Tower with Radar,211,201,42,1,455,0,0,0,0,0,211,201,42,1,455,0,0,0,455
01/15/2008,PIT,PA,AEA,CE,Combined TRACON& Tower with Radar,229,214,43,44,530,0,0,1,0,1,229,214,44,44,531,0,19,19,550
01/16/2008,PIT,PA,AEA,CE,Combined TRACON& Tower with Radar,225,222,49,43,539,0,5,1,2,8,225,227,50,45,547,0,0,0,547
01/17/2008,PIT,PA,AEA,CE,Combined TRACON& Tower with Radar,218,206,42,12,478,0,0,0,0,0,218,206,42,12,478,0,0,0,478
01/18/2008,PIT,PA,AEA,CE,Combined TRACON& Tower with Radar,239,201,32,52,524,0,0,8,1,9,239,201,40,53,533,0,10,10,543
01/19/2008,PIT,PA,AEA,CE,Combined TRACON& Tower with Radar,187,149,27,9,372,0,0,2,0,2,187,149,29,9,374,0,0,0,374
01/20/2008,PIT,PA,AEA,CE,Combined TRACON& Tower with Radar,195,163,17,3,378,0,1,3,0,4,195,164,20,3,382,0,0,0,382
01/21/2008,PIT,PA,AEA,CE,Combined TRACON& Tower with Radar,216,193,37,0,446,0,0,5,0,5,216,193,42,0,451,0,0,0,451
01/22/2008,PIT,PA,AEA,CE,Combined TRACON& Tower with Radar,224,196,34,3,457,0,0,1,0,1,224,196,35,3,458,0,0,0,458
01/23/2008,PIT,PA,AEA,CE,Combined TRACON& Tower with Radar,228,204,42,15,489,0,1,1,1,3,228,205,43,16,492,0,0,0,492
01/24/2008,PIT,PA,AEA,CE,Combined TRACON& Tower with Radar,227,205,75,6,513,0,1,0,1,2,227,206,75,7,515,0,0,0,515
01/25/2008,PIT,PA,AEA,CE,Combined TRACON& Tower with Radar,236,211,37,6,490,0,0,4,0,4,236,211,41,6,494,0,0,0,494
01/26/2008,PIT,PA,AEA,CE,Combined TRACON& Tower with Radar,195,142,15,2,354,0,1,1,0,2,195,143,16,2,356,0,0,0,356
01/27/2008,PIT,PA,AEA,CE,Combined TRACON& Tower with Radar,184,148,16,7,355,0,0,0,0,0,184,148,16,7,355,0,0,0,355
01/28/2008,PIT,PA,AEA,CE,Combined TRACON& Tower with Radar,218,206,48,18,490,0,2,5,0,7,218,208,53,18,497,0,8,8,505
01/29/2008,PIT,PA,AEA,CE,Combined TRACON& Tower with Radar,226,195,46,12,479,0,0,1,0,1,226,195,47,12,480,0,0,0,480
01/30/2008,PIT,PA,AEA,CE,Combined TRACON& Tower with Radar,222,203,26,8,459,1,2,0,2,5,223,205,26,10,464,0,0,0,464
01/31/2008,PIT,PA,AEA,CE,Combined TRACON& Tower with Radar,229,206,56,11,502,0,4,3,0,7,229,210,59,11,509,0,0,0,509
02/01/2008,PIT,PA,AEA,CE,Combined TRACON& Tower with Radar,225,154,28,9,416,0,0,0,1,1,225,154,28,10,417,0,0,0,417
02/02/2008,PIT,PA,AEA,CE,Combined TRACON& Tower with Radar,198,151,13,15,377,0,2,0,0,2,198,153,13,15,379,0,0,0,379
02/03/2008,PIT,PA,AEA,CE,Combined TRACON& Tower with Radar,184,146,23,7,360,0,0,7,1,8,184,146,30,8,368,12,2,14,382
02/04/2008,PIT,PA,AEA,CE,Combined TRACON& Tower with Radar,206,167,28,22,423,0,0,0,0,0,206,167,28,22,423,0,0,0,423
02/05/2008,PIT,PA,AEA,CE,Combined TRACON& Tower with Radar,240,176,47,41,504,0,1,0,1,2,240,177,47,42,506,0,20,20,526
02/06/2008,PIT,PA,AEA,CE,Combined TRACON& Tower with Radar,227,166,31,17,441,0,0,1,0,1,227,166,32,17,442,0,0,0,442
02/07/2008,PIT,PA,AEA,CE,Combined TRACON& Tower with Radar,238,201,58,28,525,0,0,1,0,1,238,201,59,28,526,0,0,0,526
02/08/2008,PIT,PA,AEA,CE,Combined TRACON& Tower with Radar,239,197,36,22,494,0,0,2,1,3,239,197,38,23,497,0,0,0,497
02/09/2008,PIT,PA,AEA,CE,Combined TRACON& Tower with Radar,199,143,13,5,360,0,0,0,0,0,199,143,13,5,360,0,0,0,360
02/10/2008,PIT,PA,AEA,CE,Combined TRACON& Tower with Radar,188,143,9,4,344,0,0,0,0,0,188,143,9,4,344,0,0,0,344
02/11/2008,PIT,PA,AEA,CE,Combined TRACON& Tower with Radar,224,199,36,7,466,0,3,3,0,6,224,202,39,7,472,0,0,0,472
02/12/2008,PIT,PA,AEA,CE,Combined TRACON& Tower with Radar,222,162,31,1,416,0,0,0,0,0,222,162,31,1,416,0,0,0,416
02/13/2008,PIT,PA,AEA,CE,Combined TRACON& Tower with Radar,232,166,68,31,497,0,0,0,0,0,232,166,68,31,497,0,0,0,497
02/14/2008,PIT,PA,AEA,CE,Combined TRACON& Tower with Radar,263,187,62,49,561,0,2,3,4,9,263,189,65,53,570,0,14,14,584
02/15/2008,PIT,PA,AEA,CE,Combined TRACON& Tower with Radar,260,180,50,34,524,1,0,0,6,7,261,180,50,40,531,0,0,0,531
02/16/2008,PIT,PA,AEA,CE,Combined TRACON& Tower with Radar,217,150,32,1,400,0,0,11,0,11,217,150,43,1,411,0,0,0,411
02/17/2008,PIT,PA,AEA,CE,Combined TRACON& Tower with Radar,205,132,17,2,356,0,0,0,0,0,205,132,17,2,356,0,0,0,356
02/18/2008,PIT,PA,AEA,CE,Combined TRACON& Tower with Radar,227,171,30,3,431,0,0,0,0,0,227,171,30,3,431,0,0,0,431
02/19/2008,PIT,PA,AEA,CE,Combined TRACON& Tower with Radar,251,199,44,53,547,0,0,1,1,2,251,199,45,54,549,0,0,0,549
02/20/2008,PIT,PA,AEA,CE,Combined TRACON& Tower with Radar,251,188,65,28,532,1,0,0,0,1,252,188,65,28,533,0,0,0,533
02/21/2008,PIT,PA,AEA,CE,Combined TRACON& Tower with Radar,253,185,43,74,555,0,0,4,4,8,253,185,47,78,563,0,0,0,563
02/22/2008,PIT,PA,AEA,CE,Combined TRACON& Tower with Radar,231,148,43,0,422,0,1,0,0,1,231,149,43,0,423,0,0,0,423
02/23/2008,PIT,PA,AEA,CE,Combined TRACON& Tower with Radar,233,136,9,4,382,0,0,2,0,2,233,136,11,4,384,0,0,0,384
02/24/2008,PIT,PA,AEA,CE,Combined TRACON& Tower with Radar,214,140,28,4,386,0,0,4,0,4,214,140,32,4,390,0,0,0,390
02/25/2008,PIT,PA,AEA,CE,Combined TRACON& Tower with Radar,245,173,59,1,478,0,0,0,0,0,245,173,59,1,478,0,0,0,478
02/26/2008,PIT,PA,AEA,CE,Combined TRACON& Tower with Radar,233,173,63,11,480,0,1,0,1,2,233,174,63,12,482,0,0,0,482
02/27/2008,PIT,PA,AEA,CE,Combined TRACON& Tower with Radar,265,184,49,9,507,0,2,0,0,2,265,186,49,9,509,0,0,0,509
02/28/2008,PIT,PA,AEA,CE,Combined TRACON& Tower with Radar,254,197,71,11,533,0,1,2,3,6,254,198,73,14,539,0,0,0,539
02/29/2008,PIT,PA,AEA,CE,Combined TRACON& Tower with Radar,258,188,48,7,501,0,3,0,0,3,258,191,48,7,504,0,0,0,504
03/01/2008,PIT,PA,AEA,CE,Combined TRACON& Tower with Radar,217,134,22,14,387,0,0,4,1,5,217,134,26,15,392,0,0,0,392
03/02/2008,PIT,PA,AEA,CE,Combined TRACON& Tower with Radar,216,139,40,7,402,0,1,0,1,2,216,140,40,8,404,0,0,0,404
03/03/2008,PIT,PA,AEA,CE,Combined TRACON& Tower with Radar,246,182,35,20,483,0,0,4,2,6,246,182,39,22,489,0,0,0,489
03/04/2008,PIT,PA,AEA,CE,Combined TRACON& Tower with Radar,245,170,43,21,479,0,0,0,1,1,245,170,43,22,480,0,0,0,480
03/05/2008,PIT,PA,AEA,CE,Combined TRACON& Tower with Radar,255,185,44,22,506,0,2,2,0,4,255,187,46,22,510,0,0,0,510
03/06/2008,PIT,PA,AEA,CE,Combined TRACON& Tower with Radar,255,191,60,40,546,0,1,3,3,7,255,192,63,43,553,0,0,0,553
03/07/2008,PIT,PA,AEA,CE,Combined TRACON& Tower with Radar,259,183,33,30,505,0,0,0,0,0,259,183,33,30,505,0,0,0,505
03/08/2008,PIT,PA,AEA,CE,Combined TRACON& Tower with Radar,213,106,21,0,340,0,0,0,0,0,213,106,21,0,340,0,0,0,340
03/09/2008,PIT,PA,AEA,CE,Combined TRACON& Tower with Radar,209,130,25,10,374,0,0,2,1,3,209,130,27,11,377,0,0,0,377
03/10/2008,PIT,PA,AEA,CE,Combined TRACON& Tower with Radar,249,184,48,3,484,0,0,1,0,1,249,184,49,3,485,0,0,0,485
03/11/2008,PIT,PA,AEA,CE,Combined TRACON& Tower with Radar,254,183,40,41,518,0,0,1,2,3,254,183,41,43,521,0,0,0,521
03/12/2008,PIT,PA,AEA,CE,Combined TRACON& Tower with Radar,253,187,62,26,528,0,0,5,0,5,253,187,67,26,533,0,0,0,533
03/13/2008,PIT,PA,AEA,CE,Combined TRACON& Tower with Radar,264,190,48,37,539,0,0,5,0,5,264,190,53,37,544,0,0,0,544
03/14/2008,PIT,PA,AEA,CE,Combined TRACON& Tower with Radar,264,180,37,25,506,0,1,0,0,1,264,181,37,25,507,0,8,8,515
03/15/2008,PIT,PA,AEA,CE,Combined TRACON& Tower with Radar,219,139,20,9,387,0,0,0,0,0,219,139,20,9,387,0,0,0,387
03/16/2008,PIT,PA,AEA,CE,Combined TRACON& Tower with Radar,230,139,16,9,394,0,1,5,0,6,230,140,21,9,400,0,0,0,400
03/17/2008,PIT,PA,AEA,CE,Combined TRACON& Tower with Radar,241,183,34,26,484,0,0,6,5,11,241,183,40,31,495,0,0,0,495
03/18/2008,PIT,PA,AEA,CE,Combined TRACON& Tower with Radar,244,175,35,32,486,0,0,0,0,0,244,175,35,32,486,0,0,0,486
03/19/2008,PIT,PA,AEA,CE,Combined TRACON& Tower with Radar,242,167,49,11,469,0,0,0,0,0,242,167,49,11,469,0,0,0,469
03/20/2008,PIT,PA,AEA,CE,Combined TRACON& Tower with Radar,262,182,56,45,545,0,1,1,0,2,262,183,57,45,547,0,0,0,547
03/21/2008,PIT,PA,AEA,CE,Combined TRACON& Tower with Radar,258,161,14,24,457,0,2,2,1,5,258,163,16,25,462,0,0,0,462
03/22/2008,PIT,PA,AEA,CE,Combined TRACON& Tower with Radar,218,128,6,6,358,0,0,7,0,7,218,128,13,6,365,0,0,0,365
03/23/2008,PIT,PA,AEA,CE,Combined TRACON& Tower with Radar,225,138,6,2,371,0,0,1,0,1,225,138,7,2,372,0,0,0,372
03/24/2008,PIT,PA,AEA,CE,Combined TRACON& Tower with Radar,236,172,37,2,447,0,0,9,0,9,236,172,46,2,456,0,0,0,456
03/25/2008,PIT,PA,AEA,CE,Combined TRACON& Tower with Radar,259,187,42,12,500,0,1,1,4,6,259,188,43,16,506,0,0,0,506
03/26/2008,PIT,PA,AEA,CE,Combined TRACON& Tower with Radar,256,198,44,59,557,0,3,2,8,13,256,201,46,67,570,0,12,12,582
03/27/2008,PIT,PA,AEA,CE,Combined TRACON& Tower with Radar,265,174,49,18,506,0,0,2,0,2,265,174,51,18,508,0,0,0,508
03/28/2008,PIT,PA,AEA,CE,Combined TRACON& Tower with Radar,261,191,36,37,525,0,0,3,1,4,261,191,39,38,529,0,0,0,529
03/29/2008,PIT,PA,AEA,CE,Combined TRACON& Tower with Radar,225,134,30,4,393,0,0,2,1,3,225,134,32,5,396,0,0,0,396
03/30/2008,PIT,PA,AEA,CE,Combined TRACON& Tower with Radar,221,140,31,4,396,0,0,7,0,7,221,140,38,4,403,0,0,0,403
03/31/2008,PIT,PA,AEA,CE,Combined TRACON& Tower with Radar,231,161,28,20,440,0,0,0,2,2,231,161,28,22,442,0,0,0,442
04/01/2008,PIT,PA,AEA,CE,Combined TRACON& Tower with Radar,252,187,38,28,505,0,0,0,4,4,252,187,38,32,509,0,0,0,509
04/02/2008,PIT,PA,AEA,CE,Combined TRACON& Tower with Radar,268,206,65,60,599,0,5,4,2,11,268,211,69,62,610,0,0,0,610
04/03/2008,PIT,PA,AEA,CE,Combined TRACON& Tower with Radar,255,184,60,25,524,0,0,2,0,2,255,184,62,25,526,0,0,0,526
04/04/2008,PIT,PA,AEA,CE,Combined TRACON& Tower with Radar,252,183,34,10,479,0,1,1,0,2,252,184,35,10,481,0,0,0,481
04/05/2008,PIT,PA,AEA,CE,Combined TRACON& Tower with Radar,216,136,24,20,396,0,0,2,0,2,216,136,26,20,398,0,0,0,398
04/06/2008,PIT,PA,AEA,CE,Combined TRACON& Tower with Radar,216,132,26,15,389,0,0,5,1,6,216,132,31,16,395,0,0,0,395
04/07/2008,PIT,PA,AEA,CE,Combined TRACON& Tower with Radar,240,196,47,7,490,1,1,1,2,5,241,197,48,9,495,0,0,0,495
04/08/2008,PIT,PA,AEA,CE,Combined TRACON& Tower with Radar,252,195,45,40,532,0,1,0,4,5,252,196,45,44,537,0,0,0,537
04/09/2008,PIT,PA,AEA,CE,Combined TRACON& Tower with Radar,254,205,44,57,560,0,0,2,2,4,254,205,46,59,564,0,0,0,564
04/10/2008,PIT,PA,AEA,CE,Combined TRACON& Tower with Radar,251,190,54,33,528,0,3,2,11,16,251,193,56,44,544,0,18,18,562
04/11/2008,PIT,PA,AEA,CE,Combined TRACON& Tower with Radar,247,195,46,10,498,0,0,1,0,1,247,195,47,10,499,0,0,0,499
04/12/2008,PIT,PA,AEA,CE,Combined TRACON& Tower with Radar,213,135,16,5,369,0,0,4,0,4,213,135,20,5,373,0,0,0,373
04/13/2008,PIT,PA,AEA,CE,Combined TRACON& Tower with Radar,226,144,36,9,415,0,0,0,0,0,226,144,36,9,415,0,0,0,415
04/14/2008,PIT,PA,AEA,CE,Combined TRACON& Tower with Radar,239,183,47,30,499,0,1,4,4,9,239,184,51,34,508,0,0,0,508
04/15/2008,PIT,PA,AEA,CE,Combined TRACON& Tower with Radar,257,205,59,31,552,0,1,3,6,10,257,206,62,37,562,0,0,0,562
04/16/2008,PIT,PA,AEA,CE,Combined TRACON& Tower with Radar,241,198,66,49,554,1,0,3,9,13,242,198,69,58,567,0,0,0,567
04/17/2008,PIT,PA,AEA,CE,Combined TRACON& Tower with Radar,259,197,63,33,552,0,2,4,1,7,259,199,67,34,559,0,0,0,559
04/18/2008,PIT,PA,AEA,CE,Combined TRACON& Tower with Radar,247,207,60,13,527,0,2,5,0,7,247,209,65,13,534,0,0,0,534
04/19/2008,PIT,PA,AEA,CE,Combined TRACON& Tower with Radar,209,140,23,2,374,0,0,5,0,5,209,140,28,2,379,0,0,0,379
04/20/2008,PIT,PA,AEA,CE,Combined TRACON& Tower with Radar,218,136,25,5,384,0,0,1,0,1,218,136,26,5,385,0,0,0,385
04/21/2008,PIT,PA,AEA,CE,Combined TRACON& Tower with Radar,251,201,36,12,500,0,1,1,0,2,251,202,37,12,502,0,0,0,502
04/22/2008,PIT,PA,AEA,CE,Combined TRACON& Tower with Radar,263,207,51,42,563,1,0,5,4,10,264,207,56,46,573,0,0,0,573
04/23/2008,PIT,PA,AEA,CE,Combined TRACON& Tower with Radar,246,203,55,21,525,0,0,2,7,9,246,203,57,28,534,0,0,0,534
04/24/2008,PIT,PA,AEA,CE,Combined TRACON& Tower with Radar,265,203,63,53,584,0,0,9,4,13,265,203,72,57,597,0,4,4,601
04/25/2008,PIT,PA,AEA,CE,Combined TRACON& Tower with Radar,256,186,57,23,522,0,2,3,0,5,256,188,60,23,527,0,0,0,527
04/26/2008,PIT,PA,AEA,CE,Combined TRACON& Tower with Radar,204,135,26,2,367,0,0,1,0,1,204,135,27,2,368,0,0,0,368
04/27/2008,PIT,PA,AEA,CE,Combined TRACON& Tower with Radar,221,142,49,9,421,0,1,3,1,5,221,143,52,10,426,0,10,10,436
04/28/2008,PIT,PA,AEA,CE,Combined TRACON& Tower with Radar,231,165,54,30,480,0,0,0,0,0,231,165,54,30,480,0,0,0,480
04/29/2008,PIT,PA,AEA,CE,Combined TRACON& Tower with Radar,256,187,53,41,537,1,1,5,6,13,257,188,58,47,550,0,0,0,550
04/30/2008,PIT,PA,AEA,CE,Combined TRACON& Tower with Radar,262,199,58,36,555,0,3,13,2,18,262,202,71,38,573,0,12,12,585
05/01/2008,PIT,PA,AEA,CE,Combined TRACON& Tower with Radar,258,205,37,58,558,1,0,0,0,1,259,205,37,58,559,0,14,14,573
05/02/2008,PIT,PA,AEA,CE,Combined TRACON& Tower with Radar,256,242,41,51,590,0,0,7,0,7,256,242,48,51,597,0,0,0,597
05/03/2008,PIT,PA,AEA,CE,Combined TRACON& Tower with Radar,212,132,29,7,380,0,2,3,3,8,212,134,32,10,388,0,0,0,388
05/04/2008,PIT,PA,AEA,CE,Combined TRACON& Tower with Radar,220,145,25,2,392,0,0,9,0,9,220,145,34,2,401,0,0,0,401
05/05/2008,PIT,PA,AEA,CE,Combined TRACON& Tower with Radar,242,182,59,26,509,1,1,8,0,10,243,183,67,26,519,0,0,0,519
05/06/2008,PIT,PA,AEA,CE,Combined TRACON& Tower with Radar,255,188,60,28,531,0,0,15,4,19,255,188,75,32,550,0,0,0,550
05/07/2008,PIT,PA,AEA,CE,Combined TRACON& Tower with Radar,251,207,52,34,544,0,2,20,7,29,251,209,72,41,573,0,0,0,573
05/08/2008,PIT,PA,AEA,CE,Combined TRACON& Tower with Radar,264,195,65,40,564,0,0,0,0,0,264,195,65,40,564,0,0,0,564
05/09/2008,PIT,PA,AEA,CE,Combined TRACON& Tower with Radar,254,185,51,32,522,0,1,28,0,29,254,186,79,32,551,0,0,0,551
05/10/2008,PIT,PA,AEA,CE,Combined TRACON& Tower with Radar,216,129,11,2,358,0,4,7,3,14,216,133,18,5,372,0,0,0,372
05/11/2008,PIT,PA,AEA,CE,Combined TRACON& Tower with Radar,209,136,34,8,387,0,0,9,0,9,209,136,43,8,396,0,0,0,396
05/12/2008,PIT,PA,AEA,CE,Combined TRACON& Tower with Radar,249,177,68,35,529,0,0,15,3,18,249,177,83,38,547,0,0,0,547
05/13/2008,PIT,PA,AEA,CE,Combined TRACON& Tower with Radar,255,176,52,34,517,0,1,7,2,10,255,177,59,36,527,0,0,0,527
05/14/2008,PIT,PA,AEA,CE,Combined TRACON& Tower with Radar,254,191,69,48,562,0,0,1,2,3,254,191,70,50,565,0,0,0,565
05/15/2008,PIT,PA,AEA,CE,Combined TRACON& Tower with Radar,255,193,42,33,523,0,1,3,2,6,255,194,45,35,529,0,0,0,529
05/16/2008,PIT,PA,AEA,CE,Combined TRACON& Tower with Radar,253,185,37,25,500,0,0,0,0,0,253,185,37,25,500,0,0,0,500
05/17/2008,PIT,PA,AEA,CE,Combined TRACON& Tower with Radar,222,125,9,0,356,0,1,3,0,4,222,126,12,0,360,0,0,0,360
05/18/2008,PIT,PA,AEA,CE,Combined TRACON& Tower with Radar,215,136,35,4,390,0,0,2,0,2,215,136,37,4,392,0,0,0,392
05/19/2008,PIT,PA,AEA,CE,Combined TRACON& Tower with Radar,249,174,31,9,463,0,0,9,0,9,249,174,40,9,472,0,0,0,472
05/20/2008,PIT,PA,AEA,CE,Combined TRACON& Tower with Radar,245,187,42,21,495,0,3,1,2,6,245,190,43,23,501,0,0,0,501
05/21/2008,PIT,PA,AEA,CE,Combined TRACON& Tower with Radar,252,225,60,31,568,1,6,4,2,13,253,231,64,33,581,0,0,0,581
05/22/2008,PIT,PA,AEA,CE,Combined TRACON& Tower with Radar,270,180,46,26,522,0,1,1,2,4,270,181,47,28,526,0,0,0,526
05/23/2008,PIT,PA,AEA,CE,Combined TRACON& Tower with Radar,263,177,35,11,486,0,4,2,1,7,263,181,37,12,493,0,0,0,493
05/24/2008,PIT,PA,AEA,CE,Combined TRACON& Tower with Radar,211,115,15,2,343,0,1,8,0,9,211,116,23,2,352,0,0,0,352
05/25/2008,PIT,PA,AEA,CE,Combined TRACON& Tower with Radar,191,99,13,8,311,0,1,8,1,10,191,100,21,9,321,0,0,0,321
05/26/2008,PIT,PA,AEA,CE,Combined TRACON& Tower with Radar,230,133,30,10,403,0,0,3,2,5,230,133,33,12,408,0,0,0,408
05/27/2008,PIT,PA,AEA,CE,Combined TRACON& Tower with Radar,238,165,65,21,489,0,0,4,0,4,238,165,69,21,493,0,0,0,493
05/28/2008,PIT,PA,AEA,CE,Combined TRACON& Tower with Radar,260,188,43,32,523,0,2,3,6,11,260,190,46,38,534,0,14,14,548
05/29/2008,PIT,PA,AEA,CE,Combined TRACON& Tower with Radar,265,180,56,35,536,0,3,7,1,11,265,183,63,36,547,0,0,0,547
05/30/2008,PIT,PA,AEA,CE,Combined TRACON& Tower with Radar,258,170,41,14,483,0,3,6,3,12,258,173,47,17,495,0,0,0,495
05/31/2008,PIT,PA,AEA,CE,Combined TRACON& Tower with Radar,232,122,20,8,382,0,0,1,0,1,232,122,21,8,383,0,0,0,383
06/01/2008,PIT,PA,AEA,CE,Combined TRACON& Tower with Radar,226,143,28,1,398,0,0,1,0,1,226,143,29,1,399,0,0,0,399
06/02/2008,PIT,PA,AEA,CE,Combined TRACON& Tower with Radar,247,169,42,16,474,0,1,5,0,6,247,170,47,16,480,0,0,0,480
06/03/2008,PIT,PA,AEA,CE,Combined TRACON& Tower with Radar,256,167,61,34,518,0,4,7,4,15,256,171,68,38,533,0,0,0,533
06/04/2008,PIT,PA,AEA,CE,Combined TRACON& Tower with Radar,262,178,67,45,552,0,0,0,0,0,262,178,67,45,552,0,0,0,552
06/05/2008,PIT,PA,AEA,CE,Combined TRACON& Tower with Radar,265,177,86,59,587,0,0,2,1,3,265,177,88,60,590,0,0,0,590
06/06/2008,PIT,PA,AEA,CE,Combined TRACON& Tower with Radar,258,171,32,27,488,0,3,18,4,25,258,174,50,31,513,0,0,0,513
06/07/2008,PIT,PA,AEA,CE,Combined TRACON& Tower with Radar,229,127,11,10,377,0,2,8,0,10,229,129,19,10,387,0,0,0,387
06/08/2008,PIT,PA,AEA,CE,Combined TRACON& Tower with Radar,228,120,30,3,381,0,1,0,0,1,228,121,30,3,382,0,0,0,382
06/09/2008,PIT,PA,AEA,CE,Combined TRACON& Tower with Radar,243,164,43,29,479,0,4,5,5,14,243,168,48,34,493,0,12,12,505
06/10/2008,PIT,PA,AEA,CE,Combined TRACON& Tower with Radar,247,185,61,38,531,0,7,6,0,13,247,192,67,38,544,0,0,0,544
06/11/2008,PIT,PA,AEA,CE,Combined TRACON& Tower with Radar,275,194,70,24,563,0,1,12,0,13,275,195,82,24,576,0,12,12,588
06/12/2008,PIT,PA,AEA,CE,Combined TRACON& Tower with Radar,261,182,61,26,530,3,2,8,4,17,264,184,69,30,547,0,0,0,547
06/13/2008,PIT,PA,AEA,CE,Combined TRACON& Tower with Radar,251,180,30,10,471,0,1,5,0,6,251,181,35,10,477,0,0,0,477
06/14/2008,PIT,PA,AEA,CE,Combined TRACON& Tower with Radar,239,130,14,9,392,0,0,0,0,0,239,130,14,9,392,0,0,0,392
06/15/2008,PIT,PA,AEA,CE,Combined TRACON& Tower with Radar,230,126,21,3,380,0,0,2,0,2,230,126,23,3,382,0,0,0,382
06/16/2008,PIT,PA,AEA,CE,Combined TRACON& Tower with Radar,234,167,45,7,453,0,0,1,0,1,234,167,46,7,454,0,0,0,454
06/17/2008,PIT,PA,AEA,CE,Combined TRACON& Tower with Radar,264,201,51,20,536,0,2,1,2,5,264,203,52,22,541,0,0,0,541
06/18/2008,PIT,PA,AEA,CE,Combined TRACON& Tower with Radar,255,186,55,42,538,0,1,8,9,18,255,187,63,51,556,0,0,0,556
06/19/2008,PIT,PA,AEA,CE,Combined TRACON& Tower with Radar,263,185,55,21,524,0,0,9,4,13,263,185,64,25,537,0,10,10,547
06/20/2008,PIT,PA,AEA,CE,Combined TRACON& Tower with Radar,278,181,30,15,504,1,0,7,1,9,279,181,37,16,513,0,0,0,513
06/21/2008,PIT,PA,AEA,CE,Combined TRACON& Tower with Radar,227,132,13,2,374,0,2,1,0,3,227,134,14,2,377,0,0,0,377
06/22/2008,PIT,PA,AEA,CE,Combined TRACON& Tower with Radar,221,121,28,2,372,0,2,1,0,3,221,123,29,2,375,0,0,0,375
06/23/2008,PIT,PA,AEA,CE,Combined TRACON& Tower with Radar,262,176,44,23,505,0,0,0,7,7,262,176,44,30,512,0,0,0,512
06/24/2008,PIT,PA,AEA,CE,Combined TRACON& Tower with Radar,265,190,59,19,533,0,0,9,33,42,265,190,68,52,575,0,0,0,575
06/25/2008,PIT,PA,AEA,CE,Combined TRACON& Tower with Radar,262,162,56,20,500,0,1,8,7,16,262,163,64,27,516,0,0,0,516
06/26/2008,PIT,PA,AEA,CE,Combined TRACON& Tower with Radar,238,156,53,28,475,0,2,2,1,5,238,158,55,29,480,0,0,0,480
06/27/2008,PIT,PA,AEA,CE,Combined TRACON& Tower with Radar,286,190,37,42,555,0,0,0,2,2,286,190,37,44,557,0,0,0,557
06/28/2008,PIT,PA,AEA,CE,Combined TRACON& Tower with Radar,233,126,20,2,381,0,0,2,0,2,233,126,22,2,383,0,0,0,383
06/29/2008,PIT,PA,AEA,CE,Combined TRACON& Tower with Radar,231,126,16,15,388,0,0,0,0,0,231,126,16,15,388,0,0,0,388
06/30/2008,PIT,PA,AEA,CE,Combined TRACON& Tower with Radar,253,174,37,12,476,1,1,0,6,8,254,175,37,18,484,0,0,0,484
07/01/2008,PIT,PA,AEA,CE,Combined TRACON& Tower with Radar,268,167,38,25,498,0,0,12,2,14,268,167,50,27,512,0,0,0,512
07/02/2008,PIT,PA,AEA,CE,Combined TRACON& Tower with Radar,262,165,37,46,510,0,9,3,1,13,262,174,40,47,523,0,0,0,523
07/03/2008,PIT,PA,AEA,CE,Combined TRACON& Tower with Radar,269,173,31,13,486,0,0,2,0,2,269,173,33,13,488,0,0,0,488
07/04/2008,PIT,PA,AEA,CE,Combined TRACON& Tower with Radar,199,116,8,0,323,0,0,0,0,0,199,116,8,0,323,0,0,0,323
07/05/2008,PIT,PA,AEA,CE,Combined TRACON& Tower with Radar,209,118,4,0,331,0,0,0,0,0,209,118,4,0,331,0,0,0,331
07/06/2008,PIT,PA,AEA,CE,Combined TRACON& Tower with Radar,234,132,17,4,387,0,0,2,0,2,234,132,19,4,389,0,0,0,389
07/07/2008,PIT,PA,AEA,CE,Combined TRACON& Tower with Radar,257,165,41,21,484,0,0,5,0,5,257,165,46,21,489,0,0,0,489
07/08/2008,PIT,PA,AEA,CE,Combined TRACON& Tower with Radar,265,165,41,22,493,0,1,6,4,11,265,166,47,26,504,0,0,0,504
07/09/2008,PIT,PA,AEA,CE,Combined TRACON& Tower with Radar,267,176,49,29,521,0,0,0,0,0,267,176,49,29,521,0,0,0,521
07/10/2008,PIT,PA,AEA,CE,Combined TRACON& Tower with Radar,268,165,56,51,540,0,2,5,0,7,268,167,61,51,547,0,0,0,547
07/11/2008,PIT,PA,AEA,CE,Combined TRACON& Tower with Radar,272,187,41,44,544,0,1,3,0,4,272,188,44,44,548,0,0,0,548
07/12/2008,PIT,PA,AEA,CE,Combined TRACON& Tower with Radar,228,124,18,12,382,0,0,3,1,4,228,124,21,13,386,0,0,0,386
07/13/2008,PIT,PA,AEA,CE,Combined TRACON& Tower with Radar,236,139,20,5,400,0,0,4,0,4,236,139,24,5,404,0,0,0,404
07/14/2008,PIT,PA,AEA,CE,Combined TRACON& Tower with Radar,258,169,46,7,480,0,0,2,0,2,258,169,48,7,482,0,0,0,482
07/15/2008,PIT,PA,AEA,CE,Combined TRACON& Tower with Radar,265,171,68,17,521,0,0,0,3,3,265,171,68,20,524,0,0,0,524
07/16/2008,PIT,PA,AEA,CE,Combined TRACON& Tower with Radar,254,185,65,28,532,0,1,3,2,6,254,186,68,30,538,0,0,0,538
07/17/2008,PIT,PA,AEA,CE,Combined TRACON& Tower with Radar,266,179,50,37,532,0,0,6,0,6,266,179,56,37,538,0,0,0,538
07/18/2008,PIT,PA,AEA,CE,Combined TRACON& Tower with Radar,265,179,39,25,508,0,2,3,1,6,265,181,42,26,514,0,0,0,514
07/19/2008,PIT,PA,AEA,CE,Combined TRACON& Tower with Radar,226,129,11,0,366,0,1,1,0,2,226,130,12,0,368,0,0,0,368
07/20/2008,PIT,PA,AEA,CE,Combined TRACON& Tower with Radar,226,130,27,1,384,0,0,2,0,2,226,130,29,1,386,0,0,0,386
07/21/2008,PIT,PA,AEA,CE,Combined TRACON& Tower with Radar,253,170,36,33,492,0,0,2,0,2,253,170,38,33,494,0,0,0,494
07/22/2008,PIT,PA,AEA,CE,Combined TRACON& Tower with Radar,266,175,52,68,561,0,2,6,3,11,266,177,58,71,572,0,0,0,572
07/23/2008,PIT,PA,AEA,CE,Combined TRACON& Tower with Radar,257,164,49,33,503,0,0,2,0,2,257,164,51,33,505,0,0,0,505
07/24/2008,PIT,PA,AEA,CE,Combined TRACON& Tower with Radar,292,173,54,41,560,0,2,12,1,15,292,175,66,42,575,0,28,28,603
07/25/2008,PIT,PA,AEA,CE,Combined TRACON& Tower with Radar,278,180,46,43,547,0,3,6,0,9,278,183,52,43,556,0,0,0,556
07/26/2008,PIT,PA,AEA,CE,Combined TRACON& Tower with Radar,227,134,8,9,378,0,0,1,0,1,227,134,9,9,379,0,0,0,379
07/27/2008,PIT,PA,AEA,CE,Combined TRACON& Tower with Radar,252,132,30,5,419,0,0,1,0,1,252,132,31,5,420,0,0,0,420
07/28/2008,PIT,PA,AEA,CE,Combined TRACON& Tower with Radar,269,161,45,10,485,0,0,9,1,10,269,161,54,11,495,0,0,0,495
07/29/2008,PIT,PA,AEA,CE,Combined TRACON& Tower with Radar,266,174,49,51,540,0,0,4,32,36,266,174,53,83,576,0,0,0,576
07/30/2008,PIT,PA,AEA,CE,Combined TRACON& Tower with Radar,267,180,50,37,534,0,1,3,1,5,267,181,53,38,539,0,0,0,539
07/31/2008,PIT,PA,AEA,CE,Combined TRACON& Tower with Radar,263,179,51,37,530,0,2,3,0,5,263,181,54,37,535,0,0,0,535
08/01/2008,PIT,PA,AEA,CE,Combined TRACON& Tower with Radar,272,176,36,43,527,0,0,0,0,0,272,176,36,43,527,0,24,24,551
08/02/2008,PIT,PA,AEA,CE,Combined TRACON& Tower with Radar,222,130,22,1,375,0,2,3,0,5,222,132,25,1,380,0,0,0,380
08/03/2008,PIT,PA,AEA,CE,Combined TRACON& Tower with Radar,236,140,13,8,397,0,0,0,0,0,236,140,13,8,397,0,0,0,397
08/04/2008,PIT,PA,AEA,CE,Combined TRACON& Tower with Radar,248,162,32,37,479,0,0,2,0,2,248,162,34,37,481,0,0,0,481
08/05/2008,PIT,PA,AEA,CE,Combined TRACON& Tower with Radar,275,189,34,15,513,0,0,1,0,1,275,189,35,15,514,0,0,0,514
08/06/2008,PIT,PA,AEA,CE,Combined TRACON& Tower with Radar,266,163,46,53,528,0,0,3,3,6,266,163,49,56,534,0,0,0,534
08/07/2008,PIT,PA,AEA,CE,Combined TRACON& Tower with Radar,262,169,46,47,524,0,0,7,0,7,262,169,53,47,531,0,10,10,541
08/08/2008,PIT,PA,AEA,CE,Combined TRACON& Tower with Radar,270,173,15,26,484,0,1,0,0,1,270,174,15,26,485,0,0,0,485
08/09/2008,PIT,PA,AEA,CE,Combined TRACON& Tower with Radar,232,140,16,2,390,0,0,7,0,7,232,140,23,2,397,0,0,0,397
08/10/2008,PIT,PA,AEA,CE,Combined TRACON& Tower with Radar,238,131,10,5,384,0,1,1,0,2,238,132,11,5,386,0,0,0,386
08/11/2008,PIT,PA,AEA,CE,Combined TRACON& Tower with Radar,261,150,24,10,445,0,3,4,0,7,261,153,28,10,452,0,0,0,452
08/12/2008,PIT,PA,AEA,CE,Combined TRACON& Tower with Radar,269,178,55,37,539,0,0,10,1,11,269,178,65,38,550,0,0,0,550
08/13/2008,PIT,PA,AEA,CE,Combined TRACON& Tower with Radar,268,171,41,43,523,0,1,2,1,4,268,172,43,44,527,0,0,0,527
08/14/2008,PIT,PA,AEA,CE,Combined TRACON& Tower with Radar,254,170,37,17,478,0,0,2,5,7,254,170,39,22,485,0,0,0,485
08/15/2008,PIT,PA,AEA,CE,Combined TRACON& Tower with Radar,286,191,35,22,534,0,0,6,0,6,286,191,41,22,540,0,0,0,540
08/16/2008,PIT,PA,AEA,CE,Combined TRACON& Tower with Radar,223,130,5,5,363,0,4,2,0,6,223,134,7,5,369,0,0,0,369
08/17/2008,PIT,PA,AEA,CE,Combined TRACON& Tower with Radar,234,142,17,7,400,0,0,2,0,2,234,142,19,7,402,0,0,0,402
08/18/2008,PIT,PA,AEA,CE,Combined TRACON& Tower with Radar,258,175,34,35,502,0,2,3,0,5,258,177,37,35,507,0,0,0,507
08/19/2008,PIT,PA,AEA,CE,Combined TRACON& Tower with Radar,253,156,57,10,476,0,0,6,0,6,253,156,63,10,482,0,0,0,482
08/20/2008,PIT,PA,AEA,CE,Combined TRACON& Tower with Radar,253,172,40,23,488,0,2,4,0,6,253,174,44,23,494,0,0,0,494
08/21/2008,PIT,PA,AEA,CE,Combined TRACON& Tower with Radar,252,170,52,13,487,0,2,4,5,11,252,172,56,18,498,0,0,0,498
08/22/2008,PIT,PA,AEA,CE,Combined TRACON& Tower with Radar,263,165,27,4,459,0,2,2,0,4,263,167,29,4,463,0,0,0,463
08/23/2008,PIT,PA,AEA,CE,Combined TRACON& Tower with Radar,208,120,18,6,352,0,0,4,0,4,208,120,22,6,356,0,0,0,356
08/24/2008,PIT,PA,AEA,CE,Combined TRACON& Tower with Radar,231,131,17,2,381,0,3,7,0,10,231,134,24,2,391,0,0,0,391
08/25/2008,PIT,PA,AEA,CE,Combined TRACON& Tower with Radar,240,162,37,9,448,0,1,5,0,6,240,163,42,9,454,0,0,0,454
08/26/2008,PIT,PA,AEA,CE,Combined TRACON& Tower with Radar,244,170,31,12,457,0,0,2,5,7,244,170,33,17,464,0,0,0,464
08/27/2008,PIT,PA,AEA,CE,Combined TRACON& Tower with Radar,254,161,45,13,473,0,0,2,1,3,254,161,47,14,476,0,0,0,476
08/28/2008,PIT,PA,AEA,CE,Combined TRACON& Tower with Radar,251,168,50,29,498,0,0,0,0,0,251,168,50,29,498,0,0,0,498
08/29/2008,PIT,PA,AEA,CE,Combined TRACON& Tower with Radar,271,174,39,22,506,0,0,2,0,2,271,174,41,22,508,0,0,0,508
08/30/2008,PIT,PA,AEA,CE,Combined TRACON& Tower with Radar,195,125,16,4,340,0,0,1,0,1,195,125,17,4,341,0,0,0,341
08/31/2008,PIT,PA,AEA,CE,Combined TRACON& Tower with Radar,183,105,10,3,301,0,0,0,0,0,183,105,10,3,301,0,0,0,301
09/01/2008,PIT,PA,AEA,CE,Combined TRACON& Tower with Radar,219,126,19,4,368,0,0,3,0,3,219,126,22,4,371,0,0,0,371
09/02/2008,PIT,PA,AEA,CE,Combined TRACON& Tower with Radar,241,155,46,16,458,0,1,1,1,3,241,156,47,17,461,0,0,0,461
09/03/2008,PIT,PA,AEA,CE,Combined TRACON& Tower with Radar,253,141,40,15,449,0,0,2,0,2,253,141,42,15,451,0,0,0,451
09/04/2008,PIT,PA,AEA,CE,Combined TRACON& Tower with Radar,251,142,30,15,438,0,0,2,4,6,251,142,32,19,444,0,0,0,444
09/05/2008,PIT,PA,AEA,CE,Combined TRACON& Tower with Radar,258,155,42,9,464,0,0,3,0,3,258,155,45,9,467,0,0,0,467
09/06/2008,PIT,PA,AEA,CE,Combined TRACON& Tower with Radar,207,108,10,0,325,0,0,0,0,0,207,108,10,0,325,0,0,0,325
09/07/2008,PIT,PA,AEA,CE,Combined TRACON& Tower with Radar,217,127,20,3,367,0,1,3,0,4,217,128,23,3,371,0,0,0,371
09/08/2008,PIT,PA,AEA,CE,Combined TRACON& Tower with Radar,247,141,41,8,437,0,2,6,0,8,247,143,47,8,445,0,0,0,445
09/09/2008,PIT,PA,AEA,CE,Combined TRACON& Tower with Radar,233,134,61,46,474,0,1,1,0,2,233,135,62,46,476,0,0,0,476
09/10/2008,PIT,PA,AEA,CE,Combined TRACON& Tower with Radar,258,155,59,10,482,0,2,7,0,9,258,157,66,10,491,0,13,13,504
09/11/2008,PIT,PA,AEA,CE,Combined TRACON& Tower with Radar,251,164,66,27,508,0,0,3,0,3,251,164,69,27,511,0,0,0,511
09/12/2008,PIT,PA,AEA,CE,Combined TRACON& Tower with Radar,255,146,49,23,473,0,1,0,0,1,255,147,49,23,474,0,0,0,474
09/13/2008,PIT,PA,AEA,CE,Combined TRACON& Tower with Radar,195,106,26,3,330,0,0,0,0,0,195,106,26,3,330,0,0,0,330
09/14/2008,PIT,PA,AEA,CE,Combined TRACON& Tower with Radar,215,121,24,4,364,0,2,4,0,6,215,123,28,4,370,0,0,0,370
09/15/2008,PIT,PA,AEA,CE,Combined TRACON& Tower with Radar,265,148,53,10,476,0,0,0,0,0,265,148,53,10,476,0,0,0,476
09/16/2008,PIT,PA,AEA,CE,Combined TRACON& Tower with Radar,247,141,71,14,473,0,0,5,0,5,247,141,76,14,478,0,0,0,478
09/17/2008,PIT,PA,AEA,CE,Combined TRACON& Tower with Radar,256,140,60,7,463,0,1,3,1,5,256,141,63,8,468,0,0,0,468
09/18/2008,PIT,PA,AEA,CE,Combined TRACON& Tower with Radar,257,140,57,18,472,0,0,6,1,7,257,140,63,19,479,0,0,0,479
09/19/2008,PIT,PA,AEA,CE,Combined TRACON& Tower with Radar,275,143,55,19,492,0,0,8,4,12,275,143,63,23,504,0,0,0,504
09/20/2008,PIT,PA,AEA,CE,Combined TRACON& Tower with Radar,201,106,24,6,337,0,0,4,0,4,201,106,28,6,341,0,0,0,341
09/21/2008,PIT,PA,AEA,CE,Combined TRACON& Tower with Radar,218,128,29,2,377,0,1,6,0,7,218,129,35,2,384,0,0,0,384
09/22/2008,PIT,PA,AEA,CE,Combined TRACON& Tower with Radar,251,148,45,8,452,0,0,0,0,0,251,148,45,8,452,0,0,0,452
09/23/2008,PIT,PA,AEA,CE,Combined TRACON& Tower with Radar,247,140,64,12,463,0,0,4,0,4,247,140,68,12,467,0,0,0,467
09/24/2008,PIT,PA,AEA,CE,Combined TRACON& Tower with Radar,250,157,65,17,489,0,0,1,0,1,250,157,66,17,490,0,0,0,490
09/25/2008,PIT,PA,AEA,CE,Combined TRACON& Tower with Radar,255,145,37,4,441,0,0,2,9,11,255,145,39,13,452,0,0,0,452
09/26/2008,PIT,PA,AEA,CE,Combined TRACON& Tower with Radar,259,134,36,3,432,0,2,4,0,6,259,136,40,3,438,0,0,0,438
09/27/2008,PIT,PA,AEA,CE,Combined TRACON& Tower with Radar,206,99,11,3,319,0,4,1,0,5,206,103,12,3,324,0,0,0,324
09/28/2008,PIT,PA,AEA,CE,Combined TRACON& Tower with Radar,215,112,21,1,349,0,1,0,0,1,215,113,21,1,350,0,0,0,350
09/29/2008,PIT,PA,AEA,CE,Combined TRACON& Tower with Radar,263,132,48,7,450,0,0,3,0,3,263,132,51,7,453,0,0,0,453
09/30/2008,PIT,PA,AEA,CE,Combined TRACON& Tower with Radar,261,141,73,7,482,0,0,0,0,0,261,141,73,7,482,0,0,0,482
10/01/2008,PIT,PA,AEA,CE,Combined TRACON& Tower with Radar,248,143,45,46,482,0,0,0,8,8,248,143,45,54,490,0,0,0,490
10/02/2008,PIT,PA,AEA,CE,Combined TRACON& Tower with Radar,253,160,45,14,472,0,0,5,0,5,253,160,50,14,477,0,0,0,477
10/03/2008,PIT,PA,AEA,CE,Combined TRACON& Tower with Radar,262,141,33,28,464,0,1,0,3,4,262,142,33,31,468,0,0,0,468
10/04/2008,PIT,PA,AEA,CE,Combined TRACON& Tower with Radar,194,103,23,7,327,0,2,0,3,5,194,105,23,10,332,0,0,0,332
10/05/2008,PIT,PA,AEA,CE,Combined TRACON& Tower with Radar,219,119,36,6,380,0,1,8,0,9,219,120,44,6,389,6,0,6,395
10/06/2008,PIT,PA,AEA,CE,Combined TRACON& Tower with Radar,246,138,33,8,425,0,1,5,0,6,246,139,38,8,431,0,0,0,431
10/07/2008,PIT,PA,AEA,CE,Combined TRACON& Tower with Radar,239,136,45,30,450,0,0,1,2,3,239,136,46,32,453,0,0,0,453
10/08/2008,PIT,PA,AEA,CE,Combined TRACON& Tower with Radar,252,151,52,41,496,0,0,0,0,0,252,151,52,41,496,0,0,0,496
10/09/2008,PIT,PA,AEA,CE,Combined TRACON& Tower with Radar,258,145,54,49,506,0,2,1,5,8,258,147,55,54,514,0,0,0,514
10/10/2008,PIT,PA,AEA,CE,Combined TRACON& Tower with Radar,266,143,39,13,461,0,1,11,4,16,266,144,50,17,477,0,0,0,477
10/11/2008,PIT,PA,AEA,CE,Combined TRACON& Tower with Radar,195,103,29,0,327,0,0,3,0,3,195,103,32,0,330,0,0,0,330
10/12/2008,PIT,PA,AEA,CE,Combined TRACON& Tower with Radar,227,118,37,4,386,0,3,4,0,7,227,121,41,4,393,0,0,0,393
10/13/2008,PIT,PA,AEA,CE,Combined TRACON& Tower with Radar,256,136,40,3,435,0,2,5,0,7,256,138,45,3,442,0,0,0,442
10/14/2008,PIT,PA,AEA,CE,Combined TRACON& Tower with Radar,249,151,55,34,489,0,1,1,0,2,249,152,56,34,491,0,0,0,491
10/15/2008,PIT,PA,AEA,CE,Combined TRACON& Tower with Radar,254,153,50,7,464,0,0,6,2,8,254,153,56,9,472,0,0,0,472
10/16/2008,PIT,PA,AEA,CE,Combined TRACON& Tower with Radar,262,147,36,32,477,0,0,0,1,1,262,147,36,33,478,0,0,0,478
10/17/2008,PIT,PA,AEA,CE,Combined TRACON& Tower with Radar,267,151,48,10,476,0,1,3,2,6,267,152,51,12,482,0,0,0,482
10/18/2008,PIT,PA,AEA,CE,Combined TRACON& Tower with Radar,200,106,19,2,327,0,0,1,0,1,200,106,20,2,328,0,0,0,328
10/19/2008,PIT,PA,AEA,CE,Combined TRACON& Tower with Radar,230,112,21,5,368,0,0,5,0,5,230,112,26,5,373,0,0,0,373
10/20/2008,PIT,PA,AEA,CE,Combined TRACON& Tower with Radar,257,144,53,9,463,0,0,1,0,1,257,144,54,9,464,0,0,0,464
10/21/2008,PIT,PA,AEA,CE,Combined TRACON& Tower with Radar,240,152,46,19,457,0,1,0,0,1,240,153,46,19,458,0,0,0,458
10/22/2008,PIT,PA,AEA,CE,Combined TRACON& Tower with Radar,247,151,38,20,456,0,0,4,1,5,247,151,42,21,461,0,0,0,461
10/23/2008,PIT,PA,AEA,CE,Combined TRACON& Tower with Radar,260,160,57,44,521,0,1,0,4,5,260,161,57,48,526,0,0,0,526
10/24/2008,PIT,PA,AEA,CE,Combined TRACON& Tower with Radar,264,161,46,15,486,0,0,6,0,6,264,161,52,15,492,0,0,0,492
10/25/2008,PIT,PA,AEA,CE,Combined TRACON& Tower with Radar,214,117,19,2,352,0,0,0,0,0,214,117,19,2,352,0,0,0,352
10/26/2008,PIT,PA,AEA,CE,Combined TRACON& Tower with Radar,239,146,41,4,430,0,0,1,0,1,239,146,42,4,431,0,0,0,431
10/27/2008,PIT,PA,AEA,CE,Combined TRACON& Tower with Radar,252,148,42,34,476,0,0,1,0,1,252,148,43,34,477,0,0,0,477
10/28/2008,PIT,PA,AEA,CE,Combined TRACON& Tower with Radar,232,136,46,4,418,0,0,0,0,0,232,136,46,4,418,0,0,0,418
10/29/2008,PIT,PA,AEA,CE,Combined TRACON& Tower with Radar,246,136,40,48,470,0,0,0,0,0,246,136,40,48,470,0,0,0,470
10/30/2008,PIT,PA,AEA,CE,Combined TRACON& Tower with Radar,264,147,27,20,458,0,1,6,1,8,264,148,33,21,466,0,0,0,466
10/31/2008,PIT,PA,AEA,CE,Combined TRACON& Tower with Radar,264,148,31,22,465,0,0,5,0,5,264,148,36,22,470,0,0,0,470
11/01/2008,PIT,PA,AEA,CE,Combined TRACON& Tower with Radar,198,99,18,3,318,0,0,1,1,2,198,99,19,4,320,0,0,0,320
11/02/2008,PIT,PA,AEA,CE,Combined TRACON& Tower with Radar,223,118,31,7,379,0,0,4,0,4,223,118,35,7,383,0,0,0,383
11/03/2008,PIT,PA,AEA,CE,Combined TRACON& Tower with Radar,248,128,42,11,429,0,0,2,0,2,248,128,44,11,431,0,0,0,431
11/04/2008,PIT,PA,AEA,CE,Combined TRACON& Tower with Radar,255,131,43,5,434,0,2,1,0,3,255,133,44,5,437,0,0,0,437
11/05/2008,PIT,PA,AEA,CE,Combined TRACON& Tower with Radar,248,132,35,13,428,0,0,3,0,3,248,132,38,13,431,0,0,0,431
11/06/2008,PIT,PA,AEA,CE,Combined TRACON& Tower with Radar,251,128,33,26,438,0,0,7,1,8,251,128,40,27,446,0,0,0,446
11/07/2008,PIT,PA,AEA,CE,Combined TRACON& Tower with Radar,275,132,43,23,473,0,1,3,1,5,275,133,46,24,478,0,0,0,478
11/08/2008,PIT,PA,AEA,CE,Combined TRACON& Tower with Radar,208,101,23,5,337,0,0,6,0,6,208,101,29,5,343,0,0,0,343
11/09/2008,PIT,PA,AEA,CE,Combined TRACON& Tower with Radar,225,115,42,3,385,0,0,0,0,0,225,115,42,3,385,0,0,0,385
11/10/2008,PIT,PA,AEA,CE,Combined TRACON& Tower with Radar,264,128,43,16,451,0,0,1,0,1,264,128,44,16,452,0,0,0,452
11/11/2008,PIT,PA,AEA,CE,Combined TRACON& Tower with Radar,251,124,44,4,423,0,0,1,0,1,251,124,45,4,424,0,0,0,424
11/12/2008,PIT,PA,AEA,CE,Combined TRACON& Tower with Radar,250,129,71,10,460,0,1,9,0,10,250,130,80,10,470,0,0,0,470
11/13/2008,PIT,PA,AEA,CE,Combined TRACON& Tower with Radar,259,128,43,39,469,0,0,1,0,1,259,128,44,39,470,0,0,0,470
11/14/2008,PIT,PA,AEA,CE,Combined TRACON& Tower with Radar,266,117,63,37,483,0,1,1,1,3,266,118,64,38,486,0,0,0,486
11/15/2008,PIT,PA,AEA,CE,Combined TRACON& Tower with Radar,215,96,24,4,339,0,0,1,0,1,215,96,25,4,340,0,0,0,340
11/16/2008,PIT,PA,AEA,CE,Combined TRACON& Tower with Radar,219,106,30,9,364,0,0,0,0,0,219,106,30,9,364,0,0,0,364
11/17/2008,PIT,PA,AEA,CE,Combined TRACON& Tower with Radar,256,121,40,19,436,0,0,0,0,0,256,121,40,19,436,0,0,0,436
11/18/2008,PIT,PA,AEA,CE,Combined TRACON& Tower with Radar,255,129,31,28,443,0,0,0,0,0,255,129,31,28,443,0,0,0,443
11/19/2008,PIT,PA,AEA,CE,Combined TRACON& Tower with Radar,254,135,42,41,472,0,0,9,0,9,254,135,51,41,481,0,0,0,481
11/20/2008,PIT,PA,AEA,CE,Combined TRACON& Tower with Radar,258,134,42,30,464,0,0,0,0,0,258,134,42,30,464,0,0,0,464
11/21/2008,PIT,PA,AEA,CE,Combined TRACON& Tower with Radar,273,129,36,6,444,0,0,4,1,5,273,129,40,7,449,0,0,0,449
11/22/2008,PIT,PA,AEA,CE,Combined TRACON& Tower with Radar,205,98,22,0,325,0,0,2,0,2,205,98,24,0,327,0,0,0,327
11/23/2008,PIT,PA,AEA,CE,Combined TRACON& Tower with Radar,221,112,16,3,352,0,0,6,0,6,221,112,22,3,358,0,0,0,358
11/24/2008,PIT,PA,AEA,CE,Combined TRACON& Tower with Radar,255,122,39,19,435,0,0,0,0,0,255,122,39,19,435,0,0,0,435
11/25/2008,PIT,PA,AEA,CE,Combined TRACON& Tower with Radar,256,142,18,28,444,0,0,0,0,0,256,142,18,28,444,0,0,0,444
11/26/2008,PIT,PA,AEA,CE,Combined TRACON& Tower with Radar,264,139,19,0,422,0,0,1,0,1,264,139,20,0,423,0,0,0,423
11/27/2008,PIT,PA,AEA,CE,Combined TRACON& Tower with Radar,184,63,7,2,256,0,0,0,0,0,184,63,7,2,256,0,0,0,256
11/28/2008,PIT,PA,AEA,CE,Combined TRACON& Tower with Radar,197,72,15,3,287,0,0,2,0,2,197,72,17,3,289,0,0,0,289
11/29/2008,PIT,PA,AEA,CE,Combined TRACON& Tower with Radar,226,92,16,3,337,0,0,2,0,2,226,92,18,3,339,0,0,0,339
11/30/2008,PIT,PA,AEA,CE,Combined TRACON& Tower with Radar,219,110,30,4,363,0,0,0,0,0,219,110,30,4,363,0,0,0,363
12/01/2008,PIT,PA,AEA,CE,Combined TRACON& Tower with Radar,268,131,26,4,429,0,0,0,0,0,268,131,26,4,429,0,0,0,429
12/02/2008,PIT,PA,AEA,CE,Combined TRACON& Tower with Radar,270,126,35,12,443,0,0,0,0,0,270,126,35,12,443,0,0,0,443
12/03/2008,PIT,PA,AEA,CE,Combined TRACON& Tower with Radar,255,132,59,20,466,0,0,4,1,5,255,132,63,21,471,0,0,0,471
12/04/2008,PIT,PA,AEA,CE,Combined TRACON& Tower with Radar,258,137,36,65,496,0,0,0,0,0,258,137,36,65,496,0,0,0,496
12/05/2008,PIT,PA,AEA,CE,Combined TRACON& Tower with Radar,266,135,37,21,459,0,0,1,0,1,266,135,38,21,460,0,0,0,460
12/06/2008,PIT,PA,AEA,CE,Combined TRACON& Tower with Radar,206,92,14,10,322,0,0,1,0,1,206,92,15,10,323,0,0,0,323
12/07/2008,PIT,PA,AEA,CE,Combined TRACON& Tower with Radar,223,108,42,1,374,0,0,0,0,0,223,108,42,1,374,0,0,0,374
12/08/2008,PIT,PA,AEA,CE,Combined TRACON& Tower with Radar,252,125,36,26,439,0,0,0,0,0,252,125,36,26,439,0,0,0,439
12/09/2008,PIT,PA,AEA,CE,Combined TRACON& Tower with Radar,238,127,37,22,424,0,0,0,0,0,238,127,37,22,424,0,0,0,424
12/10/2008,PIT,PA,AEA,CE,Combined TRACON& Tower with Radar,244,126,30,11,411,0,0,0,0,0,244,126,30,11,411,0,0,0,411
12/11/2008,PIT,PA,AEA,CE,Combined TRACON& Tower with Radar,248,117,36,2,403,0,0,0,0,0,248,117,36,2,403,0,0,0,403
12/12/2008,PIT,PA,AEA,CE,Combined TRACON& Tower with Radar,269,137,37,33,476,0,0,0,0,0,269,137,37,33,476,0,0,0,476
12/13/2008,PIT,PA,AEA,CE,Combined TRACON& Tower with Radar,202,92,8,3,305,0,0,5,0,5,202,92,13,3,310,0,0,0,310
12/14/2008,PIT,PA,AEA,CE,Combined TRACON& Tower with Radar,212,117,16,6,351,0,0,1,0,1,212,117,17,6,352,0,0,0,352
12/15/2008,PIT,PA,AEA,CE,Combined TRACON& Tower with Radar,253,124,39,7,423,0,0,0,0,0,253,124,39,7,423,0,0,0,423
12/16/2008,PIT,PA,AEA,CE,Combined TRACON& Tower with Radar,235,135,38,6,414,0,0,1,1,2,235,135,39,7,416,0,0,0,416
12/17/2008,PIT,PA,AEA,CE,Combined TRACON& Tower with Radar,244,128,35,43,450,0,0,0,0,0,244,128,35,43,450,0,0,0,450
12/18/2008,PIT,PA,AEA,CE,Combined TRACON& Tower with Radar,271,133,31,37,472,0,2,1,4,7,271,135,32,41,479,0,0,0,479
12/19/2008,PIT,PA,AEA,CE,Combined TRACON& Tower with Radar,253,126,19,7,405,0,0,0,0,0,253,126,19,7,405,0,0,0,405
12/20/2008,PIT,PA,AEA,CE,Combined TRACON& Tower with Radar,209,103,16,0,328,0,0,0,0,0,209,103,16,0,328,0,0,0,328
12/21/2008,PIT,PA,AEA,CE,Combined TRACON& Tower with Radar,224,107,15,5,351,0,1,0,0,1,224,108,15,5,352,0,0,0,352
12/22/2008,PIT,PA,AEA,CE,Combined TRACON& Tower with Radar,256,129,22,5,412,0,0,0,0,0,256,129,22,5,412,0,0,0,412
12/23/2008,PIT,PA,AEA,CE,Combined TRACON& Tower with Radar,262,144,11,36,453,0,0,0,0,0,262,144,11,36,453,0,14,14,467
12/24/2008,PIT,PA,AEA,CE,Combined TRACON& Tower with Radar,240,118,4,2,364,0,0,0,0,0,240,118,4,2,364,0,0,0,364
12/25/2008,PIT,PA,AEA,CE,Combined TRACON& Tower with Radar,203,91,2,4,300,0,0,0,0,0,203,91,2,4,300,0,0,0,300
12/26/2008,PIT,PA,AEA,CE,Combined TRACON& Tower with Radar,250,117,15,0,382,0,0,1,0,1,250,117,16,0,383,0,0,0,383
12/27/2008,PIT,PA,AEA,CE,Combined TRACON& Tower with Radar,208,100,21,0,329,0,0,2,0,2,208,100,23,0,331,0,0,0,331
12/28/2008,PIT,PA,AEA,CE,Combined TRACON& Tower with Radar,231,112,13,0,356,0,0,0,0,0,231,112,13,0,356,0,0,0,356
12/29/2008,PIT,PA,AEA,CE,Combined TRACON& Tower with Radar,255,114,21,9,399,0,0,0,0,0,255,114,21,9,399,0,0,0,399
12/30/2008,PIT,PA,AEA,CE,Combined TRACON& Tower with Radar,257,126,10,29,422,0,0,5,3,8,257,126,15,32,430,0,0,0,430
12/31/2008,PIT,PA,AEA,CE,Combined TRACON& Tower with Radar,221,100,9,1,331,0,1,0,0,1,221,101,9,1,332,0,0,0,332
01/01/2009,PIT,PA,AEA,CE,Combined TRACON& Tower with Radar,225,84,3,4,316,0,2,0,0,2,225,86,3,4,318,0,0,0,318
01/02/2009,PIT,PA,AEA,CE,Combined TRACON& Tower with Radar,257,126,10,4,397,0,0,1,0,1,257,126,11,4,398,0,0,0,398
01/03/2009,PIT,PA,AEA,CE,Combined TRACON& Tower with Radar,213,102,25,0,340,0,0,3,0,3,213,102,28,0,343,0,0,0,343
01/04/2009,PIT,PA,AEA,CE,Combined TRACON& Tower with Radar,229,97,16,2,344,0,0,0,0,0,229,97,16,2,344,0,0,0,344
01/05/2009,PIT,PA,AEA,CE,Combined TRACON& Tower with Radar,245,121,64,37,467,0,0,3,0,3,245,121,67,37,470,0,0,0,470
01/06/2009,PIT,PA,AEA,CE,Combined TRACON& Tower with Radar,241,106,15,1,363,0,0,6,0,6,241,106,21,1,369,0,0,0,369
01/07/2009,PIT,PA,AEA,CE,Combined TRACON& Tower with Radar,229,96,24,26,375,0,0,0,0,0,229,96,24,26,375,0,0,0,375
01/08/2009,PIT,PA,AEA,CE,Combined TRACON& Tower with Radar,253,129,46,73,501,0,0,0,0,0,253,129,46,73,501,0,0,0,501
01/09/2009,PIT,PA,AEA,CE,Combined TRACON& Tower with Radar,249,117,16,48,430,0,0,1,4,5,249,117,17,52,435,0,0,0,435
01/10/2009,PIT,PA,AEA,CE,Combined TRACON& Tower with Radar,178,75,8,2,263,0,0,0,0,0,178,75,8,2,263,0,0,0,263
01/11/2009,PIT,PA,AEA,CE,Combined TRACON& Tower with Radar,201,99,31,6,337,0,0,0,2,2,201,99,31,8,339,0,0,0,339
01/12/2009,PIT,PA,AEA,CE,Combined TRACON& Tower with Radar,249,128,16,30,423,0,0,0,0,0,249,128,16,30,423,0,0,0,423
01/13/2009,PIT,PA,AEA,CE,Combined TRACON& Tower with Radar,241,123,26,14,404,0,0,0,0,0,241,123,26,14,404,0,0,0,404
01/14/2009,PIT,PA,AEA,CE,Combined TRACON& Tower with Radar,239,125,31,39,434,0,0,0,0,0,239,125,31,39,434,0,0,0,434
01/15/2009,PIT,PA,AEA,CE,Combined TRACON& Tower with Radar,242,138,32,41,453,0,0,0,0,0,242,138,32,41,453,0,0,0,453
01/16/2009,PIT,PA,AEA,CE,Combined TRACON& Tower with Radar,254,126,33,1,414,0,0,3,0,3,254,126,36,1,417,0,0,0,417
01/17/2009,PIT,PA,AEA,CE,Combined TRACON& Tower with Radar,188,88,8,8,292,0,0,5,0,5,188,88,13,8,297,0,0,0,297
01/18/2009,PIT,PA,AEA,CE,Combined TRACON& Tower with Radar,198,105,27,8,338,0,0,0,0,0,198,105,27,8,338,0,0,0,338
01/19/2009,PIT,PA,AEA,CE,Combined TRACON& Tower with Radar,228,141,39,0,408,0,0,0,0,0,228,141,39,0,408,0,0,0,408
01/20/2009,PIT,PA,AEA,CE,Combined TRACON& Tower with Radar,248,133,32,43,456,0,0,1,0,1,248,133,33,43,457,0,0,0,457
01/21/2009,PIT,PA,AEA,CE,Combined TRACON& Tower with Radar,247,117,21,12,397,0,0,0,4,4,247,117,21,16,401,0,0,0,401
01/22/2009,PIT,PA,AEA,CE,Combined TRACON& Tower with Radar,246,130,44,67,487,0,0,4,6,10,246,130,48,73,497,0,0,0,497
01/23/2009,PIT,PA,AEA,CE,Combined TRACON& Tower with Radar,244,125,30,31,430,0,0,2,0,2,244,125,32,31,432,0,0,0,432
01/24/2009,PIT,PA,AEA,CE,Combined TRACON& Tower with Radar,183,84,9,4,280,0,0,2,0,2,183,84,11,4,282,0,0,0,282
01/25/2009,PIT,PA,AEA,CE,Combined TRACON& Tower with Radar,204,89,23,2,318,0,0,0,0,0,204,89,23,2,318,0,0,0,318
01/26/2009,PIT,PA,AEA,CE,Combined TRACON& Tower with Radar,238,124,42,10,414,0,0,1,0,1,238,124,43,10,415,0,0,0,415
01/27/2009,PIT,PA,AEA,CE,Combined TRACON& Tower with Radar,242,120,26,32,420,0,0,1,1,2,242,120,27,33,422,0,0,0,422
01/28/2009,PIT,PA,AEA,CE,Combined TRACON& Tower with Radar,202,97,27,0,326,0,0,0,0,0,202,97,27,0,326,0,0,0,326
01/29/2009,PIT,PA,AEA,CE,Combined TRACON& Tower with Radar,259,141,44,25,469,0,0,0,0,0,259,141,44,25,469,0,0,0,469
01/30/2009,PIT,PA,AEA,CE,Combined TRACON& Tower with Radar,260,130,42,5,437,0,0,0,0,0,260,130,42,5,437,0,0,0,437
01/31/2009,PIT,PA,AEA,CE,Combined TRACON& Tower with Radar,193,89,24,2,308,0,0,1,0,1,193,89,25,2,309,0,0,0,309
02/01/2009,PIT,PA,AEA,CE,Combined TRACON& Tower with Radar,202,98,8,9,317,0,0,0,0,0,202,98,8,9,317,0,0,0,317
02/02/2009,PIT,PA,AEA,CE,Combined TRACON& Tower with Radar,269,145,57,71,542,0,1,6,2,9,269,146,63,73,551,0,0,0,551
02/03/2009,PIT,PA,AEA,CE,Combined TRACON& Tower with Radar,232,116,28,66,442,0,0,0,0,0,232,116,28,66,442,0,0,0,442
02/04/2009,PIT,PA,AEA,CE,Combined TRACON& Tower with Radar,241,128,30,63,462,0,0,0,0,0,241,128,30,63,462,0,0,0,462
02/05/2009,PIT,PA,AEA,CE,Combined TRACON& Tower with Radar,249,127,42,38,456,0,0,2,3,5,249,127,44,41,461,0,0,0,461
02/06/2009,PIT,PA,AEA,CE,Combined TRACON& Tower with Radar,250,129,43,35,457,0,0,5,3,8,250,129,48,38,465,0,23,23,488
02/07/2009,PIT,PA,AEA,CE,Combined TRACON& Tower with Radar,190,81,18,2,291,0,0,3,0,3,190,81,21,2,294,0,0,0,294
02/08/2009,PIT,PA,AEA,CE,Combined TRACON& Tower with Radar,205,102,27,2,336,0,0,1,0,1,205,102,28,2,337,0,0,0,337
02/09/2009,PIT,PA,AEA,CE,Combined TRACON& Tower with Radar,238,121,30,15,404,0,2,0,0,2,238,123,30,15,406,0,0,0,406
02/10/2009,PIT,PA,AEA,CE,Combined TRACON& Tower with Radar,246,124,31,80,481,0,0,0,0,0,246,124,31,80,481,0,33,33,514
02/11/2009,PIT,PA,AEA,CE,Combined TRACON& Tower with Radar,234,120,36,27,417,0,0,0,0,0,234,120,36,27,417,0,0,0,417
02/12/2009,PIT,PA,AEA,CE,Combined TRACON& Tower with Radar,239,102,31,1,373,0,0,2,0,2,239,102,33,1,375,0,0,0,375
02/13/2009,PIT,PA,AEA,CE,Combined TRACON& Tower with Radar,249,127,32,48,456,0,0,2,0,2,249,127,34,48,458,0,0,0,458
02/14/2009,PIT,PA,AEA,CE,Combined TRACON& Tower with Radar,196,90,24,8,318,0,0,3,0,3,196,90,27,8,321,0,0,0,321
02/15/2009,PIT,PA,AEA,CE,Combined TRACON& Tower with Radar,207,91,20,5,323,0,0,3,0,3,207,91,23,5,326,0,0,0,326
02/16/2009,PIT,PA,AEA,CE,Combined TRACON& Tower with Radar,238,116,35,5,394,0,2,5,0,7,238,118,40,5,401,0,0,0,401
02/17/2009,PIT,PA,AEA,CE,Combined TRACON& Tower with Radar,237,128,45,42,452,0,2,2,2,6,237,130,47,44,458,0,0,0,458
02/18/2009,PIT,PA,AEA,CE,Combined TRACON& Tower with Radar,240,125,49,39,453,0,0,0,0,0,240,125,49,39,453,0,0,0,453
02/19/2009,PIT,PA,AEA,CE,Combined TRACON& Tower with Radar,253,122,46,33,454,0,0,0,0,0,253,122,46,33,454,0,0,0,454
02/20/2009,PIT,PA,AEA,CE,Combined TRACON& Tower with Radar,244,123,37,71,475,0,0,0,0,0,244,123,37,71,475,0,17,17,492
02/21/2009,PIT,PA,AEA,CE,Combined TRACON& Tower with Radar,195,91,8,1,295,0,0,2,0,2,195,91,10,1,297,0,0,0,297
02/22/2009,PIT,PA,AEA,CE,Combined TRACON& Tower with Radar,200,101,20,2,323,0,0,0,0,0,200,101,20,2,323,0,0,0,323
02/23/2009,PIT,PA,AEA,CE,Combined TRACON& Tower with Radar,232,118,30,8,388,0,0,0,0,0,232,118,30,8,388,0,0,0,388
02/24/2009,PIT,PA,AEA,CE,Combined TRACON& Tower with Radar,254,125,36,73,488,0,4,1,4,9,254,129,37,77,497,0,0,0,497
02/25/2009,PIT,PA,AEA,CE,Combined TRACON& Tower with Radar,241,120,42,67,470,0,0,5,1,6,241,120,47,68,476,0,0,0,476
02/26/2009,PIT,PA,AEA,CE,Combined TRACON& Tower with Radar,248,123,33,24,428,0,0,2,2,4,248,123,35,26,432,0,0,0,432
02/27/2009,PIT,PA,AEA,CE,Combined TRACON& Tower with Radar,237,127,23,38,425,0,0,0,0,0,237,127,23,38,425,0,0,0,425
02/28/2009,PIT,PA,AEA,CE,Combined TRACON& Tower with Radar,201,86,12,1,300,0,1,2,0,3,201,87,14,1,303,0,0,0,303
03/01/2009,PIT,PA,AEA,CE,Combined TRACON& Tower with Radar,185,108,17,4,314,0,2,2,0,4,185,110,19,4,318,0,0,0,318
03/02/2009,PIT,PA,AEA,CE,Combined TRACON& Tower with Radar,209,110,30,14,363,0,0,2,0,2,209,110,32,14,365,0,0,0,365
03/03/2009,PIT,PA,AEA,CE,Combined TRACON& Tower with Radar,254,133,25,70,482,0,1,1,2,4,254,134,26,72,486,0,35,35,521
03/04/2009,PIT,PA,AEA,CE,Combined TRACON& Tower with Radar,243,135,28,78,484,0,0,0,1,1,243,135,28,79,485,0,17,17,502
03/05/2009,PIT,PA,AEA,CE,Combined TRACON& Tower with Radar,248,131,38,52,469,0,0,1,6,7,248,131,39,58,476,0,20,20,496
03/06/2009,PIT,PA,AEA,CE,Combined TRACON& Tower with Radar,246,134,26,20,426,0,0,2,0,2,246,134,28,20,428,0,0,0,428
03/07/2009,PIT,PA,AEA,CE,Combined TRACON& Tower with Radar,196,87,11,26,320,0,0,0,0,0,196,87,11,26,320,0,12,12,332
03/08/2009,PIT,PA,AEA,CE,Combined TRACON& Tower with Radar,205,102,15,7,329,0,0,0,0,0,205,102,15,7,329,0,0,0,329
03/09/2009,PIT,PA,AEA,CE,Combined TRACON& Tower with Radar,241,113,20,7,381,0,0,0,0,0,241,113,20,7,381,0,0,0,381
03/10/2009,PIT,PA,AEA,CE,Combined TRACON& Tower with Radar,246,128,40,56,470,0,0,0,3,3,246,128,40,59,473,0,0,0,473
03/11/2009,PIT,PA,AEA,CE,Combined TRACON& Tower with Radar,231,134,53,71,489,0,0,1,0,1,231,134,54,71,490,0,12,12,502
03/12/2009,PIT,PA,AEA,CE,Combined TRACON& Tower with Radar,245,123,49,46,463,0,0,1,0,1,245,123,50,46,464,0,0,0,464
03/13/2009,PIT,PA,AEA,CE,Combined TRACON& Tower with Radar,251,135,27,43,456,0,0,0,1,1,251,135,27,44,457,0,0,0,457
03/14/2009,PIT,PA,AEA,CE,Combined TRACON& Tower with Radar,207,75,17,0,299,0,0,1,0,1,207,75,18,0,300,0,0,0,300
03/15/2009,PIT,PA,AEA,CE,Combined TRACON& Tower with Radar,208,100,29,5,342,0,0,1,0,1,208,100,30,5,343,0,0,0,343
03/16/2009,PIT,PA,AEA,CE,Combined TRACON& Tower with Radar,234,112,22,44,412,0,0,1,0,1,234,112,23,44,413,0,0,0,413
03/17/2009,PIT,PA,AEA,CE,Combined TRACON& Tower with Radar,254,112,28,54,448,0,0,1,2,3,254,112,29,56,451,0,28,28,479
03/18/2009,PIT,PA,AEA,CE,Combined TRACON& Tower with Radar,244,129,48,30,451,0,0,9,1,10,244,129,57,31,461,0,0,0,461
03/19/2009,PIT,PA,AEA,CE,Combined TRACON& Tower with Radar,255,125,51,33,464,0,2,4,1,7,255,127,55,34,471,0,0,0,471
03/20/2009,PIT,PA,AEA,CE,Combined TRACON& Tower with Radar,241,123,46,38,448,0,0,0,2,2,241,123,46,40,450,0,0,0,450
03/21/2009,PIT,PA,AEA,CE,Combined TRACON& Tower with Radar,211,86,15,7,319,0,0,2,0,2,211,86,17,7,321,0,0,0,321
03/22/2009,PIT,PA,AEA,CE,Combined TRACON& Tower with Radar,215,100,21,5,341,0,0,1,0,1,215,100,22,5,342,0,0,0,342
03/23/2009,PIT,PA,AEA,CE,Combined TRACON& Tower with Radar,235,118,37,7,397,0,0,1,0,1,235,118,38,7,398,0,0,0,398
03/24/2009,PIT,PA,AEA,CE,Combined TRACON& Tower with Radar,245,125,32,43,445,0,3,0,0,3,245,128,32,43,448,0,0,0,448
03/25/2009,PIT,PA,AEA,CE,Combined TRACON& Tower with Radar,239,124,43,54,460,0,0,2,0,2,239,124,45,54,462,0,10,10,472
03/26/2009,PIT,PA,AEA,CE,Combined TRACON& Tower with Radar,240,129,33,41,443,0,0,1,0,1,240,129,34,41,444,0,0,0,444
03/27/2009,PIT,PA,AEA,CE,Combined TRACON& Tower with Radar,254,120,32,39,445,0,0,2,0,2,254,120,34,39,447,0,0,0,447
03/28/2009,PIT,PA,AEA,CE,Combined TRACON& Tower with Radar,206,76,20,6,308,0,0,0,0,0,206,76,20,6,308,0,0,0,308
03/29/2009,PIT,PA,AEA,CE,Combined TRACON& Tower with Radar,195,95,22,8,320,0,0,0,0,0,195,95,22,8,320,0,0,0,320
03/30/2009,PIT,PA,AEA,CE,Combined TRACON& Tower with Radar,249,115,32,63,459,0,0,0,0,0,249,115,32,63,459,0,0,0,459
03/31/2009,PIT,PA,AEA,CE,Combined TRACON& Tower with Radar,241,118,28,45,432,0,0,0,1,1,241,118,28,46,433,0,0,0,433
04/01/2009,PIT,PA,AEA,CE,Combined TRACON& Tower with Radar,236,128,41,63,468,0,0,1,0,1,236,128,42,63,469,0,0,0,469
04/02/2009,PIT,PA,AEA,CE,Combined TRACON& Tower with Radar,240,121,50,16,427,0,0,1,8,9,240,121,51,24,436,0,0,0,436
04/03/2009,PIT,PA,AEA,CE,Combined TRACON& Tower with Radar,229,109,28,10,376,0,0,0,0,0,229,109,28,10,376,0,0,0,376
04/04/2009,PIT,PA,AEA,CE,Combined TRACON& Tower with Radar,197,89,19,8,313,0,0,0,0,0,197,89,19,8,313,0,0,0,313
04/05/2009,PIT,PA,AEA,CE,Combined TRACON& Tower with Radar,208,103,20,0,331,0,0,0,0,0,208,103,20,0,331,0,0,0,331
04/06/2009,PIT,PA,AEA,CE,Combined TRACON& Tower with Radar,221,114,45,23,403,0,0,0,0,0,221,114,45,23,403,0,0,0,403
04/07/2009,PIT,PA,AEA,CE,Combined TRACON& Tower with Radar,246,125,30,26,427,0,0,0,0,0,246,125,30,26,427,0,0,0,427
04/08/2009,PIT,PA,AEA,CE,Combined TRACON& Tower with Radar,246,128,35,35,444,0,0,0,0,0,246,128,35,35,444,0,0,0,444
04/09/2009,PIT,PA,AEA,CE,Combined TRACON& Tower with Radar,247,128,40,54,469,0,0,4,7,11,247,128,44,61,480,0,0,0,480
04/10/2009,PIT,PA,AEA,CE,Combined TRACON& Tower with Radar,249,117,17,48,431,1,0,1,17,19,250,117,18,65,450,0,32,32,482
04/11/2009,PIT,PA,AEA,CE,Combined TRACON& Tower with Radar,198,96,17,0,311,0,0,1,0,1,198,96,18,0,312,0,0,0,312
04/12/2009,PIT,PA,AEA,CE,Combined TRACON& Tower with Radar,207,102,11,3,323,0,0,2,0,2,207,102,13,3,325,0,0,0,325
04/13/2009,PIT,PA,AEA,CE,Combined TRACON& Tower with Radar,235,125,27,43,430,0,0,0,0,0,235,125,27,43,430,0,0,0,430
04/14/2009,PIT,PA,AEA,CE,Combined TRACON& Tower with Radar,239,126,50,61,476,0,1,0,0,1,239,127,50,61,477,0,4,4,481
04/15/2009,PIT,PA,AEA,CE,Combined TRACON& Tower with Radar,242,123,34,59,458,0,1,0,0,1,242,124,34,59,459,0,0,0,459
04/16/2009,PIT,PA,AEA,CE,Combined TRACON& Tower with Radar,258,130,44,49,481,0,0,16,0,16,258,130,60,49,497,0,0,0,497
04/17/2009,PIT,PA,AEA,CE,Combined TRACON& Tower with Radar,238,120,42,11,411,0,0,21,0,21,238,120,63,11,432,0,0,0,432
04/18/2009,PIT,PA,AEA,CE,Combined TRACON& Tower with Radar,195,95,27,2,319,0,1,19,0,20,195,96,46,2,339,0,0,0,339
04/19/2009,PIT,PA,AEA,CE,Combined TRACON& Tower with Radar,207,105,28,7,347,0,0,0,0,0,207,105,28,7,347,0,0,0,347
04/20/2009,PIT,PA,AEA,CE,Combined TRACON& Tower with Radar,225,117,34,5,381,0,0,0,0,0,225,117,34,5,381,0,0,0,381
04/21/2009,PIT,PA,AEA,CE,Combined TRACON& Tower with Radar,239,123,38,26,426,0,2,2,1,5,239,125,40,27,431,0,0,0,431
04/22/2009,PIT,PA,AEA,CE,Combined TRACON& Tower with Radar,251,125,27,40,443,0,0,0,0,0,251,125,27,40,443,0,0,0,443
04/23/2009,PIT,PA,AEA,CE,Combined TRACON& Tower with Radar,249,116,50,67,482,0,0,1,1,2,249,116,51,68,484,0,5,5,489
04/24/2009,PIT,PA,AEA,CE,Combined TRACON& Tower with Radar,253,118,47,25,443,0,0,0,0,0,253,118,47,25,443,0,0,0,443
04/25/2009,PIT,PA,AEA,CE,Combined TRACON& Tower with Radar,188,85,18,3,294,0,0,0,0,0,188,85,18,3,294,0,0,0,294
04/26/2009,PIT,PA,AEA,CE,Combined TRACON& Tower with Radar,203,92,27,3,325,0,0,2,0,2,203,92,29,3,327,0,0,0,327
04/27/2009,PIT,PA,AEA,CE,Combined TRACON& Tower with Radar,233,118,42,33,426,0,0,1,0,1,233,118,43,33,427,0,0,0,427
04/28/2009,PIT,PA,AEA,CE,Combined TRACON& Tower with Radar,242,112,40,41,435,0,0,2,0,2,242,112,42,41,437,0,0,0,437
04/29/2009,PIT,PA,AEA,CE,Combined TRACON& Tower with Radar,240,135,69,43,487,0,1,2,0,3,240,136,71,43,490,0,10,10,500
04/30/2009,PIT,PA,AEA,CE,Combined TRACON& Tower with Radar,250,140,36,22,448,0,0,0,0,0,250,140,36,22,448,0,0,0,448
05/01/2009,PIT,PA,AEA,CE,Combined TRACON& Tower with Radar,233,131,38,18,420,0,2,2,0,4,233,133,40,18,424,0,0,0,424
05/02/2009,PIT,PA,AEA,CE,Combined TRACON& Tower with Radar,194,100,24,3,321,0,1,0,0,1,194,101,24,3,322,0,0,0,322
05/03/2009,PIT,PA,AEA,CE,Combined TRACON& Tower with Radar,210,100,21,3,334,0,1,2,0,3,210,101,23,3,337,0,0,0,337
05/04/2009,PIT,PA,AEA,CE,Combined TRACON& Tower with Radar,230,122,23,7,382,0,0,1,0,1,230,122,24,7,383,0,0,0,383
05/05/2009,PIT,PA,AEA,CE,Combined TRACON& Tower with Radar,248,118,30,50,446,0,0,4,0,4,248,118,34,50,450,0,0,0,450
05/06/2009,PIT,PA,AEA,CE,Combined TRACON& Tower with Radar,235,119,37,48,439,0,0,0,0,0,235,119,37,48,439,0,0,0,439
05/07/2009,PIT,PA,AEA,CE,Combined TRACON& Tower with Radar,245,119,40,42,446,0,0,0,1,1,245,119,40,43,447,0,0,0,447
05/08/2009,PIT,PA,AEA,CE,Combined TRACON& Tower with Radar,258,127,31,50,466,0,0,3,0,3,258,127,34,50,469,0,6,6,475
05/09/2009,PIT,PA,AEA,CE,Combined TRACON& Tower with Radar,204,91,15,13,323,0,2,0,0,2,204,93,15,13,325,0,0,0,325
05/10/2009,PIT,PA,AEA,CE,Combined TRACON& Tower with Radar,218,101,18,4,341,0,0,0,0,0,218,101,18,4,341,0,0,0,341
05/11/2009,PIT,PA,AEA,CE,Combined TRACON& Tower with Radar,232,116,50,64,462,0,2,0,0,2,232,118,50,64,464,0,18,18,482
05/12/2009,PIT,PA,AEA,CE,Combined TRACON& Tower with Radar,239,121,60,23,443,0,0,2,0,2,239,121,62,23,445,0,0,0,445
05/13/2009,PIT,PA,AEA,CE,Combined TRACON& Tower with Radar,238,124,50,46,458,0,0,0,0,0,238,124,50,46,458,0,4,4,462
05/14/2009,PIT,PA,AEA,CE,Combined TRACON& Tower with Radar,239,140,48,23,450,0,2,0,0,2,239,142,48,23,452,0,0,0,452
05/15/2009,PIT,PA,AEA,CE,Combined TRACON& Tower with Radar,247,133,46,59,485,0,0,1,3,4,247,133,47,62,489,0,0,0,489
05/16/2009,PIT,PA,AEA,CE,Combined TRACON& Tower with Radar,198,88,15,1,302,0,0,0,0,0,198,88,15,1,302,0,0,0,302
05/17/2009,PIT,PA,AEA,CE,Combined TRACON& Tower with Radar,213,110,27,10,360,0,1,0,0,1,213,111,27,10,361,0,0,0,361
05/18/2009,PIT,PA,AEA,CE,Combined TRACON& Tower with Radar,234,129,36,13,412,0,0,3,0,3,234,129,39,13,415,0,0,0,415
05/19/2009,PIT,PA,AEA,CE,Combined TRACON& Tower with Radar,245,129,38,54,466,0,0,0,0,0,245,129,38,54,466,0,0,0,466
05/20/2009,PIT,PA,AEA,CE,Combined TRACON& Tower with Radar,232,136,38,61,467,0,0,0,0,0,232,136,38,61,467,0,0,0,467
05/21/2009,PIT,PA,AEA,CE,Combined TRACON& Tower with Radar,244,128,41,32,445,0,2,1,0,3,244,130,42,32,448,0,0,0,448
05/22/2009,PIT,PA,AEA,CE,Combined TRACON& Tower with Radar,247,120,29,13,409,0,0,1,0,1,247,120,30,13,410,0,0,0,410
05/23/2009,PIT,PA,AEA,CE,Combined TRACON& Tower with Radar,214,84,14,0,312,0,0,0,0,0,214,84,14,0,312,0,0,0,312
05/24/2009,PIT,PA,AEA,CE,Combined TRACON& Tower with Radar,181,91,13,5,290,0,2,1,0,3,181,93,14,5,293,0,0,0,293
05/25/2009,PIT,PA,AEA,CE,Combined TRACON& Tower with Radar,207,106,22,3,338,0,0,0,0,0,207,106,22,3,338,0,0,0,338
05/26/2009,PIT,PA,AEA,CE,Combined TRACON& Tower with Radar,234,117,46,39,436,0,0,0,0,0,234,117,46,39,436,0,0,0,436
05/27/2009,PIT,PA,AEA,CE,Combined TRACON& Tower with Radar,237,131,31,48,447,0,0,0,0,0,237,131,31,48,447,0,0,0,447
05/28/2009,PIT,PA,AEA,CE,Combined TRACON& Tower with Radar,243,122,41,86,492,0,2,0,2,4,243,124,41,88,496,0,57,57,553
05/29/2009,PIT,PA,AEA,CE,Combined TRACON& Tower with Radar,272,126,58,51,507,0,0,0,0,0,272,126,58,51,507,0,0,0,507
05/30/2009,PIT,PA,AEA,CE,Combined TRACON& Tower with Radar,212,100,27,4,343,0,0,2,0,2,212,100,29,4,345,0,0,0,345
05/31/2009,PIT,PA,AEA,CE,Combined TRACON& Tower with Radar,214,101,26,3,344,0,0,0,0,0,214,101,26,3,344,0,0,0,344
06/01/2009,PIT,PA,AEA,CE,Combined TRACON& Tower with Radar,240,112,47,20,419,0,1,3,1,5,240,113,50,21,424,0,0,0,424
06/02/2009,PIT,PA,AEA,CE,Combined TRACON& Tower with Radar,245,123,54,69,491,0,0,0,5,5,245,123,54,74,496,0,0,0,496
06/03/2009,PIT,PA,AEA,CE,Combined TRACON& Tower with Radar,248,119,50,44,461,0,0,0,0,0,248,119,50,44,461,0,0,0,461
06/04/2009,PIT,PA,AEA,CE,Combined TRACON& Tower with Radar,283,127,63,51,524,0,2,0,1,3,283,129,63,52,527,0,12,12,539
06/05/2009,PIT,PA,AEA,CE,Combined TRACON& Tower with Radar,250,115,42,44,451,0,0,0,0,0,250,115,42,44,451,0,0,0,451
06/06/2009,PIT,PA,AEA,CE,Combined TRACON& Tower with Radar,230,85,10,10,335,0,0,0,2,2,230,85,10,12,337,0,0,0,337
06/07/2009,PIT,PA,AEA,CE,Combined TRACON& Tower with Radar,233,89,15,1,338,0,0,1,0,1,233,89,16,1,339,0,0,0,339
06/08/2009,PIT,PA,AEA,CE,Combined TRACON& Tower with Radar,252,104,34,74,464,0,0,0,0,0,252,104,34,74,464,0,34,34,498
06/09/2009,PIT,PA,AEA,CE,Combined TRACON& Tower with Radar,265,119,43,43,470,0,0,3,3,6,265,119,46,46,476,0,16,16,492
06/10/2009,PIT,PA,AEA,CE,Combined TRACON& Tower with Radar,253,124,51,42,470,0,0,4,0,4,253,124,55,42,474,0,0,0,474
06/11/2009,PIT,PA,AEA,CE,Combined TRACON& Tower with Radar,257,117,31,57,462,0,0,0,0,0,257,117,31,57,462,0,0,0,462
06/12/2009,PIT,PA,AEA,CE,Combined TRACON& Tower with Radar,252,111,38,20,421,0,0,0,0,0,252,111,38,20,421,0,0,0,421
06/13/2009,PIT,PA,AEA,CE,Combined TRACON& Tower with Radar,219,93,23,1,336,0,1,1,0,2,219,94,24,1,338,0,0,0,338
06/14/2009,PIT,PA,AEA,CE,Combined TRACON& Tower with Radar,231,85,11,1,328,0,0,0,0,0,231,85,11,1,328,0,0,0,328
06/15/2009,PIT,PA,AEA,CE,Combined TRACON& Tower with Radar,236,112,29,9,386,0,0,0,0,0,236,112,29,9,386,0,0,0,386
06/16/2009,PIT,PA,AEA,CE,Combined TRACON& Tower with Radar,253,110,45,24,432,0,0,3,1,4,253,110,48,25,436,0,0,0,436
06/17/2009,PIT,PA,AEA,CE,Combined TRACON& Tower with Radar,229,102,41,25,397,0,1,0,0,1,229,103,41,25,398,0,0,0,398
06/18/2009,PIT,PA,AEA,CE,Combined TRACON& Tower with Radar,270,128,36,30,464,0,0,0,1,1,270,128,36,31,465,0,0,0,465
06/19/2009,PIT,PA,AEA,CE,Combined TRACON& Tower with Radar,244,113,29,9,395,0,0,0,0,0,244,113,29,9,395,0,0,0,395
06/20/2009,PIT,PA,AEA,CE,Combined TRACON& Tower with Radar,210,89,9,5,313,0,0,0,0,0,210,89,9,5,313,0,0,0,313
06/21/2009,PIT,PA,AEA,CE,Combined TRACON& Tower with Radar,227,91,22,7,347,0,0,1,0,1,227,91,23,7,348,0,0,0,348
06/22/2009,PIT,PA,AEA,CE,Combined TRACON& Tower with Radar,239,104,44,36,423,0,0,6,0,6,239,104,50,36,429,0,0,0,429
06/23/2009,PIT,PA,AEA,CE,Combined TRACON& Tower with Radar,250,120,38,44,452,0,2,1,0,3,250,122,39,44,455,0,0,0,455
06/24/2009,PIT,PA,AEA,CE,Combined TRACON& Tower with Radar,251,115,51,45,462,0,2,1,0,3,251,117,52,45,465,0,10,10,475
06/25/2009,PIT,PA,AEA,CE,Combined TRACON& Tower with Radar,258,113,38,35,444,0,0,3,0,3,258,113,41,35,447,0,14,14,461
06/26/2009,PIT,PA,AEA,CE,Combined TRACON& Tower with Radar,259,121,23,19,422,0,0,0,0,0,259,121,23,19,422,0,0,0,422
06/27/2009,PIT,PA,AEA,CE,Combined TRACON& Tower with Radar,227,84,16,3,330,0,1,0,0,1,227,85,16,3,331,0,0,0,331
06/28/2009,PIT,PA,AEA,CE,Combined TRACON& Tower with Radar,224,99,9,7,339,0,0,0,0,0,224,99,9,7,339,0,0,0,339
06/29/2009,PIT,PA,AEA,CE,Combined TRACON& Tower with Radar,246,98,23,13,380,0,0,6,0,6,246,98,29,13,386,0,0,0,386
06/30/2009,PIT,PA,AEA,CE,Combined TRACON& Tower with Radar,251,106,36,28,421,0,0,0,1,1,251,106,36,29,422,0,0,0,422
07/01/2009,PIT,PA,AEA,CE,Combined TRACON& Tower with Radar,227,125,29,70,451,0,0,11,24,35,227,125,40,94,486,0,22,22,508
07/02/2009,PIT,PA,AEA,CE,Combined TRACON& Tower with Radar,238,126,47,34,445,0,1,1,1,3,238,127,48,35,448,0,22,22,470
07/03/2009,PIT,PA,AEA,CE,Combined TRACON& Tower with Radar,222,85,14,4,325,0,0,0,0,0,222,85,14,4,325,0,0,0,325
07/04/2009,PIT,PA,AEA,CE,Combined TRACON& Tower with Radar,157,87,7,2,253,0,0,1,0,1,157,87,8,2,254,0,0,0,254
07/05/2009,PIT,PA,AEA,CE,Combined TRACON& Tower with Radar,216,97,20,7,340,0,0,9,0,9,216,97,29,7,349,0,0,0,349
07/06/2009,PIT,PA,AEA,CE,Combined TRACON& Tower with Radar,225,113,33,47,418,0,0,0,0,0,225,113,33,47,418,0,14,14,432
07/07/2009,PIT,PA,AEA,CE,Combined TRACON& Tower with Radar,236,125,28,50,439,0,0,0,0,0,236,125,28,50,439,0,0,0,439
07/08/2009,PIT,PA,AEA,CE,Combined TRACON& Tower with Radar,241,113,38,68,460,0,0,0,3,3,241,113,38,71,463,0,12,12,475
07/09/2009,PIT,PA,AEA,CE,Combined TRACON& Tower with Radar,235,117,47,64,463,0,2,0,1,3,235,119,47,65,466,0,4,4,470
07/10/2009,PIT,PA,AEA,CE,Combined TRACON& Tower with Radar,241,114,25,46,426,0,0,2,0,2,241,114,27,46,428,0,0,0,428
07/11/2009,PIT,PA,AEA,CE,Combined TRACON& Tower with Radar,209,87,20,8,324,0,0,2,0,2,209,87,22,8,326,0,0,0,326
07/12/2009,PIT,PA,AEA,CE,Combined TRACON& Tower with Radar,213,102,22,8,345,0,0,0,0,0,213,102,22,8,345,0,0,0,345
07/13/2009,PIT,PA,AEA,CE,Combined TRACON& Tower with Radar,231,108,52,14,405,0,1,4,11,16,231,109,56,25,421,0,0,0,421
07/14/2009,PIT,PA,AEA,CE,Combined TRACON& Tower with Radar,248,116,47,25,436,0,0,2,0,2,248,116,49,25,438,0,6,6,444
07/15/2009,PIT,PA,AEA,CE,Combined TRACON& Tower with Radar,224,127,40,80,471,0,1,0,1,2,224,128,40,81,473,0,0,0,473
07/16/2009,PIT,PA,AEA,CE,Combined TRACON& Tower with Radar,239,123,39,48,449,0,1,15,0,16,239,124,54,48,465,0,38,38,503
07/17/2009,PIT,PA,AEA,CE,Combined TRACON& Tower with Radar,234,114,29,21,398,0,0,0,0,0,234,114,29,21,398,0,8,8,406
07/18/2009,PIT,PA,AEA,CE,Combined TRACON& Tower with Radar,213,86,8,5,312,0,0,0,0,0,213,86,8,5,312,0,0,0,312
07/19/2009,PIT,PA,AEA,CE,Combined TRACON& Tower with Radar,217,101,16,3,337,0,0,1,0,1,217,101,17,3,338,0,0,0,338
07/20/2009,PIT,PA,AEA,CE,Combined TRACON& Tower with Radar,228,110,33,44,415,0,1,0,1,2,228,111,33,45,417,0,0,0,417
07/21/2009,PIT,PA,AEA,CE,Combined TRACON& Tower with Radar,230,118,34,19,401,0,0,2,0,2,230,118,36,19,403,0,0,0,403
07/22/2009,PIT,PA,AEA,CE,Combined TRACON& Tower with Radar,241,122,47,38,448,0,0,0,1,1,241,122,47,39,449,0,24,24,473
07/23/2009,PIT,PA,AEA,CE,Combined TRACON& Tower with Radar,226,119,43,38,426,0,0,0,1,1,226,119,43,39,427,0,12,12,439
07/24/2009,PIT,PA,AEA,CE,Combined TRACON& Tower with Radar,253,135,30,78,496,0,0,2,12,14,253,135,32,90,510,0,22,22,532
07/25/2009,PIT,PA,AEA,CE,Combined TRACON& Tower with Radar,214,83,16,4,317,0,0,0,0,0,214,83,16,4,317,0,0,0,317
07/26/2009,PIT,PA,AEA,CE,Combined TRACON& Tower with Radar,201,94,18,1,314,0,0,1,0,1,201,94,19,1,315,0,0,0,315
07/27/2009,PIT,PA,AEA,CE,Combined TRACON& Tower with Radar,231,116,48,3,398,0,2,0,0,2,231,118,48,3,400,0,0,0,400
07/28/2009,PIT,PA,AEA,CE,Combined TRACON& Tower with Radar,230,135,45,48,458,0,0,0,0,0,230,135,45,48,458,0,0,0,458
07/29/2009,PIT,PA,AEA,CE,Combined TRACON& Tower with Radar,225,116,43,33,417,0,0,0,1,1,225,116,43,34,418,0,0,0,418
07/30/2009,PIT,PA,AEA,CE,Combined TRACON& Tower with Radar,248,124,48,63,483,0,0,0,1,1,248,124,48,64,484,0,11,11,495
07/31/2009,PIT,PA,AEA,CE,Combined TRACON& Tower with Radar,228,117,47,70,462,0,0,2,0,2,228,117,49,70,464,0,47,47,511
08/01/2009,PIT,PA,AEA,CE,Combined TRACON& Tower with Radar,206,102,27,18,353,0,2,0,0,2,206,104,27,18,355,0,0,0,355
08/02/2009,PIT,PA,AEA,CE,Combined TRACON& Tower with Radar,202,95,12,12,321,0,0,2,0,2,202,95,14,12,323,0,0,0,323
08/03/2009,PIT,PA,AEA,CE,Combined TRACON& Tower with Radar,234,114,29,45,422,0,0,2,0,2,234,114,31,45,424,0,8,8,432
08/04/2009,PIT,PA,AEA,CE,Combined TRACON& Tower with Radar,232,118,29,68,447,0,1,0,0,1,232,119,29,68,448,0,0,0,448
08/05/2009,PIT,PA,AEA,CE,Combined TRACON& Tower with Radar,245,110,45,50,450,0,0,6,0,6,245,110,51,50,456,0,0,0,456
08/06/2009,PIT,PA,AEA,CE,Combined TRACON& Tower with Radar,235,117,34,59,445,0,0,4,0,4,235,117,38,59,449,0,12,12,461
08/07/2009,PIT,PA,AEA,CE,Combined TRACON& Tower with Radar,238,121,22,36,417,0,0,2,0,2,238,121,24,36,419,0,0,0,419
08/08/2009,PIT,PA,AEA,CE,Combined TRACON& Tower with Radar,203,93,17,14,327,0,0,0,0,0,203,93,17,14,327,0,0,0,327
08/09/2009,PIT,PA,AEA,CE,Combined TRACON& Tower with Radar,226,105,43,13,387,0,1,0,0,1,226,106,43,13,388,0,0,0,388
08/10/2009,PIT,PA,AEA,CE,Combined TRACON& Tower with Radar,238,114,39,7,398,0,0,2,0,2,238,114,41,7,400,0,0,0,400
08/11/2009,PIT,PA,AEA,CE,Combined TRACON& Tower with Radar,239,125,28,51,443,0,0,2,0,2,239,125,30,51,445,0,0,0,445
08/12/2009,PIT,PA,AEA,CE,Combined TRACON& Tower with Radar,231,127,35,21,414,0,0,0,0,0,231,127,35,21,414,0,0,0,414
08/13/2009,PIT,PA,AEA,CE,Combined TRACON& Tower with Radar,242,111,59,48,460,0,0,1,0,1,242,111,60,48,461,0,0,0,461
08/14/2009,PIT,PA,AEA,CE,Combined TRACON& Tower with Radar,245,116,33,37,431,0,0,1,0,1,245,116,34,37,432,0,0,0,432
08/15/2009,PIT,PA,AEA,CE,Combined TRACON& Tower with Radar,205,87,10,6,308,0,2,1,2,5,205,89,11,8,313,0,0,0,313
08/16/2009,PIT,PA,AEA,CE,Combined TRACON& Tower with Radar,209,99,31,3,342,0,0,4,0,4,209,99,35,3,346,0,0,0,346
08/17/2009,PIT,PA,AEA,CE,Combined TRACON& Tower with Radar,226,118,44,56,444,0,0,0,0,0,226,118,44,56,444,0,0,0,444
08/18/2009,PIT,PA,AEA,CE,Combined TRACON& Tower with Radar,235,139,43,31,448,0,1,3,1,5,235,140,46,32,453,0,8,8,461
08/19/2009,PIT,PA,AEA,CE,Combined TRACON& Tower with Radar,219,148,53,13,433,0,0,0,0,0,219,148,53,13,433,0,0,0,433
08/20/2009,PIT,PA,AEA,CE,Combined TRACON& Tower with Radar,241,131,71,30,473,0,3,0,0,3,241,134,71,30,476,0,0,0,476
08/21/2009,PIT,PA,AEA,CE,Combined TRACON& Tower with Radar,266,145,52,21,484,0,0,0,0,0,266,145,52,21,484,0,0,0,484
08/22/2009,PIT,PA,AEA,CE,Combined TRACON& Tower with Radar,196,103,21,5,325,0,0,2,0,2,196,103,23,5,327,0,0,0,327
08/23/2009,PIT,PA,AEA,CE,Combined TRACON& Tower with Radar,213,108,30,10,361,0,0,0,0,0,213,108,30,10,361,0,0,0,361
08/24/2009,PIT,PA,AEA,CE,Combined TRACON& Tower with Radar,226,134,63,12,435,0,0,0,0,0,226,134,63,12,435,0,0,0,435
08/25/2009,PIT,PA,AEA,CE,Combined TRACON& Tower with Radar,229,149,68,40,486,0,1,4,1,6,229,150,72,41,492,0,0,0,492
08/26/2009,PIT,PA,AEA,CE,Combined TRACON& Tower with Radar,222,152,72,51,497,0,0,2,19,21,222,152,74,70,518,0,32,32,550
08/27/2009,PIT,PA,AEA,CE,Combined TRACON& Tower with Radar,237,149,71,67,524,0,0,1,2,3,237,149,72,69,527,0,0,0,527
08/28/2009,PIT,PA,AEA,CE,Combined TRACON& Tower with Radar,222,154,49,27,452,0,0,0,1,1,222,154,49,28,453,0,0,0,453
08/29/2009,PIT,PA,AEA,CE,Combined TRACON& Tower with Radar,185,106,22,1,314,0,0,0,0,0,185,106,22,1,314,0,0,0,314
08/30/2009,PIT,PA,AEA,CE,Combined TRACON& Tower with Radar,209,101,49,4,363,0,0,0,0,0,209,101,49,4,363,0,0,0,363
08/31/2009,PIT,PA,AEA,CE,Combined TRACON& Tower with Radar,226,120,60,68,474,0,0,3,2,5,226,120,63,70,479,0,0,0,479
09/01/2009,PIT,PA,AEA,CE,Combined TRACON& Tower with Radar,231,120,44,58,453,0,0,0,1,1,231,120,44,59,454,0,0,0,454
09/02/2009,PIT,PA,AEA,CE,Combined TRACON& Tower with Radar,234,123,37,41,435,0,0,5,11,16,234,123,42,52,451,0,19,19,470
09/03/2009,PIT,PA,AEA,CE,Combined TRACON& Tower with Radar,244,121,32,32,429,0,0,1,1,2,244,121,33,33,431,0,0,0,431
09/04/2009,PIT,PA,AEA,CE,Combined TRACON& Tower with Radar,241,126,19,10,396,0,0,2,0,2,241,126,21,10,398,0,0,0,398
09/05/2009,PIT,PA,AEA,CE,Combined TRACON& Tower with Radar,173,79,14,2,268,0,0,2,0,2,173,79,16,2,270,0,0,0,270
09/06/2009,PIT,PA,AEA,CE,Combined TRACON& Tower with Radar,176,70,6,5,257,0,0,1,0,1,176,70,7,5,258,0,0,0,258
09/07/2009,PIT,PA,AEA,CE,Combined TRACON& Tower with Radar,203,95,22,2,322,0,0,0,0,0,203,95,22,2,322,0,0,0,322
09/08/2009,PIT,PA,AEA,CE,Combined TRACON& Tower with Radar,227,109,34,71,441,0,8,1,0,9,227,117,35,71,450,0,0,0,450
09/09/2009,PIT,PA,AEA,CE,Combined TRACON& Tower with Radar,223,113,42,40,418,0,0,1,1,2,223,113,43,41,420,0,0,0,420
09/10/2009,PIT,PA,AEA,CE,Combined TRACON& Tower with Radar,235,130,60,39,464,0,1,8,1,10,235,131,68,40,474,0,0,0,474
09/11/2009,PIT,PA,AEA,CE,Combined TRACON& Tower with Radar,232,122,48,13,415,0,0,0,0,0,232,122,48,13,415,0,0,0,415
09/12/2009,PIT,PA,AEA,CE,Combined TRACON& Tower with Radar,175,90,18,6,289,0,0,1,0,1,175,90,19,6,290,0,0,0,290
09/13/2009,PIT,PA,AEA,CE,Combined TRACON& Tower with Radar,210,91,23,9,333,0,0,0,0,0,210,91,23,9,333,0,0,0,333
09/14/2009,PIT,PA,AEA,CE,Combined TRACON& Tower with Radar,217,116,63,46,442,0,0,2,0,2,217,116,65,46,444,0,0,0,444
09/15/2009,PIT,PA,AEA,CE,Combined TRACON& Tower with Radar,222,123,45,27,417,0,0,0,1,1,222,123,45,28,418,0,0,0,418
09/16/2009,PIT,PA,AEA,CE,Combined TRACON& Tower with Radar,218,122,70,37,447,0,0,0,0,0,218,122,70,37,447,0,0,0,447
09/17/2009,PIT,PA,AEA,CE,Combined TRACON& Tower with Radar,240,127,43,30,440,0,0,0,0,0,240,127,43,30,440,0,0,0,440
09/18/2009,PIT,PA,AEA,CE,Combined TRACON& Tower with Radar,246,132,27,26,431,0,0,0,0,0,246,132,27,26,431,0,0,0,431
09/19/2009,PIT,PA,AEA,CE,Combined TRACON& Tower with Radar,172,86,14,12,284,0,0,0,1,1,172,86,14,13,285,0,0,0,285
09/20/2009,PIT,PA,AEA,CE,Combined TRACON& Tower with Radar,208,96,15,22,341,0,0,1,2,3,208,96,16,24,344,0,0,0,344
09/21/2009,PIT,PA,AEA,CE,Combined TRACON& Tower with Radar,228,114,37,7,386,0,0,1,2,3,228,114,38,9,389,0,0,0,389
09/22/2009,PIT,PA,AEA,CE,Combined TRACON& Tower with Radar,230,129,44,7,410,0,0,1,2,3,230,129,45,9,413,0,0,0,413
09/23/2009,PIT,PA,AEA,CE,Combined TRACON& Tower with Radar,225,113,62,16,416,0,0,0,6,6,225,113,62,22,422,0,0,0,422
09/24/2009,PIT,PA,AEA,CE,Combined TRACON& Tower with Radar,264,119,19,4,406,0,2,27,0,29,264,121,46,4,435,0,0,0,435
09/25/2009,PIT,PA,AEA,CE,Combined TRACON& Tower with Radar,256,119,13,11,399,0,0,14,0,14,256,119,27,11,413,0,0,0,413
09/26/2009,PIT,PA,AEA,CE,Combined TRACON& Tower with Radar,181,92,23,9,305,0,0,0,0,0,181,92,23,9,305,0,0,0,305
09/27/2009,PIT,PA,AEA,CE,Combined TRACON& Tower with Radar,211,90,38,2,341,0,0,0,0,0,211,90,38,2,341,0,0,0,341
09/28/2009,PIT,PA,AEA,CE,Combined TRACON& Tower with Radar,222,126,29,15,392,0,0,0,0,0,222,126,29,15,392,0,0,0,392
09/29/2009,PIT,PA,AEA,CE,Combined TRACON& Tower with Radar,228,111,44,12,395,0,0,0,0,0,228,111,44,12,395,0,0,0,395
09/30/2009,PIT,PA,AEA,CE,Combined TRACON& Tower with Radar,219,117,45,7,388,0,1,0,0,1,219,118,45,7,389,0,0,0,389
10/01/2009,PIT,PA,AEA,CE,Combined TRACON& Tower with Radar,238,125,52,83,498,0,0,1,1,2,238,125,53,84,500,0,0,0,500
10/02/2009,PIT,PA,AEA,CE,Combined TRACON& Tower with Radar,240,129,36,41,446,0,0,2,0,2,240,129,38,41,448,0,0,0,448
10/03/2009,PIT,PA,AEA,CE,Combined TRACON& Tower with Radar,174,90,14,22,300,0,3,0,0,3,174,93,14,22,303,0,0,0,303
10/04/2009,PIT,PA,AEA,CE,Combined TRACON& Tower with Radar,218,97,35,5,355,0,0,3,0,3,218,97,38,5,358,0,0,0,358
10/05/2009,PIT,PA,AEA,CE,Combined TRACON& Tower with Radar,227,119,49,13,408,0,0,0,0,0,227,119,49,13,408,0,0,0,408
10/06/2009,PIT,PA,AEA,CE,Combined TRACON& Tower with Radar,227,122,51,54,454,0,0,1,0,1,227,122,52,54,455,0,10,10,465
10/07/2009,PIT,PA,AEA,CE,Combined TRACON& Tower with Radar,219,123,46,22,410,0,1,0,0,1,219,124,46,22,411,0,0,0,411
10/08/2009,PIT,PA,AEA,CE,Combined TRACON& Tower with Radar,244,126,49,40,459,0,1,0,0,1,244,127,49,40,460,0,10,10,470
10/09/2009,PIT,PA,AEA,CE,Combined TRACON& Tower with Radar,246,118,38,40,442,0,0,0,0,0,246,118,38,40,442,0,0,0,442
10/10/2009,PIT,PA,AEA,CE,Combined TRACON& Tower with Radar,184,81,18,1,284,0,0,2,0,2,184,81,20,1,286,0,0,0,286
10/11/2009,PIT,PA,AEA,CE,Combined TRACON& Tower with Radar,211,94,23,4,332,0,0,1,0,1,211,94,24,4,333,0,0,0,333
10/12/2009,PIT,PA,AEA,CE,Combined TRACON& Tower with Radar,231,119,56,0,406,0,0,0,0,0,231,119,56,0,406,0,0,0,406
10/13/2009,PIT,PA,AEA,CE,Combined TRACON& Tower with Radar,225,125,55,27,432,0,0,0,0,0,225,125,55,27,432,0,0,0,432
10/14/2009,PIT,PA,AEA,CE,Combined TRACON& Tower with Radar,231,117,43,72,463,0,0,0,4,4,231,117,43,76,467,0,24,24,491
10/15/2009,PIT,PA,AEA,CE,Combined TRACON& Tower with Radar,243,129,42,27,441,0,0,0,0,0,243,129,42,27,441,0,0,0,441
10/16/2009,PIT,PA,AEA,CE,Combined TRACON& Tower with Radar,245,149,36,32,462,0,0,0,0,0,245,149,36,32,462,0,0,0,462
10/17/2009,PIT,PA,AEA,CE,Combined TRACON& Tower with Radar,180,85,15,7,287,0,0,0,0,0,180,85,15,7,287,0,0,0,287
10/18/2009,PIT,PA,AEA,CE,Combined TRACON& Tower with Radar,216,108,43,3,370,0,0,2,0,2,216,108,45,3,372,0,0,0,372
10/19/2009,PIT,PA,AEA,CE,Combined TRACON& Tower with Radar,234,119,42,24,419,0,0,8,0,8,234,119,50,24,427,0,0,0,427
10/20/2009,PIT,PA,AEA,CE,Combined TRACON& Tower with Radar,231,124,42,53,450,0,0,3,0,3,231,124,45,53,453,0,0,0,453
10/21/2009,PIT,PA,AEA,CE,Combined TRACON& Tower with Radar,220,117,43,78,458,0,0,1,1,2,220,117,44,79,460,0,5,5,465
10/22/2009,PIT,PA,AEA,CE,Combined TRACON& Tower with Radar,245,129,60,55,489,0,1,1,0,2,245,130,61,55,491,0,19,19,510
10/23/2009,PIT,PA,AEA,CE,Combined TRACON& Tower with Radar,249,122,38,28,437,0,0,0,0,0,249,122,38,28,437,0,0,0,437
10/24/2009,PIT,PA,AEA,CE,Combined TRACON& Tower with Radar,177,85,14,1,277,0,0,0,0,0,177,85,14,1,277,0,0,0,277
10/25/2009,PIT,PA,AEA,CE,Combined TRACON& Tower with Radar,216,97,48,2,363,0,0,1,0,1,216,97,49,2,364,0,0,0,364
10/26/2009,PIT,PA,AEA,CE,Combined TRACON& Tower with Radar,229,122,50,21,422,0,0,1,0,1,229,122,51,21,423,0,0,0,423
10/27/2009,PIT,PA,AEA,CE,Combined TRACON& Tower with Radar,221,125,62,64,472,0,2,1,0,3,221,127,63,64,475,0,0,0,475
10/28/2009,PIT,PA,AEA,CE,Combined TRACON& Tower with Radar,213,119,60,54,446,0,0,0,0,0,213,119,60,54,446,0,0,0,446
10/29/2009,PIT,PA,AEA,CE,Combined TRACON& Tower with Radar,241,127,46,49,463,0,1,1,0,2,241,128,47,49,465,0,11,11,476
10/30/2009,PIT,PA,AEA,CE,Combined TRACON& Tower with Radar,236,140,29,27,432,0,0,1,0,1,236,140,30,27,433,0,0,0,433
10/31/2009,PIT,PA,AEA,CE,Combined TRACON& Tower with Radar,174,84,12,5,275,0,0,0,1,1,174,84,12,6,276,0,9,9,285
11/01/2009,PIT,PA,AEA,CE,Combined TRACON& Tower with Radar,212,92,36,0,340,0,0,1,0,1,212,92,37,0,341,0,0,0,341
11/02/2009,PIT,PA,AEA,CE,Combined TRACON& Tower with Radar,214,115,50,9,388,0,0,5,0,5,214,115,55,9,393,0,0,0,393
11/03/2009,PIT,PA,AEA,CE,Combined TRACON& Tower with Radar,217,123,48,35,423,0,0,2,1,3,217,123,50,36,426,0,0,0,426
11/04/2009,PIT,PA,AEA,CE,Combined TRACON& Tower with Radar,217,119,52,86,474,0,1,4,0,5,217,120,56,86,479,0,6,6,485
11/05/2009,PIT,PA,AEA,CE,Combined TRACON& Tower with Radar,233,133,47,43,456,0,0,0,3,3,233,133,47,46,459,0,0,0,459
11/06/2009,PIT,PA,AEA,CE,Combined TRACON& Tower with Radar,230,130,33,48,441,0,0,1,0,1,230,130,34,48,442,0,0,0,442
11/07/2009,PIT,PA,AEA,CE,Combined TRACON& Tower with Radar,161,79,12,7,259,0,0,1,1,2,161,79,13,8,261,0,0,0,261
11/08/2009,PIT,PA,AEA,CE,Combined TRACON& Tower with Radar,212,110,16,9,347,0,1,1,0,2,212,111,17,9,349,0,0,0,349
11/09/2009,PIT,PA,AEA,CE,Combined TRACON& Tower with Radar,214,129,36,40,419,0,0,4,1,5,214,129,40,41,424,0,6,6,430
11/10/2009,PIT,PA,AEA,CE,Combined TRACON& Tower with Radar,217,136,53,30,436,0,2,3,4,9,217,138,56,34,445,0,0,0,445
11/11/2009,PIT,PA,AEA,CE,Combined TRACON& Tower with Radar,222,127,46,0,395,0,1,2,0,3,222,128,48,0,398,0,0,0,398
11/12/2009,PIT,PA,AEA,CE,Combined TRACON& Tower with Radar,232,140,49,55,476,0,0,1,0,1,232,140,50,55,477,0,0,0,477
11/13/2009,PIT,PA,AEA,CE,Combined TRACON& Tower with Radar,230,123,46,46,445,0,1,1,2,4,230,124,47,48,449,0,8,8,457
11/14/2009,PIT,PA,AEA,CE,Combined TRACON& Tower with Radar,165,80,23,5,273,0,0,1,0,1,165,80,24,5,274,0,0,0,274
11/15/2009,PIT,PA,AEA,CE,Combined TRACON& Tower with Radar,211,121,40,8,380,0,0,2,0,2,211,121,42,8,382,0,0,0,382
11/16/2009,PIT,PA,AEA,CE,Combined TRACON& Tower with Radar,223,121,33,14,391,0,0,2,0,2,223,121,35,14,393,0,0,0,393
11/17/2009,PIT,PA,AEA,CE,Combined TRACON& Tower with Radar,217,128,49,57,451,0,0,1,6,7,217,128,50,63,458,0,14,14,472
11/18/2009,PIT,PA,AEA,CE,Combined TRACON& Tower with Radar,228,116,65,84,493,0,0,1,4,5,228,116,66,88,498,0,11,11,509
11/19/2009,PIT,PA,AEA,CE,Combined TRACON& Tower with Radar,234,132,35,35,436,0,0,0,0,0,234,132,35,35,436,0,0,0,436
11/20/2009,PIT,PA,AEA,CE,Combined TRACON& Tower with Radar,234,125,35,29,423,0,0,4,0,4,234,125,39,29,427,0,0,0,427
11/21/2009,PIT,PA,AEA,CE,Combined TRACON& Tower with Radar,168,81,13,3,265,0,0,4,0,4,168,81,17,3,269,0,0,0,269
11/22/2009,PIT,PA,AEA,CE,Combined TRACON& Tower with Radar,209,103,20,5,337,0,0,1,0,1,209,103,21,5,338,0,0,0,338
11/23/2009,PIT,PA,AEA,CE,Combined TRACON& Tower with Radar,216,108,44,44,412,0,0,1,0,1,216,108,45,44,413,0,18,18,431
11/24/2009,PIT,PA,AEA,CE,Combined TRACON& Tower with Radar,231,116,48,56,451,0,0,0,1,1,231,116,48,57,452,0,0,0,452
11/25/2009,PIT,PA,AEA,CE,Combined TRACON& Tower with Radar,241,119,26,32,418,0,0,0,0,0,241,119,26,32,418,0,0,0,418
11/26/2009,PIT,PA,AEA,CE,Combined TRACON& Tower with Radar,140,73,6,1,220,0,0,0,0,0,140,73,6,1,220,0,0,0,220
11/27/2009,PIT,PA,AEA,CE,Combined TRACON& Tower with Radar,186,87,5,1,279,0,0,0,0,0,186,87,5,1,279,0,0,0,279
11/28/2009,PIT,PA,AEA,CE,Combined TRACON& Tower with Radar,199,88,6,0,293,0,0,3,0,3,199,88,9,0,296,0,0,0,296
11/29/2009,PIT,PA,AEA,CE,Combined TRACON& Tower with Radar,234,111,21,0,366,0,1,0,0,1,234,112,21,0,367,0,0,0,367
11/30/2009,PIT,PA,AEA,CE,Combined TRACON& Tower with Radar,221,119,43,26,409,0,6,1,0,7,221,125,44,26,416,0,0,0,416
12/01/2009,PIT,PA,AEA,CE,Combined TRACON& Tower with Radar,229,118,39,51,437,0,0,0,1,1,229,118,39,52,438,0,0,0,438
12/02/2009,PIT,PA,AEA,CE,Combined TRACON& Tower with Radar,227,114,43,89,473,0,0,3,0,3,227,114,46,89,476,0,14,14,490
12/03/2009,PIT,PA,AEA,CE,Combined TRACON& Tower with Radar,242,129,69,55,495,0,0,0,0,0,242,129,69,55,495,0,0,0,495
12/04/2009,PIT,PA,AEA,CE,Combined TRACON& Tower with Radar,233,125,54,27,439,0,0,2,1,3,233,125,56,28,442,0,0,0,442
12/05/2009,PIT,PA,AEA,CE,Combined TRACON& Tower with Radar,158,87,21,6,272,0,0,0,0,0,158,87,21,6,272,0,0,0,272
12/06/2009,PIT,PA,AEA,CE,Combined TRACON& Tower with Radar,212,108,31,13,364,0,1,4,0,5,212,109,35,13,369,0,0,0,369
12/07/2009,PIT,PA,AEA,CE,Combined TRACON& Tower with Radar,217,131,51,36,435,0,1,0,0,1,217,132,51,36,436,0,0,0,436
12/08/2009,PIT,PA,AEA,CE,Combined TRACON& Tower with Radar,216,124,36,43,419,0,0,2,0,2,216,124,38,43,421,0,0,0,421
12/09/2009,PIT,PA,AEA,CE,Combined TRACON& Tower with Radar,219,120,42,4,385,0,0,0,0,0,219,120,42,4,385,0,0,0,385
12/10/2009,PIT,PA,AEA,CE,Combined TRACON& Tower with Radar,227,131,43,30,431,0,1,0,0,1,227,132,43,30,432,0,0,0,432
12/11/2009,PIT,PA,AEA,CE,Combined TRACON& Tower with Radar,230,124,29,22,405,0,1,6,0,7,230,125,35,22,412,0,0,0,412
12/12/2009,PIT,PA,AEA,CE,Combined TRACON& Tower with Radar,178,87,13,2,280,0,0,4,0,4,178,87,17,2,284,0,0,0,284
12/13/2009,PIT,PA,AEA,CE,Combined TRACON& Tower with Radar,199,94,35,1,329,0,1,0,0,1,199,95,35,1,330,0,0,0,330
12/14/2009,PIT,PA,AEA,CE,Combined TRACON& Tower with Radar,216,124,52,7,399,0,0,0,2,2,216,124,52,9,401,0,0,0,401
12/15/2009,PIT,PA,AEA,CE,Combined TRACON& Tower with Radar,226,136,40,37,439,0,1,0,0,1,226,137,40,37,440,0,0,0,440
12/16/2009,PIT,PA,AEA,CE,Combined TRACON& Tower with Radar,231,131,40,36,438,0,0,0,1,1,231,131,40,37,439,0,10,10,449
12/17/2009,PIT,PA,AEA,CE,Combined TRACON& Tower with Radar,237,120,35,31,423,0,0,0,0,0,237,120,35,31,423,0,0,0,423
12/18/2009,PIT,PA,AEA,CE,Combined TRACON& Tower with Radar,224,138,25,7,394,0,0,7,0,7,224,138,32,7,401,0,0,0,401
12/19/2009,PIT,PA,AEA,CE,Combined TRACON& Tower with Radar,182,80,16,4,282,0,0,0,0,0,182,80,16,4,282,0,0,0,282
12/20/2009,PIT,PA,AEA,CE,Combined TRACON& Tower with Radar,178,102,38,3,321,0,0,2,0,2,178,102,40,3,323,0,0,0,323
12/21/2009,PIT,PA,AEA,CE,Combined TRACON& Tower with Radar,228,118,29,6,381,0,2,0,2,4,228,120,29,8,385,0,0,0,385
12/22/2009,PIT,PA,AEA,CE,Combined TRACON& Tower with Radar,243,114,33,62,452,0,0,0,0,0,243,114,33,62,452,0,0,0,452
12/23/2009,PIT,PA,AEA,CE,Combined TRACON& Tower with Radar,239,128,18,13,398,0,0,6,0,6,239,128,24,13,404,0,0,0,404
12/24/2009,PIT,PA,AEA,CE,Combined TRACON& Tower with Radar,212,97,10,2,321,0,0,1,0,1,212,97,11,2,322,0,0,0,322
12/25/2009,PIT,PA,AEA,CE,Combined TRACON& Tower with Radar,165,75,2,1,243,0,2,0,0,2,165,77,2,1,245,0,0,0,245
12/26/2009,PIT,PA,AEA,CE,Combined TRACON& Tower with Radar,167,102,21,3,293,0,0,2,0,2,167,102,23,3,295,0,0,0,295
12/27/2009,PIT,PA,AEA,CE,Combined TRACON& Tower with Radar,207,113,25,0,345,0,0,2,0,2,207,113,27,0,347,0,0,0,347
12/28/2009,PIT,PA,AEA,CE,Combined TRACON& Tower with Radar,214,117,7,0,338,0,0,0,0,0,214,117,7,0,338,0,0,0,338
12/29/2009,PIT,PA,AEA,CE,Combined TRACON& Tower with Radar,226,138,30,22,416,0,0,0,0,0,226,138,30,22,416,0,0,0,416
12/30/2009,PIT,PA,AEA,CE,Combined TRACON& Tower with Radar,220,116,32,17,385,0,1,2,1,4,220,117,34,18,389,0,0,0,389
12/31/2009,PIT,PA,AEA,CE,Combined TRACON& Tower with Radar,200,97,9,0,306,0,0,0,0,0,200,97,9,0,306,0,0,0,306
01/01/2010,PIT,PA,AEA,CE,Combined TRACON& Tower with Radar,166,82,6,0,254,0,0,1,0,1,166,82,7,0,255,0,0,0,255
01/02/2010,PIT,PA,AEA,CE,Combined TRACON& Tower with Radar,175,91,11,1,278,0,0,1,0,1,175,91,12,1,279,0,0,0,279
01/03/2010,PIT,PA,AEA,CE,Combined TRACON& Tower with Radar,190,123,27,1,341,0,0,3,0,3,190,123,30,1,344,0,0,0,344
01/04/2010,PIT,PA,AEA,CE,Combined TRACON& Tower with Radar,216,126,22,28,392,0,0,0,0,0,216,126,22,28,392,0,0,0,392
01/05/2010,PIT,PA,AEA,CE,Combined TRACON& Tower with Radar,200,139,22,43,404,0,0,0,0,0,200,139,22,43,404,0,0,0,404
01/06/2010,PIT,PA,AEA,CE,Combined TRACON& Tower with Radar,206,121,36,9,372,0,0,0,0,0,206,121,36,9,372,0,0,0,372
01/07/2010,PIT,PA,AEA,CE,Combined TRACON& Tower with Radar,197,116,37,0,350,0,0,0,0,0,197,116,37,0,350,0,0,0,350
01/08/2010,PIT,PA,AEA,CE,Combined TRACON& Tower with Radar,209,131,31,4,375,0,0,0,0,0,209,131,31,4,375,0,0,0,375
01/09/2010,PIT,PA,AEA,CE,Combined TRACON& Tower with Radar,175,83,11,7,276,0,0,0,0,0,175,83,11,7,276,0,0,0,276
01/10/2010,PIT,PA,AEA,CE,Combined TRACON& Tower with Radar,186,97,29,1,313,0,0,3,0,3,186,97,32,1,316,0,0,0,316
01/11/2010,PIT,PA,AEA,CE,Combined TRACON& Tower with Radar,189,130,36,2,357,0,0,0,0,0,189,130,36,2,357,0,0,0,357
01/12/2010,PIT,PA,AEA,CE,Combined TRACON& Tower with Radar,197,134,27,36,394,0,0,0,0,0,197,134,27,36,394,0,0,0,394
01/13/2010,PIT,PA,AEA,CE,Combined TRACON& Tower with Radar,192,124,43,38,397,0,0,5,0,5,192,124,48,38,402,0,0,0,402
01/14/2010,PIT,PA,AEA,CE,Combined TRACON& Tower with Radar,204,128,40,122,494,0,0,1,0,1,204,128,41,122,495,0,0,0,495
01/15/2010,PIT,PA,AEA,CE,Combined TRACON& Tower with Radar,201,135,29,43,408,0,0,1,1,2,201,135,30,44,410,0,22,22,432
01/16/2010,PIT,PA,AEA,CE,Combined TRACON& Tower with Radar,174,75,9,4,262,0,0,2,0,2,174,75,11,4,264,0,0,0,264
01/17/2010,PIT,PA,AEA,CE,Combined TRACON& Tower with Radar,186,90,11,0,287,0,0,0,0,0,186,90,11,0,287,0,0,0,287
01/18/2010,PIT,PA,AEA,CE,Combined TRACON& Tower with Radar,199,141,28,4,372,0,0,7,0,7,199,141,35,4,379,8,0,8,387
01/19/2010,PIT,PA,AEA,CE,Combined TRACON& Tower with Radar,194,134,42,29,399,0,0,1,0,1,194,134,43,29,400,0,0,0,400
01/20/2010,PIT,PA,AEA,CE,Combined TRACON& Tower with Radar,197,118,55,53,423,0,0,1,0,1,197,118,56,53,424,0,0,0,424
01/21/2010,PIT,PA,AEA,CE,Combined TRACON& Tower with Radar,195,155,48,71,469,0,0,1,1,2,195,155,49,72,471,0,0,0,471
01/22/2010,PIT,PA,AEA,CE,Combined TRACON& Tower with Radar,201,136,34,22,393,0,0,0,0,0,201,136,34,22,393,0,28,28,421
01/23/2010,PIT,PA,AEA,CE,Combined TRACON& Tower with Radar,165,74,11,4,254,0,1,3,1,5,165,75,14,5,259,0,0,0,259
01/24/2010,PIT,PA,AEA,CE,Combined TRACON& Tower with Radar,182,94,19,2,297,0,0,0,0,0,182,94,19,2,297,0,0,0,297
01/25/2010,PIT,PA,AEA,CE,Combined TRACON& Tower with Radar,189,110,37,9,345,0,0,3,0,3,189,110,40,9,348,0,0,0,348
01/26/2010,PIT,PA,AEA,CE,Combined TRACON& Tower with Radar,202,131,54,70,457,0,0,0,1,1,202,131,54,71,458,0,0,0,458
01/27/2010,PIT,PA,AEA,CE,Combined TRACON& Tower with Radar,194,120,38,59,411,0,0,0,0,0,194,120,38,59,411,0,0,0,411
01/28/2010,PIT,PA,AEA,CE,Combined TRACON& Tower with Radar,198,144,32,19,393,0,0,0,0,0,198,144,32,19,393,0,0,0,393
01/29/2010,PIT,PA,AEA,CE,Combined TRACON& Tower with Radar,207,131,25,20,383,0,0,0,21,21,207,131,25,41,404,0,0,0,404
01/30/2010,PIT,PA,AEA,CE,Combined TRACON& Tower with Radar,172,74,27,4,277,0,2,4,0,6,172,76,31,4,283,0,0,0,283
01/31/2010,PIT,PA,AEA,CE,Combined TRACON& Tower with Radar,187,100,17,1,305,0,2,2,0,4,187,102,19,1,309,0,0,0,309
02/01/2010,PIT,PA,AEA,CE,Combined TRACON& Tower with Radar,195,127,29,48,399,0,1,2,1,4,195,128,31,49,403,0,30,30,433
02/02/2010,PIT,PA,AEA,CE,Combined TRACON& Tower with Radar,198,137,43,43,421,0,2,2,3,7,198,139,45,46,428,0,0,0,428
02/03/2010,PIT,PA,AEA,CE,Combined TRACON& Tower with Radar,185,135,30,75,425,0,0,1,0,1,185,135,31,75,426,0,0,0,426
02/04/2010,PIT,PA,AEA,CE,Combined TRACON& Tower with Radar,200,132,34,85,451,0,0,1,0,1,200,132,35,85,452,0,15,15,467
02/05/2010,PIT,PA,AEA,CE,Combined TRACON& Tower with Radar,187,110,27,21,345,0,0,1,0,1,187,110,28,21,346,0,0,0,346
02/06/2010,PIT,PA,AEA,CE,Combined TRACON& Tower with Radar,14,8,2,0,24,0,0,0,0,0,14,8,2,0,24,0,0,0,24
02/07/2010,PIT,PA,AEA,CE,Combined TRACON& Tower with Radar,128,97,24,0,249,0,0,1,0,1,128,97,25,0,250,0,0,0,250
02/08/2010,PIT,PA,AEA,CE,Combined TRACON& Tower with Radar,188,124,36,6,354,0,0,3,0,3,188,124,39,6,357,0,0,0,357
02/09/2010,PIT,PA,AEA,CE,Combined TRACON& Tower with Radar,163,110,27,3,303,0,0,1,0,1,163,110,28,3,304,0,0,0,304
02/10/2010,PIT,PA,AEA,CE,Combined TRACON& Tower with Radar,122,71,16,0,209,0,0,0,0,0,122,71,16,0,209,0,0,0,209
02/11/2010,PIT,PA,AEA,CE,Combined TRACON& Tower with Radar,164,127,29,22,342,0,0,0,0,0,164,127,29,22,342,0,0,0,342
02/12/2010,PIT,PA,AEA,CE,Combined TRACON& Tower with Radar,193,147,47,17,404,0,3,0,0,3,193,150,47,17,407,0,0,0,407
02/13/2010,PIT,PA,AEA,CE,Combined TRACON& Tower with Radar,153,107,10,2,272,0,0,0,0,0,153,107,10,2,272,0,0,0,272
02/14/2010,PIT,PA,AEA,CE,Combined TRACON& Tower with Radar,170,106,26,0,302,0,0,5,0,5,170,106,31,0,307,0,0,0,307
02/15/2010,PIT,PA,AEA,CE,Combined TRACON& Tower with Radar,174,142,34,0,350,0,2,0,0,2,174,144,34,0,352,0,0,0,352
02/16/2010,PIT,PA,AEA,CE,Combined TRACON& Tower with Radar,179,135,33,6,353,0,0,0,0,0,179,135,33,6,353,0,0,0,353
02/17/2010,PIT,PA,AEA,CE,Combined TRACON& Tower with Radar,193,153,35,6,387,0,0,1,0,1,193,153,36,6,388,0,0,0,388
02/18/2010,PIT,PA,AEA,CE,Combined TRACON& Tower with Radar,195,158,40,22,415,0,0,0,0,0,195,158,40,22,415,0,0,0,415
02/19/2010,PIT,PA,AEA,CE,Combined TRACON& Tower with Radar,196,165,28,10,399,0,0,0,0,0,196,165,28,10,399,0,0,0,399
02/20/2010,PIT,PA,AEA,CE,Combined TRACON& Tower with Radar,171,95,3,5,274,0,0,2,0,2,171,95,5,5,276,0,0,0,276
02/21/2010,PIT,PA,AEA,CE,Combined TRACON& Tower with Radar,171,119,37,0,327,0,0,3,0,3,171,119,40,0,330,0,0,0,330
02/22/2010,PIT,PA,AEA,CE,Combined TRACON& Tower with Radar,185,144,38,3,370,0,2,0,0,2,185,146,38,3,372,0,0,0,372
02/23/2010,PIT,PA,AEA,CE,Combined TRACON& Tower with Radar,184,138,48,28,398,0,0,0,0,0,184,138,48,28,398,0,14,14,412
02/24/2010,PIT,PA,AEA,CE,Combined TRACON& Tower with Radar,183,138,47,63,431,0,2,4,0,6,183,140,51,63,437,0,19,19,456
02/25/2010,PIT,PA,AEA,CE,Combined TRACON& Tower with Radar,181,132,41,9,363,0,0,0,0,0,181,132,41,9,363,0,0,0,363
02/26/2010,PIT,PA,AEA,CE,Combined TRACON& Tower with Radar,174,119,33,1,327,0,0,0,0,0,174,119,33,1,327,0,0,0,327
02/27/2010,PIT,PA,AEA,CE,Combined TRACON& Tower with Radar,171,98,6,3,278,0,0,0,0,0,171,98,6,3,278,0,0,0,278
02/28/2010,PIT,PA,AEA,CE,Combined TRACON& Tower with Radar,174,123,13,4,314,0,0,0,0,0,174,123,13,4,314,0,0,0,314
03/01/2010,PIT,PA,AEA,CE,Combined TRACON& Tower with Radar,184,143,45,68,440,0,0,2,0,2,184,143,47,68,442,0,16,16,458
03/02/2010,PIT,PA,AEA,CE,Combined TRACON& Tower with Radar,184,154,44,67,449,0,0,2,0,2,184,154,46,67,451,0,30,30,481
03/03/2010,PIT,PA,AEA,CE,Combined TRACON& Tower with Radar,187,138,36,74,435,0,0,0,0,0,187,138,36,74,435,0,0,0,435
03/04/2010,PIT,PA,AEA,CE,Combined TRACON& Tower with Radar,193,152,29,74,448,0,0,2,0,2,193,152,31,74,450,0,8,8,458
03/05/2010,PIT,PA,AEA,CE,Combined TRACON& Tower with Radar,200,148,28,24,400,0,0,4,0,4,200,148,32,24,404,0,0,0,404
03/06/2010,PIT,PA,AEA,CE,Combined TRACON& Tower with Radar,167,100,19,11,297,0,0,3,1,4,167,100,22,12,301,0,0,0,301
03/07/2010,PIT,PA,AEA,CE,Combined TRACON& Tower with Radar,175,117,21,4,317,0,1,4,1,6,175,118,25,5,323,0,0,0,323
03/08/2010,PIT,PA,AEA,CE,Combined TRACON& Tower with Radar,185,140,37,6,368,0,0,17,0,17,185,140,54,6,385,0,0,0,385
03/09/2010,PIT,PA,AEA,CE,Combined TRACON& Tower with Radar,197,137,43,62,439,0,0,8,3,11,197,137,51,65,450,0,0,0,450
03/10/2010,PIT,PA,AEA,CE,Combined TRACON& Tower with Radar,196,135,69,63,463,0,0,4,0,4,196,135,73,63,467,0,0,0,467
03/11/2010,PIT,PA,AEA,CE,Combined TRACON& Tower with Radar,199,155,44,29,427,0,1,0,2,3,199,156,44,31,430,0,0,0,430
03/12/2010,PIT,PA,AEA,CE,Combined TRACON& Tower with Radar,195,137,37,58,427,0,0,2,0,2,195,137,39,58,429,0,0,0,429
03/13/2010,PIT,PA,AEA,CE,Combined TRACON& Tower with Radar,172,91,16,2,281,0,0,2,0,2,172,91,18,2,283,0,0,0,283
03/14/2010,PIT,PA,AEA,CE,Combined TRACON& Tower with Radar,176,117,39,2,334,0,2,0,0,2,176,119,39,2,336,0,0,0,336
03/15/2010,PIT,PA,AEA,CE,Combined TRACON& Tower with Radar,188,146,37,24,395,0,0,0,1,1,188,146,37,25,396,0,0,0,396
03/16/2010,PIT,PA,AEA,CE,Combined TRACON& Tower with Radar,212,143,61,55,471,0,3,0,0,3,212,146,61,55,474,0,0,0,474
03/17/2010,PIT,PA,AEA,CE,Combined TRACON& Tower with Radar,201,147,38,47,433,0,2,4,1,7,201,149,42,48,440,0,10,10,450
03/18/2010,PIT,PA,AEA,CE,Combined TRACON& Tower with Radar,209,159,43,40,451,0,2,11,0,13,209,161,54,40,464,0,16,16,480
03/19/2010,PIT,PA,AEA,CE,Combined TRACON& Tower with Radar,213,137,37,9,396,0,1,5,0,6,213,138,42,9,402,0,5,5,407
03/20/2010,PIT,PA,AEA,CE,Combined TRACON& Tower with Radar,175,97,28,4,304,0,1,2,0,3,175,98,30,4,307,0,0,0,307
03/21/2010,PIT,PA,AEA,CE,Combined TRACON& Tower with Radar,182,130,26,2,340,0,0,0,0,0,182,130,26,2,340,0,0,0,340
03/22/2010,PIT,PA,AEA,CE,Combined TRACON& Tower with Radar,186,145,28,6,365,0,0,0,0,0,186,145,28,6,365,0,0,0,365
03/23/2010,PIT,PA,AEA,CE,Combined TRACON& Tower with Radar,206,148,41,36,431,0,0,1,0,1,206,148,42,36,432,0,0,0,432
03/24/2010,PIT,PA,AEA,CE,Combined TRACON& Tower with Radar,196,140,51,71,458,0,0,7,5,12,196,140,58,76,470,0,34,34,504
03/25/2010,PIT,PA,AEA,CE,Combined TRACON& Tower with Radar,208,153,54,33,448,0,0,2,0,2,208,153,56,33,450,0,0,0,450
03/26/2010,PIT,PA,AEA,CE,Combined TRACON& Tower with Radar,215,153,38,48,454,0,0,1,0,1,215,153,39,48,455,0,12,12,467
03/27/2010,PIT,PA,AEA,CE,Combined TRACON& Tower with Radar,174,93,6,2,275,0,1,4,0,5,174,94,10,2,280,0,0,0,280
03/28/2010,PIT,PA,AEA,CE,Combined TRACON& Tower with Radar,174,114,16,3,307,0,0,1,0,1,174,114,17,3,308,0,0,0,308
03/29/2010,PIT,PA,AEA,CE,Combined TRACON& Tower with Radar,197,137,23,70,427,0,0,4,0,4,197,137,27,70,431,0,0,0,431
03/30/2010,PIT,PA,AEA,CE,Combined TRACON& Tower with Radar,202,141,53,27,423,0,0,0,1,1,202,141,53,28,424,0,0,0,424
03/31/2010,PIT,PA,AEA,CE,Combined TRACON& Tower with Radar,209,143,48,18,418,0,0,8,0,8,209,143,56,18,426,0,12,12,438
04/01/2010,PIT,PA,AEA,CE,Combined TRACON& Tower with Radar,217,141,38,47,443,0,0,9,4,13,217,141,47,51,456,0,0,0,456
04/02/2010,PIT,PA,AEA,CE,Combined TRACON& Tower with Radar,211,139,23,53,426,0,0,14,0,14,211,139,37,53,440,0,43,43,483
04/03/2010,PIT,PA,AEA,CE,Combined TRACON& Tower with Radar,170,94,18,0,282,0,0,4,0,4,170,94,22,0,286,0,0,0,286
04/04/2010,PIT,PA,AEA,CE,Combined TRACON& Tower with Radar,181,116,6,2,305,0,0,0,0,0,181,116,6,2,305,0,0,0,305
04/05/2010,PIT,PA,AEA,CE,Combined TRACON& Tower with Radar,195,138,39,4,376,0,2,6,2,10,195,140,45,6,386,0,0,0,386
04/06/2010,PIT,PA,AEA,CE,Combined TRACON& Tower with Radar,217,136,48,13,414,0,0,1,6,7,217,136,49,19,421,0,0,0,421
04/07/2010,PIT,PA,AEA,CE,Combined TRACON& Tower with Radar,215,134,40,16,405,0,0,9,0,9,215,134,49,16,414,0,0,0,414
04/08/2010,PIT,PA,AEA,CE,Combined TRACON& Tower with Radar,223,131,35,41,430,0,0,6,0,6,223,131,41,41,436,0,0,0,436
04/09/2010,PIT,PA,AEA,CE,Combined TRACON& Tower with Radar,228,131,19,44,422,0,0,5,0,5,228,131,24,44,427,0,0,0,427
04/10/2010,PIT,PA,AEA,CE,Combined TRACON& Tower with Radar,186,88,15,11,300,0,0,8,0,8,186,88,23,11,308,0,8,8,316
04/11/2010,PIT,PA,AEA,CE,Combined TRACON& Tower with Radar,191,109,27,2,329,0,0,13,0,13,191,109,40,2,342,0,0,0,342
04/12/2010,PIT,PA,AEA,CE,Combined TRACON& Tower with Radar,214,138,39,34,425,0,2,5,0,7,214,140,44,34,432,0,0,0,432
04/13/2010,PIT,PA,AEA,CE,Combined TRACON& Tower with Radar,221,135,48,39,443,0,0,2,1,3,221,135,50,40,446,0,10,10,456
04/14/2010,PIT,PA,AEA,CE,Combined TRACON& Tower with Radar,215,138,51,31,435,0,0,12,6,18,215,138,63,37,453,0,0,0,453
04/15/2010,PIT,PA,AEA,CE,Combined TRACON& Tower with Radar,219,146,65,27,457,0,1,2,2,5,219,147,67,29,462,0,0,0,462
04/16/2010,PIT,PA,AEA,CE,Combined TRACON& Tower with Radar,223,145,36,7,411,0,0,5,0,5,223,145,41,7,416,0,0,0,416
04/17/2010,PIT,PA,AEA,CE,Combined TRACON& Tower with Radar,183,96,16,2,297,0,0,0,0,0,183,96,16,2,297,0,0,0,297
04/18/2010,PIT,PA,AEA,CE,Combined TRACON& Tower with Radar,194,114,12,0,320,0,1,3,0,4,194,115,15,0,324,0,0,0,324
04/19/2010,PIT,PA,AEA,CE,Combined TRACON& Tower with Radar,213,133,39,14,399,0,0,2,0,2,213,133,41,14,401,0,0,0,401
04/20/2010,PIT,PA,AEA,CE,Combined TRACON& Tower with Radar,216,137,44,2,399,0,0,10,1,11,216,137,54,3,410,0,0,0,410
04/21/2010,PIT,PA,AEA,CE,Combined TRACON& Tower with Radar,218,134,62,8,422,0,0,5,1,6,218,134,67,9,428,0,0,0,428
04/22/2010,PIT,PA,AEA,CE,Combined TRACON& Tower with Radar,233,135,51,14,433,0,0,2,2,4,233,135,53,16,437,0,0,0,437
04/23/2010,PIT,PA,AEA,CE,Combined TRACON& Tower with Radar,222,135,45,7,409,0,0,5,0,5,222,135,50,7,414,0,0,0,414
04/24/2010,PIT,PA,AEA,CE,Combined TRACON& Tower with Radar,180,96,23,4,303,0,0,1,0,1,180,96,24,4,304,0,0,0,304
04/25/2010,PIT,PA,AEA,CE,Combined TRACON& Tower with Radar,186,108,21,7,322,0,4,0,0,4,186,112,21,7,326,0,0,0,326
04/26/2010,PIT,PA,AEA,CE,Combined TRACON& Tower with Radar,221,134,44,6,405,0,0,0,0,0,221,134,44,6,405,0,0,0,405
04/27/2010,PIT,PA,AEA,CE,Combined TRACON& Tower with Radar,212,131,49,9,401,0,1,3,2,6,212,132,52,11,407,0,0,0,407
04/28/2010,PIT,PA,AEA,CE,Combined TRACON& Tower with Radar,218,138,61,26,443,0,0,6,0,6,218,138,67,26,449,0,0,0,449
04/29/2010,PIT,PA,AEA,CE,Combined TRACON& Tower with Radar,225,142,52,11,430,0,0,7,0,7,225,142,59,11,437,0,0,0,437
04/30/2010,PIT,PA,AEA,CE,Combined TRACON& Tower with Radar,216,136,55,10,417,0,0,6,0,6,216,136,61,10,423,0,0,0,423
05/01/2010,PIT,PA,AEA,CE,Combined TRACON& Tower with Radar,184,87,19,2,292,0,7,10,0,17,184,94,29,2,309,0,0,0,309
05/02/2010,PIT,PA,AEA,CE,Combined TRACON& Tower with Radar,201,102,26,1,330,0,0,0,0,0,201,102,26,1,330,0,0,0,330
05/03/2010,PIT,PA,AEA,CE,Combined TRACON& Tower with Radar,219,117,41,2,379,0,0,0,0,0,219,117,41,2,379,0,0,0,379
05/04/2010,PIT,PA,AEA,CE,Combined TRACON& Tower with Radar,219,136,47,23,425,0,0,4,0,4,219,136,51,23,429,0,0,0,429
05/05/2010,PIT,PA,AEA,CE,Combined TRACON& Tower with Radar,221,126,41,27,415,0,0,1,0,1,221,126,42,27,416,0,0,0,416
05/06/2010,PIT,PA,AEA,CE,Combined TRACON& Tower with Radar,226,137,36,21,420,0,0,3,1,4,226,137,39,22,424,0,0,0,424
05/07/2010,PIT,PA,AEA,CE,Combined TRACON& Tower with Radar,227,125,51,18,421,0,1,6,0,7,227,126,57,18,428,0,0,0,428
05/08/2010,PIT,PA,AEA,CE,Combined TRACON& Tower with Radar,175,94,19,0,288,0,0,0,0,0,175,94,19,0,288,0,0,0,288
05/09/2010,PIT,PA,AEA,CE,Combined TRACON& Tower with Radar,208,101,30,2,341,0,0,7,0,7,208,101,37,2,348,0,0,0,348
05/10/2010,PIT,PA,AEA,CE,Combined TRACON& Tower with Radar,218,128,43,24,413,0,6,4,0,10,218,134,47,24,423,0,0,0,423
05/11/2010,PIT,PA,AEA,CE,Combined TRACON& Tower with Radar,220,142,79,33,474,0,0,0,0,0,220,142,79,33,474,0,0,0,474
05/12/2010,PIT,PA,AEA,CE,Combined TRACON& Tower with Radar,217,139,76,27,459,0,0,1,0,1,217,139,77,27,460,0,0,0,460
05/13/2010,PIT,PA,AEA,CE,Combined TRACON& Tower with Radar,219,139,65,28,451,0,0,0,0,0,219,139,65,28,451,0,0,0,451
05/14/2010,PIT,PA,AEA,CE,Combined TRACON& Tower with Radar,227,131,53,9,420,0,0,2,0,2,227,131,55,9,422,0,0,0,422
05/15/2010,PIT,PA,AEA,CE,Combined TRACON& Tower with Radar,172,91,16,6,285,0,2,2,0,4,172,93,18,6,289,0,0,0,289
05/16/2010,PIT,PA,AEA,CE,Combined TRACON& Tower with Radar,205,108,15,3,331,0,0,3,0,3,205,108,18,3,334,0,0,0,334
05/17/2010,PIT,PA,AEA,CE,Combined TRACON& Tower with Radar,217,138,38,18,411,0,0,2,0,2,217,138,40,18,413,0,0,0,413
05/18/2010,PIT,PA,AEA,CE,Combined TRACON& Tower with Radar,218,136,53,5,412,0,0,0,0,0,218,136,53,5,412,0,0,0,412
05/19/2010,PIT,PA,AEA,CE,Combined TRACON& Tower with Radar,219,138,62,15,434,0,4,5,0,9,219,142,67,15,443,0,8,8,451
05/20/2010,PIT,PA,AEA,CE,Combined TRACON& Tower with Radar,229,127,64,15,435,0,0,4,0,4,229,127,68,15,439,0,0,0,439
05/21/2010,PIT,PA,AEA,CE,Combined TRACON& Tower with Radar,218,133,37,11,399,0,0,2,0,2,218,133,39,11,401,0,0,0,401
05/22/2010,PIT,PA,AEA,CE,Combined TRACON& Tower with Radar,178,105,9,1,293,0,0,0,0,0,178,105,9,1,293,0,0,0,293
05/23/2010,PIT,PA,AEA,CE,Combined TRACON& Tower with Radar,200,110,20,3,333,0,0,3,0,3,200,110,23,3,336,0,0,0,336
05/24/2010,PIT,PA,AEA,CE,Combined TRACON& Tower with Radar,214,122,43,12,391,0,3,4,1,8,214,125,47,13,399,0,0,0,399
05/25/2010,PIT,PA,AEA,CE,Combined TRACON& Tower with Radar,216,137,67,10,430,0,0,1,2,3,216,137,68,12,433,0,0,0,433
05/26/2010,PIT,PA,AEA,CE,Combined TRACON& Tower with Radar,213,140,43,8,404,0,0,3,0,3,213,140,46,8,407,0,0,0,407
05/27/2010,PIT,PA,AEA,CE,Combined TRACON& Tower with Radar,213,141,49,1,404,0,0,3,3,6,213,141,52,4,410,0,0,0,410
05/28/2010,PIT,PA,AEA,CE,Combined TRACON& Tower with Radar,230,139,36,11,416,0,0,1,1,2,230,139,37,12,418,0,0,0,418
05/29/2010,PIT,PA,AEA,CE,Combined TRACON& Tower with Radar,186,87,14,3,290,0,0,3,0,3,186,87,17,3,293,0,0,0,293
05/30/2010,PIT,PA,AEA,CE,Combined TRACON& Tower with Radar,172,94,12,2,280,0,0,2,0,2,172,94,14,2,282,0,0,0,282
05/31/2010,PIT,PA,AEA,CE,Combined TRACON& Tower with Radar,203,100,20,3,326,0,0,6,1,7,203,100,26,4,333,0,0,0,333
06/01/2010,PIT,PA,AEA,CE,Combined TRACON& Tower with Radar,220,123,35,5,383,0,0,2,0,2,220,123,37,5,385,0,0,0,385
06/02/2010,PIT,PA,AEA,CE,Combined TRACON& Tower with Radar,216,129,51,4,400,0,0,5,1,6,216,129,56,5,406,0,0,0,406
06/03/2010,PIT,PA,AEA,CE,Combined TRACON& Tower with Radar,219,142,76,5,442,0,0,0,0,0,219,142,76,5,442,0,0,0,442
06/04/2010,PIT,PA,AEA,CE,Combined TRACON& Tower with Radar,223,132,33,8,396,0,0,0,0,0,223,132,33,8,396,0,0,0,396
06/05/2010,PIT,PA,AEA,CE,Combined TRACON& Tower with Radar,180,94,7,7,288,0,0,0,0,0,180,94,7,7,288,0,0,0,288
06/06/2010,PIT,PA,AEA,CE,Combined TRACON& Tower with Radar,204,103,19,4,330,0,0,2,0,2,204,103,21,4,332,0,0,0,332
06/07/2010,PIT,PA,AEA,CE,Combined TRACON& Tower with Radar,222,135,38,11,406,0,2,1,2,5,222,137,39,13,411,0,0,0,411
06/08/2010,PIT,PA,AEA,CE,Combined TRACON& Tower with Radar,220,144,51,8,423,0,0,10,0,10,220,144,61,8,433,0,0,0,433
06/09/2010,PIT,PA,AEA,CE,Combined TRACON& Tower with Radar,219,127,54,7,407,0,0,0,0,0,219,127,54,7,407,0,0,0,407
06/10/2010,PIT,PA,AEA,CE,Combined TRACON& Tower with Radar,230,129,43,3,405,0,0,4,0,4,230,129,47,3,409,0,0,0,409
06/11/2010,PIT,PA,AEA,CE,Combined TRACON& Tower with Radar,229,137,32,6,404,0,3,10,0,13,229,140,42,6,417,0,0,0,417
06/12/2010,PIT,PA,AEA,CE,Combined TRACON& Tower with Radar,202,95,19,2,318,0,2,2,0,4,202,97,21,2,322,0,0,0,322
06/13/2010,PIT,PA,AEA,CE,Combined TRACON& Tower with Radar,214,99,19,2,334,0,0,0,0,0,214,99,19,2,334,0,0,0,334
06/14/2010,PIT,PA,AEA,CE,Combined TRACON& Tower with Radar,228,128,32,4,392,0,3,1,1,5,228,131,33,5,397,0,0,0,397
06/15/2010,PIT,PA,AEA,CE,Combined TRACON& Tower with Radar,226,138,47,7,418,0,0,0,0,0,226,138,47,7,418,0,0,0,418
06/16/2010,PIT,PA,AEA,CE,Combined TRACON& Tower with Radar,232,140,65,16,453,0,4,9,0,13,232,144,74,16,466,0,0,0,466
06/17/2010,PIT,PA,AEA,CE,Combined TRACON& Tower with Radar,235,136,34,15,420,0,0,6,0,6,235,136,40,15,426,0,0,0,426
06/18/2010,PIT,PA,AEA,CE,Combined TRACON& Tower with Radar,229,128,44,9,410,0,0,8,0,8,229,128,52,9,418,0,0,0,418
06/19/2010,PIT,PA,AEA,CE,Combined TRACON& Tower with Radar,206,101,12,0,319,0,2,7,0,9,206,103,19,0,328,0,0,0,328
06/20/2010,PIT,PA,AEA,CE,Combined TRACON& Tower with Radar,220,101,17,0,338,0,0,0,0,0,220,101,17,0,338,0,0,0,338
06/21/2010,PIT,PA,AEA,CE,Combined TRACON& Tower with Radar,225,124,35,19,403,0,0,5,0,5,225,124,40,19,408,0,0,0,408
06/22/2010,PIT,PA,AEA,CE,Combined TRACON& Tower with Radar,232,130,26,20,408,0,2,0,0,2,232,132,26,20,410,0,8,8,418
06/23/2010,PIT,PA,AEA,CE,Combined TRACON& Tower with Radar,223,123,49,24,419,0,2,6,0,8,223,125,55,24,427,0,0,0,427
06/24/2010,PIT,PA,AEA,CE,Combined TRACON& Tower with Radar,233,138,40,10,421,0,0,1,0,1,233,138,41,10,422,0,0,0,422
06/25/2010,PIT,PA,AEA,CE,Combined TRACON& Tower with Radar,243,134,49,8,434,0,4,2,0,6,243,138,51,8,440,0,0,0,440
06/26/2010,PIT,PA,AEA,CE,Combined TRACON& Tower with Radar,208,94,13,10,325,0,3,0,0,3,208,97,13,10,328,0,0,0,328
06/27/2010,PIT,PA,AEA,CE,Combined TRACON& Tower with Radar,215,101,17,2,335,0,0,3,0,3,215,101,20,2,338,0,0,0,338
06/28/2010,PIT,PA,AEA,CE,Combined TRACON& Tower with Radar,216,121,42,5,384,0,2,0,0,2,216,123,42,5,386,0,0,0,386
06/29/2010,PIT,PA,AEA,CE,Combined TRACON& Tower with Radar,238,125,30,1,394,0,1,2,0,3,238,126,32,1,397,0,0,0,397
06/30/2010,PIT,PA,AEA,CE,Combined TRACON& Tower with Radar,235,136,33,3,407,0,1,9,0,10,235,137,42,3,417,0,0,0,417
07/01/2010,PIT,PA,AEA,CE,Combined TRACON& Tower with Radar,237,140,37,13,427,0,1,3,2,6,237,141,40,15,433,0,0,0,433
07/02/2010,PIT,PA,AEA,CE,Combined TRACON& Tower with Radar,234,142,23,3,402,0,2,3,0,5,234,144,26,3,407,0,0,0,407
07/03/2010,PIT,PA,AEA,CE,Combined TRACON& Tower with Radar,210,92,9,3,314,0,0,2,1,3,210,92,11,4,317,0,0,0,317
07/04/2010,PIT,PA,AEA,CE,Combined TRACON& Tower with Radar,186,77,8,3,274,0,2,5,0,7,186,79,13,3,281,0,0,0,281
07/05/2010,PIT,PA,AEA,CE,Combined TRACON& Tower with Radar,206,115,17,0,338,0,3,2,0,5,206,118,19,0,343,0,0,0,343
07/06/2010,PIT,PA,AEA,CE,Combined TRACON& Tower with Radar,216,124,26,31,397,0,0,4,0,4,216,124,30,31,401,0,0,0,401
07/07/2010,PIT,PA,AEA,CE,Combined TRACON& Tower with Radar,235,134,39,19,427,0,0,3,3,6,235,134,42,22,433,0,0,0,433
07/08/2010,PIT,PA,AEA,CE,Combined TRACON& Tower with Radar,229,131,46,12,418,0,0,2,0,2,229,131,48,12,420,0,0,0,420
07/09/2010,PIT,PA,AEA,CE,Combined TRACON& Tower with Radar,228,122,19,4,373,0,0,0,0,0,228,122,19,4,373,0,0,0,373
07/10/2010,PIT,PA,AEA,CE,Combined TRACON& Tower with Radar,204,110,16,3,333,0,0,0,2,2,204,110,16,5,335,0,0,0,335
07/11/2010,PIT,PA,AEA,CE,Combined TRACON& Tower with Radar,216,110,15,2,343,0,2,1,0,3,216,112,16,2,346,0,0,0,346
07/12/2010,PIT,PA,AEA,CE,Combined TRACON& Tower with Radar,229,132,43,7,411,0,1,1,0,2,229,133,44,7,413,0,0,0,413
07/13/2010,PIT,PA,AEA,CE,Combined TRACON& Tower with Radar,226,126,47,36,435,0,0,1,1,2,226,126,48,37,437,0,0,0,437
07/14/2010,PIT,PA,AEA,CE,Combined TRACON& Tower with Radar,233,136,34,48,451,0,2,6,0,8,233,138,40,48,459,0,0,0,459
07/15/2010,PIT,PA,AEA,CE,Combined TRACON& Tower with Radar,237,126,55,15,433,0,0,5,4,9,237,126,60,19,442,0,6,6,448
07/16/2010,PIT,PA,AEA,CE,Combined TRACON& Tower with Radar,233,130,36,36,435,0,0,3,0,3,233,130,39,36,438,0,8,8,446
07/17/2010,PIT,PA,AEA,CE,Combined TRACON& Tower with Radar,212,94,16,3,325,0,0,2,0,2,212,94,18,3,327,0,0,0,327
07/18/2010,PIT,PA,AEA,CE,Combined TRACON& Tower with Radar,224,106,15,3,348,0,1,2,0,3,224,107,17,3,351,0,0,0,351
07/19/2010,PIT,PA,AEA,CE,Combined TRACON& Tower with Radar,217,119,46,17,399,0,1,4,0,5,217,120,50,17,404,0,0,0,404
07/20/2010,PIT,PA,AEA,CE,Combined TRACON& Tower with Radar,239,140,51,19,449,0,0,0,0,0,239,140,51,19,449,0,0,0,449
07/21/2010,PIT,PA,AEA,CE,Combined TRACON& Tower with Radar,223,130,44,61,458,0,0,1,1,2,223,130,45,62,460,0,6,6,466
07/22/2010,PIT,PA,AEA,CE,Combined TRACON& Tower with Radar,237,138,51,18,444,0,0,3,1,4,237,138,54,19,448,0,0,0,448
07/23/2010,PIT,PA,AEA,CE,Combined TRACON& Tower with Radar,228,120,27,28,403,0,0,3,0,3,228,120,30,28,406,0,0,0,406
07/24/2010,PIT,PA,AEA,CE,Combined TRACON& Tower with Radar,214,100,15,1,330,0,2,4,0,6,214,102,19,1,336,0,0,0,336
07/25/2010,PIT,PA,AEA,CE,Combined TRACON& Tower with Radar,224,120,21,3,368,0,0,0,0,0,224,120,21,3,368,0,0,0,368
07/26/2010,PIT,PA,AEA,CE,Combined TRACON& Tower with Radar,230,126,31,1,388,0,0,7,0,7,230,126,38,1,395,0,0,0,395
07/27/2010,PIT,PA,AEA,CE,Combined TRACON& Tower with Radar,230,139,45,26,440,0,0,8,0,8,230,139,53,26,448,0,0,0,448
07/28/2010,PIT,PA,AEA,CE,Combined TRACON& Tower with Radar,223,131,42,16,412,0,2,4,1,7,223,133,46,17,419,0,0,0,419
07/29/2010,PIT,PA,AEA,CE,Combined TRACON& Tower with Radar,237,134,44,28,443,0,0,1,0,1,237,134,45,28,444,0,0,0,444
07/30/2010,PIT,PA,AEA,CE,Combined TRACON& Tower with Radar,241,142,28,10,421,0,1,6,0,7,241,143,34,10,428,0,0,0,428
07/31/2010,PIT,PA,AEA,CE,Combined TRACON& Tower with Radar,204,102,20,1,327,0,3,1,0,4,204,105,21,1,331,0,0,0,331
08/01/2010,PIT,PA,AEA,CE,Combined TRACON& Tower with Radar,219,97,17,2,335,0,2,9,0,11,219,99,26,2,346,0,0,0,346
08/02/2010,PIT,PA,AEA,CE,Combined TRACON& Tower with Radar,226,124,29,29,408,0,0,10,0,10,226,124,39,29,418,0,0,0,418
08/03/2010,PIT,PA,AEA,CE,Combined TRACON& Tower with Radar,230,130,50,14,424,0,0,7,0,7,230,130,57,14,431,0,0,0,431
08/04/2010,PIT,PA,AEA,CE,Combined TRACON& Tower with Radar,223,124,47,24,418,0,0,1,2,3,223,124,48,26,421,0,0,0,421
08/05/2010,PIT,PA,AEA,CE,Combined TRACON& Tower with Radar,251,149,30,28,458,0,8,0,1,9,251,157,30,29,467,0,0,0,467
08/06/2010,PIT,PA,AEA,CE,Combined TRACON& Tower with Radar,233,128,28,31,420,0,0,2,2,4,233,128,30,33,424,0,0,0,424
08/07/2010,PIT,PA,AEA,CE,Combined TRACON& Tower with Radar,208,105,12,8,333,0,0,5,1,6,208,105,17,9,339,0,0,0,339
08/08/2010,PIT,PA,AEA,CE,Combined TRACON& Tower with Radar,211,115,27,6,359,0,0,5,0,5,211,115,32,6,364,0,0,0,364
08/09/2010,PIT,PA,AEA,CE,Combined TRACON& Tower with Radar,223,120,38,14,395,0,0,3,0,3,223,120,41,14,398,0,0,0,398
08/10/2010,PIT,PA,AEA,CE,Combined TRACON& Tower with Radar,225,141,31,8,405,0,0,2,0,2,225,141,33,8,407,0,0,0,407
08/11/2010,PIT,PA,AEA,CE,Combined TRACON& Tower with Radar,222,139,30,20,411,0,0,1,0,1,222,139,31,20,412,0,0,0,412
08/12/2010,PIT,PA,AEA,CE,Combined TRACON& Tower with Radar,241,132,34,11,418,0,0,1,0,1,241,132,35,11,419,0,0,0,419
08/13/2010,PIT,PA,AEA,CE,Combined TRACON& Tower with Radar,238,133,24,38,433,0,0,0,0,0,238,133,24,38,433,0,0,0,433
08/14/2010,PIT,PA,AEA,CE,Combined TRACON& Tower with Radar,205,101,8,2,316,0,1,5,0,6,205,102,13,2,322,0,0,0,322
08/15/2010,PIT,PA,AEA,CE,Combined TRACON& Tower with Radar,215,105,14,4,338,0,0,3,0,3,215,105,17,4,341,0,0,0,341
08/16/2010,PIT,PA,AEA,CE,Combined TRACON& Tower with Radar,225,120,44,18,407,0,0,11,0,11,225,120,55,18,418,0,0,0,418
08/17/2010,PIT,PA,AEA,CE,Combined TRACON& Tower with Radar,239,138,43,22,442,0,1,10,1,12,239,139,53,23,454,0,0,0,454
08/18/2010,PIT,PA,AEA,CE,Combined TRACON& Tower with Radar,239,142,46,36,463,0,0,4,0,4,239,142,50,36,467,0,0,0,467
08/19/2010,PIT,PA,AEA,CE,Combined TRACON& Tower with Radar,244,144,52,38,478,0,0,1,0,1,244,144,53,38,479,0,0,0,479
08/20/2010,PIT,PA,AEA,CE,Combined TRACON& Tower with Radar,246,142,43,18,449,0,0,1,0,1,246,142,44,18,450,0,0,0,450
08/21/2010,PIT,PA,AEA,CE,Combined TRACON& Tower with Radar,201,93,21,4,319,0,2,3,0,5,201,95,24,4,324,0,0,0,324
08/22/2010,PIT,PA,AEA,CE,Combined TRACON& Tower with Radar,230,104,22,6,362,0,0,4,0,4,230,104,26,6,366,0,0,0,366
08/23/2010,PIT,PA,AEA,CE,Combined TRACON& Tower with Radar,237,120,48,14,419,0,0,0,1,1,237,120,48,15,420,0,0,0,420
08/24/2010,PIT,PA,AEA,CE,Combined TRACON& Tower with Radar,237,130,64,23,454,0,0,6,0,6,237,130,70,23,460,0,0,0,460
08/25/2010,PIT,PA,AEA,CE,Combined TRACON& Tower with Radar,240,127,44,22,433,0,1,4,0,5,240,128,48,22,438,0,0,0,438
08/26/2010,PIT,PA,AEA,CE,Combined TRACON& Tower with Radar,252,137,47,37,473,0,2,2,0,4,252,139,49,37,477,0,0,0,477
08/27/2010,PIT,PA,AEA,CE,Combined TRACON& Tower with Radar,243,139,34,35,451,0,1,5,0,6,243,140,39,35,457,0,0,0,457
08/28/2010,PIT,PA,AEA,CE,Combined TRACON& Tower with Radar,204,90,13,3,310,0,3,0,0,3,204,93,13,3,313,0,0,0,313
08/29/2010,PIT,PA,AEA,CE,Combined TRACON& Tower with Radar,214,106,21,4,345,0,0,5,0,5,214,106,26,4,350,0,0,0,350
08/30/2010,PIT,PA,AEA,CE,Combined TRACON& Tower with Radar,233,125,33,71,462,0,0,3,0,3,233,125,36,71,465,0,0,0,465
08/31/2010,PIT,PA,AEA,CE,Combined TRACON& Tower with Radar,240,135,47,25,447,0,2,4,2,8,240,137,51,27,455,0,16,16,471
09/01/2010,PIT,PA,AEA,CE,Combined TRACON& Tower with Radar,239,138,43,58,478,0,1,0,7,8,239,139,43,65,486,0,12,12,498
09/02/2010,PIT,PA,AEA,CE,Combined TRACON& Tower with Radar,251,129,40,14,434,0,0,2,3,5,251,129,42,17,439,0,0,0,439
09/03/2010,PIT,PA,AEA,CE,Combined TRACON& Tower with Radar,245,132,30,5,412,0,0,0,0,0,245,132,30,5,412,0,0,0,412
09/04/2010,PIT,PA,AEA,CE,Combined TRACON& Tower with Radar,198,90,11,8,307,0,2,0,0,2,198,92,11,8,309,0,0,0,309
09/05/2010,PIT,PA,AEA,CE,Combined TRACON& Tower with Radar,175,88,15,8,286,0,0,6,0,6,175,88,21,8,292,0,0,0,292
09/06/2010,PIT,PA,AEA,CE,Combined TRACON& Tower with Radar,213,106,25,2,346,0,0,8,0,8,213,106,33,2,354,0,0,0,354
09/07/2010,PIT,PA,AEA,CE,Combined TRACON& Tower with Radar,226,133,54,22,435,0,5,7,3,15,226,138,61,25,450,0,0,0,450
09/08/2010,PIT,PA,AEA,CE,Combined TRACON& Tower with Radar,224,147,59,20,450,0,0,3,4,7,224,147,62,24,457,0,0,0,457
09/09/2010,PIT,PA,AEA,CE,Combined TRACON& Tower with Radar,239,141,52,47,479,0,1,22,8,31,239,142,74,55,510,0,0,0,510
09/10/2010,PIT,PA,AEA,CE,Combined TRACON& Tower with Radar,236,139,54,30,459,0,0,27,13,40,236,139,81,43,499,0,0,0,499
09/11/2010,PIT,PA,AEA,CE,Combined TRACON& Tower with Radar,198,99,14,2,313,0,2,9,12,23,198,101,23,14,336,0,0,0,336
09/12/2010,PIT,PA,AEA,CE,Combined TRACON& Tower with Radar,214,110,32,11,367,0,2,16,9,27,214,112,48,20,394,0,0,0,394
09/13/2010,PIT,PA,AEA,CE,Combined TRACON& Tower with Radar,229,148,40,54,471,0,0,9,2,11,229,148,49,56,482,0,0,0,482
09/14/2010,PIT,PA,AEA,CE,Combined TRACON& Tower with Radar,225,143,58,40,466,0,1,3,2,6,225,144,61,42,472,0,0,0,472
09/15/2010,PIT,PA,AEA,CE,Combined TRACON& Tower with Radar,227,149,59,29,464,0,0,3,0,3,227,149,62,29,467,0,0,0,467
09/16/2010,PIT,PA,AEA,CE,Combined TRACON& Tower with Radar,233,150,64,7,454,0,0,0,0,0,233,150,64,7,454,0,0,0,454
09/17/2010,PIT,PA,AEA,CE,Combined TRACON& Tower with Radar,237,144,43,27,451,0,0,4,0,4,237,144,47,27,455,0,0,0,455
09/18/2010,PIT,PA,AEA,CE,Combined TRACON& Tower with Radar,195,91,19,4,309,0,0,7,2,9,195,91,26,6,318,0,0,0,318
09/19/2010,PIT,PA,AEA,CE,Combined TRACON& Tower with Radar,218,104,21,1,344,0,1,2,0,3,218,105,23,1,347,0,0,0,347
09/20/2010,PIT,PA,AEA,CE,Combined TRACON& Tower with Radar,225,137,55,10,427,0,0,4,0,4,225,137,59,10,431,0,0,0,431
09/21/2010,PIT,PA,AEA,CE,Combined TRACON& Tower with Radar,223,134,61,51,469,0,1,6,1,8,223,135,67,52,477,0,0,0,477
09/22/2010,PIT,PA,AEA,CE,Combined TRACON& Tower with Radar,223,143,65,55,486,0,0,10,0,10,223,143,75,55,496,0,0,0,496
09/23/2010,PIT,PA,AEA,CE,Combined TRACON& Tower with Radar,244,151,59,30,484,0,0,19,0,19,244,151,78,30,503,0,0,0,503
09/24/2010,PIT,PA,AEA,CE,Combined TRACON& Tower with Radar,245,148,52,6,451,0,0,4,2,6,245,148,56,8,457,0,0,0,457
09/25/2010,PIT,PA,AEA,CE,Combined TRACON& Tower with Radar,196,92,21,3,312,0,0,1,0,1,196,92,22,3,313,0,0,0,313
09/26/2010,PIT,PA,AEA,CE,Combined TRACON& Tower with Radar,218,110,33,0,361,0,1,0,0,1,218,111,33,0,362,0,0,0,362
09/27/2010,PIT,PA,AEA,CE,Combined TRACON& Tower with Radar,219,132,45,20,416,0,0,1,0,1,219,132,46,20,417,0,0,0,417
09/28/2010,PIT,PA,AEA,CE,Combined TRACON& Tower with Radar,229,136,63,21,449,0,0,0,1,1,229,136,63,22,450,0,0,0,450
09/29/2010,PIT,PA,AEA,CE,Combined TRACON& Tower with Radar,229,147,48,6,430,0,4,3,3,10,229,151,51,9,440,0,0,0,440
09/30/2010,PIT,PA,AEA,CE,Combined TRACON& Tower with Radar,225,130,40,5,400,0,0,0,0,0,225,130,40,5,400,0,0,0,400
10/01/2010,PIT,PA,AEA,CE,Combined TRACON& Tower with Radar,248,135,37,15,435,0,0,3,0,3,248,135,40,15,438,0,0,0,438
10/02/2010,PIT,PA,AEA,CE,Combined TRACON& Tower with Radar,193,105,19,6,323,0,2,2,0,4,193,107,21,6,327,0,0,0,327
10/03/2010,PIT,PA,AEA,CE,Combined TRACON& Tower with Radar,208,134,26,4,372,0,0,0,0,0,208,134,26,4,372,0,0,0,372
10/04/2010,PIT,PA,AEA,CE,Combined TRACON& Tower with Radar,217,130,44,9,400,0,0,0,0,0,217,130,44,9,400,0,0,0,400
10/05/2010,PIT,PA,AEA,CE,Combined TRACON& Tower with Radar,219,135,33,59,446,0,0,0,0,0,219,135,33,59,446,0,0,0,446
10/06/2010,PIT,PA,AEA,CE,Combined TRACON& Tower with Radar,224,147,63,39,473,0,3,0,3,6,224,150,63,42,479,0,0,0,479
10/07/2010,PIT,PA,AEA,CE,Combined TRACON& Tower with Radar,245,149,45,35,474,0,0,4,5,9,245,149,49,40,483,0,0,0,483
10/08/2010,PIT,PA,AEA,CE,Combined TRACON& Tower with Radar,247,136,46,22,451,0,0,8,0,8,247,136,54,22,459,0,0,0,459
10/09/2010,PIT,PA,AEA,CE,Combined TRACON& Tower with Radar,193,98,10,1,302,0,0,5,0,5,193,98,15,1,307,0,0,0,307
10/10/2010,PIT,PA,AEA,CE,Combined TRACON& Tower with Radar,214,120,21,1,356,0,1,5,0,6,214,121,26,1,362,0,0,0,362
10/11/2010,PIT,PA,AEA,CE,Combined TRACON& Tower with Radar,225,136,43,2,406,0,0,14,0,14,225,136,57,2,420,0,0,0,420
10/12/2010,PIT,PA,AEA,CE,Combined TRACON& Tower with Radar,230,138,59,32,459,0,0,0,17,17,230,138,59,49,476,0,0,0,476
10/13/2010,PIT,PA,AEA,CE,Combined TRACON& Tower with Radar,233,138,53,43,467,0,0,0,1,1,233,138,53,44,468,0,0,0,468
10/14/2010,PIT,PA,AEA,CE,Combined TRACON& Tower with Radar,238,151,62,42,493,0,1,0,1,2,238,152,62,43,495,0,9,9,504
10/15/2010,PIT,PA,AEA,CE,Combined TRACON& Tower with Radar,244,142,45,46,477,0,2,3,0,5,244,144,48,46,482,0,0,0,482
10/16/2010,PIT,PA,AEA,CE,Combined TRACON& Tower with Radar,193,97,23,4,317,0,0,4,0,4,193,97,27,4,321,0,0,0,321
10/17/2010,PIT,PA,AEA,CE,Combined TRACON& Tower with Radar,215,127,24,4,370,0,0,9,0,9,215,127,33,4,379,0,0,0,379
10/18/2010,PIT,PA,AEA,CE,Combined TRACON& Tower with Radar,219,134,47,5,405,0,0,5,0,5,219,134,52,5,410,0,0,0,410
10/19/2010,PIT,PA,AEA,CE,Combined TRACON& Tower with Radar,226,144,46,48,464,0,0,4,0,4,226,144,50,48,468,0,0,0,468
10/20/2010,PIT,PA,AEA,CE,Combined TRACON& Tower with Radar,225,139,63,40,467,0,0,1,0,1,225,139,64,40,468,0,0,0,468
10/21/2010,PIT,PA,AEA,CE,Combined TRACON& Tower with Radar,240,143,38,56,477,0,0,2,2,4,240,143,40,58,481,0,0,0,481
10/22/2010,PIT,PA,AEA,CE,Combined TRACON& Tower with Radar,239,151,46,30,466,0,0,6,0,6,239,151,52,30,472,0,0,0,472
10/23/2010,PIT,PA,AEA,CE,Combined TRACON& Tower with Radar,186,104,25,0,315,0,0,2,0,2,186,104,27,0,317,0,0,0,317
10/24/2010,PIT,PA,AEA,CE,Combined TRACON& Tower with Radar,216,113,20,3,352,0,0,3,0,3,216,113,23,3,355,0,0,0,355
10/25/2010,PIT,PA,AEA,CE,Combined TRACON& Tower with Radar,222,141,34,46,443,0,0,1,0,1,222,141,35,46,444,0,0,0,444
10/26/2010,PIT,PA,AEA,CE,Combined TRACON& Tower with Radar,225,140,38,19,422,0,0,3,1,4,225,140,41,20,426,0,0,0,426
10/27/2010,PIT,PA,AEA,CE,Combined TRACON& Tower with Radar,227,138,47,29,441,0,0,13,1,14,227,138,60,30,455,0,12,12,467
10/28/2010,PIT,PA,AEA,CE,Combined TRACON& Tower with Radar,243,147,41,42,473,0,1,5,6,12,243,148,46,48,485,0,0,0,485
10/29/2010,PIT,PA,AEA,CE,Combined TRACON& Tower with Radar,240,142,38,38,458,0,4,0,4,8,240,146,38,42,466,0,0,0,466
10/30/2010,PIT,PA,AEA,CE,Combined TRACON& Tower with Radar,191,97,11,2,301,0,0,6,0,6,191,97,17,2,307,0,0,0,307
10/31/2010,PIT,PA,AEA,CE,Combined TRACON& Tower with Radar,205,105,15,4,329,0,0,1,0,1,205,105,16,4,330,0,0,0,330
11/01/2010,PIT,PA,AEA,CE,Combined TRACON& Tower with Radar,225,144,33,11,413,0,0,5,1,6,225,144,38,12,419,0,0,0,419
11/02/2010,PIT,PA,AEA,CE,Combined TRACON& Tower with Radar,229,132,55,48,464,0,2,0,1,3,229,134,55,49,467,0,0,0,467
11/03/2010,PIT,PA,AEA,CE,Combined TRACON& Tower with Radar,225,148,56,37,466,0,2,0,2,4,225,150,56,39,470,0,0,0,470
11/04/2010,PIT,PA,AEA,CE,Combined TRACON& Tower with Radar,225,144,57,38,464,0,1,1,0,2,225,145,58,38,466,0,12,12,478
11/05/2010,PIT,PA,AEA,CE,Combined TRACON& Tower with Radar,250,130,39,36,455,0,0,3,0,3,250,130,42,36,458,0,0,0,458
11/06/2010,PIT,PA,AEA,CE,Combined TRACON& Tower with Radar,194,91,20,3,308,0,0,0,2,2,194,91,20,5,310,0,0,0,310
11/07/2010,PIT,PA,AEA,CE,Combined TRACON& Tower with Radar,212,109,15,5,341,0,0,0,0,0,212,109,15,5,341,0,0,0,341
11/08/2010,PIT,PA,AEA,CE,Combined TRACON& Tower with Radar,232,142,37,67,478,0,2,1,1,4,232,144,38,68,482,0,0,0,482
11/09/2010,PIT,PA,AEA,CE,Combined TRACON& Tower with Radar,226,147,59,26,458,0,1,8,3,12,226,148,67,29,470,0,0,0,470
11/10/2010,PIT,PA,AEA,CE,Combined TRACON& Tower with Radar,230,146,58,21,455,0,1,2,4,7,230,147,60,25,462,0,0,0,462
11/11/2010,PIT,PA,AEA,CE,Combined TRACON& Tower with Radar,238,138,60,3,439,0,0,5,3,8,238,138,65,6,447,0,0,0,447
11/12/2010,PIT,PA,AEA,CE,Combined TRACON& Tower with Radar,244,142,52,4,442,0,2,8,1,11,244,144,60,5,453,0,12,12,465
11/13/2010,PIT,PA,AEA,CE,Combined TRACON& Tower with Radar,198,94,11,6,309,0,0,12,0,12,198,94,23,6,321,0,0,0,321
11/14/2010,PIT,PA,AEA,CE,Combined TRACON& Tower with Radar,213,124,29,2,368,0,0,2,0,2,213,124,31,2,370,0,0,0,370
11/15/2010,PIT,PA,AEA,CE,Combined TRACON& Tower with Radar,233,152,60,13,458,0,0,4,0,4,233,152,64,13,462,0,0,0,462
11/16/2010,PIT,PA,AEA,CE,Combined TRACON& Tower with Radar,230,131,34,6,401,0,0,4,0,4,230,131,38,6,405,0,0,0,405
11/17/2010,PIT,PA,AEA,CE,Combined TRACON& Tower with Radar,227,137,41,27,432,0,0,0,0,0,227,137,41,27,432,0,0,0,432
11/18/2010,PIT,PA,AEA,CE,Combined TRACON& Tower with Radar,242,145,85,42,514,0,0,4,0,4,242,145,89,42,518,0,0,0,518
11/19/2010,PIT,PA,AEA,CE,Combined TRACON& Tower with Radar,246,141,42,33,462,0,0,7,0,7,246,141,49,33,469,0,0,0,469
11/20/2010,PIT,PA,AEA,CE,Combined TRACON& Tower with Radar,206,98,20,4,328,0,1,4,0,5,206,99,24,4,333,0,0,0,333
11/21/2010,PIT,PA,AEA,CE,Combined TRACON& Tower with Radar,221,127,24,1,373,0,0,4,0,4,221,127,28,1,377,0,0,0,377
11/22/2010,PIT,PA,AEA,CE,Combined TRACON& Tower with Radar,222,145,32,53,452,0,1,3,0,4,222,146,35,53,456,0,0,0,456
11/23/2010,PIT,PA,AEA,CE,Combined TRACON& Tower with Radar,230,157,41,39,467,0,3,6,5,14,230,160,47,44,481,0,0,0,481
11/24/2010,PIT,PA,AEA,CE,Combined TRACON& Tower with Radar,238,139,28,36,441,0,0,2,0,2,238,139,30,36,443,0,0,0,443
11/25/2010,PIT,PA,AEA,CE,Combined TRACON& Tower with Radar,154,84,14,2,254,0,0,0,0,0,154,84,14,2,254,0,0,0,254
11/26/2010,PIT,PA,AEA,CE,Combined TRACON& Tower with Radar,171,103,16,6,296,0,0,1,0,1,171,103,17,6,297,0,0,0,297
11/27/2010,PIT,PA,AEA,CE,Combined TRACON& Tower with Radar,206,105,2,1,314,0,0,2,0,2,206,105,4,1,316,0,0,0,316
11/28/2010,PIT,PA,AEA,CE,Combined TRACON& Tower with Radar,241,132,21,1,395,0,2,2,0,4,241,134,23,1,399,0,0,0,399
11/29/2010,PIT,PA,AEA,CE,Combined TRACON& Tower with Radar,237,134,36,10,417,0,1,2,1,4,237,135,38,11,421,0,0,0,421
11/30/2010,PIT,PA,AEA,CE,Combined TRACON& Tower with Radar,226,132,36,17,411,0,0,0,0,0,226,132,36,17,411,0,0,0,411
12/01/2010,PIT,PA,AEA,CE,Combined TRACON& Tower with Radar,237,128,38,57,460,0,0,1,0,1,237,128,39,57,461,0,0,0,461
12/02/2010,PIT,PA,AEA,CE,Combined TRACON& Tower with Radar,236,139,40,38,453,0,0,3,0,3,236,139,43,38,456,0,0,0,456
12/03/2010,PIT,PA,AEA,CE,Combined TRACON& Tower with Radar,233,147,40,56,476,0,0,0,0,0,233,147,40,56,476,0,0,0,476
12/04/2010,PIT,PA,AEA,CE,Combined TRACON& Tower with Radar,191,87,11,2,291,0,0,0,1,1,191,87,11,3,292,0,0,0,292
12/05/2010,PIT,PA,AEA,CE,Combined TRACON& Tower with Radar,215,100,23,3,341,0,0,0,0,0,215,100,23,3,341,0,0,0,341
12/06/2010,PIT,PA,AEA,CE,Combined TRACON& Tower with Radar,216,137,49,38,440,0,0,0,0,0,216,137,49,38,440,0,0,0,440
12/07/2010,PIT,PA,AEA,CE,Combined TRACON& Tower with Radar,224,151,35,62,472,0,0,0,1,1,224,151,35,63,473,0,0,0,473
12/08/2010,PIT,PA,AEA,CE,Combined TRACON& Tower with Radar,220,142,51,57,470,0,1,2,2,5,220,143,53,59,475,0,0,0,475
12/09/2010,PIT,PA,AEA,CE,Combined TRACON& Tower with Radar,224,151,35,20,430,0,4,5,0,9,224,155,40,20,439,0,8,8,447
12/10/2010,PIT,PA,AEA,CE,Combined TRACON& Tower with Radar,236,149,39,15,439,0,2,5,0,7,236,151,44,15,446,0,0,0,446
12/11/2010,PIT,PA,AEA,CE,Combined TRACON& Tower with Radar,191,98,26,5,320,0,0,5,0,5,191,98,31,5,325,0,0,0,325
12/12/2010,PIT,PA,AEA,CE,Combined TRACON& Tower with Radar,179,83,34,6,302,0,2,1,0,3,179,85,35,6,305,0,0,0,305
12/13/2010,PIT,PA,AEA,CE,Combined TRACON& Tower with Radar,220,147,55,7,429,0,0,0,0,0,220,147,55,7,429,0,0,0,429
12/14/2010,PIT,PA,AEA,CE,Combined TRACON& Tower with Radar,227,144,56,26,453,0,0,0,3,3,227,144,56,29,456,0,0,0,456
12/15/2010,PIT,PA,AEA,CE,Combined TRACON& Tower with Radar,229,136,64,29,458,0,9,0,1,10,229,145,64,30,468,0,0,0,468
12/16/2010,PIT,PA,AEA,CE,Combined TRACON& Tower with Radar,225,149,32,19,425,0,0,4,0,4,225,149,36,19,429,0,0,0,429
12/17/2010,PIT,PA,AEA,CE,Combined TRACON& Tower with Radar,237,136,32,10,415,0,0,3,2,5,237,136,35,12,420,0,0,0,420
12/18/2010,PIT,PA,AEA,CE,Combined TRACON& Tower with Radar,191,94,16,4,305,0,0,5,0,5,191,94,21,4,310,0,0,0,310
12/19/2010,PIT,PA,AEA,CE,Combined TRACON& Tower with Radar,203,125,36,8,372,0,0,3,0,3,203,125,39,8,375,0,0,0,375
12/20/2010,PIT,PA,AEA,CE,Combined TRACON& Tower with Radar,213,147,31,18,409,0,1,1,4,6,213,148,32,22,415,0,0,0,415
12/21/2010,PIT,PA,AEA,CE,Combined TRACON& Tower with Radar,242,139,16,38,435,0,0,0,4,4,242,139,16,42,439,0,0,0,439
12/22/2010,PIT,PA,AEA,CE,Combined TRACON& Tower with Radar,247,140,21,29,437,0,3,0,0,3,247,143,21,29,440,0,0,0,440
12/23/2010,PIT,PA,AEA,CE,Combined TRACON& Tower with Radar,253,147,22,6,428,0,0,0,0,0,253,147,22,6,428,0,0,0,428
12/24/2010,PIT,PA,AEA,CE,Combined TRACON& Tower with Radar,214,87,9,1,311,0,0,0,0,0,214,87,9,1,311,0,0,0,311
12/25/2010,PIT,PA,AEA,CE,Combined TRACON& Tower with Radar,149,88,2,0,239,0,0,0,0,0,149,88,2,0,239,0,0,0,239
12/26/2010,PIT,PA,AEA,CE,Combined TRACON& Tower with Radar,179,122,24,0,325,0,2,0,0,2,179,124,24,0,327,0,0,0,327
12/27/2010,PIT,PA,AEA,CE,Combined TRACON& Tower with Radar,201,117,11,0,329,0,0,0,0,0,201,117,11,0,329,0,0,0,329
12/28/2010,PIT,PA,AEA,CE,Combined TRACON& Tower with Radar,223,121,20,46,410,0,0,0,1,1,223,121,20,47,411,0,0,0,411
12/29/2010,PIT,PA,AEA,CE,Combined TRACON& Tower with Radar,243,125,15,16,399,0,0,7,5,12,243,125,22,21,411,0,0,0,411
12/30/2010,PIT,PA,AEA,CE,Combined TRACON& Tower with Radar,232,121,13,9,375,0,0,0,0,0,232,121,13,9,375,0,0,0,375
12/31/2010,PIT,PA,AEA,CE,Combined TRACON& Tower with Radar,191,104,16,0,311,0,2,4,0,6,191,106,20,0,317,0,0,0,317
01/01/2011,PIT,PA,AEA,CE,Combined TRACON& Tower with Radar,166,90,16,2,274,0,0,0,0,0,166,90,16,2,274,0,0,0,274
01/02/2011,PIT,PA,AEA,CE,Combined TRACON& Tower with Radar,214,131,27,0,372,0,0,0,0,0,214,131,27,0,372,0,0,0,372
01/03/2011,PIT,PA,AEA,CE,Combined TRACON& Tower with Radar,219,131,25,66,441,0,0,1,0,1,219,131,26,66,442,0,0,0,442
01/04/2011,PIT,PA,AEA,CE,Combined TRACON& Tower with Radar,215,136,25,55,431,0,1,7,25,33,215,137,32,80,464,0,0,0,464
01/05/2011,PIT,PA,AEA,CE,Combined TRACON& Tower with Radar,213,142,27,39,421,0,0,0,1,1,213,142,27,40,422,0,0,0,422
01/06/2011,PIT,PA,AEA,CE,Combined TRACON& Tower with Radar,222,139,44,42,447,0,0,0,0,0,222,139,44,42,447,0,0,0,447
01/07/2011,PIT,PA,AEA,CE,Combined TRACON& Tower with Radar,210,144,28,53,435,0,0,0,0,0,210,144,28,53,435,0,6,6,441
01/08/2011,PIT,PA,AEA,CE,Combined TRACON& Tower with Radar,170,99,16,5,290,0,0,1,0,1,170,99,17,5,291,0,0,0,291
01/09/2011,PIT,PA,AEA,CE,Combined TRACON& Tower with Radar,198,112,18,1,329,0,0,0,0,0,198,112,18,1,329,0,0,0,329
01/10/2011,PIT,PA,AEA,CE,Combined TRACON& Tower with Radar,173,137,29,12,351,0,0,5,0,5,173,137,34,12,356,0,0,0,356
01/11/2011,PIT,PA,AEA,CE,Combined TRACON& Tower with Radar,159,135,33,40,367,0,4,0,0,4,159,139,33,40,371,0,0,0,371
01/12/2011,PIT,PA,AEA,CE,Combined TRACON& Tower with Radar,175,126,27,3,331,0,0,0,0,0,175,126,27,3,331,0,0,0,331
01/13/2011,PIT,PA,AEA,CE,Combined TRACON& Tower with Radar,218,156,45,39,458,0,0,0,3,3,218,156,45,42,461,0,0,0,461
01/14/2011,PIT,PA,AEA,CE,Combined TRACON& Tower with Radar,221,160,26,25,432,0,0,0,0,0,221,160,26,25,432,0,0,0,432
01/15/2011,PIT,PA,AEA,CE,Combined TRACON& Tower with Radar,166,101,26,10,303,0,0,4,0,4,166,101,30,10,307,0,0,0,307
01/16/2011,PIT,PA,AEA,CE,Combined TRACON& Tower with Radar,183,117,18,0,318,0,0,0,0,0,183,117,18,0,318,0,0,0,318
01/17/2011,PIT,PA,AEA,CE,Combined TRACON& Tower with Radar,200,132,39,1,372,0,0,2,0,2,200,132,41,1,374,0,0,0,374
01/18/2011,PIT,PA,AEA,CE,Combined TRACON& Tower with Radar,195,141,58,20,414,0,0,1,0,1,195,141,59,20,415,0,0,0,415
01/19/2011,PIT,PA,AEA,CE,Combined TRACON& Tower with Radar,209,146,55,24,434,0,0,0,0,0,209,146,55,24,434,0,0,0,434
01/20/2011,PIT,PA,AEA,CE,Combined TRACON& Tower with Radar,216,145,27,29,417,0,0,0,0,0,216,145,27,29,417,0,0,0,417
01/21/2011,PIT,PA,AEA,CE,Combined TRACON& Tower with Radar,208,146,35,4,393,0,0,0,0,0,208,146,35,4,393,0,0,0,393
01/22/2011,PIT,PA,AEA,CE,Combined TRACON& Tower with Radar,172,100,28,4,304,0,0,2,0,2,172,100,30,4,306,0,0,0,306
01/23/2011,PIT,PA,AEA,CE,Combined TRACON& Tower with Radar,191,155,38,2,386,0,0,2,0,2,191,155,40,2,388,0,0,0,388
01/24/2011,PIT,PA,AEA,CE,Combined TRACON& Tower with Radar,207,197,71,16,491,0,0,1,0,1,207,197,72,16,492,0,0,0,492
01/25/2011,PIT,PA,AEA,CE,Combined TRACON& Tower with Radar,201,150,40,27,418,0,0,0,3,3,201,150,40,30,421,0,6,6,427
01/26/2011,PIT,PA,AEA,CE,Combined TRACON& Tower with Radar,198,146,35,27,406,0,0,0,0,0,198,146,35,27,406,0,0,0,406
01/27/2011,PIT,PA,AEA,CE,Combined TRACON& Tower with Radar,188,147,56,35,426,0,3,0,1,4,188,150,56,36,430,0,0,0,430
01/28/2011,PIT,PA,AEA,CE,Combined TRACON& Tower with Radar,222,141,25,24,412,0,0,0,0,0,222,141,25,24,412,0,0,0,412
01/29/2011,PIT,PA,AEA,CE,Combined TRACON& Tower with Radar,169,95,9,4,277,0,0,0,0,0,169,95,9,4,277,0,0,0,277
01/30/2011,PIT,PA,AEA,CE,Combined TRACON& Tower with Radar,188,113,22,5,328,0,0,3,0,3,188,113,25,5,331,0,0,0,331
01/31/2011,PIT,PA,AEA,CE,Combined TRACON& Tower with Radar,202,132,31,20,385,0,0,6,4,10,202,132,37,24,395,0,0,0,395
02/01/2011,PIT,PA,AEA,CE,Combined TRACON& Tower with Radar,124,77,17,0,218,0,0,0,0,0,124,77,17,0,218,0,0,0,218
02/02/2011,PIT,PA,AEA,CE,Combined TRACON& Tower with Radar,168,87,25,9,289,0,0,0,2,2,168,87,25,11,291,0,0,0,291
02/03/2011,PIT,PA,AEA,CE,Combined TRACON& Tower with Radar,210,143,46,70,469,0,0,5,0,5,210,143,51,70,474,0,0,0,474
02/04/2011,PIT,PA,AEA,CE,Combined TRACON& Tower with Radar,229,155,39,4,427,0,2,2,0,4,229,157,41,4,431,0,0,0,431
02/05/2011,PIT,PA,AEA,CE,Combined TRACON& Tower with Radar,184,95,20,1,300,0,0,0,0,0,184,95,20,1,300,0,0,0,300
02/06/2011,PIT,PA,AEA,CE,Combined TRACON& Tower with Radar,193,114,18,3,328,0,0,2,0,2,193,114,20,3,330,0,0,0,330
02/07/2011,PIT,PA,AEA,CE,Combined TRACON& Tower with Radar,232,174,60,3,469,0,2,0,0,2,232,176,60,3,471,0,0,0,471
02/08/2011,PIT,PA,AEA,CE,Combined TRACON& Tower with Radar,208,150,34,24,416,0,0,3,1,4,208,150,37,25,420,0,0,0,420
02/09/2011,PIT,PA,AEA,CE,Combined TRACON& Tower with Radar,202,143,41,81,467,0,0,0,0,0,202,143,41,81,467,0,0,0,467
02/10/2011,PIT,PA,AEA,CE,Combined TRACON& Tower with Radar,216,147,59,80,502,0,0,7,1,8,216,147,66,81,510,0,12,12,522
02/11/2011,PIT,PA,AEA,CE,Combined TRACON& Tower with Radar,212,155,31,24,422,0,0,7,1,8,212,155,38,25,430,0,0,0,430
02/12/2011,PIT,PA,AEA,CE,Combined TRACON& Tower with Radar,172,96,11,2,281,0,0,0,0,0,172,96,11,2,281,0,0,0,281
02/13/2011,PIT,PA,AEA,CE,Combined TRACON& Tower with Radar,187,112,12,4,315,0,0,1,0,1,187,112,13,4,316,0,0,0,316
02/14/2011,PIT,PA,AEA,CE,Combined TRACON& Tower with Radar,200,144,22,39,405,0,0,0,0,0,200,144,22,39,405,0,0,0,405
02/15/2011,PIT,PA,AEA,CE,Combined TRACON& Tower with Radar,202,148,36,24,410,0,0,2,0,2,202,148,38,24,412,0,0,0,412
02/16/2011,PIT,PA,AEA,CE,Combined TRACON& Tower with Radar,206,156,47,58,467,0,0,5,0,5,206,156,52,58,472,0,0,0,472
02/17/2011,PIT,PA,AEA,CE,Combined TRACON& Tower with Radar,216,170,50,55,491,0,3,4,7,14,216,173,54,62,505,0,0,0,505
02/18/2011,PIT,PA,AEA,CE,Combined TRACON& Tower with Radar,218,144,42,19,423,0,0,11,0,11,218,144,53,19,434,0,0,0,434
02/19/2011,PIT,PA,AEA,CE,Combined TRACON& Tower with Radar,172,107,11,3,293,0,0,2,0,2,172,107,13,3,295,0,0,0,295
02/20/2011,PIT,PA,AEA,CE,Combined TRACON& Tower with Radar,181,103,24,4,312,0,2,3,0,5,181,105,27,4,317,0,0,0,317
02/21/2011,PIT,PA,AEA,CE,Combined TRACON& Tower with Radar,158,105,49,0,312,0,0,0,0,0,158,105,49,0,312,0,0,0,312
02/22/2011,PIT,PA,AEA,CE,Combined TRACON& Tower with Radar,229,163,43,17,452,0,0,6,0,6,229,163,49,17,458,0,0,0,458
02/23/2011,PIT,PA,AEA,CE,Combined TRACON& Tower with Radar,217,153,42,56,468,0,2,9,0,11,217,155,51,56,479,0,0,0,479
02/24/2011,PIT,PA,AEA,CE,Combined TRACON& Tower with Radar,222,151,43,38,454,0,0,3,1,4,222,151,46,39,458,0,0,0,458
02/25/2011,PIT,PA,AEA,CE,Combined TRACON& Tower with Radar,210,122,33,8,373,0,0,0,0,0,210,122,33,8,373,0,0,0,373
02/26/2011,PIT,PA,AEA,CE,Combined TRACON& Tower with Radar,186,88,19,3,296,0,0,6,0,6,186,88,25,3,302,0,0,0,302
02/27/2011,PIT,PA,AEA,CE,Combined TRACON& Tower with Radar,187,120,27,3,337,0,0,0,0,0,187,120,27,3,337,0,0,0,337
02/28/2011,PIT,PA,AEA,CE,Combined TRACON& Tower with Radar,206,132,27,27,392,0,0,0,0,0,206,132,27,27,392,0,0,0,392
03/01/2011,PIT,PA,AEA,CE,Combined TRACON& Tower with Radar,217,149,39,46,451,0,0,2,0,2,217,149,41,46,453,0,0,0,453
03/02/2011,PIT,PA,AEA,CE,Combined TRACON& Tower with Radar,208,157,24,48,437,0,0,2,0,2,208,157,26,48,439,0,0,0,439
03/03/2011,PIT,PA,AEA,CE,Combined TRACON& Tower with Radar,210,151,61,35,457,0,0,3,0,3,210,151,64,35,460,0,0,0,460
03/04/2011,PIT,PA,AEA,CE,Combined TRACON& Tower with Radar,221,157,41,7,426,0,0,4,0,4,221,157,45,7,430,0,0,0,430
03/05/2011,PIT,PA,AEA,CE,Combined TRACON& Tower with Radar,173,102,10,2,287,0,0,0,0,0,173,102,10,2,287,0,0,0,287
03/06/2011,PIT,PA,AEA,CE,Combined TRACON& Tower with Radar,187,119,15,1,322,0,0,0,0,0,187,119,15,1,322,0,0,0,322
03/07/2011,PIT,PA,AEA,CE,Combined TRACON& Tower with Radar,216,151,21,3,391,0,0,2,0,2,216,151,23,3,393,0,0,0,393
03/08/2011,PIT,PA,AEA,CE,Combined TRACON& Tower with Radar,206,149,28,39,422,0,3,0,1,4,206,152,28,40,426,0,0,0,426
03/09/2011,PIT,PA,AEA,CE,Combined TRACON& Tower with Radar,212,154,50,29,445,0,1,0,0,1,212,155,50,29,446,0,0,0,446
03/10/2011,PIT,PA,AEA,CE,Combined TRACON& Tower with Radar,207,153,40,31,431,0,0,0,0,0,207,153,40,31,431,0,0,0,431
03/11/2011,PIT,PA,AEA,CE,Combined TRACON& Tower with Radar,222,154,23,7,406,0,0,0,0,0,222,154,23,7,406,0,0,0,406
03/12/2011,PIT,PA,AEA,CE,Combined TRACON& Tower with Radar,185,105,10,2,302,0,2,4,0,6,185,107,14,2,308,0,0,0,308
03/13/2011,PIT,PA,AEA,CE,Combined TRACON& Tower with Radar,206,118,19,2,345,0,0,3,0,3,206,118,22,2,348,0,0,0,348
03/14/2011,PIT,PA,AEA,CE,Combined TRACON& Tower with Radar,221,143,37,63,464,0,2,4,0,6,221,145,41,63,470,0,0,0,470
03/15/2011,PIT,PA,AEA,CE,Combined TRACON& Tower with Radar,218,159,39,39,455,0,0,6,0,6,218,159,45,39,461,0,0,0,461
03/16/2011,PIT,PA,AEA,CE,Combined TRACON& Tower with Radar,225,143,32,53,453,0,0,0,0,0,225,143,32,53,453,0,6,6,459
03/17/2011,PIT,PA,AEA,CE,Combined TRACON& Tower with Radar,230,185,50,44,509,0,0,1,0,1,230,185,51,44,510,0,0,0,510
03/18/2011,PIT,PA,AEA,CE,Combined TRACON& Tower with Radar,220,153,48,30,451,0,0,4,1,5,220,153,52,31,456,0,8,8,464
03/19/2011,PIT,PA,AEA,CE,Combined TRACON& Tower with Radar,180,98,16,4,298,0,1,3,1,5,180,99,19,5,303,0,0,0,303
03/20/2011,PIT,PA,AEA,CE,Combined TRACON& Tower with Radar,205,113,16,11,345,0,4,5,0,9,205,117,21,11,354,0,0,0,354
03/21/2011,PIT,PA,AEA,CE,Combined TRACON& Tower with Radar,215,143,38,6,402,0,0,0,1,1,215,143,38,7,403,0,0,0,403
03/22/2011,PIT,PA,AEA,CE,Combined TRACON& Tower with Radar,229,164,39,22,454,0,0,6,1,7,229,164,45,23,461,0,0,0,461
03/23/2011,PIT,PA,AEA,CE,Combined TRACON& Tower with Radar,210,141,40,11,402,0,2,0,0,2,210,143,40,11,404,0,0,0,404
03/24/2011,PIT,PA,AEA,CE,Combined TRACON& Tower with Radar,240,157,33,19,449,0,0,0,0,0,240,157,33,19,449,0,0,0,449
03/25/2011,PIT,PA,AEA,CE,Combined TRACON& Tower with Radar,230,160,43,25,458,0,0,3,0,3,230,160,46,25,461,0,0,0,461
03/26/2011,PIT,PA,AEA,CE,Combined TRACON& Tower with Radar,184,98,18,2,302,0,0,5,0,5,184,98,23,2,307,0,0,0,307
03/27/2011,PIT,PA,AEA,CE,Combined TRACON& Tower with Radar,196,134,28,2,360,0,1,5,0,6,196,135,33,2,366,0,0,0,366
03/28/2011,PIT,PA,AEA,CE,Combined TRACON& Tower with Radar,210,152,38,35,435,0,0,2,0,2,210,152,40,35,437,0,6,6,443
03/29/2011,PIT,PA,AEA,CE,Combined TRACON& Tower with Radar,207,156,34,36,433,0,0,1,0,1,207,156,35,36,434,0,0,0,434
03/30/2011,PIT,PA,AEA,CE,Combined TRACON& Tower with Radar,210,151,51,45,457,0,1,1,0,2,210,152,52,45,459,0,15,15,474
03/31/2011,PIT,PA,AEA,CE,Combined TRACON& Tower with Radar,216,165,36,29,446,0,0,0,2,2,216,165,36,31,448,0,0,0,448
04/01/2011,PIT,PA,AEA,CE,Combined TRACON& Tower with Radar,230,166,25,28,449,0,0,0,0,0,230,166,25,28,449,0,0,0,449
04/02/2011,PIT,PA,AEA,CE,Combined TRACON& Tower with Radar,176,101,9,3,289,0,0,0,0,0,176,101,9,3,289,0,0,0,289
04/03/2011,PIT,PA,AEA,CE,Combined TRACON& Tower with Radar,200,128,16,0,344,0,0,7,0,7,200,128,23,0,351,0,0,0,351
04/04/2011,PIT,PA,AEA,CE,Combined TRACON& Tower with Radar,217,138,20,1,376,0,0,0,0,0,217,138,20,1,376,0,0,0,376
04/05/2011,PIT,PA,AEA,CE,Combined TRACON& Tower with Radar,220,161,34,23,438,0,0,0,0,0,220,161,34,23,438,0,0,0,438
04/06/2011,PIT,PA,AEA,CE,Combined TRACON& Tower with Radar,228,164,30,22,444,0,4,3,3,10,228,168,33,25,454,0,12,12,466
04/07/2011,PIT,PA,AEA,CE,Combined TRACON& Tower with Radar,234,153,38,42,467,0,1,10,0,11,234,154,48,42,478,0,0,0,478
04/08/2011,PIT,PA,AEA,CE,Combined TRACON& Tower with Radar,227,160,24,10,421,0,0,0,1,1,227,160,24,11,422,0,0,0,422
04/09/2011,PIT,PA,AEA,CE,Combined TRACON& Tower with Radar,177,113,19,2,311,0,0,3,0,3,177,113,22,2,314,0,0,0,314
04/10/2011,PIT,PA,AEA,CE,Combined TRACON& Tower with Radar,191,145,18,3,357,0,4,4,0,8,191,149,22,3,365,0,0,0,365
04/11/2011,PIT,PA,AEA,CE,Combined TRACON& Tower with Radar,218,153,44,19,434,0,2,1,0,3,218,155,45,19,437,0,0,0,437
04/12/2011,PIT,PA,AEA,CE,Combined TRACON& Tower with Radar,218,167,51,24,460,0,0,2,0,2,218,167,53,24,462,0,0,0,462
04/13/2011,PIT,PA,AEA,CE,Combined TRACON& Tower with Radar,226,161,27,64,478,0,2,0,0,2,226,163,27,64,480,0,0,0,480
04/14/2011,PIT,PA,AEA,CE,Combined TRACON& Tower with Radar,233,182,59,27,501,0,0,4,2,6,233,182,63,29,507,0,0,0,507
04/15/2011,PIT,PA,AEA,CE,Combined TRACON& Tower with Radar,234,165,30,9,438,0,2,2,2,6,234,167,32,11,444,0,0,0,444
04/16/2011,PIT,PA,AEA,CE,Combined TRACON& Tower with Radar,197,109,15,2,323,0,0,0,0,0,197,109,15,2,323,0,0,0,323
04/17/2011,PIT,PA,AEA,CE,Combined TRACON& Tower with Radar,207,145,8,6,366,0,2,0,2,4,207,147,8,8,370,0,0,0,370
04/18/2011,PIT,PA,AEA,CE,Combined TRACON& Tower with Radar,218,148,43,7,416,0,2,9,0,11,218,150,52,7,427,0,0,0,427
04/19/2011,PIT,PA,AEA,CE,Combined TRACON& Tower with Radar,217,159,41,51,468,0,2,0,0,2,217,161,41,51,470,0,0,0,470
04/20/2011,PIT,PA,AEA,CE,Combined TRACON& Tower with Radar,222,174,37,14,447,0,2,0,0,2,222,176,37,14,449,0,0,0,449
04/21/2011,PIT,PA,AEA,CE,Combined TRACON& Tower with Radar,238,171,30,20,459,0,0,1,0,1,238,171,31,20,460,0,8,8,468
04/22/2011,PIT,PA,AEA,CE,Combined TRACON& Tower with Radar,230,161,11,23,425,0,2,4,0,6,230,163,15,23,431,0,0,0,431
04/23/2011,PIT,PA,AEA,CE,Combined TRACON& Tower with Radar,177,101,5,2,285,0,0,3,0,3,177,101,8,2,288,0,0,0,288
04/24/2011,PIT,PA,AEA,CE,Combined TRACON& Tower with Radar,185,132,9,0,326,0,0,1,0,1,185,132,10,0,327,0,0,0,327
04/25/2011,PIT,PA,AEA,CE,Combined TRACON& Tower with Radar,217,148,31,18,414,0,2,2,0,4,217,150,33,18,418,0,10,10,428
04/26/2011,PIT,PA,AEA,CE,Combined TRACON& Tower with Radar,236,155,49,17,457,0,0,3,1,4,236,155,52,18,461,0,0,0,461
04/27/2011,PIT,PA,AEA,CE,Combined TRACON& Tower with Radar,215,170,33,17,435,0,0,2,1,3,215,170,35,18,438,0,0,0,438
04/28/2011,PIT,PA,AEA,CE,Combined TRACON& Tower with Radar,231,169,42,22,464,0,2,6,2,10,231,171,48,24,474,0,0,0,474
04/29/2011,PIT,PA,AEA,CE,Combined TRACON& Tower with Radar,237,182,39,37,495,0,0,0,2,2,237,182,39,39,497,0,0,0,497
04/30/2011,PIT,PA,AEA,CE,Combined TRACON& Tower with Radar,175,110,28,2,315,0,0,5,0,5,175,110,33,2,320,0,0,0,320
05/01/2011,PIT,PA,AEA,CE,Combined TRACON& Tower with Radar,192,145,22,12,371,0,2,1,0,3,192,147,23,12,374,0,0,0,374
05/02/2011,PIT,PA,AEA,CE,Combined TRACON& Tower with Radar,230,145,26,29,430,0,0,6,0,6,230,145,32,29,436,0,0,0,436
05/03/2011,PIT,PA,AEA,CE,Combined TRACON& Tower with Radar,243,152,38,24,457,0,0,0,0,0,243,152,38,24,457,0,0,0,457
05/04/2011,PIT,PA,AEA,CE,Combined TRACON& Tower with Radar,220,159,53,44,476,0,0,1,0,1,220,159,54,44,477,0,9,9,486
05/05/2011,PIT,PA,AEA,CE,Combined TRACON& Tower with Radar,252,179,36,33,500,0,2,2,1,5,252,181,38,34,505,0,0,0,505
05/06/2011,PIT,PA,AEA,CE,Combined TRACON& Tower with Radar,236,161,49,11,457,0,2,13,1,16,236,163,62,12,473,0,0,0,473
05/07/2011,PIT,PA,AEA,CE,Combined TRACON& Tower with Radar,178,106,20,18,322,0,0,0,0,0,178,106,20,18,322,0,0,0,322
05/08/2011,PIT,PA,AEA,CE,Combined TRACON& Tower with Radar,204,133,13,5,355,0,0,6,0,6,204,133,19,5,361,0,0,0,361
05/09/2011,PIT,PA,AEA,CE,Combined TRACON& Tower with Radar,224,151,35,34,444,0,0,2,0,2,224,151,37,34,446,0,0,0,446
05/10/2011,PIT,PA,AEA,CE,Combined TRACON& Tower with Radar,234,156,49,56,495,0,0,1,0,1,234,156,50,56,496,0,6,6,502
05/11/2011,PIT,PA,AEA,CE,Combined TRACON& Tower with Radar,233,147,48,34,462,0,3,6,0,9,233,150,54,34,471,0,0,0,471
05/12/2011,PIT,PA,AEA,CE,Combined TRACON& Tower with Radar,228,160,63,16,467,0,0,5,2,7,228,160,68,18,474,0,6,6,480
05/13/2011,PIT,PA,AEA,CE,Combined TRACON& Tower with Radar,246,166,34,29,475,0,0,2,1,3,246,166,36,30,478,0,0,0,478
05/14/2011,PIT,PA,AEA,CE,Combined TRACON& Tower with Radar,187,98,27,4,316,0,0,0,1,1,187,98,27,5,317,0,0,0,317
05/15/2011,PIT,PA,AEA,CE,Combined TRACON& Tower with Radar,198,123,21,5,347,0,0,3,0,3,198,123,24,5,350,0,0,0,350
05/16/2011,PIT,PA,AEA,CE,Combined TRACON& Tower with Radar,229,148,37,4,418,0,0,1,0,1,229,148,38,4,419,0,0,0,419
05/17/2011,PIT,PA,AEA,CE,Combined TRACON& Tower with Radar,229,152,31,14,426,0,0,0,0,0,229,152,31,14,426,0,0,0,426
05/18/2011,PIT,PA,AEA,CE,Combined TRACON& Tower with Radar,227,156,42,38,463,0,0,0,4,4,227,156,42,42,467,0,0,0,467
05/19/2011,PIT,PA,AEA,CE,Combined TRACON& Tower with Radar,233,179,34,19,465,0,0,5,5,10,233,179,39,24,475,0,0,0,475
05/20/2011,PIT,PA,AEA,CE,Combined TRACON& Tower with Radar,229,156,33,42,460,0,0,1,1,2,229,156,34,43,462,0,0,0,462
05/21/2011,PIT,PA,AEA,CE,Combined TRACON& Tower with Radar,185,103,9,0,297,0,2,1,0,3,185,105,10,0,300,0,0,0,300
05/22/2011,PIT,PA,AEA,CE,Combined TRACON& Tower with Radar,196,121,26,6,349,0,0,2,0,2,196,121,28,6,351,0,0,0,351
05/23/2011,PIT,PA,AEA,CE,Combined TRACON& Tower with Radar,231,148,24,48,451,0,2,2,0,4,231,150,26,48,455,0,0,0,455
05/24/2011,PIT,PA,AEA,CE,Combined TRACON& Tower with Radar,239,165,34,56,494,0,0,5,0,5,239,165,39,56,499,0,9,9,508
05/25/2011,PIT,PA,AEA,CE,Combined TRACON& Tower with Radar,223,147,37,32,439,0,2,2,0,4,223,149,39,32,443,0,0,0,443
05/26/2011,PIT,PA,AEA,CE,Combined TRACON& Tower with Radar,238,160,45,48,491,0,0,1,0,1,238,160,46,48,492,0,9,9,501
05/27/2011,PIT,PA,AEA,CE,Combined TRACON& Tower with Radar,240,150,33,2,425,0,0,1,0,1,240,150,34,2,426,0,0,0,426
05/28/2011,PIT,PA,AEA,CE,Combined TRACON& Tower with Radar,186,91,7,0,284,0,2,6,0,8,186,93,13,0,292,0,0,0,292
05/29/2011,PIT,PA,AEA,CE,Combined TRACON& Tower with Radar,163,98,7,0,268,0,0,6,2,8,163,98,13,2,276,0,0,0,276
05/30/2011,PIT,PA,AEA,CE,Combined TRACON& Tower with Radar,202,125,30,0,357,0,0,1,4,5,202,125,31,4,362,0,0,0,362
05/31/2011,PIT,PA,AEA,CE,Combined TRACON& Tower with Radar,227,156,33,29,445,0,2,1,1,4,227,158,34,30,449,0,0,0,449
06/01/2011,PIT,PA,AEA,CE,Combined TRACON& Tower with Radar,227,154,41,55,477,0,1,2,1,4,227,155,43,56,481,0,0,0,481
06/02/2011,PIT,PA,AEA,CE,Combined TRACON& Tower with Radar,242,173,41,63,519,0,0,3,1,4,242,173,44,64,523,0,0,0,523
06/03/2011,PIT,PA,AEA,CE,Combined TRACON& Tower with Radar,239,159,33,15,446,0,1,11,0,12,239,160,44,15,458,0,0,0,458
06/04/2011,PIT,PA,AEA,CE,Combined TRACON& Tower with Radar,184,102,16,3,305,0,1,3,0,4,184,103,19,3,309,0,0,0,309
06/05/2011,PIT,PA,AEA,CE,Combined TRACON& Tower with Radar,205,120,32,4,361,0,2,2,1,5,205,122,34,5,366,0,0,0,366
06/06/2011,PIT,PA,AEA,CE,Combined TRACON& Tower with Radar,233,144,36,20,433,0,0,5,0,5,233,144,41,20,438,0,0,0,438
06/07/2011,PIT,PA,AEA,CE,Combined TRACON& Tower with Radar,243,161,59,21,484,0,0,5,1,6,243,161,64,22,490,0,0,0,490
06/08/2011,PIT,PA,AEA,CE,Combined TRACON& Tower with Radar,245,151,64,42,502,0,1,1,2,4,245,152,65,44,506,0,0,0,506
06/09/2011,PIT,PA,AEA,CE,Combined TRACON& Tower with Radar,263,139,75,44,521,0,0,1,0,1,263,139,76,44,522,0,0,0,522
06/10/2011,PIT,PA,AEA,CE,Combined TRACON& Tower with Radar,277,147,51,28,503,0,0,2,0,2,277,147,53,28,505,0,0,0,505
06/11/2011,PIT,PA,AEA,CE,Combined TRACON& Tower with Radar,220,94,15,5,334,0,0,1,0,1,220,94,16,5,335,0,0,0,335
06/12/2011,PIT,PA,AEA,CE,Combined TRACON& Tower with Radar,215,111,28,3,357,0,0,0,0,0,215,111,28,3,357,0,0,0,357
06/13/2011,PIT,PA,AEA,CE,Combined TRACON& Tower with Radar,254,127,30,3,414,0,3,6,0,9,254,130,36,3,423,0,0,0,423
06/14/2011,PIT,PA,AEA,CE,Combined TRACON& Tower with Radar,258,132,37,32,459,0,0,2,1,3,258,132,39,33,462,0,0,0,462
06/15/2011,PIT,PA,AEA,CE,Combined TRACON& Tower with Radar,255,138,54,49,496,0,4,5,0,9,255,142,59,49,505,0,0,0,505
06/16/2011,PIT,PA,AEA,CE,Combined TRACON& Tower with Radar,252,147,47,40,486,0,0,5,1,6,252,147,52,41,492,0,0,0,492
06/17/2011,PIT,PA,AEA,CE,Combined TRACON& Tower with Radar,256,132,28,34,450,0,0,0,0,0,256,132,28,34,450,0,0,0,450
06/18/2011,PIT,PA,AEA,CE,Combined TRACON& Tower with Radar,212,97,17,3,329,0,0,4,0,4,212,97,21,3,333,0,0,0,333
06/19/2011,PIT,PA,AEA,CE,Combined TRACON& Tower with Radar,232,109,24,2,367,0,2,3,0,5,232,111,27,2,372,0,0,0,372
06/20/2011,PIT,PA,AEA,CE,Combined TRACON& Tower with Radar,247,130,44,39,460,0,0,9,0,9,247,130,53,39,469,0,0,0,469
06/21/2011,PIT,PA,AEA,CE,Combined TRACON& Tower with Radar,250,130,58,52,490,0,0,9,1,10,250,130,67,53,500,0,0,0,500
06/22/2011,PIT,PA,AEA,CE,Combined TRACON& Tower with Radar,260,133,52,28,473,0,0,1,2,3,260,133,53,30,476,0,0,0,476
06/23/2011,PIT,PA,AEA,CE,Combined TRACON& Tower with Radar,251,147,60,15,473,0,2,6,0,8,251,149,66,15,481,0,0,0,481
06/24/2011,PIT,PA,AEA,CE,Combined TRACON& Tower with Radar,258,122,36,11,427,0,0,2,1,3,258,122,38,12,430,0,0,0,430
06/25/2011,PIT,PA,AEA,CE,Combined TRACON& Tower with Radar,222,99,10,4,335,0,2,1,0,3,222,101,11,4,338,0,0,0,338
06/26/2011,PIT,PA,AEA,CE,Combined TRACON& Tower with Radar,224,112,16,0,352,0,0,2,0,2,224,112,18,0,354,0,0,0,354
06/27/2011,PIT,PA,AEA,CE,Combined TRACON& Tower with Radar,244,131,37,11,423,0,0,0,0,0,244,131,37,11,423,0,0,0,423
06/28/2011,PIT,PA,AEA,CE,Combined TRACON& Tower with Radar,253,144,52,21,470,0,1,6,0,7,253,145,58,21,477,0,0,0,477
06/29/2011,PIT,PA,AEA,CE,Combined TRACON& Tower with Radar,263,133,50,17,463,0,2,4,0,6,263,135,54,17,469,0,0,0,469
06/30/2011,PIT,PA,AEA,CE,Combined TRACON& Tower with Radar,252,134,49,34,469,0,0,6,5,11,252,134,55,39,480,0,0,0,480
07/01/2011,PIT,PA,AEA,CE,Combined TRACON& Tower with Radar,257,135,23,5,420,0,0,7,3,10,257,135,30,8,430,0,0,0,430
07/02/2011,PIT,PA,AEA,CE,Combined TRACON& Tower with Radar,222,87,10,5,324,0,0,0,0,0,222,87,10,5,324,0,0,0,324
07/03/2011,PIT,PA,AEA,CE,Combined TRACON& Tower with Radar,196,84,10,2,292,0,0,0,0,0,196,84,10,2,292,0,0,0,292
07/04/2011,PIT,PA,AEA,CE,Combined TRACON& Tower with Radar,204,98,6,0,308,0,0,3,2,5,204,98,9,2,313,0,0,0,313
07/05/2011,PIT,PA,AEA,CE,Combined TRACON& Tower with Radar,240,133,24,28,425,0,1,2,2,5,240,134,26,30,430,0,0,0,430
07/06/2011,PIT,PA,AEA,CE,Combined TRACON& Tower with Radar,251,136,39,33,459,0,0,7,3,10,251,136,46,36,469,0,0,0,469
07/07/2011,PIT,PA,AEA,CE,Combined TRACON& Tower with Radar,252,140,24,36,452,0,2,2,1,5,252,142,26,37,457,0,0,0,457
07/08/2011,PIT,PA,AEA,CE,Combined TRACON& Tower with Radar,282,131,25,16,454,0,2,1,0,3,282,133,26,16,457,0,0,0,457
07/09/2011,PIT,PA,AEA,CE,Combined TRACON& Tower with Radar,219,95,13,23,350,0,0,0,0,0,219,95,13,23,350,0,21,21,371
07/10/2011,PIT,PA,AEA,CE,Combined TRACON& Tower with Radar,229,115,33,17,394,0,2,1,0,3,229,117,34,17,397,0,0,0,397
07/11/2011,PIT,PA,AEA,CE,Combined TRACON& Tower with Radar,250,124,40,4,418,0,0,0,0,0,250,124,40,4,418,0,0,0,418
07/12/2011,PIT,PA,AEA,CE,Combined TRACON& Tower with Radar,259,140,44,26,469,0,0,6,1,7,259,140,50,27,476,0,0,0,476
07/13/2011,PIT,PA,AEA,CE,Combined TRACON& Tower with Radar,261,148,45,29,483,0,0,2,0,2,261,148,47,29,485,0,0,0,485
07/14/2011,PIT,PA,AEA,CE,Combined TRACON& Tower with Radar,261,154,45,33,493,0,0,2,0,2,261,154,47,33,495,0,0,0,495
07/15/2011,PIT,PA,AEA,CE,Combined TRACON& Tower with Radar,253,145,26,21,445,0,0,4,1,5,253,145,30,22,450,0,0,0,450
07/16/2011,PIT,PA,AEA,CE,Combined TRACON& Tower with Radar,221,99,12,2,334,0,0,4,0,4,221,99,16,2,338,0,0,0,338
07/17/2011,PIT,PA,AEA,CE,Combined TRACON& Tower with Radar,222,102,18,3,345,0,2,6,0,8,222,104,24,3,353,0,0,0,353
07/18/2011,PIT,PA,AEA,CE,Combined TRACON& Tower with Radar,240,125,44,34,443,0,0,2,0,2,240,125,46,34,445,0,0,0,445
07/19/2011,PIT,PA,AEA,CE,Combined TRACON& Tower with Radar,247,137,59,40,483,0,0,5,0,5,247,137,64,40,488,0,0,0,488
07/20/2011,PIT,PA,AEA,CE,Combined TRACON& Tower with Radar,257,144,53,48,502,0,0,3,0,3,257,144,56,48,505,0,0,0,505
07/21/2011,PIT,PA,AEA,CE,Combined TRACON& Tower with Radar,262,144,51,40,497,0,4,5,2,11,262,148,56,42,508,0,0,0,508
07/22/2011,PIT,PA,AEA,CE,Combined TRACON& Tower with Radar,261,130,38,30,459,0,0,2,0,2,261,130,40,30,461,0,0,0,461
07/23/2011,PIT,PA,AEA,CE,Combined TRACON& Tower with Radar,217,106,26,4,353,0,0,2,0,2,217,106,28,4,355,0,0,0,355
07/24/2011,PIT,PA,AEA,CE,Combined TRACON& Tower with Radar,219,102,16,3,340,0,2,4,0,6,219,104,20,3,346,0,0,0,346
07/25/2011,PIT,PA,AEA,CE,Combined TRACON& Tower with Radar,240,118,26,4,388,0,0,0,0,0,240,118,26,4,388,0,0,0,388
07/26/2011,PIT,PA,AEA,CE,Combined TRACON& Tower with Radar,259,148,48,23,478,0,1,3,1,5,259,149,51,24,483,0,0,0,483
07/27/2011,PIT,PA,AEA,CE,Combined TRACON& Tower with Radar,249,126,43,38,456,0,1,6,0,7,249,127,49,38,463,0,0,0,463
07/28/2011,PIT,PA,AEA,CE,Combined TRACON& Tower with Radar,254,136,46,29,465,0,0,7,10,17,254,136,53,39,482,0,10,10,492
07/29/2011,PIT,PA,AEA,CE,Combined TRACON& Tower with Radar,247,144,35,35,461,0,0,2,0,2,247,144,37,35,463,0,0,0,463
07/30/2011,PIT,PA,AEA,CE,Combined TRACON& Tower with Radar,216,92,22,4,334,0,0,2,0,2,216,92,24,4,336,0,0,0,336
07/31/2011,PIT,PA,AEA,CE,Combined TRACON& Tower with Radar,229,108,33,2,372,0,0,4,0,4,229,108,37,2,376,0,0,0,376
08/01/2011,PIT,PA,AEA,CE,Combined TRACON& Tower with Radar,254,125,33,28,440,0,2,1,0,3,254,127,34,28,443,0,0,0,443
08/02/2011,PIT,PA,AEA,CE,Combined TRACON& Tower with Radar,264,143,49,36,492,0,0,1,0,1,264,143,50,36,493,0,0,0,493
08/03/2011,PIT,PA,AEA,CE,Combined TRACON& Tower with Radar,250,135,43,32,460,0,0,0,0,0,250,135,43,32,460,0,0,0,460
08/04/2011,PIT,PA,AEA,CE,Combined TRACON& Tower with Radar,259,149,35,23,466,0,0,5,0,5,259,149,40,23,471,0,0,0,471
08/05/2011,PIT,PA,AEA,CE,Combined TRACON& Tower with Radar,255,139,25,27,446,0,0,6,0,6,255,139,31,27,452,0,0,0,452
08/06/2011,PIT,PA,AEA,CE,Combined TRACON& Tower with Radar,218,104,20,27,369,0,0,0,0,0,218,104,20,27,369,0,0,0,369
08/07/2011,PIT,PA,AEA,CE,Combined TRACON& Tower with Radar,228,100,26,7,361,0,0,0,0,0,228,100,26,7,361,0,0,0,361
08/08/2011,PIT,PA,AEA,CE,Combined TRACON& Tower with Radar,244,123,24,2,393,0,2,2,0,4,244,125,26,2,397,0,6,6,403
08/09/2011,PIT,PA,AEA,CE,Combined TRACON& Tower with Radar,260,150,25,46,481,0,1,1,0,2,260,151,26,46,483,0,0,0,483
08/10/2011,PIT,PA,AEA,CE,Combined TRACON& Tower with Radar,247,143,27,23,440,0,0,3,4,7,247,143,30,27,447,0,7,7,454
08/11/2011,PIT,PA,AEA,CE,Combined TRACON& Tower with Radar,259,139,38,37,473,0,1,3,1,5,259,140,41,38,478,0,0,0,478
08/12/2011,PIT,PA,AEA,CE,Combined TRACON& Tower with Radar,254,131,34,25,444,0,2,11,0,13,254,133,45,25,457,0,9,9,466
08/13/2011,PIT,PA,AEA,CE,Combined TRACON& Tower with Radar,232,99,15,2,348,0,0,3,0,3,232,99,18,2,351,0,0,0,351
08/14/2011,PIT,PA,AEA,CE,Combined TRACON& Tower with Radar,209,106,17,1,333,0,0,2,0,2,209,106,19,1,335,0,0,0,335
08/15/2011,PIT,PA,AEA,CE,Combined TRACON& Tower with Radar,233,126,27,33,419,0,0,0,0,0,233,126,27,33,419,0,0,0,419
08/16/2011,PIT,PA,AEA,CE,Combined TRACON& Tower with Radar,240,143,50,37,470,0,0,1,0,1,240,143,51,37,471,0,0,0,471
08/17/2011,PIT,PA,AEA,CE,Combined TRACON& Tower with Radar,245,151,41,33,470,0,1,3,3,7,245,152,44,36,477,0,12,12,489
08/18/2011,PIT,PA,AEA,CE,Combined TRACON& Tower with Radar,259,150,45,32,486,0,5,6,0,11,259,155,51,32,497,0,0,0,497
08/19/2011,PIT,PA,AEA,CE,Combined TRACON& Tower with Radar,285,139,31,47,502,0,0,1,0,1,285,139,32,47,503,0,0,0,503
08/20/2011,PIT,PA,AEA,CE,Combined TRACON& Tower with Radar,221,88,19,1,329,0,0,2,0,2,221,88,21,1,331,0,0,0,331
08/21/2011,PIT,PA,AEA,CE,Combined TRACON& Tower with Radar,226,110,8,4,348,0,0,0,1,1,226,110,8,5,349,0,0,0,349
08/22/2011,PIT,PA,AEA,CE,Combined TRACON& Tower with Radar,245,131,29,6,411,0,0,3,1,4,245,131,32,7,415,0,0,0,415
08/23/2011,PIT,PA,AEA,CE,Combined TRACON& Tower with Radar,240,145,49,33,467,0,0,1,1,2,240,145,50,34,469,0,0,0,469
08/24/2011,PIT,PA,AEA,CE,Combined TRACON& Tower with Radar,242,140,55,46,483,0,4,3,0,7,242,144,58,46,490,0,0,0,490
08/25/2011,PIT,PA,AEA,CE,Combined TRACON& Tower with Radar,250,120,47,34,451,0,0,1,0,1,250,120,48,34,452,0,0,0,452
08/26/2011,PIT,PA,AEA,CE,Combined TRACON& Tower with Radar,252,138,37,41,468,0,0,5,5,10,252,138,42,46,478,0,0,0,478
08/27/2011,PIT,PA,AEA,CE,Combined TRACON& Tower with Radar,231,94,32,7,364,0,0,5,0,5,231,94,37,7,369,0,0,0,369
08/28/2011,PIT,PA,AEA,CE,Combined TRACON& Tower with Radar,156,74,18,0,248,0,3,2,0,5,156,77,20,0,253,0,0,0,253
08/29/2011,PIT,PA,AEA,CE,Combined TRACON& Tower with Radar,229,132,42,37,440,0,0,5,4,9,229,132,47,41,449,0,0,0,449
08/30/2011,PIT,PA,AEA,CE,Combined TRACON& Tower with Radar,231,140,47,37,455,0,0,4,6,10,231,140,51,43,465,0,0,0,465
08/31/2011,PIT,PA,AEA,CE,Combined TRACON& Tower with Radar,237,144,53,31,465,0,2,2,1,5,237,146,55,32,470,0,0,0,470
09/01/2011,PIT,PA,AEA,CE,Combined TRACON& Tower with Radar,256,147,38,18,459,0,0,10,2,12,256,147,48,20,471,0,0,0,471
09/02/2011,PIT,PA,AEA,CE,Combined TRACON& Tower with Radar,242,138,36,1,417,0,0,2,0,2,242,138,38,1,419,0,0,0,419
09/03/2011,PIT,PA,AEA,CE,Combined TRACON& Tower with Radar,183,72,6,0,261,0,2,0,0,2,183,74,6,0,263,0,0,0,263
09/04/2011,PIT,PA,AEA,CE,Combined TRACON& Tower with Radar,180,89,10,2,281,0,0,2,0,2,180,89,12,2,283,0,0,0,283
09/05/2011,PIT,PA,AEA,CE,Combined TRACON& Tower with Radar,214,114,15,1,344,0,0,0,0,0,214,114,15,1,344,0,0,0,344
09/06/2011,PIT,PA,AEA,CE,Combined TRACON& Tower with Radar,226,124,48,44,442,0,2,0,0,2,226,126,48,44,444,0,0,0,444
09/07/2011,PIT,PA,AEA,CE,Combined TRACON& Tower with Radar,227,135,67,50,479,0,1,2,0,3,227,136,69,50,482,0,0,0,482
09/08/2011,PIT,PA,AEA,CE,Combined TRACON& Tower with Radar,243,138,43,18,442,0,2,27,2,31,243,140,70,20,473,0,0,0,473
09/09/2011,PIT,PA,AEA,CE,Combined TRACON& Tower with Radar,239,135,38,23,435,0,2,12,4,18,239,137,50,27,453,0,50,50,503
09/10/2011,PIT,PA,AEA,CE,Combined TRACON& Tower with Radar,183,78,21,8,290,0,5,7,4,16,183,83,28,12,306,0,0,0,306
09/11/2011,PIT,PA,AEA,CE,Combined TRACON& Tower with Radar,209,110,31,12,362,0,3,19,6,28,209,113,50,18,390,0,0,0,390
09/12/2011,PIT,PA,AEA,CE,Combined TRACON& Tower with Radar,232,136,53,39,460,0,0,8,5,13,232,136,61,44,473,0,0,0,473
09/13/2011,PIT,PA,AEA,CE,Combined TRACON& Tower with Radar,217,133,41,43,434,0,2,4,4,10,217,135,45,47,444,0,0,0,444
09/14/2011,PIT,PA,AEA,CE,Combined TRACON& Tower with Radar,231,143,54,27,455,0,0,1,0,1,231,143,55,27,456,0,0,0,456
09/15/2011,PIT,PA,AEA,CE,Combined TRACON& Tower with Radar,235,149,61,10,455,0,0,3,1,4,235,149,64,11,459,0,0,0,459
09/16/2011,PIT,PA,AEA,CE,Combined TRACON& Tower with Radar,241,151,27,19,438,0,0,3,0,3,241,151,30,19,441,0,4,4,445
09/17/2011,PIT,PA,AEA,CE,Combined TRACON& Tower with Radar,183,84,15,1,283,0,0,12,0,12,183,84,27,1,295,0,0,0,295
09/18/2011,PIT,PA,AEA,CE,Combined TRACON& Tower with Radar,202,121,29,7,359,0,1,0,0,1,202,122,29,7,360,0,0,0,360
09/19/2011,PIT,PA,AEA,CE,Combined TRACON& Tower with Radar,241,135,47,8,431,0,0,2,0,2,241,135,49,8,433,0,0,0,433
09/20/2011,PIT,PA,AEA,CE,Combined TRACON& Tower with Radar,219,141,39,37,436,0,2,2,0,4,219,143,41,37,440,0,0,0,440
09/21/2011,PIT,PA,AEA,CE,Combined TRACON& Tower with Radar,222,145,61,38,466,0,2,0,4,6,222,147,61,42,472,0,0,0,472
09/22/2011,PIT,PA,AEA,CE,Combined TRACON& Tower with Radar,236,141,54,16,447,0,0,0,0,0,236,141,54,16,447,0,0,0,447
09/23/2011,PIT,PA,AEA,CE,Combined TRACON& Tower with Radar,240,130,38,24,432,0,0,0,0,0,240,130,38,24,432,0,0,0,432
09/24/2011,PIT,PA,AEA,CE,Combined TRACON& Tower with Radar,190,81,15,0,286,0,2,0,0,2,190,83,15,0,288,0,0,0,288
09/25/2011,PIT,PA,AEA,CE,Combined TRACON& Tower with Radar,205,116,26,3,350,0,0,1,0,1,205,116,27,3,351,0,0,0,351
09/26/2011,PIT,PA,AEA,CE,Combined TRACON& Tower with Radar,241,131,52,2,426,0,0,0,0,0,241,131,52,2,426,0,0,0,426
09/27/2011,PIT,PA,AEA,CE,Combined TRACON& Tower with Radar,222,143,49,3,417,0,0,0,0,0,222,143,49,3,417,0,0,0,417
09/28/2011,PIT,PA,AEA,CE,Combined TRACON& Tower with Radar,220,127,37,5,389,0,0,2,0,2,220,127,39,5,391,0,0,0,391
09/29/2011,PIT,PA,AEA,CE,Combined TRACON& Tower with Radar,230,129,45,4,408,0,0,3,0,3,230,129,48,4,411,0,0,0,411
09/30/2011,PIT,PA,AEA,CE,Combined TRACON& Tower with Radar,244,136,35,3,418,0,0,0,0,0,244,136,35,3,418,0,0,0,418
10/01/2011,PIT,PA,AEA,CE,Combined TRACON& Tower with Radar,176,79,8,4,267,0,0,0,0,0,176,79,8,4,267,0,0,0,267
10/02/2011,PIT,PA,AEA,CE,Combined TRACON& Tower with Radar,207,121,27,3,358,0,0,0,0,0,207,121,27,3,358,0,0,0,358
10/03/2011,PIT,PA,AEA,CE,Combined TRACON& Tower with Radar,225,134,33,5,397,0,0,0,0,0,225,134,33,5,397,0,0,0,397
10/04/2011,PIT,PA,AEA,CE,Combined TRACON& Tower with Radar,219,131,40,47,437,0,0,0,1,1,219,131,40,48,438,0,0,0,438
10/05/2011,PIT,PA,AEA,CE,Combined TRACON& Tower with Radar,215,143,49,53,460,0,0,11,0,11,215,143,60,53,471,0,32,32,503
10/06/2011,PIT,PA,AEA,CE,Combined TRACON& Tower with Radar,236,153,44,32,465,0,0,2,9,11,236,153,46,41,476,0,0,0,476
10/07/2011,PIT,PA,AEA,CE,Combined TRACON& Tower with Radar,243,137,35,36,451,0,0,13,0,13,243,137,48,36,464,0,0,0,464
10/08/2011,PIT,PA,AEA,CE,Combined TRACON& Tower with Radar,179,82,20,7,288,0,2,3,0,5,179,84,23,7,293,0,0,0,293
10/09/2011,PIT,PA,AEA,CE,Combined TRACON& Tower with Radar,207,108,26,3,344,0,0,0,0,0,207,108,26,3,344,0,0,0,344
10/10/2011,PIT,PA,AEA,CE,Combined TRACON& Tower with Radar,234,133,22,2,391,0,2,3,0,5,234,135,25,2,396,0,0,0,396
10/11/2011,PIT,PA,AEA,CE,Combined TRACON& Tower with Radar,216,141,54,33,444,0,0,10,2,12,216,141,64,35,456,0,0,0,456
10/12/2011,PIT,PA,AEA,CE,Combined TRACON& Tower with Radar,223,131,44,51,449,0,0,1,0,1,223,131,45,51,450,0,0,0,450
10/13/2011,PIT,PA,AEA,CE,Combined TRACON& Tower with Radar,237,140,61,29,467,0,0,0,0,0,237,140,61,29,467,0,0,0,467
10/14/2011,PIT,PA,AEA,CE,Combined TRACON& Tower with Radar,230,147,43,17,437,0,0,0,0,0,230,147,43,17,437,0,0,0,437
10/15/2011,PIT,PA,AEA,CE,Combined TRACON& Tower with Radar,185,92,10,0,287,0,2,2,0,4,185,94,12,0,291,0,0,0,291
10/16/2011,PIT,PA,AEA,CE,Combined TRACON& Tower with Radar,204,135,23,2,364,0,0,0,0,0,204,135,23,2,364,0,0,0,364
10/17/2011,PIT,PA,AEA,CE,Combined TRACON& Tower with Radar,229,124,53,4,410,0,1,3,0,4,229,125,56,4,414,0,0,0,414
10/18/2011,PIT,PA,AEA,CE,Combined TRACON& Tower with Radar,218,132,32,35,417,0,0,2,0,2,218,132,34,35,419,0,0,0,419
10/19/2011,PIT,PA,AEA,CE,Combined TRACON& Tower with Radar,210,141,44,35,430,0,0,0,0,0,210,141,44,35,430,0,0,0,430
10/20/2011,PIT,PA,AEA,CE,Combined TRACON& Tower with Radar,249,130,66,9,454,0,0,0,0,0,249,130,66,9,454,0,0,0,454
10/21/2011,PIT,PA,AEA,CE,Combined TRACON& Tower with Radar,233,138,44,26,441,0,0,0,0,0,233,138,44,26,441,0,0,0,441
10/22/2011,PIT,PA,AEA,CE,Combined TRACON& Tower with Radar,175,85,9,1,270,0,0,7,0,7,175,85,16,1,277,0,0,0,277
10/23/2011,PIT,PA,AEA,CE,Combined TRACON& Tower with Radar,207,123,11,3,344,0,2,1,0,3,207,125,12,3,347,0,0,0,347
10/24/2011,PIT,PA,AEA,CE,Combined TRACON& Tower with Radar,231,142,42,32,447,0,3,0,0,3,231,145,42,32,450,0,0,0,450
10/25/2011,PIT,PA,AEA,CE,Combined TRACON& Tower with Radar,220,135,49,24,428,0,0,6,0,6,220,135,55,24,434,0,0,0,434
10/26/2011,PIT,PA,AEA,CE,Combined TRACON& Tower with Radar,223,142,45,68,478,0,0,2,0,2,223,142,47,68,480,0,0,0,480
10/27/2011,PIT,PA,AEA,CE,Combined TRACON& Tower with Radar,239,151,39,24,453,0,0,0,0,0,239,151,39,24,453,0,0,0,453
10/28/2011,PIT,PA,AEA,CE,Combined TRACON& Tower with Radar,246,150,28,35,459,0,17,0,0,17,246,167,28,35,476,0,0,0,476
10/29/2011,PIT,PA,AEA,CE,Combined TRACON& Tower with Radar,174,75,9,1,259,0,2,0,0,2,174,77,9,1,261,0,0,0,261
10/30/2011,PIT,PA,AEA,CE,Combined TRACON& Tower with Radar,207,129,37,2,375,0,0,1,0,1,207,129,38,2,376,0,0,0,376
10/31/2011,PIT,PA,AEA,CE,Combined TRACON& Tower with Radar,210,121,26,5,362,0,0,0,0,0,210,121,26,5,362,0,0,0,362
11/01/2011,PIT,PA,AEA,CE,Combined TRACON& Tower with Radar,220,127,35,27,409,0,0,11,2,13,220,127,46,29,422,0,0,0,422
11/02/2011,PIT,PA,AEA,CE,Combined TRACON& Tower with Radar,221,131,49,32,433,0,0,7,0,7,221,131,56,32,440,0,0,0,440
11/03/2011,PIT,PA,AEA,CE,Combined TRACON& Tower with Radar,233,142,31,35,441,0,6,0,2,8,233,148,31,37,449,0,0,0,449
11/04/2011,PIT,PA,AEA,CE,Combined TRACON& Tower with Radar,236,128,41,8,413,0,0,6,0,6,236,128,47,8,419,0,0,0,419
11/05/2011,PIT,PA,AEA,CE,Combined TRACON& Tower with Radar,177,85,21,16,299,0,0,3,1,4,177,85,24,17,303,0,0,0,303
11/06/2011,PIT,PA,AEA,CE,Combined TRACON& Tower with Radar,203,114,26,9,352,0,0,4,2,6,203,114,30,11,358,0,0,0,358
11/07/2011,PIT,PA,AEA,CE,Combined TRACON& Tower with Radar,240,134,53,46,473,0,0,2,0,2,240,134,55,46,475,0,0,0,475
11/08/2011,PIT,PA,AEA,CE,Combined TRACON& Tower with Radar,216,123,50,37,426,0,0,3,2,5,216,123,53,39,431,0,0,0,431
11/09/2011,PIT,PA,AEA,CE,Combined TRACON& Tower with Radar,226,128,41,38,433,0,0,4,3,7,226,128,45,41,440,0,0,0,440
11/10/2011,PIT,PA,AEA,CE,Combined TRACON& Tower with Radar,269,146,44,25,484,0,0,0,0,0,269,146,44,25,484,0,0,0,484
11/11/2011,PIT,PA,AEA,CE,Combined TRACON& Tower with Radar,243,131,35,1,410,0,0,1,0,1,243,131,36,1,411,0,0,0,411
11/12/2011,PIT,PA,AEA,CE,Combined TRACON& Tower with Radar,187,65,12,0,264,0,0,0,0,0,187,65,12,0,264,0,0,0,264
11/13/2011,PIT,PA,AEA,CE,Combined TRACON& Tower with Radar,209,113,16,1,339,0,1,1,0,2,209,114,17,1,341,0,0,0,341
11/14/2011,PIT,PA,AEA,CE,Combined TRACON& Tower with Radar,235,137,27,12,411,0,0,0,0,0,235,137,27,12,411,0,0,0,411
11/15/2011,PIT,PA,AEA,CE,Combined TRACON& Tower with Radar,227,142,56,28,453,0,0,0,0,0,227,142,56,28,453,0,0,0,453
11/16/2011,PIT,PA,AEA,CE,Combined TRACON& Tower with Radar,220,130,36,45,431,0,0,0,0,0,220,130,36,45,431,0,0,0,431
11/17/2011,PIT,PA,AEA,CE,Combined TRACON& Tower with Radar,237,134,55,39,465,0,0,0,0,0,237,134,55,39,465,0,0,0,465
11/18/2011,PIT,PA,AEA,CE,Combined TRACON& Tower with Radar,243,126,32,21,422,0,0,1,0,1,243,126,33,21,423,0,0,0,423
11/19/2011,PIT,PA,AEA,CE,Combined TRACON& Tower with Radar,185,71,11,2,269,0,0,0,0,0,185,71,11,2,269,0,0,0,269
11/20/2011,PIT,PA,AEA,CE,Combined TRACON& Tower with Radar,208,99,14,3,324,0,0,2,2,4,208,99,16,5,328,0,0,0,328
11/21/2011,PIT,PA,AEA,CE,Combined TRACON& Tower with Radar,235,118,23,38,414,0,0,0,0,0,235,118,23,38,414,0,0,0,414
11/22/2011,PIT,PA,AEA,CE,Combined TRACON& Tower with Radar,228,137,57,33,455,0,0,0,0,0,228,137,57,33,455,0,0,0,455
11/23/2011,PIT,PA,AEA,CE,Combined TRACON& Tower with Radar,247,150,30,12,439,0,0,0,0,0,247,150,30,12,439,0,0,0,439
11/24/2011,PIT,PA,AEA,CE,Combined TRACON& Tower with Radar,146,60,4,1,211,0,0,0,0,0,146,60,4,1,211,0,0,0,211
11/25/2011,PIT,PA,AEA,CE,Combined TRACON& Tower with Radar,167,68,6,0,241,0,0,3,0,3,167,68,9,0,244,0,0,0,244
11/26/2011,PIT,PA,AEA,CE,Combined TRACON& Tower with Radar,191,80,12,0,283,0,0,9,0,9,191,80,21,0,292,0,0,0,292
11/27/2011,PIT,PA,AEA,CE,Combined TRACON& Tower with Radar,237,120,26,1,384,0,1,0,0,1,237,121,26,1,385,0,0,0,385
11/28/2011,PIT,PA,AEA,CE,Combined TRACON& Tower with Radar,247,118,28,4,397,0,0,0,0,0,247,118,28,4,397,0,0,0,397
11/29/2011,PIT,PA,AEA,CE,Combined TRACON& Tower with Radar,222,121,39,33,415,0,1,0,1,2,222,122,39,34,417,0,0,0,417
11/30/2011,PIT,PA,AEA,CE,Combined TRACON& Tower with Radar,226,110,60,26,422,0,1,0,0,1,226,111,60,26,423,0,0,0,423
12/01/2011,PIT,PA,AEA,CE,Combined TRACON& Tower with Radar,238,143,54,83,518,0,8,4,1,13,238,151,58,84,531,0,0,0,531
12/02/2011,PIT,PA,AEA,CE,Combined TRACON& Tower with Radar,237,137,29,29,432,0,13,0,0,13,237,150,29,29,445,0,0,0,445
12/03/2011,PIT,PA,AEA,CE,Combined TRACON& Tower with Radar,172,58,16,0,246,0,0,11,5,16,172,58,27,5,262,0,0,0,262
12/04/2011,PIT,PA,AEA,CE,Combined TRACON& Tower with Radar,199,105,30,17,351,0,0,2,0,2,199,105,32,17,353,0,0,0,353
12/05/2011,PIT,PA,AEA,CE,Combined TRACON& Tower with Radar,223,120,38,34,415,0,0,0,1,1,223,120,38,35,416,0,0,0,416
12/06/2011,PIT,PA,AEA,CE,Combined TRACON& Tower with Radar,218,132,35,25,410,0,0,0,0,0,218,132,35,25,410,0,14,14,424
12/07/2011,PIT,PA,AEA,CE,Combined TRACON& Tower with Radar,228,118,44,15,405,0,0,0,0,0,228,118,44,15,405,0,0,0,405
12/08/2011,PIT,PA,AEA,CE,Combined TRACON& Tower with Radar,234,136,54,26,450,0,0,5,0,5,234,136,59,26,455,0,0,0,455
12/09/2011,PIT,PA,AEA,CE,Combined TRACON& Tower with Radar,229,122,43,39,433,0,0,1,0,1,229,122,44,39,434,0,0,0,434
12/10/2011,PIT,PA,AEA,CE,Combined TRACON& Tower with Radar,175,54,6,0,235,0,0,0,0,0,175,54,6,0,235,0,0,0,235
12/11/2011,PIT,PA,AEA,CE,Combined TRACON& Tower with Radar,197,98,24,3,322,0,0,0,0,0,197,98,24,3,322,0,0,0,322
12/12/2011,PIT,PA,AEA,CE,Combined TRACON& Tower with Radar,217,116,42,10,385,0,0,4,1,5,217,116,46,11,390,0,0,0,390
12/13/2011,PIT,PA,AEA,CE,Combined TRACON& Tower with Radar,227,109,60,49,445,0,0,4,5,9,227,109,64,54,454,0,12,12,466
12/14/2011,PIT,PA,AEA,CE,Combined TRACON& Tower with Radar,225,120,50,47,442,0,0,4,0,4,225,120,54,47,446,0,0,0,446
12/15/2011,PIT,PA,AEA,CE,Combined TRACON& Tower with Radar,235,130,65,19,449,0,1,0,0,1,235,131,65,19,450,0,0,0,450
12/16/2011,PIT,PA,AEA,CE,Combined TRACON& Tower with Radar,234,118,22,6,380,0,0,0,0,0,234,118,22,6,380,0,0,0,380
12/17/2011,PIT,PA,AEA,CE,Combined TRACON& Tower with Radar,189,60,15,1,265,0,0,0,0,0,189,60,15,1,265,0,0,0,265
12/18/2011,PIT,PA,AEA,CE,Combined TRACON& Tower with Radar,189,95,14,1,299,0,0,1,0,1,189,95,15,1,300,0,0,0,300
12/19/2011,PIT,PA,AEA,CE,Combined TRACON& Tower with Radar,220,133,47,37,437,0,1,1,1,3,220,134,48,38,440,0,0,0,440
12/20/2011,PIT,PA,AEA,CE,Combined TRACON& Tower with Radar,231,119,32,14,396,0,0,0,2,2,231,119,32,16,398,0,0,0,398
12/21/2011,PIT,PA,AEA,CE,Combined TRACON& Tower with Radar,224,126,29,18,397,0,0,0,0,0,224,126,29,18,397,0,0,0,397
12/22/2011,PIT,PA,AEA,CE,Combined TRACON& Tower with Radar,236,118,19,15,388,0,0,1,0,1,236,118,20,15,389,0,0,0,389
12/23/2011,PIT,PA,AEA,CE,Combined TRACON& Tower with Radar,239,123,13,2,377,0,4,0,0,4,239,127,13,2,381,0,0,0,381
12/24/2011,PIT,PA,AEA,CE,Combined TRACON& Tower with Radar,187,63,7,0,257,0,0,0,0,0,187,63,7,0,257,0,0,0,257
12/25/2011,PIT,PA,AEA,CE,Combined TRACON& Tower with Radar,153,62,5,0,220,0,0,0,0,0,153,62,5,0,220,0,0,0,220
12/26/2011,PIT,PA,AEA,CE,Combined TRACON& Tower with Radar,201,112,35,0,348,0,0,2,0,2,201,112,37,0,350,0,0,0,350
12/27/2011,PIT,PA,AEA,CE,Combined TRACON& Tower with Radar,215,112,14,4,345,0,0,0,0,0,215,112,14,4,345,0,0,0,345
12/28/2011,PIT,PA,AEA,CE,Combined TRACON& Tower with Radar,230,121,9,43,403,0,0,0,0,0,230,121,9,43,403,0,0,0,403
12/29/2011,PIT,PA,AEA,CE,Combined TRACON& Tower with Radar,221,114,12,16,363,0,0,0,3,3,221,114,12,19,366,0,0,0,366
12/30/2011,PIT,PA,AEA,CE,Combined TRACON& Tower with Radar,217,116,8,0,341,0,0,0,0,0,217,116,8,0,341,0,0,0,341
12/31/2011,PIT,PA,AEA,CE,Combined TRACON& Tower with Radar,168,62,7,2,239,0,0,0,0,0,168,62,7,2,239,0,0,0,239
01/01/2012,PIT,PA,AEA,CE,Combined TRACON& Tower with Radar,174,68,15,0,257,0,0,0,0,0,174,68,15,0,257,0,0,0,257
01/02/2012,PIT,PA,AEA,CE,Combined TRACON& Tower with Radar,210,89,28,0,327,0,0,1,0,1,210,89,29,0,328,0,0,0,328
01/03/2012,PIT,PA,AEA,CE,Combined TRACON& Tower with Radar,215,100,23,25,363,0,0,0,3,3,215,100,23,28,366,0,0,0,366
01/04/2012,PIT,PA,AEA,CE,Combined TRACON& Tower with Radar,212,109,19,48,388,0,0,1,0,1,212,109,20,48,389,0,0,0,389
01/05/2012,PIT,PA,AEA,CE,Combined TRACON& Tower with Radar,226,116,30,60,432,0,0,0,1,1,226,116,30,61,433,0,0,0,433
01/06/2012,PIT,PA,AEA,CE,Combined TRACON& Tower with Radar,220,106,25,2,353,0,0,0,0,0,220,106,25,2,353,0,0,0,353
01/07/2012,PIT,PA,AEA,CE,Combined TRACON& Tower with Radar,172,65,5,24,266,0,0,2,0,2,172,65,7,24,268,0,0,0,268
01/08/2012,PIT,PA,AEA,CE,Combined TRACON& Tower with Radar,179,98,13,3,293,0,0,3,0,3,179,98,16,3,296,0,0,0,296
01/09/2012,PIT,PA,AEA,CE,Combined TRACON& Tower with Radar,208,116,29,7,360,0,0,2,0,2,208,116,31,7,362,0,0,0,362
01/10/2012,PIT,PA,AEA,CE,Combined TRACON& Tower with Radar,208,123,43,21,395,0,0,8,0,8,208,123,51,21,403,0,0,0,403
01/11/2012,PIT,PA,AEA,CE,Combined TRACON& Tower with Radar,202,117,49,46,414,0,0,0,2,2,202,117,49,48,416,0,0,0,416
01/12/2012,PIT,PA,AEA,CE,Combined TRACON& Tower with Radar,207,116,55,53,431,0,0,1,0,1,207,116,56,53,432,0,0,0,432
01/13/2012,PIT,PA,AEA,CE,Combined TRACON& Tower with Radar,217,123,30,0,370,0,0,0,0,0,217,123,30,0,370,0,0,0,370
01/14/2012,PIT,PA,AEA,CE,Combined TRACON& Tower with Radar,166,67,12,1,246,0,2,1,0,3,166,69,13,1,249,0,0,0,249
01/15/2012,PIT,PA,AEA,CE,Combined TRACON& Tower with Radar,181,91,12,0,284,0,2,1,0,3,181,93,13,0,287,0,0,0,287
01/16/2012,PIT,PA,AEA,CE,Combined TRACON& Tower with Radar,201,116,33,0,350,0,0,1,0,1,201,116,34,0,351,0,0,0,351
01/17/2012,PIT,PA,AEA,CE,Combined TRACON& Tower with Radar,199,131,17,5,352,0,0,0,0,0,199,131,17,5,352,0,0,0,352
01/18/2012,PIT,PA,AEA,CE,Combined TRACON& Tower with Radar,210,120,46,39,415,0,0,1,0,1,210,120,47,39,416,0,0,0,416
01/19/2012,PIT,PA,AEA,CE,Combined TRACON& Tower with Radar,212,118,46,37,413,0,0,0,0,0,212,118,46,37,413,0,0,0,413
01/20/2012,PIT,PA,AEA,CE,Combined TRACON& Tower with Radar,202,118,27,30,377,0,0,1,1,2,202,118,28,31,379,0,0,0,379
01/21/2012,PIT,PA,AEA,CE,Combined TRACON& Tower with Radar,152,67,11,3,233,0,0,0,0,0,152,67,11,3,233,0,0,0,233
01/22/2012,PIT,PA,AEA,CE,Combined TRACON& Tower with Radar,198,95,29,7,329,0,0,3,0,3,198,95,32,7,332,0,0,0,332
01/23/2012,PIT,PA,AEA,CE,Combined TRACON& Tower with Radar,226,124,40,22,412,0,1,0,0,1,226,125,40,22,413,0,0,0,413
01/24/2012,PIT,PA,AEA,CE,Combined TRACON& Tower with Radar,209,119,34,51,413,0,1,0,1,2,209,120,34,52,415,0,0,0,415
01/25/2012,PIT,PA,AEA,CE,Combined TRACON& Tower with Radar,205,118,22,30,375,0,0,0,0,0,205,118,22,30,375,0,0,0,375
01/26/2012,PIT,PA,AEA,CE,Combined TRACON& Tower with Radar,206,129,31,0,366,0,0,0,0,0,206,129,31,0,366,0,0,0,366
01/27/2012,PIT,PA,AEA,CE,Combined TRACON& Tower with Radar,210,118,31,58,417,0,1,2,0,3,210,119,33,58,420,0,0,0,420
01/28/2012,PIT,PA,AEA,CE,Combined TRACON& Tower with Radar,166,74,4,1,245,0,0,2,0,2,166,74,6,1,247,0,0,0,247
01/29/2012,PIT,PA,AEA,CE,Combined TRACON& Tower with Radar,184,94,16,5,299,0,0,2,0,2,184,94,18,5,301,0,0,0,301
01/30/2012,PIT,PA,AEA,CE,Combined TRACON& Tower with Radar,203,114,27,40,384,0,0,0,1,1,203,114,27,41,385,0,0,0,385
01/31/2012,PIT,PA,AEA,CE,Combined TRACON& Tower with Radar,200,120,46,42,408,0,1,0,6,7,200,121,46,48,415,0,0,0,415
02/01/2012,PIT,PA,AEA,CE,Combined TRACON& Tower with Radar,206,125,26,21,378,0,8,0,0,8,206,133,26,21,386,0,0,0,386
02/02/2012,PIT,PA,AEA,CE,Combined TRACON& Tower with Radar,212,120,36,36,404,0,0,0,0,0,212,120,36,36,404,0,0,0,404
02/03/2012,PIT,PA,AEA,CE,Combined TRACON& Tower with Radar,204,131,29,20,384,0,0,8,0,8,204,131,37,20,392,0,0,0,392
02/04/2012,PIT,PA,AEA,CE,Combined TRACON& Tower with Radar,165,67,3,11,246,0,0,0,0,0,165,67,3,11,246,0,0,0,246
02/05/2012,PIT,PA,AEA,CE,Combined TRACON& Tower with Radar,181,103,10,22,316,0,0,1,0,1,181,103,11,22,317,0,0,0,317
02/06/2012,PIT,PA,AEA,CE,Combined TRACON& Tower with Radar,204,112,38,5,359,0,0,0,1,1,204,112,38,6,360,0,0,0,360
02/07/2012,PIT,PA,AEA,CE,Combined TRACON& Tower with Radar,198,126,36,42,402,0,2,4,0,6,198,128,40,42,408,0,0,0,408
02/08/2012,PIT,PA,AEA,CE,Combined TRACON& Tower with Radar,204,123,46,32,405,0,0,0,0,0,204,123,46,32,405,0,0,0,405
02/09/2012,PIT,PA,AEA,CE,Combined TRACON& Tower with Radar,210,129,59,60,458,0,0,2,2,4,210,129,61,62,462,0,0,0,462
02/10/2012,PIT,PA,AEA,CE,Combined TRACON& Tower with Radar,208,119,51,49,427,0,0,2,0,2,208,119,53,49,429,0,0,0,429
02/11/2012,PIT,PA,AEA,CE,Combined TRACON& Tower with Radar,170,70,14,0,254,0,0,0,0,0,170,70,14,0,254,0,0,0,254
02/12/2012,PIT,PA,AEA,CE,Combined TRACON& Tower with Radar,180,97,21,5,303,0,0,0,0,0,180,97,21,5,303,0,0,0,303
02/13/2012,PIT,PA,AEA,CE,Combined TRACON& Tower with Radar,198,116,32,34,380,0,0,4,0,4,198,116,36,34,384,0,0,0,384
02/14/2012,PIT,PA,AEA,CE,Combined TRACON& Tower with Radar,200,122,37,66,425,0,0,0,0,0,200,122,37,66,425,0,0,0,425
02/15/2012,PIT,PA,AEA,CE,Combined TRACON& Tower with Radar,211,131,41,60,443,0,2,1,3,6,211,133,42,63,449,0,0,0,449
02/16/2012,PIT,PA,AEA,CE,Combined TRACON& Tower with Radar,204,142,45,60,451,0,0,2,0,2,204,142,47,60,453,0,0,0,453
02/17/2012,PIT,PA,AEA,CE,Combined TRACON& Tower with Radar,216,117,32,9,374,0,1,4,0,5,216,118,36,9,379,0,0,0,379
02/18/2012,PIT,PA,AEA,CE,Combined TRACON& Tower with Radar,168,72,12,2,254,0,0,1,0,1,168,72,13,2,255,0,0,0,255
02/19/2012,PIT,PA,AEA,CE,Combined TRACON& Tower with Radar,175,89,14,1,279,0,0,4,0,4,175,89,18,1,283,0,0,0,283
02/20/2012,PIT,PA,AEA,CE,Combined TRACON& Tower with Radar,207,118,46,1,372,0,0,1,0,1,207,118,47,1,373,0,0,0,373
02/21/2012,PIT,PA,AEA,CE,Combined TRACON& Tower with Radar,208,120,37,42,407,0,2,5,3,10,208,122,42,45,417,12,0,12,429
02/22/2012,PIT,PA,AEA,CE,Combined TRACON& Tower with Radar,210,126,49,26,411,0,0,0,2,2,210,126,49,28,413,0,0,0,413
02/23/2012,PIT,PA,AEA,CE,Combined TRACON& Tower with Radar,209,129,31,35,404,0,0,2,2,4,209,129,33,37,408,0,0,0,408
02/24/2012,PIT,PA,AEA,CE,Combined TRACON& Tower with Radar,208,115,43,15,381,0,0,0,0,0,208,115,43,15,381,0,0,0,381
02/25/2012,PIT,PA,AEA,CE,Combined TRACON& Tower with Radar,176,79,24,4,283,0,0,0,0,0,176,79,24,4,283,0,0,0,283
02/26/2012,PIT,PA,AEA,CE,Combined TRACON& Tower with Radar,182,94,24,3,303,0,0,1,0,1,182,94,25,3,304,0,0,0,304
02/27/2012,PIT,PA,AEA,CE,Combined TRACON& Tower with Radar,206,123,36,48,413,0,0,0,0,0,206,123,36,48,413,0,0,0,413
02/28/2012,PIT,PA,AEA,CE,Combined TRACON& Tower with Radar,206,127,52,56,441,0,1,4,0,5,206,128,56,56,446,0,0,0,446
02/29/2012,PIT,PA,AEA,CE,Combined TRACON& Tower with Radar,199,132,49,11,391,0,1,0,1,2,199,133,49,12,393,0,0,0,393
03/01/2012,PIT,PA,AEA,CE,Combined TRACON& Tower with Radar,214,136,28,69,447,0,0,1,0,1,214,136,29,69,448,0,0,0,448
03/02/2012,PIT,PA,AEA,CE,Combined TRACON& Tower with Radar,207,124,42,38,411,0,0,2,0,2,207,124,44,38,413,0,0,0,413
03/03/2012,PIT,PA,AEA,CE,Combined TRACON& Tower with Radar,181,69,11,16,277,0,2,0,0,2,181,71,11,16,279,0,0,0,279
03/04/2012,PIT,PA,AEA,CE,Combined TRACON& Tower with Radar,182,102,14,14,312,0,0,0,0,0,182,102,14,14,312,0,0,0,312
03/05/2012,PIT,PA,AEA,CE,Combined TRACON& Tower with Radar,211,119,39,18,387,0,0,1,0,1,211,119,40,18,388,0,0,0,388
03/06/2012,PIT,PA,AEA,CE,Combined TRACON& Tower with Radar,216,116,39,61,432,0,0,1,0,1,216,116,40,61,433,0,0,0,433
03/07/2012,PIT,PA,AEA,CE,Combined TRACON& Tower with Radar,215,127,40,25,407,0,1,3,2,6,215,128,43,27,413,0,0,0,413
03/08/2012,PIT,PA,AEA,CE,Combined TRACON& Tower with Radar,215,137,40,22,414,0,0,0,0,0,215,137,40,22,414,0,0,0,414
03/09/2012,PIT,PA,AEA,CE,Combined TRACON& Tower with Radar,216,125,23,42,406,0,1,2,0,3,216,126,25,42,409,0,0,0,409
03/10/2012,PIT,PA,AEA,CE,Combined TRACON& Tower with Radar,174,78,9,2,263,0,1,2,0,3,174,79,11,2,266,0,0,0,266
03/11/2012,PIT,PA,AEA,CE,Combined TRACON& Tower with Radar,196,104,20,2,322,0,1,2,0,3,196,105,22,2,325,0,0,0,325
03/12/2012,PIT,PA,AEA,CE,Combined TRACON& Tower with Radar,222,114,35,73,444,0,0,1,0,1,222,114,36,73,445,0,0,0,445
03/13/2012,PIT,PA,AEA,CE,Combined TRACON& Tower with Radar,226,130,34,46,436,0,5,1,10,16,226,135,35,56,452,0,0,0,452
03/14/2012,PIT,PA,AEA,CE,Combined TRACON& Tower with Radar,219,126,66,42,453,0,2,1,0,3,219,128,67,42,456,0,0,0,456
03/15/2012,PIT,PA,AEA,CE,Combined TRACON& Tower with Radar,223,127,37,63,450,0,1,1,0,2,223,128,38,63,452,0,0,0,452
03/16/2012,PIT,PA,AEA,CE,Combined TRACON& Tower with Radar,233,123,26,53,435,0,2,0,0,2,233,125,26,53,437,0,0,0,437
03/17/2012,PIT,PA,AEA,CE,Combined TRACON& Tower with Radar,179,86,18,4,287,0,0,2,6,8,179,86,20,10,295,0,0,0,295
03/18/2012,PIT,PA,AEA,CE,Combined TRACON& Tower with Radar,195,102,12,0,309,0,1,0,0,1,195,103,12,0,310,0,0,0,310
03/19/2012,PIT,PA,AEA,CE,Combined TRACON& Tower with Radar,223,123,30,11,387,0,1,0,0,1,223,124,30,11,388,0,0,0,388
03/20/2012,PIT,PA,AEA,CE,Combined TRACON& Tower with Radar,222,119,56,39,436,0,0,5,2,7,222,119,61,41,443,0,0,0,443
03/21/2012,PIT,PA,AEA,CE,Combined TRACON& Tower with Radar,217,118,28,63,426,0,1,3,0,4,217,119,31,63,430,0,0,0,430
03/22/2012,PIT,PA,AEA,CE,Combined TRACON& Tower with Radar,238,135,56,37,466,0,0,2,3,5,238,135,58,40,471,0,0,0,471
03/23/2012,PIT,PA,AEA,CE,Combined TRACON& Tower with Radar,225,118,36,24,403,0,0,0,0,0,225,118,36,24,403,0,0,0,403
03/24/2012,PIT,PA,AEA,CE,Combined TRACON& Tower with Radar,172,68,13,3,256,0,0,0,0,0,172,68,13,3,256,0,0,0,256
03/25/2012,PIT,PA,AEA,CE,Combined TRACON& Tower with Radar,208,93,28,1,330,0,0,0,0,0,208,93,28,1,330,0,0,0,330
03/26/2012,PIT,PA,AEA,CE,Combined TRACON& Tower with Radar,228,109,21,24,382,0,1,0,0,1,228,110,21,24,383,0,0,0,383
03/27/2012,PIT,PA,AEA,CE,Combined TRACON& Tower with Radar,227,115,43,41,426,0,0,2,3,5,227,115,45,44,431,0,0,0,431
03/28/2012,PIT,PA,AEA,CE,Combined TRACON& Tower with Radar,228,118,50,29,425,0,0,3,1,4,228,118,53,30,429,0,0,0,429
03/29/2012,PIT,PA,AEA,CE,Combined TRACON& Tower with Radar,234,138,30,44,446,0,0,2,2,4,234,138,32,46,450,0,0,0,450
03/30/2012,PIT,PA,AEA,CE,Combined TRACON& Tower with Radar,231,122,41,35,429,0,0,0,3,3,231,122,41,38,432,0,0,0,432
03/31/2012,PIT,PA,AEA,CE,Combined TRACON& Tower with Radar,181,71,16,8,276,0,0,0,0,0,181,71,16,8,276,0,0,0,276
04/01/2012,PIT,PA,AEA,CE,Combined TRACON& Tower with Radar,214,93,14,0,321,0,0,2,0,2,214,93,16,0,323,0,0,0,323
04/02/2012,PIT,PA,AEA,CE,Combined TRACON& Tower with Radar,230,121,39,6,396,0,0,1,0,1,230,121,40,6,397,0,0,0,397
04/03/2012,PIT,PA,AEA,CE,Combined TRACON& Tower with Radar,217,118,42,26,403,0,0,18,0,18,217,118,60,26,421,0,0,0,421
04/04/2012,PIT,PA,AEA,CE,Combined TRACON& Tower with Radar,226,130,53,50,459,0,1,4,2,7,226,131,57,52,466,0,0,0,466
04/05/2012,PIT,PA,AEA,CE,Combined TRACON& Tower with Radar,231,139,54,25,449,0,2,6,1,9,231,141,60,26,458,0,0,0,458
04/06/2012,PIT,PA,AEA,CE,Combined TRACON& Tower with Radar,233,112,25,25,395,0,0,3,0,3,233,112,28,25,398,0,0,0,398
04/07/2012,PIT,PA,AEA,CE,Combined TRACON& Tower with Radar,184,65,11,3,263,0,0,1,0,1,184,65,12,3,264,0,0,0,264
04/08/2012,PIT,PA,AEA,CE,Combined TRACON& Tower with Radar,198,98,9,0,305,0,0,5,0,5,198,98,14,0,310,0,0,0,310
04/09/2012,PIT,PA,AEA,CE,Combined TRACON& Tower with Radar,225,118,47,37,427,0,0,0,0,0,225,118,47,37,427,0,0,0,427
04/10/2012,PIT,PA,AEA,CE,Combined TRACON& Tower with Radar,218,118,38,24,398,0,1,0,1,2,218,119,38,25,400,0,0,0,400
04/11/2012,PIT,PA,AEA,CE,Combined TRACON& Tower with Radar,220,123,37,31,411,0,0,2,0,2,220,123,39,31,413,0,0,0,413
04/12/2012,PIT,PA,AEA,CE,Combined TRACON& Tower with Radar,229,124,40,34,427,1,0,2,0,3,230,124,42,34,430,0,0,0,430
04/13/2012,PIT,PA,AEA,CE,Combined TRACON& Tower with Radar,225,121,40,29,415,0,2,3,2,7,225,123,43,31,422,0,0,0,422
04/14/2012,PIT,PA,AEA,CE,Combined TRACON& Tower with Radar,177,66,8,19,270,0,0,0,0,0,177,66,8,19,270,0,0,0,270
04/15/2012,PIT,PA,AEA,CE,Combined TRACON& Tower with Radar,200,100,23,9,332,0,4,0,1,5,200,104,23,10,337,0,0,0,337
04/16/2012,PIT,PA,AEA,CE,Combined TRACON& Tower with Radar,217,109,31,9,366,0,0,0,0,0,217,109,31,9,366,0,0,0,366
04/17/2012,PIT,PA,AEA,CE,Combined TRACON& Tower with Radar,215,115,29,34,393,0,0,5,0,5,215,115,34,34,398,0,0,0,398
04/18/2012,PIT,PA,AEA,CE,Combined TRACON& Tower with Radar,217,120,45,36,418,0,0,2,4,6,217,120,47,40,424,0,0,0,424
04/19/2012,PIT,PA,AEA,CE,Combined TRACON& Tower with Radar,227,142,47,15,431,0,0,4,0,4,227,142,51,15,435,0,0,0,435
04/20/2012,PIT,PA,AEA,CE,Combined TRACON& Tower with Radar,225,121,37,23,406,0,1,3,1,5,225,122,40,24,411,0,0,0,411
04/21/2012,PIT,PA,AEA,CE,Combined TRACON& Tower with Radar,172,74,9,2,257,0,0,0,0,0,172,74,9,2,257,0,0,0,257
04/22/2012,PIT,PA,AEA,CE,Combined TRACON& Tower with Radar,207,104,26,1,338,0,0,1,2,3,207,104,27,3,341,0,0,0,341
04/23/2012,PIT,PA,AEA,CE,Combined TRACON& Tower with Radar,218,115,38,10,381,0,0,0,0,0,218,115,38,10,381,0,8,8,389
04/24/2012,PIT,PA,AEA,CE,Combined TRACON& Tower with Radar,210,113,35,44,402,0,0,1,4,5,210,113,36,48,407,0,0,0,407
04/25/2012,PIT,PA,AEA,CE,Combined TRACON& Tower with Radar,222,134,54,35,445,0,0,1,0,1,222,134,55,35,446,0,0,0,446
04/26/2012,PIT,PA,AEA,CE,Combined TRACON& Tower with Radar,226,125,33,54,438,0,0,0,0,0,226,125,33,54,438,0,0,0,438
04/27/2012,PIT,PA,AEA,CE,Combined TRACON& Tower with Radar,221,123,39,26,409,0,1,1,0,2,221,124,40,26,411,0,0,0,411
04/28/2012,PIT,PA,AEA,CE,Combined TRACON& Tower with Radar,171,72,8,5,256,0,0,0,0,0,171,72,8,5,256,0,0,0,256
04/29/2012,PIT,PA,AEA,CE,Combined TRACON& Tower with Radar,199,93,14,2,308,0,0,0,2,2,199,93,14,4,310,0,0,0,310
04/30/2012,PIT,PA,AEA,CE,Combined TRACON& Tower with Radar,224,111,31,12,378,0,0,2,0,2,224,111,33,12,380,0,0,0,380
05/01/2012,PIT,PA,AEA,CE,Combined TRACON& Tower with Radar,216,119,37,23,395,0,0,1,1,2,216,119,38,24,397,0,0,0,397
05/02/2012,PIT,PA,AEA,CE,Combined TRACON& Tower with Radar,218,124,37,45,424,0,0,3,2,5,218,124,40,47,429,0,0,0,429
05/03/2012,PIT,PA,AEA,CE,Combined TRACON& Tower with Radar,233,143,31,61,468,0,0,2,3,5,233,143,33,64,473,0,0,0,473
05/04/2012,PIT,PA,AEA,CE,Combined TRACON& Tower with Radar,217,127,27,15,386,0,0,2,1,3,217,127,29,16,389,0,0,0,389
05/05/2012,PIT,PA,AEA,CE,Combined TRACON& Tower with Radar,184,66,11,6,267,0,2,0,0,2,184,68,11,6,269,0,0,0,269
05/06/2012,PIT,PA,AEA,CE,Combined TRACON& Tower with Radar,201,106,18,23,348,0,0,2,0,2,201,106,20,23,350,0,0,0,350
05/07/2012,PIT,PA,AEA,CE,Combined TRACON& Tower with Radar,226,108,51,34,419,0,0,1,0,1,226,108,52,34,420,0,0,0,420
05/08/2012,PIT,PA,AEA,CE,Combined TRACON& Tower with Radar,216,122,61,27,426,0,0,0,1,1,216,122,61,28,427,0,0,0,427
05/09/2012,PIT,PA,AEA,CE,Combined TRACON& Tower with Radar,218,134,35,31,418,0,0,3,0,3,218,134,38,31,421,0,0,0,421
05/10/2012,PIT,PA,AEA,CE,Combined TRACON& Tower with Radar,232,140,46,25,443,0,3,1,0,4,232,143,47,25,447,0,0,0,447
05/11/2012,PIT,PA,AEA,CE,Combined TRACON& Tower with Radar,228,130,44,26,428,0,0,6,0,6,228,130,50,26,434,0,0,0,434
05/12/2012,PIT,PA,AEA,CE,Combined TRACON& Tower with Radar,181,66,11,1,259,0,0,3,0,3,181,66,14,1,262,0,0,0,262
05/13/2012,PIT,PA,AEA,CE,Combined TRACON& Tower with Radar,200,100,13,1,314,0,0,1,0,1,200,100,14,1,315,0,0,0,315
05/14/2012,PIT,PA,AEA,CE,Combined TRACON& Tower with Radar,219,123,23,7,372,0,1,0,0,1,219,124,23,7,373,0,0,0,373
05/15/2012,PIT,PA,AEA,CE,Combined TRACON& Tower with Radar,206,119,48,33,406,0,0,3,1,4,206,119,51,34,410,0,0,0,410
05/16/2012,PIT,PA,AEA,CE,Combined TRACON& Tower with Radar,221,136,41,36,434,0,0,6,0,6,221,136,47,36,440,0,0,0,440
05/17/2012,PIT,PA,AEA,CE,Combined TRACON& Tower with Radar,229,128,71,31,459,0,4,2,5,11,229,132,73,36,470,0,0,0,470
05/18/2012,PIT,PA,AEA,CE,Combined TRACON& Tower with Radar,224,126,35,11,396,0,0,0,0,0,224,126,35,11,396,0,0,0,396
05/19/2012,PIT,PA,AEA,CE,Combined TRACON& Tower with Radar,183,74,23,6,286,0,0,3,0,3,183,74,26,6,289,0,0,0,289
05/20/2012,PIT,PA,AEA,CE,Combined TRACON& Tower with Radar,198,103,24,4,329,0,0,3,0,3,198,103,27,4,332,0,0,0,332
05/21/2012,PIT,PA,AEA,CE,Combined TRACON& Tower with Radar,217,136,29,26,408,0,4,1,0,5,217,140,30,26,413,0,0,0,413
05/22/2012,PIT,PA,AEA,CE,Combined TRACON& Tower with Radar,223,134,59,34,450,0,0,1,2,3,223,134,60,36,453,0,0,0,453
05/23/2012,PIT,PA,AEA,CE,Combined TRACON& Tower with Radar,223,132,52,16,423,0,0,15,3,18,223,132,67,19,441,0,0,0,441
05/24/2012,PIT,PA,AEA,CE,Combined TRACON& Tower with Radar,228,119,39,35,421,0,0,1,0,1,228,119,40,35,422,0,0,0,422
05/25/2012,PIT,PA,AEA,CE,Combined TRACON& Tower with Radar,230,135,38,7,410,0,2,1,2,5,230,137,39,9,415,0,0,0,415
05/26/2012,PIT,PA,AEA,CE,Combined TRACON& Tower with Radar,181,59,7,0,247,0,2,1,0,3,181,61,8,0,250,0,0,0,250
05/27/2012,PIT,PA,AEA,CE,Combined TRACON& Tower with Radar,178,71,8,0,257,0,2,0,0,2,178,73,8,0,259,0,0,0,259
05/28/2012,PIT,PA,AEA,CE,Combined TRACON& Tower with Radar,194,104,18,4,320,0,0,2,3,5,194,104,20,7,325,0,0,0,325
05/29/2012,PIT,PA,AEA,CE,Combined TRACON& Tower with Radar,207,119,39,39,404,0,0,0,2,2,207,119,39,41,406,0,0,0,406
05/30/2012,PIT,PA,AEA,CE,Combined TRACON& Tower with Radar,227,138,48,28,441,0,0,2,0,2,227,138,50,28,443,0,0,0,443
05/31/2012,PIT,PA,AEA,CE,Combined TRACON& Tower with Radar,230,143,57,50,480,0,0,5,1,6,230,143,62,51,486,0,0,0,486
06/01/2012,PIT,PA,AEA,CE,Combined TRACON& Tower with Radar,216,118,35,27,396,0,0,0,0,0,216,118,35,27,396,0,0,0,396
06/02/2012,PIT,PA,AEA,CE,Combined TRACON& Tower with Radar,183,68,8,19,278,0,0,0,1,1,183,68,8,20,279,0,0,0,279
06/03/2012,PIT,PA,AEA,CE,Combined TRACON& Tower with Radar,202,92,17,6,317,0,2,1,0,3,202,94,18,6,320,0,0,0,320
06/04/2012,PIT,PA,AEA,CE,Combined TRACON& Tower with Radar,220,119,36,25,400,0,1,3,1,5,220,120,39,26,405,0,0,0,405
06/05/2012,PIT,PA,AEA,CE,Combined TRACON& Tower with Radar,225,115,39,38,417,0,3,2,2,7,225,118,41,40,424,0,0,0,424
06/06/2012,PIT,PA,AEA,CE,Combined TRACON& Tower with Radar,218,134,48,27,427,0,0,6,0,6,218,134,54,27,433,0,0,0,433
06/07/2012,PIT,PA,AEA,CE,Combined TRACON& Tower with Radar,230,139,59,54,482,0,2,4,1,7,230,141,63,55,489,0,0,0,489
06/08/2012,PIT,PA,AEA,CE,Combined TRACON& Tower with Radar,231,126,32,25,414,0,0,4,0,4,231,126,36,25,418,0,0,0,418
06/09/2012,PIT,PA,AEA,CE,Combined TRACON& Tower with Radar,199,87,13,1,300,0,0,0,0,0,199,87,13,1,300,0,0,0,300
06/10/2012,PIT,PA,AEA,CE,Combined TRACON& Tower with Radar,204,96,25,2,327,0,1,5,0,6,204,97,30,2,333,0,0,0,333
06/11/2012,PIT,PA,AEA,CE,Combined TRACON& Tower with Radar,224,117,27,16,384,0,1,2,1,4,224,118,29,17,388,0,0,0,388
06/12/2012,PIT,PA,AEA,CE,Combined TRACON& Tower with Radar,225,133,49,57,464,0,0,3,1,4,225,133,52,58,468,0,0,0,468
06/13/2012,PIT,PA,AEA,CE,Combined TRACON& Tower with Radar,223,137,48,69,477,0,0,3,0,3,223,137,51,69,480,0,0,0,480
06/14/2012,PIT,PA,AEA,CE,Combined TRACON& Tower with Radar,227,132,48,49,456,0,0,4,0,4,227,132,52,49,460,0,0,0,460
06/15/2012,PIT,PA,AEA,CE,Combined TRACON& Tower with Radar,225,128,41,32,426,0,3,3,1,7,225,131,44,33,433,0,0,0,433
06/16/2012,PIT,PA,AEA,CE,Combined TRACON& Tower with Radar,199,88,8,0,295,0,1,4,0,5,199,89,12,0,300,0,0,0,300
06/17/2012,PIT,PA,AEA,CE,Combined TRACON& Tower with Radar,200,107,13,2,322,0,0,0,0,0,200,107,13,2,322,0,0,0,322
06/18/2012,PIT,PA,AEA,CE,Combined TRACON& Tower with Radar,229,118,33,44,424,0,0,0,0,0,229,118,33,44,424,0,0,0,424
06/19/2012,PIT,PA,AEA,CE,Combined TRACON& Tower with Radar,230,122,39,32,423,0,0,3,5,8,230,122,42,37,431,0,0,0,431
06/20/2012,PIT,PA,AEA,CE,Combined TRACON& Tower with Radar,230,129,40,34,433,0,1,7,1,9,230,130,47,35,442,0,0,0,442
06/21/2012,PIT,PA,AEA,CE,Combined TRACON& Tower with Radar,244,136,44,33,457,0,1,2,1,4,244,137,46,34,461,0,0,0,461
06/22/2012,PIT,PA,AEA,CE,Combined TRACON& Tower with Radar,221,122,43,25,411,0,0,0,0,0,221,122,43,25,411,0,0,0,411
06/23/2012,PIT,PA,AEA,CE,Combined TRACON& Tower with Radar,206,90,20,0,316,0,0,2,0,2,206,90,22,0,318,0,0,0,318
06/24/2012,PIT,PA,AEA,CE,Combined TRACON& Tower with Radar,203,110,29,9,351,0,2,2,0,4,203,112,31,9,355,0,0,0,355
06/25/2012,PIT,PA,AEA,CE,Combined TRACON& Tower with Radar,224,117,37,5,383,0,1,2,1,4,224,118,39,6,387,0,0,0,387
06/26/2012,PIT,PA,AEA,CE,Combined TRACON& Tower with Radar,225,143,39,49,456,0,2,0,2,4,225,145,39,51,460,0,0,0,460
06/27/2012,PIT,PA,AEA,CE,Combined TRACON& Tower with Radar,231,134,55,48,468,0,1,6,0,7,231,135,61,48,475,0,0,0,475
06/28/2012,PIT,PA,AEA,CE,Combined TRACON& Tower with Radar,224,142,43,50,459,0,1,2,4,7,224,143,45,54,466,0,0,0,466
06/29/2012,PIT,PA,AEA,CE,Combined TRACON& Tower with Radar,235,128,38,32,433,0,0,3,0,3,235,128,41,32,436,0,0,0,436
06/30/2012,PIT,PA,AEA,CE,Combined TRACON& Tower with Radar,213,79,22,2,316,0,0,0,0,0,213,79,22,2,316,0,0,0,316
07/01/2012,PIT,PA,AEA,CE,Combined TRACON& Tower with Radar,216,104,13,1,334,0,0,3,0,3,216,104,16,1,337,0,0,0,337
07/02/2012,PIT,PA,AEA,CE,Combined TRACON& Tower with Radar,227,110,16,57,410,0,0,2,0,2,227,110,18,57,412,0,0,0,412
07/03/2012,PIT,PA,AEA,CE,Combined TRACON& Tower with Radar,213,107,22,23,365,0,1,7,2,10,213,108,29,25,375,0,23,23,398
07/04/2012,PIT,PA,AEA,CE,Combined TRACON& Tower with Radar,177,81,4,3,265,0,2,0,0,2,177,83,4,3,267,0,0,0,267
07/05/2012,PIT,PA,AEA,CE,Combined TRACON& Tower with Radar,216,100,32,16,364,0,0,1,0,1,216,100,33,16,365,0,0,0,365
07/06/2012,PIT,PA,AEA,CE,Combined TRACON& Tower with Radar,224,104,17,9,354,0,3,9,1,13,224,107,26,10,367,0,0,0,367
07/07/2012,PIT,PA,AEA,CE,Combined TRACON& Tower with Radar,199,74,11,1,285,0,0,2,0,2,199,74,13,1,287,0,0,0,287
07/08/2012,PIT,PA,AEA,CE,Combined TRACON& Tower with Radar,220,103,25,3,351,0,0,3,0,3,220,103,28,3,354,0,0,0,354
07/09/2012,PIT,PA,AEA,CE,Combined TRACON& Tower with Radar,223,122,37,7,389,0,0,2,1,3,223,122,39,8,392,0,0,0,392
07/10/2012,PIT,PA,AEA,CE,Combined TRACON& Tower with Radar,230,125,35,54,444,0,0,0,3,3,230,125,35,57,447,0,0,0,447
07/11/2012,PIT,PA,AEA,CE,Combined TRACON& Tower with Radar,241,132,40,23,436,0,0,8,5,13,241,132,48,28,449,0,0,0,449
07/12/2012,PIT,PA,AEA,CE,Combined TRACON& Tower with Radar,237,117,32,43,429,0,0,6,2,8,237,117,38,45,437,0,0,0,437
07/13/2012,PIT,PA,AEA,CE,Combined TRACON& Tower with Radar,234,116,32,26,408,0,0,0,0,0,234,116,32,26,408,0,0,0,408
07/14/2012,PIT,PA,AEA,CE,Combined TRACON& Tower with Radar,198,81,11,3,293,0,0,0,0,0,198,81,11,3,293,0,0,0,293
07/15/2012,PIT,PA,AEA,CE,Combined TRACON& Tower with Radar,206,103,13,2,324,0,0,0,0,0,206,103,13,2,324,0,0,0,324
07/16/2012,PIT,PA,AEA,CE,Combined TRACON& Tower with Radar,226,110,42,44,422,0,1,2,3,6,226,111,44,47,428,0,0,0,428
07/17/2012,PIT,PA,AEA,CE,Combined TRACON& Tower with Radar,250,123,45,48,466,0,1,3,3,7,250,124,48,51,473,0,0,0,473
07/18/2012,PIT,PA,AEA,CE,Combined TRACON& Tower with Radar,222,103,36,9,370,0,0,2,0,2,222,103,38,9,372,0,0,0,372
07/19/2012,PIT,PA,AEA,CE,Combined TRACON& Tower with Radar,246,117,51,19,433,0,0,1,0,1,246,117,52,19,434,0,0,0,434
07/20/2012,PIT,PA,AEA,CE,Combined TRACON& Tower with Radar,245,110,42,8,405,0,0,0,0,0,245,110,42,8,405,0,0,0,405
07/21/2012,PIT,PA,AEA,CE,Combined TRACON& Tower with Radar,194,88,12,2,296,0,2,0,0,2,194,90,12,2,298,0,0,0,298
07/22/2012,PIT,PA,AEA,CE,Combined TRACON& Tower with Radar,213,105,20,3,341,0,0,3,0,3,213,105,23,3,344,0,0,0,344
07/23/2012,PIT,PA,AEA,CE,Combined TRACON& Tower with Radar,229,115,28,8,380,0,2,5,0,7,229,117,33,8,387,0,0,0,387
07/24/2012,PIT,PA,AEA,CE,Combined TRACON& Tower with Radar,240,137,48,53,478,0,0,0,3,3,240,137,48,56,481,0,0,0,481
07/25/2012,PIT,PA,AEA,CE,Combined TRACON& Tower with Radar,242,123,47,35,447,0,2,3,1,6,242,125,50,36,453,0,0,0,453
07/26/2012,PIT,PA,AEA,CE,Combined TRACON& Tower with Radar,217,109,37,29,392,0,0,0,1,1,217,109,37,30,393,0,0,0,393
07/27/2012,PIT,PA,AEA,CE,Combined TRACON& Tower with Radar,232,116,23,26,397,0,0,1,0,1,232,116,24,26,398,0,0,0,398
07/28/2012,PIT,PA,AEA,CE,Combined TRACON& Tower with Radar,197,79,14,0,290,0,0,0,0,0,197,79,14,0,290,0,0,0,290
07/29/2012,PIT,PA,AEA,CE,Combined TRACON& Tower with Radar,207,106,21,9,343,1,2,1,0,4,208,108,22,9,347,0,0,0,347
07/30/2012,PIT,PA,AEA,CE,Combined TRACON& Tower with Radar,231,106,32,25,394,0,2,2,0,4,231,108,34,25,398,0,0,0,398
07/31/2012,PIT,PA,AEA,CE,Combined TRACON& Tower with Radar,233,118,38,23,412,0,0,4,0,4,233,118,42,23,416,0,0,0,416
08/01/2012,PIT,PA,AEA,CE,Combined TRACON& Tower with Radar,227,137,49,35,448,0,1,5,0,6,227,138,54,35,454,0,0,0,454
08/02/2012,PIT,PA,AEA,CE,Combined TRACON& Tower with Radar,238,119,53,61,471,0,0,7,1,8,238,119,60,62,479,0,0,0,479
08/03/2012,PIT,PA,AEA,CE,Combined TRACON& Tower with Radar,231,119,22,38,410,0,0,4,0,4,231,119,26,38,414,0,0,0,414
08/04/2012,PIT,PA,AEA,CE,Combined TRACON& Tower with Radar,195,89,15,4,303,0,0,3,0,3,195,89,18,4,306,0,0,0,306
08/05/2012,PIT,PA,AEA,CE,Combined TRACON& Tower with Radar,212,99,27,4,342,0,0,0,0,0,212,99,27,4,342,0,0,0,342
08/06/2012,PIT,PA,AEA,CE,Combined TRACON& Tower with Radar,232,121,37,9,399,0,2,7,0,9,232,123,44,9,408,0,0,0,408
08/07/2012,PIT,PA,AEA,CE,Combined TRACON& Tower with Radar,233,131,54,38,456,0,0,0,2,2,233,131,54,40,458,0,0,0,458
08/08/2012,PIT,PA,AEA,CE,Combined TRACON& Tower with Radar,238,119,36,20,413,0,0,2,2,4,238,119,38,22,417,0,0,0,417
08/09/2012,PIT,PA,AEA,CE,Combined TRACON& Tower with Radar,214,122,57,30,423,0,0,0,0,0,214,122,57,30,423,0,0,0,423
08/10/2012,PIT,PA,AEA,CE,Combined TRACON& Tower with Radar,217,114,33,32,396,0,0,2,0,2,217,114,35,32,398,0,0,0,398
08/11/2012,PIT,PA,AEA,CE,Combined TRACON& Tower with Radar,202,86,20,2,310,0,0,0,0,0,202,86,20,2,310,0,0,0,310
08/12/2012,PIT,PA,AEA,CE,Combined TRACON& Tower with Radar,202,108,23,3,336,0,0,3,0,3,202,108,26,3,339,0,0,0,339
08/13/2012,PIT,PA,AEA,CE,Combined TRACON& Tower with Radar,219,115,31,20,385,0,0,2,2,4,219,115,33,22,389,0,6,6,395
08/14/2012,PIT,PA,AEA,CE,Combined TRACON& Tower with Radar,225,135,39,58,457,0,3,0,3,6,225,138,39,61,463,0,0,0,463
08/15/2012,PIT,PA,AEA,CE,Combined TRACON& Tower with Radar,230,132,44,39,445,0,3,0,0,3,230,135,44,39,448,4,0,4,452
08/16/2012,PIT,PA,AEA,CE,Combined TRACON& Tower with Radar,234,136,47,41,458,0,0,0,0,0,234,136,47,41,458,0,0,0,458
08/17/2012,PIT,PA,AEA,CE,Combined TRACON& Tower with Radar,228,126,33,16,403,0,0,1,1,2,228,126,34,17,405,0,0,0,405
08/18/2012,PIT,PA,AEA,CE,Combined TRACON& Tower with Radar,170,89,12,0,271,0,0,4,0,4,170,89,16,0,275,0,0,0,275
08/19/2012,PIT,PA,AEA,CE,Combined TRACON& Tower with Radar,200,95,24,0,319,0,0,1,2,3,200,95,25,2,322,0,0,0,322
08/20/2012,PIT,PA,AEA,CE,Combined TRACON& Tower with Radar,231,126,27,6,390,0,1,1,1,3,231,127,28,7,393,0,0,0,393
08/21/2012,PIT,PA,AEA,CE,Combined TRACON& Tower with Radar,223,131,36,40,430,0,0,9,5,14,223,131,45,45,444,0,0,0,444
08/22/2012,PIT,PA,AEA,CE,Combined TRACON& Tower with Radar,220,150,58,63,491,0,0,6,1,7,220,150,64,64,498,0,0,0,498
08/23/2012,PIT,PA,AEA,CE,Combined TRACON& Tower with Radar,232,137,38,38,445,0,2,1,0,3,232,139,39,38,448,0,0,0,448
08/24/2012,PIT,PA,AEA,CE,Combined TRACON& Tower with Radar,227,132,30,31,420,0,0,4,0,4,227,132,34,31,424,0,0,0,424
08/25/2012,PIT,PA,AEA,CE,Combined TRACON& Tower with Radar,165,88,11,3,267,0,0,0,0,0,165,88,11,3,267,0,0,0,267
08/26/2012,PIT,PA,AEA,CE,Combined TRACON& Tower with Radar,193,107,19,4,323,0,0,3,0,3,193,107,22,4,326,0,0,0,326
08/27/2012,PIT,PA,AEA,CE,Combined TRACON& Tower with Radar,216,117,56,43,432,0,0,0,1,1,216,117,56,44,433,0,0,0,433
08/28/2012,PIT,PA,AEA,CE,Combined TRACON& Tower with Radar,220,144,56,43,463,0,0,5,2,7,220,144,61,45,470,0,0,0,470
08/29/2012,PIT,PA,AEA,CE,Combined TRACON& Tower with Radar,229,143,65,52,489,0,3,4,1,8,229,146,69,53,497,0,0,0,497
08/30/2012,PIT,PA,AEA,CE,Combined TRACON& Tower with Radar,227,138,48,29,442,0,0,4,0,4,227,138,52,29,446,0,0,0,446
08/31/2012,PIT,PA,AEA,CE,Combined TRACON& Tower with Radar,221,135,33,0,389,0,0,6,0,6,221,135,39,0,395,0,0,0,395
09/01/2012,PIT,PA,AEA,CE,Combined TRACON& Tower with Radar,145,83,11,0,239,0,2,0,0,2,145,85,11,0,241,0,0,0,241
09/02/2012,PIT,PA,AEA,CE,Combined TRACON& Tower with Radar,155,57,16,0,228,0,0,0,0,0,155,57,16,0,228,0,0,0,228
09/03/2012,PIT,PA,AEA,CE,Combined TRACON& Tower with Radar,193,107,15,1,316,0,2,0,0,2,193,109,15,1,318,0,0,0,318
09/04/2012,PIT,PA,AEA,CE,Combined TRACON& Tower with Radar,213,111,32,51,407,0,0,0,0,0,213,111,32,51,407,0,0,0,407
09/05/2012,PIT,PA,AEA,CE,Combined TRACON& Tower with Radar,212,144,48,31,435,0,5,1,0,6,212,149,49,31,441,0,0,0,441
09/06/2012,PIT,PA,AEA,CE,Combined TRACON& Tower with Radar,220,135,57,33,445,0,0,1,0,1,220,135,58,33,446,0,0,0,446
09/07/2012,PIT,PA,AEA,CE,Combined TRACON& Tower with Radar,224,130,39,31,424,0,0,0,0,0,224,130,39,31,424,0,0,0,424
09/08/2012,PIT,PA,AEA,CE,Combined TRACON& Tower with Radar,174,71,7,3,255,0,0,0,0,0,174,71,7,3,255,0,0,0,255
09/09/2012,PIT,PA,AEA,CE,Combined TRACON& Tower with Radar,203,101,7,4,315,0,0,2,0,2,203,101,9,4,317,0,0,0,317
09/10/2012,PIT,PA,AEA,CE,Combined TRACON& Tower with Radar,216,117,28,36,397,0,0,5,0,5,216,117,33,36,402,0,0,0,402
09/11/2012,PIT,PA,AEA,CE,Combined TRACON& Tower with Radar,200,132,48,56,436,0,0,6,0,6,200,132,54,56,442,0,0,0,442
09/12/2012,PIT,PA,AEA,CE,Combined TRACON& Tower with Radar,208,135,64,20,427,0,0,2,1,3,208,135,66,21,430,0,0,0,430
09/13/2012,PIT,PA,AEA,CE,Combined TRACON& Tower with Radar,221,134,52,35,442,0,0,0,0,0,221,134,52,35,442,0,0,0,442
09/14/2012,PIT,PA,AEA,CE,Combined TRACON& Tower with Radar,229,123,30,19,401,0,0,1,0,1,229,123,31,19,402,0,0,0,402
09/15/2012,PIT,PA,AEA,CE,Combined TRACON& Tower with Radar,166,72,8,6,252,0,0,1,0,1,166,72,9,6,253,0,0,0,253
09/16/2012,PIT,PA,AEA,CE,Combined TRACON& Tower with Radar,198,112,27,13,350,0,0,11,0,11,198,112,38,13,361,0,0,0,361
09/17/2012,PIT,PA,AEA,CE,Combined TRACON& Tower with Radar,217,118,32,6,373,0,0,5,1,6,217,118,37,7,379,0,0,0,379
09/18/2012,PIT,PA,AEA,CE,Combined TRACON& Tower with Radar,232,118,34,7,391,0,1,0,1,2,232,119,34,8,393,0,0,0,393
09/19/2012,PIT,PA,AEA,CE,Combined TRACON& Tower with Radar,224,123,41,19,407,0,0,4,0,4,224,123,45,19,411,0,0,0,411
09/20/2012,PIT,PA,AEA,CE,Combined TRACON& Tower with Radar,228,133,51,26,438,0,0,3,1,4,228,133,54,27,442,0,0,0,442
09/21/2012,PIT,PA,AEA,CE,Combined TRACON& Tower with Radar,228,120,31,41,420,0,0,1,0,1,228,120,32,41,421,0,0,0,421
09/22/2012,PIT,PA,AEA,CE,Combined TRACON& Tower with Radar,168,75,20,2,265,0,0,0,0,0,168,75,20,2,265,0,0,0,265
09/23/2012,PIT,PA,AEA,CE,Combined TRACON& Tower with Radar,198,109,12,3,322,0,0,0,0,0,198,109,12,3,322,0,0,0,322
09/24/2012,PIT,PA,AEA,CE,Combined TRACON& Tower with Radar,216,128,41,13,398,0,1,4,1,6,216,129,45,14,404,0,0,0,404
09/25/2012,PIT,PA,AEA,CE,Combined TRACON& Tower with Radar,210,125,48,39,422,0,0,2,0,2,210,125,50,39,424,0,0,0,424
09/26/2012,PIT,PA,AEA,CE,Combined TRACON& Tower with Radar,207,121,42,5,375,0,2,0,0,2,207,123,42,5,377,0,0,0,377
09/27/2012,PIT,PA,AEA,CE,Combined TRACON& Tower with Radar,224,148,62,10,444,0,0,0,0,0,224,148,62,10,444,0,0,0,444
09/28/2012,PIT,PA,AEA,CE,Combined TRACON& Tower with Radar,229,138,26,2,395,0,2,4,0,6,229,140,30,2,401,0,0,0,401
09/29/2012,PIT,PA,AEA,CE,Combined TRACON& Tower with Radar,169,75,13,0,257,0,0,0,0,0,169,75,13,0,257,0,0,0,257
09/30/2012,PIT,PA,AEA,CE,Combined TRACON& Tower with Radar,204,103,11,0,318,0,0,0,0,0,204,103,11,0,318,0,0,0,318
10/01/2012,PIT,PA,AEA,CE,Combined TRACON& Tower with Radar,216,127,41,10,394,0,0,0,2,2,216,127,41,12,396,0,0,0,396
10/02/2012,PIT,PA,AEA,CE,Combined TRACON& Tower with Radar,212,134,42,52,440,0,0,1,0,1,212,134,43,52,441,0,0,0,441
10/03/2012,PIT,PA,AEA,CE,Combined TRACON& Tower with Radar,229,123,54,58,464,0,0,1,0,1,229,123,55,58,465,0,0,0,465
10/04/2012,PIT,PA,AEA,CE,Combined TRACON& Tower with Radar,232,129,44,45,450,0,0,0,4,4,232,129,44,49,454,0,0,0,454
10/05/2012,PIT,PA,AEA,CE,Combined TRACON& Tower with Radar,230,129,45,38,442,0,3,4,0,7,230,132,49,38,449,0,0,0,449
10/06/2012,PIT,PA,AEA,CE,Combined TRACON& Tower with Radar,171,72,8,1,252,0,0,1,0,1,171,72,9,1,253,0,0,0,253
10/07/2012,PIT,PA,AEA,CE,Combined TRACON& Tower with Radar,207,105,29,1,342,0,2,4,0,6,207,107,33,1,348,0,0,0,348
10/08/2012,PIT,PA,AEA,CE,Combined TRACON& Tower with Radar,225,129,42,1,397,0,0,1,0,1,225,129,43,1,398,0,0,0,398
10/09/2012,PIT,PA,AEA,CE,Combined TRACON& Tower with Radar,208,132,66,25,431,0,2,4,0,6,208,134,70,25,437,0,0,0,437
10/10/2012,PIT,PA,AEA,CE,Combined TRACON& Tower with Radar,219,144,55,24,442,0,0,3,2,5,219,144,58,26,447,0,0,0,447
10/11/2012,PIT,PA,AEA,CE,Combined TRACON& Tower with Radar,231,135,37,9,412,0,0,4,0,4,231,135,41,9,416,0,0,0,416
10/12/2012,PIT,PA,AEA,CE,Combined TRACON& Tower with Radar,233,132,37,7,409,0,0,2,0,2,233,132,39,7,411,0,0,0,411
10/13/2012,PIT,PA,AEA,CE,Combined TRACON& Tower with Radar,170,77,8,5,260,0,0,0,2,2,170,77,8,7,262,0,0,0,262
10/14/2012,PIT,PA,AEA,CE,Combined TRACON& Tower with Radar,202,103,23,4,332,0,3,3,0,6,202,106,26,4,338,0,0,0,338
10/15/2012,PIT,PA,AEA,CE,Combined TRACON& Tower with Radar,229,123,37,2,391,0,0,0,0,0,229,123,37,2,391,0,0,0,391
10/16/2012,PIT,PA,AEA,CE,Combined TRACON& Tower with Radar,220,120,54,55,449,0,0,7,9,16,220,120,61,64,465,0,0,0,465
10/17/2012,PIT,PA,AEA,CE,Combined TRACON& Tower with Radar,220,132,60,42,454,0,0,9,2,11,220,132,69,44,465,0,0,0,465
10/18/2012,PIT,PA,AEA,CE,Combined TRACON& Tower with Radar,239,138,56,53,486,0,0,3,2,5,239,138,59,55,491,0,0,0,491
10/19/2012,PIT,PA,AEA,CE,Combined TRACON& Tower with Radar,240,134,34,28,436,0,3,6,5,14,240,137,40,33,450,0,0,0,450
10/20/2012,PIT,PA,AEA,CE,Combined TRACON& Tower with Radar,177,75,16,5,273,0,0,4,0,4,177,75,20,5,277,0,0,0,277
10/21/2012,PIT,PA,AEA,CE,Combined TRACON& Tower with Radar,203,95,28,3,329,0,0,6,0,6,203,95,34,3,335,0,0,0,335
10/22/2012,PIT,PA,AEA,CE,Combined TRACON& Tower with Radar,229,109,25,38,401,0,0,7,1,8,229,109,32,39,409,0,0,0,409
10/23/2012,PIT,PA,AEA,CE,Combined TRACON& Tower with Radar,214,129,35,32,410,0,0,0,0,0,214,129,35,32,410,0,0,0,410
10/24/2012,PIT,PA,AEA,CE,Combined TRACON& Tower with Radar,216,132,51,24,423,0,0,13,0,13,216,132,64,24,436,0,0,0,436
10/25/2012,PIT,PA,AEA,CE,Combined TRACON& Tower with Radar,235,129,33,39,436,0,0,9,3,12,235,129,42,42,448,0,0,0,448
10/26/2012,PIT,PA,AEA,CE,Combined TRACON& Tower with Radar,229,125,40,23,417,0,2,2,1,5,229,127,42,24,422,0,0,0,422
10/27/2012,PIT,PA,AEA,CE,Combined TRACON& Tower with Radar,176,81,8,3,268,0,0,0,0,0,176,81,8,3,268,0,0,0,268
10/28/2012,PIT,PA,AEA,CE,Combined TRACON& Tower with Radar,215,121,34,6,376,0,0,0,0,0,215,121,34,6,376,0,0,0,376
10/29/2012,PIT,PA,AEA,CE,Combined TRACON& Tower with Radar,132,43,15,0,190,0,0,0,0,0,132,43,15,0,190,0,0,0,190
10/30/2012,PIT,PA,AEA,CE,Combined TRACON& Tower with Radar,136,50,17,0,203,0,0,2,0,2,136,50,19,0,205,0,0,0,205
10/31/2012,PIT,PA,AEA,CE,Combined TRACON& Tower with Radar,183,87,30,19,319,0,0,0,0,0,183,87,30,19,319,0,0,0,319
11/01/2012,PIT,PA,AEA,CE,Combined TRACON& Tower with Radar,225,104,33,44,406,0,0,0,0,0,225,104,33,44,406,0,0,0,406
11/02/2012,PIT,PA,AEA,CE,Combined TRACON& Tower with Radar,224,130,33,52,439,0,0,0,0,0,224,130,33,52,439,0,0,0,439
11/03/2012,PIT,PA,AEA,CE,Combined TRACON& Tower with Radar,178,71,13,24,286,0,0,0,0,0,178,71,13,24,286,0,0,0,286
11/04/2012,PIT,PA,AEA,CE,Combined TRACON& Tower with Radar,207,104,11,3,325,0,0,1,0,1,207,104,12,3,326,0,0,0,326
11/05/2012,PIT,PA,AEA,CE,Combined TRACON& Tower with Radar,221,121,39,17,398,0,1,0,0,1,221,122,39,17,399,0,0,0,399
11/06/2012,PIT,PA,AEA,CE,Combined TRACON& Tower with Radar,204,122,27,77,430,0,0,1,4,5,204,122,28,81,435,0,0,0,435
11/07/2012,PIT,PA,AEA,CE,Combined TRACON& Tower with Radar,205,112,49,44,410,0,0,1,0,1,205,112,50,44,411,0,0,0,411
11/08/2012,PIT,PA,AEA,CE,Combined TRACON& Tower with Radar,221,129,48,28,426,0,2,7,6,15,221,131,55,34,441,0,0,0,441
11/09/2012,PIT,PA,AEA,CE,Combined TRACON& Tower with Radar,226,121,30,34,411,0,0,9,0,9,226,121,39,34,420,0,0,0,420
11/10/2012,PIT,PA,AEA,CE,Combined TRACON& Tower with Radar,172,69,11,1,253,0,0,2,0,2,172,69,13,1,255,0,0,0,255
11/11/2012,PIT,PA,AEA,CE,Combined TRACON& Tower with Radar,207,97,23,0,327,0,0,1,0,1,207,97,24,0,328,0,0,0,328
11/12/2012,PIT,PA,AEA,CE,Combined TRACON& Tower with Radar,228,121,43,1,393,0,1,0,2,3,228,122,43,3,396,0,0,0,396
11/13/2012,PIT,PA,AEA,CE,Combined TRACON& Tower with Radar,212,127,63,5,407,0,0,2,0,2,212,127,65,5,409,0,0,0,409
11/14/2012,PIT,PA,AEA,CE,Combined TRACON& Tower with Radar,214,144,41,46,445,0,2,2,1,5,214,146,43,47,450,0,0,0,450
11/15/2012,PIT,PA,AEA,CE,Combined TRACON& Tower with Radar,225,124,51,46,446,0,1,4,4,9,225,125,55,50,455,0,0,0,455
11/16/2012,PIT,PA,AEA,CE,Combined TRACON& Tower with Radar,221,130,39,26,416,0,0,9,1,10,221,130,48,27,426,0,0,0,426
11/17/2012,PIT,PA,AEA,CE,Combined TRACON& Tower with Radar,175,73,20,2,270,0,2,3,0,5,175,75,23,2,275,0,0,0,275
11/18/2012,PIT,PA,AEA,CE,Combined TRACON& Tower with Radar,195,94,24,4,317,0,0,4,0,4,195,94,28,4,321,0,0,0,321
11/19/2012,PIT,PA,AEA,CE,Combined TRACON& Tower with Radar,202,119,44,51,416,0,0,20,2,22,202,119,64,53,438,0,8,8,446
11/20/2012,PIT,PA,AEA,CE,Combined TRACON& Tower with Radar,235,122,53,29,439,0,0,1,1,2,235,122,54,30,441,13,0,13,454
11/21/2012,PIT,PA,AEA,CE,Combined TRACON& Tower with Radar,234,128,13,38,413,0,0,4,0,4,234,128,17,38,417,0,0,0,417
11/22/2012,PIT,PA,AEA,CE,Combined TRACON& Tower with Radar,129,58,3,0,190,0,0,0,0,0,129,58,3,0,190,0,0,0,190
11/23/2012,PIT,PA,AEA,CE,Combined TRACON& Tower with Radar,146,58,12,0,216,0,0,0,0,0,146,58,12,0,216,0,0,0,216
11/24/2012,PIT,PA,AEA,CE,Combined TRACON& Tower with Radar,188,83,12,0,283,0,0,0,0,0,188,83,12,0,283,0,0,0,283
11/25/2012,PIT,PA,AEA,CE,Combined TRACON& Tower with Radar,228,122,20,0,370,0,0,1,0,1,228,122,21,0,371,0,0,0,371
11/26/2012,PIT,PA,AEA,CE,Combined TRACON& Tower with Radar,233,113,33,0,379,0,0,4,0,4,233,113,37,0,383,0,0,0,383
11/27/2012,PIT,PA,AEA,CE,Combined TRACON& Tower with Radar,216,121,46,66,449,0,1,1,2,4,216,122,47,68,453,0,0,0,453
11/28/2012,PIT,PA,AEA,CE,Combined TRACON& Tower with Radar,217,117,47,37,418,0,0,3,1,4,217,117,50,38,422,0,0,0,422
11/29/2012,PIT,PA,AEA,CE,Combined TRACON& Tower with Radar,228,118,50,68,464,0,1,10,0,11,228,119,60,68,475,0,0,0,475
11/30/2012,PIT,PA,AEA,CE,Combined TRACON& Tower with Radar,234,125,28,41,428,0,2,3,4,9,234,127,31,45,437,0,0,0,437
12/01/2012,PIT,PA,AEA,CE,Combined TRACON& Tower with Radar,162,78,17,1,258,0,0,0,1,1,162,78,17,2,259,0,0,0,259
12/02/2012,PIT,PA,AEA,CE,Combined TRACON& Tower with Radar,207,93,25,3,328,0,0,0,0,0,207,93,25,3,328,0,0,0,328
12/03/2012,PIT,PA,AEA,CE,Combined TRACON& Tower with Radar,223,122,44,72,461,0,0,0,0,0,223,122,44,72,461,0,0,0,461
12/04/2012,PIT,PA,AEA,CE,Combined TRACON& Tower with Radar,212,126,38,30,406,0,0,0,1,1,212,126,38,31,407,0,0,0,407
12/05/2012,PIT,PA,AEA,CE,Combined TRACON& Tower with Radar,212,127,39,20,398,0,0,4,0,4,212,127,43,20,402,0,0,0,402
12/06/2012,PIT,PA,AEA,CE,Combined TRACON& Tower with Radar,217,125,45,9,396,0,4,5,2,11,217,129,50,11,407,0,0,0,407
12/07/2012,PIT,PA,AEA,CE,Combined TRACON& Tower with Radar,223,128,53,1,405,0,0,0,0,0,223,128,53,1,405,0,0,0,405
12/08/2012,PIT,PA,AEA,CE,Combined TRACON& Tower with Radar,166,82,18,2,268,0,0,0,0,0,166,82,18,2,268,0,0,0,268
12/09/2012,PIT,PA,AEA,CE,Combined TRACON& Tower with Radar,194,101,39,2,336,0,0,0,0,0,194,101,39,2,336,0,0,0,336
12/10/2012,PIT,PA,AEA,CE,Combined TRACON& Tower with Radar,225,114,31,19,389,0,0,0,0,0,225,114,31,19,389,0,0,0,389
12/11/2012,PIT,PA,AEA,CE,Combined TRACON& Tower with Radar,217,125,63,5,410,0,1,3,0,4,217,126,66,5,414,0,0,0,414
12/12/2012,PIT,PA,AEA,CE,Combined TRACON& Tower with Radar,222,143,48,69,482,0,0,4,2,6,222,143,52,71,488,0,0,0,488
12/13/2012,PIT,PA,AEA,CE,Combined TRACON& Tower with Radar,230,145,46,58,479,0,0,3,2,5,230,145,49,60,484,0,0,0,484
12/14/2012,PIT,PA,AEA,CE,Combined TRACON& Tower with Radar,225,130,52,1,408,0,1,9,2,12,225,131,61,3,420,0,0,0,420
12/15/2012,PIT,PA,AEA,CE,Combined TRACON& Tower with Radar,157,77,23,0,257,0,0,8,0,8,157,77,31,0,265,0,0,0,265
12/16/2012,PIT,PA,AEA,CE,Combined TRACON& Tower with Radar,196,93,19,0,308,0,0,0,0,0,196,93,19,0,308,0,0,0,308
12/17/2012,PIT,PA,AEA,CE,Combined TRACON& Tower with Radar,244,124,49,37,454,0,4,0,0,4,244,128,49,37,458,0,0,0,458
12/18/2012,PIT,PA,AEA,CE,Combined TRACON& Tower with Radar,224,131,44,28,427,0,0,1,1,2,224,131,45,29,429,0,0,0,429
12/19/2012,PIT,PA,AEA,CE,Combined TRACON& Tower with Radar,227,119,44,56,446,0,0,0,0,0,227,119,44,56,446,0,0,0,446
12/20/2012,PIT,PA,AEA,CE,Combined TRACON& Tower with Radar,221,113,34,32,400,0,2,0,0,2,221,115,34,32,402,0,0,0,402
12/21/2012,PIT,PA,AEA,CE,Combined TRACON& Tower with Radar,222,121,19,3,365,0,0,0,0,0,222,121,19,3,365,0,0,0,365
12/22/2012,PIT,PA,AEA,CE,Combined TRACON& Tower with Radar,196,86,20,0,302,0,0,0,0,0,196,86,20,0,302,0,0,0,302
12/23/2012,PIT,PA,AEA,CE,Combined TRACON& Tower with Radar,186,108,11,2,307,0,1,2,0,3,186,109,13,2,310,0,0,0,310
12/24/2012,PIT,PA,AEA,CE,Combined TRACON& Tower with Radar,170,71,10,0,251,0,0,0,0,0,170,71,10,0,251,0,0,0,251
12/25/2012,PIT,PA,AEA,CE,Combined TRACON& Tower with Radar,163,67,3,0,233,0,0,2,0,2,163,67,5,0,235,0,0,0,235
12/26/2012,PIT,PA,AEA,CE,Combined TRACON& Tower with Radar,157,78,18,0,253,0,0,0,0,0,157,78,18,0,253,0,0,0,253
12/27/2012,PIT,PA,AEA,CE,Combined TRACON& Tower with Radar,221,102,24,8,355,0,0,0,0,0,221,102,24,8,355,0,0,0,355
12/28/2012,PIT,PA,AEA,CE,Combined TRACON& Tower with Radar,222,106,16,12,356,0,0,0,0,0,222,106,16,12,356,0,0,0,356
12/29/2012,PIT,PA,AEA,CE,Combined TRACON& Tower with Radar,169,89,8,0,266,0,0,0,0,0,169,89,8,0,266,0,0,0,266
12/30/2012,PIT,PA,AEA,CE,Combined TRACON& Tower with Radar,179,93,23,0,295,0,1,0,0,1,179,94,23,0,296,0,0,0,296
12/31/2012,PIT,PA,AEA,CE,Combined TRACON& Tower with Radar,174,76,6,0,256,0,0,0,0,0,174,76,6,0,256,0,0,0,256
01/01/2013,PIT,PA,AEA,CE,Combined TRACON& Tower with Radar,169,79,10,0,258,0,0,0,0,0,169,79,10,0,258,0,0,0,258
01/02/2013,PIT,PA,AEA,CE,Combined TRACON& Tower with Radar,221,115,36,10,382,0,0,0,0,0,221,115,36,10,382,44,0,44,426
01/03/2013,PIT,PA,AEA,CE,Combined TRACON& Tower with Radar,220,105,24,57,406,0,0,10,2,12,220,105,34,59,418,12,0,12,430
01/04/2013,PIT,PA,AEA,CE,Combined TRACON& Tower with Radar,221,104,22,36,383,0,0,0,0,0,221,104,22,36,383,0,0,0,383
01/05/2013,PIT,PA,AEA,CE,Combined TRACON& Tower with Radar,171,57,4,2,234,0,0,0,0,0,171,57,4,2,234,0,0,0,234
01/06/2013,PIT,PA,AEA,CE,Combined TRACON& Tower with Radar,190,91,14,1,296,0,0,0,3,3,190,91,14,4,299,0,0,0,299
01/07/2013,PIT,PA,AEA,CE,Combined TRACON& Tower with Radar,215,101,16,7,339,0,1,3,0,4,215,102,19,7,343,0,0,0,343
01/08/2013,PIT,PA,AEA,CE,Combined TRACON& Tower with Radar,211,105,24,69,409,0,0,2,3,5,211,105,26,72,414,0,0,0,414
01/09/2013,PIT,PA,AEA,CE,Combined TRACON& Tower with Radar,215,99,28,42,384,0,0,0,0,0,215,99,28,42,384,0,0,0,384
01/10/2013,PIT,PA,AEA,CE,Combined TRACON& Tower with Radar,227,116,35,41,419,0,0,0,1,1,227,116,35,42,420,0,0,0,420
01/11/2013,PIT,PA,AEA,CE,Combined TRACON& Tower with Radar,217,109,28,36,390,0,1,0,0,1,217,110,28,36,391,0,0,0,391
01/12/2013,PIT,PA,AEA,CE,Combined TRACON& Tower with Radar,174,60,11,3,248,0,0,1,0,1,174,60,12,3,249,0,0,0,249
01/13/2013,PIT,PA,AEA,CE,Combined TRACON& Tower with Radar,199,94,19,1,313,0,0,0,0,0,199,94,19,1,313,0,0,0,313
01/14/2013,PIT,PA,AEA,CE,Combined TRACON& Tower with Radar,218,111,12,60,401,0,0,0,0,0,218,111,12,60,401,0,0,0,401
01/15/2013,PIT,PA,AEA,CE,Combined TRACON& Tower with Radar,202,113,38,28,381,0,0,1,2,3,202,113,39,30,384,0,0,0,384
01/16/2013,PIT,PA,AEA,CE,Combined TRACON& Tower with Radar,215,113,33,34,395,0,0,0,0,0,215,113,33,34,395,0,0,0,395
01/17/2013,PIT,PA,AEA,CE,Combined TRACON& Tower with Radar,224,119,34,20,397,0,0,2,0,2,224,119,36,20,399,0,0,0,399
01/18/2013,PIT,PA,AEA,CE,Combined TRACON& Tower with Radar,231,108,40,4,383,0,0,1,1,2,231,108,41,5,385,0,0,0,385
01/19/2013,PIT,PA,AEA,CE,Combined TRACON& Tower with Radar,163,60,10,1,234,0,0,0,0,0,163,60,10,1,234,0,0,0,234
01/20/2013,PIT,PA,AEA,CE,Combined TRACON& Tower with Radar,178,76,9,1,264,0,0,1,0,1,178,76,10,1,265,0,0,0,265
01/21/2013,PIT,PA,AEA,CE,Combined TRACON& Tower with Radar,211,108,25,0,344,0,1,0,0,1,211,109,25,0,345,0,0,0,345
01/22/2013,PIT,PA,AEA,CE,Combined TRACON& Tower with Radar,215,115,45,59,434,0,2,2,1,5,215,117,47,60,439,0,0,0,439
01/23/2013,PIT,PA,AEA,CE,Combined TRACON& Tower with Radar,222,121,29,45,417,0,0,3,0,3,222,121,32,45,420,0,0,0,420
01/24/2013,PIT,PA,AEA,CE,Combined TRACON& Tower with Radar,230,109,37,50,426,0,0,0,0,0,230,109,37,50,426,0,0,0,426
01/25/2013,PIT,PA,AEA,CE,Combined TRACON& Tower with Radar,215,114,24,12,365,0,0,0,0,0,215,114,24,12,365,0,0,0,365
01/26/2013,PIT,PA,AEA,CE,Combined TRACON& Tower with Radar,170,60,11,1,242,0,0,0,0,0,170,60,11,1,242,0,0,0,242
01/27/2013,PIT,PA,AEA,CE,Combined TRACON& Tower with Radar,195,85,19,1,300,0,2,3,0,5,195,87,22,1,305,0,0,0,305
01/28/2013,PIT,PA,AEA,CE,Combined TRACON& Tower with Radar,213,102,28,12,355,0,0,0,0,0,213,102,28,12,355,0,0,0,355
01/29/2013,PIT,PA,AEA,CE,Combined TRACON& Tower with Radar,203,98,49,45,395,0,2,0,6,8,203,100,49,51,403,0,0,0,403
01/30/2013,PIT,PA,AEA,CE,Combined TRACON& Tower with Radar,218,104,36,10,368,0,0,0,0,0,218,104,36,10,368,0,0,0,368
01/31/2013,PIT,PA,AEA,CE,Combined TRACON& Tower with Radar,223,107,51,11,392,0,0,0,0,0,223,107,51,11,392,0,0,0,392
02/01/2013,PIT,PA,AEA,CE,Combined TRACON& Tower with Radar,229,102,23,37,391,0,0,0,0,0,229,102,23,37,391,0,0,0,391
02/02/2013,PIT,PA,AEA,CE,Combined TRACON& Tower with Radar,165,56,8,1,230,0,0,0,0,0,165,56,8,1,230,0,0,0,230
02/03/2013,PIT,PA,AEA,CE,Combined TRACON& Tower with Radar,174,82,9,0,265,0,0,0,0,0,174,82,9,0,265,0,0,0,265
02/04/2013,PIT,PA,AEA,CE,Combined TRACON& Tower with Radar,216,111,25,44,396,0,0,0,0,0,216,111,25,44,396,0,0,0,396
02/05/2013,PIT,PA,AEA,CE,Combined TRACON& Tower with Radar,212,108,52,41,413,0,0,0,0,0,212,108,52,41,413,0,10,10,423
02/06/2013,PIT,PA,AEA,CE,Combined TRACON& Tower with Radar,222,114,32,55,423,0,0,1,0,1,222,114,33,55,424,0,0,0,424
02/07/2013,PIT,PA,AEA,CE,Combined TRACON& Tower with Radar,228,114,34,73,449,0,0,0,0,0,228,114,34,73,449,0,0,0,449
02/08/2013,PIT,PA,AEA,CE,Combined TRACON& Tower with Radar,212,92,24,30,358,0,0,2,0,2,212,92,26,30,360,0,0,0,360
02/09/2013,PIT,PA,AEA,CE,Combined TRACON& Tower with Radar,158,51,13,1,223,0,0,3,0,3,158,51,16,1,226,0,0,0,226
02/10/2013,PIT,PA,AEA,CE,Combined TRACON& Tower with Radar,195,87,19,1,302,0,0,1,0,1,195,87,20,1,303,0,0,0,303
02/11/2013,PIT,PA,AEA,CE,Combined TRACON& Tower with Radar,210,107,42,17,376,0,0,0,0,0,210,107,42,17,376,0,0,0,376
02/12/2013,PIT,PA,AEA,CE,Combined TRACON& Tower with Radar,224,104,57,35,420,0,0,0,2,2,224,104,57,37,422,0,0,0,422
02/13/2013,PIT,PA,AEA,CE,Combined TRACON& Tower with Radar,225,121,54,39,439,0,0,0,0,0,225,121,54,39,439,0,0,0,439
02/14/2013,PIT,PA,AEA,CE,Combined TRACON& Tower with Radar,230,125,46,24,425,0,0,0,0,0,230,125,46,24,425,0,0,0,425
02/15/2013,PIT,PA,AEA,CE,Combined TRACON& Tower with Radar,231,111,25,10,377,0,0,1,0,1,231,111,26,10,378,0,14,14,392
02/16/2013,PIT,PA,AEA,CE,Combined TRACON& Tower with Radar,167,62,2,3,234,0,0,0,0,0,167,62,2,3,234,0,0,0,234
02/17/2013,PIT,PA,AEA,CE,Combined TRACON& Tower with Radar,180,87,8,4,279,0,0,0,0,0,180,87,8,4,279,0,0,0,279
02/18/2013,PIT,PA,AEA,CE,Combined TRACON& Tower with Radar,229,113,40,0,382,0,0,0,0,0,229,113,40,0,382,0,0,0,382
02/19/2013,PIT,PA,AEA,CE,Combined TRACON& Tower with Radar,223,101,37,44,405,0,0,0,0,0,223,101,37,44,405,0,0,0,405
02/20/2013,PIT,PA,AEA,CE,Combined TRACON& Tower with Radar,222,117,29,77,445,0,0,0,0,0,222,117,29,77,445,0,0,0,445
02/21/2013,PIT,PA,AEA,CE,Combined TRACON& Tower with Radar,227,125,39,71,462,0,0,0,1,1,227,125,39,72,463,0,0,0,463
02/22/2013,PIT,PA,AEA,CE,Combined TRACON& Tower with Radar,222,111,33,2,368,0,0,0,0,0,222,111,33,2,368,0,0,0,368
02/23/2013,PIT,PA,AEA,CE,Combined TRACON& Tower with Radar,176,66,13,7,262,0,2,0,0,2,176,68,13,7,264,0,0,0,264
02/24/2013,PIT,PA,AEA,CE,Combined TRACON& Tower with Radar,201,91,24,0,316,0,0,4,0,4,201,91,28,0,320,0,0,0,320
02/25/2013,PIT,PA,AEA,CE,Combined TRACON& Tower with Radar,221,106,32,60,419,0,1,4,1,6,221,107,36,61,425,0,0,0,425
02/26/2013,PIT,PA,AEA,CE,Combined TRACON& Tower with Radar,214,111,35,42,402,0,0,0,0,0,214,111,35,42,402,0,0,0,402
02/27/2013,PIT,PA,AEA,CE,Combined TRACON& Tower with Radar,224,103,35,15,377,0,0,0,1,1,224,103,35,16,378,0,0,0,378
02/28/2013,PIT,PA,AEA,CE,Combined TRACON& Tower with Radar,234,113,31,19,397,0,0,0,0,0,234,113,31,19,397,0,0,0,397
03/01/2013,PIT,PA,AEA,CE,Combined TRACON& Tower with Radar,220,119,22,1,362,0,0,0,0,0,220,119,22,1,362,0,0,0,362
03/02/2013,PIT,PA,AEA,CE,Combined TRACON& Tower with Radar,178,75,5,0,258,0,0,0,0,0,178,75,5,0,258,0,0,0,258
03/03/2013,PIT,PA,AEA,CE,Combined TRACON& Tower with Radar,209,98,13,2,322,0,0,0,0,0,209,98,13,2,322,0,0,0,322
03/04/2013,PIT,PA,AEA,CE,Combined TRACON& Tower with Radar,232,110,35,6,383,0,2,3,0,5,232,112,38,6,388,0,0,0,388
03/05/2013,PIT,PA,AEA,CE,Combined TRACON& Tower with Radar,210,121,29,22,382,0,0,3,4,7,210,121,32,26,389,0,0,0,389
03/06/2013,PIT,PA,AEA,CE,Combined TRACON& Tower with Radar,217,110,40,16,383,0,0,1,0,1,217,110,41,16,384,0,0,0,384
03/07/2013,PIT,PA,AEA,CE,Combined TRACON& Tower with Radar,232,117,35,32,416,0,3,0,1,4,232,120,35,33,420,0,0,0,420
03/08/2013,PIT,PA,AEA,CE,Combined TRACON& Tower with Radar,231,108,20,15,374,0,0,0,0,0,231,108,20,15,374,0,0,0,374
03/09/2013,PIT,PA,AEA,CE,Combined TRACON& Tower with Radar,185,60,7,1,253,0,3,2,0,5,185,63,9,1,258,0,0,0,258
03/10/2013,PIT,PA,AEA,CE,Combined TRACON& Tower with Radar,216,102,21,1,340,0,0,0,0,0,216,102,21,1,340,0,0,0,340
03/11/2013,PIT,PA,AEA,CE,Combined TRACON& Tower with Radar,242,116,38,21,417,0,0,0,1,1,242,116,38,22,418,0,0,0,418
03/12/2013,PIT,PA,AEA,CE,Combined TRACON& Tower with Radar,233,103,27,34,397,0,0,0,0,0,233,103,27,34,397,0,26,26,423
03/13/2013,PIT,PA,AEA,CE,Combined TRACON& Tower with Radar,237,131,43,30,441,0,0,1,0,1,237,131,44,30,442,0,0,0,442
03/14/2013,PIT,PA,AEA,CE,Combined TRACON& Tower with Radar,239,128,26,27,420,0,1,4,0,5,239,129,30,27,425,0,0,0,425
03/15/2013,PIT,PA,AEA,CE,Combined TRACON& Tower with Radar,240,136,35,27,438,0,0,5,0,5,240,136,40,27,443,0,0,0,443
03/16/2013,PIT,PA,AEA,CE,Combined TRACON& Tower with Radar,191,69,6,4,270,0,0,0,0,0,191,69,6,4,270,0,0,0,270
03/17/2013,PIT,PA,AEA,CE,Combined TRACON& Tower with Radar,214,102,14,2,332,0,0,0,0,0,214,102,14,2,332,0,0,0,332
03/18/2013,PIT,PA,AEA,CE,Combined TRACON& Tower with Radar,234,104,17,18,373,0,0,0,0,0,234,104,17,18,373,0,0,0,373
03/19/2013,PIT,PA,AEA,CE,Combined TRACON& Tower with Radar,242,117,22,15,396,0,0,0,1,1,242,117,22,16,397,0,0,0,397
03/20/2013,PIT,PA,AEA,CE,Combined TRACON& Tower with Radar,235,130,32,18,415,0,0,0,0,0,235,130,32,18,415,0,0,0,415
03/21/2013,PIT,PA,AEA,CE,Combined TRACON& Tower with Radar,243,135,49,38,465,0,0,3,5,8,243,135,52,43,473,0,0,0,473
03/22/2013,PIT,PA,AEA,CE,Combined TRACON& Tower with Radar,239,123,24,30,416,0,0,2,0,2,239,123,26,30,418,0,0,0,418
03/23/2013,PIT,PA,AEA,CE,Combined TRACON& Tower with Radar,192,65,12,0,269,0,0,0,0,0,192,65,12,0,269,0,0,0,269
03/24/2013,PIT,PA,AEA,CE,Combined TRACON& Tower with Radar,216,99,11,0,326,0,0,1,0,1,216,99,12,0,327,0,0,0,327
03/25/2013,PIT,PA,AEA,CE,Combined TRACON& Tower with Radar,229,100,21,0,350,0,0,0,0,0,229,100,21,0,350,0,0,0,350
03/26/2013,PIT,PA,AEA,CE,Combined TRACON& Tower with Radar,239,111,35,15,400,0,2,0,1,3,239,113,35,16,403,0,0,0,403
03/27/2013,PIT,PA,AEA,CE,Combined TRACON& Tower with Radar,232,122,21,38,413,0,0,2,0,2,232,122,23,38,415,0,0,0,415
03/28/2013,PIT,PA,AEA,CE,Combined TRACON& Tower with Radar,243,117,33,47,440,0,0,0,0,0,243,117,33,47,440,0,0,0,440
03/29/2013,PIT,PA,AEA,CE,Combined TRACON& Tower with Radar,240,109,11,43,403,0,2,1,2,5,240,111,12,45,408,0,0,0,408
03/30/2013,PIT,PA,AEA,CE,Combined TRACON& Tower with Radar,195,64,16,1,276,0,4,1,0,5,195,68,17,1,281,0,0,0,281
03/31/2013,PIT,PA,AEA,CE,Combined TRACON& Tower with Radar,213,92,6,2,313,0,0,1,0,1,213,92,7,2,314,0,0,0,314
04/01/2013,PIT,PA,AEA,CE,Combined TRACON& Tower with Radar,238,117,32,0,387,0,0,0,0,0,238,117,32,0,387,0,0,0,387
04/02/2013,PIT,PA,AEA,CE,Combined TRACON& Tower with Radar,244,109,38,45,436,0,2,0,6,8,244,111,38,51,444,0,0,0,444
04/03/2013,PIT,PA,AEA,CE,Combined TRACON& Tower with Radar,234,106,35,60,435,0,1,1,0,2,234,107,36,60,437,0,0,0,437
04/04/2013,PIT,PA,AEA,CE,Combined TRACON& Tower with Radar,254,114,55,53,476,0,0,4,1,5,254,114,59,54,481,0,0,0,481
04/05/2013,PIT,PA,AEA,CE,Combined TRACON& Tower with Radar,250,113,32,30,425,0,2,2,0,4,250,115,34,30,429,0,0,0,429
04/06/2013,PIT,PA,AEA,CE,Combined TRACON& Tower with Radar,188,59,4,15,266,0,0,5,1,6,188,59,9,16,272,0,0,0,272
04/07/2013,PIT,PA,AEA,CE,Combined TRACON& Tower with Radar,214,101,16,2,333,0,0,0,0,0,214,101,16,2,333,0,0,0,333
04/08/2013,PIT,PA,AEA,CE,Combined TRACON& Tower with Radar,245,111,33,47,436,0,0,2,0,2,245,111,35,47,438,0,0,0,438
04/09/2013,PIT,PA,AEA,CE,Combined TRACON& Tower with Radar,229,117,48,41,435,0,1,1,1,3,229,118,49,42,438,0,0,0,438
04/10/2013,PIT,PA,AEA,CE,Combined TRACON& Tower with Radar,221,129,41,14,405,0,0,4,3,7,221,129,45,17,412,0,0,0,412
04/11/2013,PIT,PA,AEA,CE,Combined TRACON& Tower with Radar,235,115,39,26,415,0,0,4,1,5,235,115,43,27,420,0,0,0,420
04/12/2013,PIT,PA,AEA,CE,Combined TRACON& Tower with Radar,249,115,34,3,401,0,0,0,0,0,249,115,34,3,401,0,0,0,401
04/13/2013,PIT,PA,AEA,CE,Combined TRACON& Tower with Radar,201,63,8,0,272,0,0,0,0,0,201,63,8,0,272,0,0,0,272
04/14/2013,PIT,PA,AEA,CE,Combined TRACON& Tower with Radar,227,82,23,11,343,0,1,0,0,1,227,83,23,11,344,0,0,0,344
04/15/2013,PIT,PA,AEA,CE,Combined TRACON& Tower with Radar,231,116,32,10,389,0,0,4,0,4,231,116,36,10,393,0,0,0,393
04/16/2013,PIT,PA,AEA,CE,Combined TRACON& Tower with Radar,226,105,24,19,374,0,0,3,2,5,226,105,27,21,379,0,0,0,379
04/17/2013,PIT,PA,AEA,CE,Combined TRACON& Tower with Radar,222,115,36,49,422,0,0,4,1,5,222,115,40,50,427,0,0,0,427
04/18/2013,PIT,PA,AEA,CE,Combined TRACON& Tower with Radar,229,117,28,29,403,0,0,2,0,2,229,117,30,29,405,0,0,0,405
04/19/2013,PIT,PA,AEA,CE,Combined TRACON& Tower with Radar,236,123,27,16,402,0,0,0,0,0,236,123,27,16,402,0,0,0,402
04/20/2013,PIT,PA,AEA,CE,Combined TRACON& Tower with Radar,190,61,12,0,263,0,0,0,0,0,190,61,12,0,263,0,0,0,263
04/21/2013,PIT,PA,AEA,CE,Combined TRACON& Tower with Radar,220,96,15,1,332,0,0,1,0,1,220,96,16,1,333,0,0,0,333
04/22/2013,PIT,PA,AEA,CE,Combined TRACON& Tower with Radar,229,117,31,44,421,0,1,4,0,5,229,118,35,44,426,0,0,0,426
04/23/2013,PIT,PA,AEA,CE,Combined TRACON& Tower with Radar,237,113,35,41,426,0,0,4,2,6,237,113,39,43,432,0,0,0,432
04/24/2013,PIT,PA,AEA,CE,Combined TRACON& Tower with Radar,220,138,27,49,434,0,0,0,0,0,220,138,27,49,434,0,0,0,434
04/25/2013,PIT,PA,AEA,CE,Combined TRACON& Tower with Radar,244,123,39,48,454,0,1,3,0,4,244,124,42,48,458,0,0,0,458
04/26/2013,PIT,PA,AEA,CE,Combined TRACON& Tower with Radar,237,117,43,27,424,0,1,8,0,9,237,118,51,27,433,0,17,17,450
04/27/2013,PIT,PA,AEA,CE,Combined TRACON& Tower with Radar,179,48,16,4,247,0,0,4,0,4,179,48,20,4,251,0,0,0,251
04/28/2013,PIT,PA,AEA,CE,Combined TRACON& Tower with Radar,211,94,14,1,320,0,0,0,0,0,211,94,14,1,320,0,0,0,320
04/29/2013,PIT,PA,AEA,CE,Combined TRACON& Tower with Radar,234,100,20,20,374,0,0,0,0,0,234,100,20,20,374,0,0,0,374
04/30/2013,PIT,PA,AEA,CE,Combined TRACON& Tower with Radar,232,119,45,30,426,0,0,3,0,3,232,119,48,30,429,0,0,0,429
05/01/2013,PIT,PA,AEA,CE,Combined TRACON& Tower with Radar,240,115,32,41,428,0,1,3,1,5,240,116,35,42,433,0,0,0,433
05/02/2013,PIT,PA,AEA,CE,Combined TRACON& Tower with Radar,249,116,41,25,431,0,0,5,3,8,249,116,46,28,439,0,0,0,439
05/03/2013,PIT,PA,AEA,CE,Combined TRACON& Tower with Radar,239,107,35,26,407,0,2,6,0,8,239,109,41,26,415,0,0,0,415
05/04/2013,PIT,PA,AEA,CE,Combined TRACON& Tower with Radar,192,50,13,2,257,0,1,2,3,6,192,51,15,5,263,0,0,0,263
05/05/2013,PIT,PA,AEA,CE,Combined TRACON& Tower with Radar,223,92,27,3,345,0,0,3,0,3,223,92,30,3,348,0,0,0,348
05/06/2013,PIT,PA,AEA,CE,Combined TRACON& Tower with Radar,242,95,15,34,386,0,0,4,0,4,242,95,19,34,390,0,0,0,390
05/07/2013,PIT,PA,AEA,CE,Combined TRACON& Tower with Radar,244,114,41,35,434,0,0,2,0,2,244,114,43,35,436,0,0,0,436
05/08/2013,PIT,PA,AEA,CE,Combined TRACON& Tower with Radar,242,126,31,57,456,0,0,1,2,3,242,126,32,59,459,0,10,10,469
05/09/2013,PIT,PA,AEA,CE,Combined TRACON& Tower with Radar,256,123,73,29,481,0,4,10,3,17,256,127,83,32,498,0,0,0,498
05/10/2013,PIT,PA,AEA,CE,Combined TRACON& Tower with Radar,244,119,27,31,421,0,0,1,0,1,244,119,28,31,422,0,0,0,422
05/11/2013,PIT,PA,AEA,CE,Combined TRACON& Tower with Radar,190,53,16,2,261,0,0,0,0,0,190,53,16,2,261,0,0,0,261
05/12/2013,PIT,PA,AEA,CE,Combined TRACON& Tower with Radar,226,88,10,1,325,0,0,1,0,1,226,88,11,1,326,0,0,0,326
05/13/2013,PIT,PA,AEA,CE,Combined TRACON& Tower with Radar,250,104,50,7,411,0,1,3,11,15,250,105,53,18,426,6,22,28,454
05/14/2013,PIT,PA,AEA,CE,Combined TRACON& Tower with Radar,243,106,36,38,423,0,1,7,0,8,243,107,43,38,431,0,0,0,431
05/15/2013,PIT,PA,AEA,CE,Combined TRACON& Tower with Radar,240,122,32,22,416,0,1,3,5,9,240,123,35,27,425,0,0,0,425
05/16/2013,PIT,PA,AEA,CE,Combined TRACON& Tower with Radar,249,124,54,25,452,0,5,6,0,11,249,129,60,25,463,0,0,0,463
05/17/2013,PIT,PA,AEA,CE,Combined TRACON& Tower with Radar,252,106,25,19,402,0,0,3,0,3,252,106,28,19,405,0,0,0,405
05/18/2013,PIT,PA,AEA,CE,Combined TRACON& Tower with Radar,196,56,8,1,261,0,0,3,0,3,196,56,11,1,264,0,0,0,264
05/19/2013,PIT,PA,AEA,CE,Combined TRACON& Tower with Radar,222,93,19,2,336,0,1,8,0,9,222,94,27,2,345,0,0,0,345
05/20/2013,PIT,PA,AEA,CE,Combined TRACON& Tower with Radar,248,93,44,35,420,0,0,3,1,4,248,93,47,36,424,12,0,12,436
05/21/2013,PIT,PA,AEA,CE,Combined TRACON& Tower with Radar,240,110,44,48,442,0,0,4,2,6,240,110,48,50,448,0,0,0,448
05/22/2013,PIT,PA,AEA,CE,Combined TRACON& Tower with Radar,243,114,28,22,407,0,0,11,1,12,243,114,39,23,419,0,0,0,419
05/23/2013,PIT,PA,AEA,CE,Combined TRACON& Tower with Radar,269,110,30,18,427,0,1,0,0,1,269,111,30,18,428,0,0,0,428
05/24/2013,PIT,PA,AEA,CE,Combined TRACON& Tower with Radar,247,121,17,0,385,0,0,1,0,1,247,121,18,0,386,0,0,0,386
05/25/2013,PIT,PA,AEA,CE,Combined TRACON& Tower with Radar,188,39,6,0,233,0,0,0,0,0,188,39,6,0,233,0,0,0,233
05/26/2013,PIT,PA,AEA,CE,Combined TRACON& Tower with Radar,182,54,10,0,246,0,0,3,0,3,182,54,13,0,249,0,0,0,249
05/27/2013,PIT,PA,AEA,CE,Combined TRACON& Tower with Radar,224,77,17,1,319,0,0,5,0,5,224,77,22,1,324,0,0,0,324
05/28/2013,PIT,PA,AEA,CE,Combined TRACON& Tower with Radar,242,106,30,17,395,0,0,0,0,0,242,106,30,17,395,0,0,0,395
05/29/2013,PIT,PA,AEA,CE,Combined TRACON& Tower with Radar,252,111,38,44,445,0,2,0,5,7,252,113,38,49,452,0,0,0,452
05/30/2013,PIT,PA,AEA,CE,Combined TRACON& Tower with Radar,260,122,53,30,465,0,0,5,0,5,260,122,58,30,470,0,0,0,470
05/31/2013,PIT,PA,AEA,CE,Combined TRACON& Tower with Radar,257,106,33,14,410,0,0,2,0,2,257,106,35,14,412,0,0,0,412
06/01/2013,PIT,PA,AEA,CE,Combined TRACON& Tower with Radar,187,64,13,24,288,0,2,0,1,3,187,66,13,25,291,0,0,0,291
06/02/2013,PIT,PA,AEA,CE,Combined TRACON& Tower with Radar,236,95,22,4,357,0,0,0,0,0,236,95,22,4,357,0,0,0,357
06/03/2013,PIT,PA,AEA,CE,Combined TRACON& Tower with Radar,259,112,22,18,411,0,1,0,4,5,259,113,22,22,416,0,0,0,416
06/04/2013,PIT,PA,AEA,CE,Combined TRACON& Tower with Radar,252,115,52,12,431,0,0,5,3,8,252,115,57,15,439,0,0,0,439
06/05/2013,PIT,PA,AEA,CE,Combined TRACON& Tower with Radar,246,130,38,16,430,0,0,4,0,4,246,130,42,16,434,0,0,0,434
06/06/2013,PIT,PA,AEA,CE,Combined TRACON& Tower with Radar,248,128,34,26,436,0,0,4,0,4,248,128,38,26,440,0,0,0,440
06/07/2013,PIT,PA,AEA,CE,Combined TRACON& Tower with Radar,240,125,27,34,426,0,0,0,0,0,240,125,27,34,426,0,0,0,426
06/08/2013,PIT,PA,AEA,CE,Combined TRACON& Tower with Radar,202,66,8,0,276,0,0,0,0,0,202,66,8,0,276,0,0,0,276
06/09/2013,PIT,PA,AEA,CE,Combined TRACON& Tower with Radar,208,92,21,1,322,0,2,2,0,4,208,94,23,1,326,0,0,0,326
06/10/2013,PIT,PA,AEA,CE,Combined TRACON& Tower with Radar,251,111,16,13,391,0,0,2,0,2,251,111,18,13,393,0,0,0,393
06/11/2013,PIT,PA,AEA,CE,Combined TRACON& Tower with Radar,243,135,47,38,463,0,0,0,0,0,243,135,47,38,463,0,0,0,463
06/12/2013,PIT,PA,AEA,CE,Combined TRACON& Tower with Radar,232,125,61,39,457,0,0,2,4,6,232,125,63,43,463,0,0,0,463
06/13/2013,PIT,PA,AEA,CE,Combined TRACON& Tower with Radar,239,109,32,31,411,0,0,2,1,3,239,109,34,32,414,0,5,5,419
06/14/2013,PIT,PA,AEA,CE,Combined TRACON& Tower with Radar,255,125,35,53,468,0,0,5,0,5,255,125,40,53,473,0,0,0,473
06/15/2013,PIT,PA,AEA,CE,Combined TRACON& Tower with Radar,201,83,15,2,301,0,4,5,0,9,201,87,20,2,310,0,0,0,310
06/16/2013,PIT,PA,AEA,CE,Combined TRACON& Tower with Radar,219,100,23,3,345,0,0,0,0,0,219,100,23,3,345,0,0,0,345
06/17/2013,PIT,PA,AEA,CE,Combined TRACON& Tower with Radar,236,121,41,26,424,0,0,4,1,5,236,121,45,27,429,0,0,0,429
06/18/2013,PIT,PA,AEA,CE,Combined TRACON& Tower with Radar,244,143,44,33,464,0,0,2,5,7,244,143,46,38,471,0,0,0,471
06/19/2013,PIT,PA,AEA,CE,Combined TRACON& Tower with Radar,241,150,36,25,452,0,0,16,0,16,241,150,52,25,468,0,0,0,468
06/20/2013,PIT,PA,AEA,CE,Combined TRACON& Tower with Radar,241,130,61,52,484,0,12,1,1,14,241,142,62,53,498,0,0,0,498
06/21/2013,PIT,PA,AEA,CE,Combined TRACON& Tower with Radar,243,140,28,22,433,0,2,6,2,10,243,142,34,24,443,0,0,0,443
06/22/2013,PIT,PA,AEA,CE,Combined TRACON& Tower with Radar,201,79,15,0,295,0,0,14,0,14,201,79,29,0,309,0,0,0,309
06/23/2013,PIT,PA,AEA,CE,Combined TRACON& Tower with Radar,210,104,21,1,336,0,0,7,0,7,210,104,28,1,343,0,0,0,343
06/24/2013,PIT,PA,AEA,CE,Combined TRACON& Tower with Radar,241,108,25,10,384,0,0,3,1,4,241,108,28,11,388,0,0,0,388
06/25/2013,PIT,PA,AEA,CE,Combined TRACON& Tower with Radar,235,127,45,51,458,0,0,7,2,9,235,127,52,53,467,0,0,0,467
06/26/2013,PIT,PA,AEA,CE,Combined TRACON& Tower with Radar,239,121,44,51,455,0,0,7,2,9,239,121,51,53,464,0,0,0,464
06/27/2013,PIT,PA,AEA,CE,Combined TRACON& Tower with Radar,241,125,34,44,444,0,0,0,0,0,241,125,34,44,444,0,0,0,444
06/28/2013,PIT,PA,AEA,CE,Combined TRACON& Tower with Radar,238,109,30,14,391,0,0,2,0,2,238,109,32,14,393,0,0,0,393
06/29/2013,PIT,PA,AEA,CE,Combined TRACON& Tower with Radar,206,69,8,0,283,0,0,4,0,4,206,69,12,0,287,0,0,0,287
06/30/2013,PIT,PA,AEA,CE,Combined TRACON& Tower with Radar,223,93,15,1,332,0,1,4,0,5,223,94,19,1,337,0,0,0,337
07/01/2013,PIT,PA,AEA,CE,Combined TRACON& Tower with Radar,232,93,26,40,391,0,0,4,8,12,232,93,30,48,403,0,0,0,403
07/02/2013,PIT,PA,AEA,CE,Combined TRACON& Tower with Radar,240,109,45,55,449,0,0,7,2,9,240,109,52,57,458,0,0,0,458
07/03/2013,PIT,PA,AEA,CE,Combined TRACON& Tower with Radar,225,114,17,20,376,0,0,4,0,4,225,114,21,20,380,0,0,0,380
07/04/2013,PIT,PA,AEA,CE,Combined TRACON& Tower with Radar,169,54,4,0,227,0,0,1,0,1,169,54,5,0,228,0,0,0,228
07/05/2013,PIT,PA,AEA,CE,Combined TRACON& Tower with Radar,201,83,6,0,290,0,0,0,0,0,201,83,6,0,290,0,0,0,290
07/06/2013,PIT,PA,AEA,CE,Combined TRACON& Tower with Radar,200,73,14,2,289,0,0,1,0,1,200,73,15,2,290,0,0,0,290
07/07/2013,PIT,PA,AEA,CE,Combined TRACON& Tower with Radar,220,94,14,4,332,0,1,0,0,1,220,95,14,4,333,0,0,0,333
07/08/2013,PIT,PA,AEA,CE,Combined TRACON& Tower with Radar,233,113,37,21,404,0,0,3,0,3,233,113,40,21,407,0,0,0,407
07/09/2013,PIT,PA,AEA,CE,Combined TRACON& Tower with Radar,239,141,48,45,473,0,0,0,0,0,239,141,48,45,473,0,0,0,473
07/10/2013,PIT,PA,AEA,CE,Combined TRACON& Tower with Radar,223,112,27,10,372,0,0,0,0,0,223,112,27,10,372,0,0,0,372
07/11/2013,PIT,PA,AEA,CE,Combined TRACON& Tower with Radar,249,125,32,49,455,0,0,1,0,1,249,125,33,49,456,0,0,0,456
07/12/2013,PIT,PA,AEA,CE,Combined TRACON& Tower with Radar,245,115,23,44,427,0,0,0,3,3,245,115,23,47,430,0,0,0,430
07/13/2013,PIT,PA,AEA,CE,Combined TRACON& Tower with Radar,208,68,10,8,294,0,2,5,0,7,208,70,15,8,301,0,0,0,301
07/14/2013,PIT,PA,AEA,CE,Combined TRACON& Tower with Radar,219,109,16,8,352,0,2,6,1,9,219,111,22,9,361,0,0,0,361
07/15/2013,PIT,PA,AEA,CE,Combined TRACON& Tower with Radar,239,116,40,49,444,0,0,5,0,5,239,116,45,49,449,0,0,0,449
07/16/2013,PIT,PA,AEA,CE,Combined TRACON& Tower with Radar,242,139,42,38,461,0,1,9,2,12,242,140,51,40,473,0,0,0,473
07/17/2013,PIT,PA,AEA,CE,Combined TRACON& Tower with Radar,233,138,51,35,457,0,0,4,0,4,233,138,55,35,461,0,0,0,461
07/18/2013,PIT,PA,AEA,CE,Combined TRACON& Tower with Radar,247,138,42,45,472,0,0,3,1,4,247,138,45,46,476,0,0,0,476
07/19/2013,PIT,PA,AEA,CE,Combined TRACON& Tower with Radar,243,130,29,46,448,0,0,1,0,1,243,130,30,46,449,0,6,6,455
07/20/2013,PIT,PA,AEA,CE,Combined TRACON& Tower with Radar,206,65,17,5,293,0,0,0,0,0,206,65,17,5,293,0,0,0,293
07/21/2013,PIT,PA,AEA,CE,Combined TRACON& Tower with Radar,214,95,18,3,330,0,2,0,0,2,214,97,18,3,332,0,0,0,332
07/22/2013,PIT,PA,AEA,CE,Combined TRACON& Tower with Radar,234,113,44,20,411,0,2,0,0,2,234,115,44,20,413,0,0,0,413
07/23/2013,PIT,PA,AEA,CE,Combined TRACON& Tower with Radar,245,133,45,35,458,0,0,0,0,0,245,133,45,35,458,0,0,0,458
07/24/2013,PIT,PA,AEA,CE,Combined TRACON& Tower with Radar,239,131,44,42,456,0,2,4,4,10,239,133,48,46,466,0,0,0,466
07/25/2013,PIT,PA,AEA,CE,Combined TRACON& Tower with Radar,247,129,27,47,450,0,2,8,0,10,247,131,35,47,460,0,0,0,460
07/26/2013,PIT,PA,AEA,CE,Combined TRACON& Tower with Radar,239,120,24,28,411,0,0,4,1,5,239,120,28,29,416,0,0,0,416
07/27/2013,PIT,PA,AEA,CE,Combined TRACON& Tower with Radar,202,67,9,4,282,0,3,0,0,3,202,70,9,4,285,0,0,0,285
07/28/2013,PIT,PA,AEA,CE,Combined TRACON& Tower with Radar,222,101,25,8,356,0,2,3,0,5,222,103,28,8,361,0,0,0,361
07/29/2013,PIT,PA,AEA,CE,Combined TRACON& Tower with Radar,248,124,32,53,457,0,0,2,0,2,248,124,34,53,459,0,0,0,459
07/30/2013,PIT,PA,AEA,CE,Combined TRACON& Tower with Radar,238,123,39,40,440,0,0,1,2,3,238,123,40,42,443,0,4,4,447
07/31/2013,PIT,PA,AEA,CE,Combined TRACON& Tower with Radar,239,142,43,35,459,0,0,1,2,3,239,142,44,37,462,0,0,0,462
08/01/2013,PIT,PA,AEA,CE,Combined TRACON& Tower with Radar,245,135,35,52,467,0,0,1,0,1,245,135,36,52,468,0,20,20,488
08/02/2013,PIT,PA,AEA,CE,Combined TRACON& Tower with Radar,246,130,20,23,419,0,3,0,2,5,246,133,20,25,424,0,0,0,424
08/03/2013,PIT,PA,AEA,CE,Combined TRACON& Tower with Radar,203,88,16,11,318,0,0,0,0,0,203,88,16,11,318,0,0,0,318
08/04/2013,PIT,PA,AEA,CE,Combined TRACON& Tower with Radar,220,107,8,1,336,0,0,4,0,4,220,107,12,1,340,0,0,0,340
08/05/2013,PIT,PA,AEA,CE,Combined TRACON& Tower with Radar,247,121,31,2,401,0,1,2,0,3,247,122,33,2,404,0,0,0,404
08/06/2013,PIT,PA,AEA,CE,Combined TRACON& Tower with Radar,232,134,41,49,456,0,0,2,2,4,232,134,43,51,460,0,0,0,460
08/07/2013,PIT,PA,AEA,CE,Combined TRACON& Tower with Radar,232,123,47,7,409,0,0,2,0,2,232,123,49,7,411,0,0,0,411
08/08/2013,PIT,PA,AEA,CE,Combined TRACON& Tower with Radar,243,145,42,30,460,0,3,2,1,6,243,148,44,31,466,0,0,0,466
08/09/2013,PIT,PA,AEA,CE,Combined TRACON& Tower with Radar,251,121,30,16,418,0,0,0,0,0,251,121,30,16,418,0,0,0,418
08/10/2013,PIT,PA,AEA,CE,Combined TRACON& Tower with Radar,210,71,19,1,301,0,0,4,1,5,210,71,23,2,306,0,0,0,306
08/11/2013,PIT,PA,AEA,CE,Combined TRACON& Tower with Radar,206,108,25,3,342,0,0,0,0,0,206,108,25,3,342,0,0,0,342
08/12/2013,PIT,PA,AEA,CE,Combined TRACON& Tower with Radar,231,129,40,21,421,0,0,2,1,3,231,129,42,22,424,0,0,0,424
08/13/2013,PIT,PA,AEA,CE,Combined TRACON& Tower with Radar,232,117,43,30,422,0,0,0,0,0,232,117,43,30,422,0,0,0,422
08/14/2013,PIT,PA,AEA,CE,Combined TRACON& Tower with Radar,229,130,31,16,406,0,0,10,1,11,229,130,41,17,417,0,0,0,417
08/15/2013,PIT,PA,AEA,CE,Combined TRACON& Tower with Radar,247,125,29,21,422,0,2,6,1,9,247,127,35,22,431,0,0,0,431
08/16/2013,PIT,PA,AEA,CE,Combined TRACON& Tower with Radar,245,117,40,14,416,0,0,3,1,4,245,117,43,15,420,0,0,0,420
08/17/2013,PIT,PA,AEA,CE,Combined TRACON& Tower with Radar,194,62,12,0,268,0,0,3,0,3,194,62,15,0,271,0,0,0,271
08/18/2013,PIT,PA,AEA,CE,Combined TRACON& Tower with Radar,222,100,14,3,339,0,0,0,0,0,222,100,14,3,339,0,0,0,339
08/19/2013,PIT,PA,AEA,CE,Combined TRACON& Tower with Radar,243,110,34,3,390,0,0,3,0,3,243,110,37,3,393,0,0,0,393
08/20/2013,PIT,PA,AEA,CE,Combined TRACON& Tower with Radar,237,129,48,17,431,0,0,1,5,6,237,129,49,22,437,0,0,0,437
08/21/2013,PIT,PA,AEA,CE,Combined TRACON& Tower with Radar,230,112,35,27,404,0,0,4,0,4,230,112,39,27,408,0,0,0,408
08/22/2013,PIT,PA,AEA,CE,Combined TRACON& Tower with Radar,241,106,44,24,415,0,0,1,0,1,241,106,45,24,416,0,0,0,416
08/23/2013,PIT,PA,AEA,CE,Combined TRACON& Tower with Radar,250,113,21,23,407,0,0,0,0,0,250,113,21,23,407,0,0,0,407
08/24/2013,PIT,PA,AEA,CE,Combined TRACON& Tower with Radar,182,68,3,0,253,0,0,5,0,5,182,68,8,0,258,0,0,0,258
08/25/2013,PIT,PA,AEA,CE,Combined TRACON& Tower with Radar,216,77,21,1,315,0,0,5,0,5,216,77,26,1,320,0,0,0,320
08/26/2013,PIT,PA,AEA,CE,Combined TRACON& Tower with Radar,237,105,28,9,379,0,0,3,0,3,237,105,31,9,382,0,0,0,382
08/27/2013,PIT,PA,AEA,CE,Combined TRACON& Tower with Radar,242,117,38,35,432,0,2,2,1,5,242,119,40,36,437,0,0,0,437
08/28/2013,PIT,PA,AEA,CE,Combined TRACON& Tower with Radar,237,124,38,16,415,0,0,0,1,1,237,124,38,17,416,0,0,0,416
08/29/2013,PIT,PA,AEA,CE,Combined TRACON& Tower with Radar,261,130,26,17,434,0,1,2,1,4,261,131,28,18,438,0,0,0,438
08/30/2013,PIT,PA,AEA,CE,Combined TRACON& Tower with Radar,248,134,35,1,418,0,2,7,0,9,248,136,42,1,427,0,0,0,427
08/31/2013,PIT,PA,AEA,CE,Combined TRACON& Tower with Radar,177,49,3,0,229,0,0,2,0,2,177,49,5,0,231,0,0,0,231
09/01/2013,PIT,PA,AEA,CE,Combined TRACON& Tower with Radar,186,47,10,0,243,0,0,1,0,1,186,47,11,0,244,0,0,0,244
09/02/2013,PIT,PA,AEA,CE,Combined TRACON& Tower with Radar,217,79,10,2,308,0,0,0,0,0,217,79,10,2,308,0,0,0,308
09/03/2013,PIT,PA,AEA,CE,Combined TRACON& Tower with Radar,233,105,42,42,422,0,0,2,0,2,233,105,44,42,424,0,0,0,424
09/04/2013,PIT,PA,AEA,CE,Combined TRACON& Tower with Radar,241,107,46,29,423,0,0,0,3,3,241,107,46,32,426,12,0,12,438
09/05/2013,PIT,PA,AEA,CE,Combined TRACON& Tower with Radar,252,103,42,43,440,0,1,2,0,3,252,104,44,43,443,0,0,0,443
09/06/2013,PIT,PA,AEA,CE,Combined TRACON& Tower with Radar,245,119,30,14,408,0,0,2,1,3,245,119,32,15,411,0,0,0,411
09/07/2013,PIT,PA,AEA,CE,Combined TRACON& Tower with Radar,185,61,13,0,259,0,2,3,0,5,185,63,16,0,264,0,0,0,264
09/08/2013,PIT,PA,AEA,CE,Combined TRACON& Tower with Radar,227,100,29,9,365,0,0,1,1,2,227,100,30,10,367,0,0,0,367
09/09/2013,PIT,PA,AEA,CE,Combined TRACON& Tower with Radar,242,99,24,14,379,0,0,0,0,0,242,99,24,14,379,0,0,0,379
09/10/2013,PIT,PA,AEA,CE,Combined TRACON& Tower with Radar,237,109,31,50,427,0,0,0,1,1,237,109,31,51,428,0,6,6,434
09/11/2013,PIT,PA,AEA,CE,Combined TRACON& Tower with Radar,234,110,48,26,418,0,1,1,0,2,234,111,49,26,420,0,0,0,420
09/12/2013,PIT,PA,AEA,CE,Combined TRACON& Tower with Radar,240,106,34,26,406,0,0,2,2,4,240,106,36,28,410,0,0,0,410
09/13/2013,PIT,PA,AEA,CE,Combined TRACON& Tower with Radar,259,104,38,13,414,0,1,4,0,5,259,105,42,13,419,0,0,0,419
09/14/2013,PIT,PA,AEA,CE,Combined TRACON& Tower with Radar,180,54,22,4,260,0,0,10,0,10,180,54,32,4,270,0,0,0,270
09/15/2013,PIT,PA,AEA,CE,Combined TRACON& Tower with Radar,227,85,21,1,334,0,0,0,0,0,227,85,21,1,334,0,0,0,334
09/16/2013,PIT,PA,AEA,CE,Combined TRACON& Tower with Radar,238,108,58,4,408,0,0,0,0,0,238,108,58,4,408,0,0,0,408
09/17/2013,PIT,PA,AEA,CE,Combined TRACON& Tower with Radar,242,111,43,25,421,0,1,0,2,3,242,112,43,27,424,0,0,0,424
09/18/2013,PIT,PA,AEA,CE,Combined TRACON& Tower with Radar,234,119,58,27,438,0,2,1,0,3,234,121,59,27,441,0,0,0,441
09/19/2013,PIT,PA,AEA,CE,Combined TRACON& Tower with Radar,253,123,40,19,435,0,0,0,0,0,253,123,40,19,435,0,0,0,435
09/20/2013,PIT,PA,AEA,CE,Combined TRACON& Tower with Radar,247,103,33,25,408,0,0,2,0,2,247,103,35,25,410,0,0,0,410
09/21/2013,PIT,PA,AEA,CE,Combined TRACON& Tower with Radar,184,66,22,2,274,0,0,0,0,0,184,66,22,2,274,0,0,0,274
09/22/2013,PIT,PA,AEA,CE,Combined TRACON& Tower with Radar,220,93,24,1,338,0,2,0,0,2,220,95,24,1,340,0,0,0,340
09/23/2013,PIT,PA,AEA,CE,Combined TRACON& Tower with Radar,245,115,54,10,424,0,0,0,0,0,245,115,54,10,424,0,0,0,424
09/24/2013,PIT,PA,AEA,CE,Combined TRACON& Tower with Radar,235,110,56,8,409,0,1,0,0,1,235,111,56,8,410,0,0,0,410
09/25/2013,PIT,PA,AEA,CE,Combined TRACON& Tower with Radar,242,109,47,2,400,0,1,2,2,5,242,110,49,4,405,0,0,0,405
09/26/2013,PIT,PA,AEA,CE,Combined TRACON& Tower with Radar,263,112,42,10,427,0,0,1,1,2,263,112,43,11,429,0,0,0,429
09/27/2013,PIT,PA,AEA,CE,Combined TRACON& Tower with Radar,254,116,32,1,403,0,0,0,0,0,254,116,32,1,403,0,0,0,403
09/28/2013,PIT,PA,AEA,CE,Combined TRACON& Tower with Radar,182,57,15,0,254,0,0,2,0,2,182,57,17,0,256,0,0,0,256
09/29/2013,PIT,PA,AEA,CE,Combined TRACON& Tower with Radar,231,90,20,0,341,0,0,2,0,2,231,90,22,0,343,0,0,0,343
09/30/2013,PIT,PA,AEA,CE,Combined TRACON& Tower with Radar,261,100,24,4,389,0,0,1,0,1,261,100,25,4,390,0,0,0,390
10/01/2013,PIT,PA,AEA,CE,Combined TRACON& Tower with Radar,245,103,43,3,394,0,0,5,0,5,245,103,48,3,399,0,0,0,399
10/02/2013,PIT,PA,AEA,CE,Combined TRACON& Tower with Radar,250,109,39,1,399,0,1,1,0,2,250,110,40,1,401,0,0,0,401
10/03/2013,PIT,PA,AEA,CE,Combined TRACON& Tower with Radar,261,117,33,2,413,0,0,2,0,2,261,117,35,2,415,0,0,0,415
10/04/2013,PIT,PA,AEA,CE,Combined TRACON& Tower with Radar,260,116,26,2,404,0,2,1,0,3,260,118,27,2,407,11,0,11,418
10/05/2013,PIT,PA,AEA,CE,Combined TRACON& Tower with Radar,195,57,12,0,264,0,0,4,0,4,195,57,16,0,268,0,0,0,268
10/06/2013,PIT,PA,AEA,CE,Combined TRACON& Tower with Radar,228,101,17,2,348,0,0,5,0,5,228,101,22,2,353,0,0,0,353
10/07/2013,PIT,PA,AEA,CE,Combined TRACON& Tower with Radar,257,107,23,6,393,0,0,2,0,2,257,107,25,6,395,0,0,0,395
10/08/2013,PIT,PA,AEA,CE,Combined TRACON& Tower with Radar,259,112,39,1,411,0,2,3,0,5,259,114,42,1,416,0,0,0,416
10/09/2013,PIT,PA,AEA,CE,Combined TRACON& Tower with Radar,251,110,38,17,416,0,2,4,0,6,251,112,42,17,422,0,0,0,422
10/10/2013,PIT,PA,AEA,CE,Combined TRACON& Tower with Radar,261,102,55,1,419,0,1,1,0,2,261,103,56,1,421,0,0,0,421
10/11/2013,PIT,PA,AEA,CE,Combined TRACON& Tower with Radar,255,114,28,5,402,0,0,0,0,0,255,114,28,5,402,0,0,0,402
10/12/2013,PIT,PA,AEA,CE,Combined TRACON& Tower with Radar,189,64,12,0,265,0,2,4,0,6,189,66,16,0,271,0,0,0,271
10/13/2013,PIT,PA,AEA,CE,Combined TRACON& Tower with Radar,229,84,16,1,330,0,0,0,0,0,229,84,16,1,330,0,0,0,330
10/14/2013,PIT,PA,AEA,CE,Combined TRACON& Tower with Radar,254,107,37,0,398,0,0,0,0,0,254,107,37,0,398,0,0,0,398
10/15/2013,PIT,PA,AEA,CE,Combined TRACON& Tower with Radar,251,105,45,3,404,0,0,2,0,2,251,105,47,3,406,0,0,0,406
10/16/2013,PIT,PA,AEA,CE,Combined TRACON& Tower with Radar,258,113,42,18,431,0,0,0,0,0,258,113,42,18,431,0,3,3,434
10/17/2013,PIT,PA,AEA,CE,Combined TRACON& Tower with Radar,259,115,35,23,432,0,0,1,0,1,259,115,36,23,433,0,0,0,433
10/18/2013,PIT,PA,AEA,CE,Combined TRACON& Tower with Radar,264,108,22,14,408,0,0,7,1,8,264,108,29,15,416,0,0,0,416
10/19/2013,PIT,PA,AEA,CE,Combined TRACON& Tower with Radar,198,57,12,0,267,0,4,0,0,4,198,61,12,0,271,0,0,0,271
10/20/2013,PIT,PA,AEA,CE,Combined TRACON& Tower with Radar,227,101,25,2,355,0,0,3,0,3,227,101,28,2,358,0,0,0,358
10/21/2013,PIT,PA,AEA,CE,Combined TRACON& Tower with Radar,252,106,44,61,463,0,0,2,2,4,252,106,46,63,467,0,0,0,467
10/22/2013,PIT,PA,AEA,CE,Combined TRACON& Tower with Radar,249,117,44,63,473,0,0,0,5,5,249,117,44,68,478,0,0,0,478
10/23/2013,PIT,PA,AEA,CE,Combined TRACON& Tower with Radar,248,116,33,62,459,0,1,0,0,1,248,117,33,62,460,0,0,0,460
10/24/2013,PIT,PA,AEA,CE,Combined TRACON& Tower with Radar,266,127,36,59,488,0,1,0,2,3,266,128,36,61,491,0,0,0,491
10/25/2013,PIT,PA,AEA,CE,Combined TRACON& Tower with Radar,263,123,16,21,423,0,0,1,0,1,263,123,17,21,424,0,0,0,424
10/26/2013,PIT,PA,AEA,CE,Combined TRACON& Tower with Radar,197,60,12,0,269,0,0,1,0,1,197,60,13,0,270,0,0,0,270
10/27/2013,PIT,PA,AEA,CE,Combined TRACON& Tower with Radar,227,83,21,1,332,0,0,2,0,2,227,83,23,1,334,0,0,0,334
10/28/2013,PIT,PA,AEA,CE,Combined TRACON& Tower with Radar,251,112,27,3,393,0,1,0,1,2,251,113,27,4,395,0,0,0,395
10/29/2013,PIT,PA,AEA,CE,Combined TRACON& Tower with Radar,250,108,34,39,431,0,0,1,7,8,250,108,35,46,439,0,21,21,460
10/30/2013,PIT,PA,AEA,CE,Combined TRACON& Tower with Radar,245,111,51,37,444,0,0,3,14,17,245,111,54,51,461,0,0,0,461
10/31/2013,PIT,PA,AEA,CE,Combined TRACON& Tower with Radar,233,95,44,20,392,0,0,0,2,2,233,95,44,22,394,0,0,0,394
11/01/2013,PIT,PA,AEA,CE,Combined TRACON& Tower with Radar,258,100,25,55,438,0,0,2,0,2,258,100,27,55,440,0,11,11,451
11/02/2013,PIT,PA,AEA,CE,Combined TRACON& Tower with Radar,195,47,6,10,258,0,0,2,1,3,195,47,8,11,261,0,0,0,261
11/03/2013,PIT,PA,AEA,CE,Combined TRACON& Tower with Radar,224,82,23,6,335,0,0,5,11,16,224,82,28,17,351,6,0,6,357
11/04/2013,PIT,PA,AEA,CE,Combined TRACON& Tower with Radar,249,102,26,33,410,0,0,1,1,2,249,102,27,34,412,0,0,0,412
11/05/2013,PIT,PA,AEA,CE,Combined TRACON& Tower with Radar,246,109,30,39,424,0,0,1,13,14,246,109,31,52,438,0,0,0,438
11/06/2013,PIT,PA,AEA,CE,Combined TRACON& Tower with Radar,251,111,42,32,436,0,1,2,1,4,251,112,44,33,440,0,0,0,440
11/07/2013,PIT,PA,AEA,CE,Combined TRACON& Tower with Radar,256,117,53,14,440,0,0,6,2,8,256,117,59,16,448,0,0,0,448
11/08/2013,PIT,PA,AEA,CE,Combined TRACON& Tower with Radar,258,113,30,4,405,0,0,2,0,2,258,113,32,4,407,0,0,0,407
11/09/2013,PIT,PA,AEA,CE,Combined TRACON& Tower with Radar,177,60,10,2,249,0,0,1,0,1,177,60,11,2,250,0,0,0,250
11/10/2013,PIT,PA,AEA,CE,Combined TRACON& Tower with Radar,220,96,15,0,331,0,0,0,0,0,220,96,15,0,331,0,0,0,331
11/11/2013,PIT,PA,AEA,CE,Combined TRACON& Tower with Radar,241,104,24,0,369,0,0,0,0,0,241,104,24,0,369,0,0,0,369
11/12/2013,PIT,PA,AEA,CE,Combined TRACON& Tower with Radar,246,108,44,34,432,0,0,0,0,0,246,108,44,34,432,0,0,0,432
11/13/2013,PIT,PA,AEA,CE,Combined TRACON& Tower with Radar,249,119,35,33,436,0,0,2,0,2,249,119,37,33,438,0,0,0,438
11/14/2013,PIT,PA,AEA,CE,Combined TRACON& Tower with Radar,257,116,45,52,470,0,0,3,0,3,257,116,48,52,473,0,0,0,473
11/15/2013,PIT,PA,AEA,CE,Combined TRACON& Tower with Radar,260,125,35,32,452,0,0,2,0,2,260,125,37,32,454,0,0,0,454
11/16/2013,PIT,PA,AEA,CE,Combined TRACON& Tower with Radar,183,53,14,0,250,0,0,3,0,3,183,53,17,0,253,0,0,0,253
11/17/2013,PIT,PA,AEA,CE,Combined TRACON& Tower with Radar,216,85,9,1,311,0,0,0,0,0,216,85,9,1,311,0,0,0,311
11/18/2013,PIT,PA,AEA,CE,Combined TRACON& Tower with Radar,246,103,33,41,423,0,0,1,0,1,246,103,34,41,424,0,0,0,424
11/19/2013,PIT,PA,AEA,CE,Combined TRACON& Tower with Radar,247,109,51,58,465,0,2,6,0,8,247,111,57,58,473,0,0,0,473
11/20/2013,PIT,PA,AEA,CE,Combined TRACON& Tower with Radar,244,112,34,41,431,0,3,3,4,10,244,115,37,45,441,0,12,12,453
11/21/2013,PIT,PA,AEA,CE,Combined TRACON& Tower with Radar,247,123,45,39,454,0,0,1,2,3,247,123,46,41,457,0,0,0,457
11/22/2013,PIT,PA,AEA,CE,Combined TRACON& Tower with Radar,264,129,31,38,462,0,0,0,0,0,264,129,31,38,462,0,0,0,462
11/23/2013,PIT,PA,AEA,CE,Combined TRACON& Tower with Radar,180,61,11,6,258,0,0,0,0,0,180,61,11,6,258,0,0,0,258
11/24/2013,PIT,PA,AEA,CE,Combined TRACON& Tower with Radar,199,86,13,0,298,0,0,0,0,0,199,86,13,0,298,0,0,0,298
11/25/2013,PIT,PA,AEA,CE,Combined TRACON& Tower with Radar,212,105,38,7,362,0,0,4,0,4,212,105,42,7,366,0,0,0,366
11/26/2013,PIT,PA,AEA,CE,Combined TRACON& Tower with Radar,245,104,23,0,372,0,0,0,0,0,245,104,23,0,372,0,0,0,372
11/27/2013,PIT,PA,AEA,CE,Combined TRACON& Tower with Radar,260,104,12,3,379,0,0,0,0,0,260,104,12,3,379,0,0,0,379
11/28/2013,PIT,PA,AEA,CE,Combined TRACON& Tower with Radar,146,56,5,0,207,0,1,0,0,1,146,57,5,0,208,0,0,0,208
11/29/2013,PIT,PA,AEA,CE,Combined TRACON& Tower with Radar,150,45,6,0,201,0,1,2,0,3,150,46,8,0,204,0,0,0,204
11/30/2013,PIT,PA,AEA,CE,Combined TRACON& Tower with Radar,210,73,8,0,291,0,1,0,0,1,210,74,8,0,292,0,0,0,292
12/01/2013,PIT,PA,AEA,CE,Combined TRACON& Tower with Radar,254,100,19,0,373,0,0,4,0,4,254,100,23,0,377,0,0,0,377
12/02/2013,PIT,PA,AEA,CE,Combined TRACON& Tower with Radar,254,115,36,31,436,0,0,0,2,2,254,115,36,33,438,0,0,0,438
12/03/2013,PIT,PA,AEA,CE,Combined TRACON& Tower with Radar,240,109,49,45,443,0,0,0,3,3,240,109,49,48,446,0,8,8,454
12/04/2013,PIT,PA,AEA,CE,Combined TRACON& Tower with Radar,245,110,42,29,426,0,0,0,0,0,245,110,42,29,426,0,0,0,426
12/05/2013,PIT,PA,AEA,CE,Combined TRACON& Tower with Radar,243,105,35,40,423,0,0,1,0,1,243,105,36,40,424,0,0,0,424
12/06/2013,PIT,PA,AEA,CE,Combined TRACON& Tower with Radar,236,103,22,17,378,0,0,6,0,6,236,103,28,17,384,0,0,0,384
12/07/2013,PIT,PA,AEA,CE,Combined TRACON& Tower with Radar,173,63,19,3,258,0,3,11,1,15,173,66,30,4,273,0,0,0,273
12/08/2013,PIT,PA,AEA,CE,Combined TRACON& Tower with Radar,191,87,20,3,301,0,0,0,0,0,191,87,20,3,301,0,0,0,301
12/09/2013,PIT,PA,AEA,CE,Combined TRACON& Tower with Radar,222,112,50,14,398,0,2,2,2,6,222,114,52,16,404,60,0,60,464
12/10/2013,PIT,PA,AEA,CE,Combined TRACON& Tower with Radar,233,108,50,28,419,0,0,6,3,9,233,108,56,31,428,0,0,0,428
12/11/2013,PIT,PA,AEA,CE,Combined TRACON& Tower with Radar,243,121,45,54,463,0,0,11,0,11,243,121,56,54,474,0,0,0,474
12/12/2013,PIT,PA,AEA,CE,Combined TRACON& Tower with Radar,253,121,47,46,467,0,0,7,1,8,253,121,54,47,475,0,0,0,475
12/13/2013,PIT,PA,AEA,CE,Combined TRACON& Tower with Radar,253,126,33,32,444,0,1,6,0,7,253,127,39,32,451,0,0,0,451
12/14/2013,PIT,PA,AEA,CE,Combined TRACON& Tower with Radar,166,46,6,0,218,0,0,0,0,0,166,46,6,0,218,0,0,0,218
12/15/2013,PIT,PA,AEA,CE,Combined TRACON& Tower with Radar,211,97,8,0,316,0,0,3,0,3,211,97,11,0,319,0,0,0,319
12/16/2013,PIT,PA,AEA,CE,Combined TRACON& Tower with Radar,227,113,42,56,438,0,0,4,1,5,227,113,46,57,443,0,0,0,443
12/17/2013,PIT,PA,AEA,CE,Combined TRACON& Tower with Radar,236,110,38,32,416,0,0,0,1,1,236,110,38,33,417,0,0,0,417
12/18/2013,PIT,PA,AEA,CE,Combined TRACON& Tower with Radar,258,119,48,52,477,0,2,1,2,5,258,121,49,54,482,0,0,0,482
12/19/2013,PIT,PA,AEA,CE,Combined TRACON& Tower with Radar,258,98,43,50,449,0,0,3,0,3,258,98,46,50,452,0,0,0,452
12/20/2013,PIT,PA,AEA,CE,Combined TRACON& Tower with Radar,261,105,26,3,395,0,0,0,0,0,261,105,26,3,395,0,0,0,395
12/21/2013,PIT,PA,AEA,CE,Combined TRACON& Tower with Radar,232,64,23,2,321,0,0,0,0,0,232,64,23,2,321,0,0,0,321
12/22/2013,PIT,PA,AEA,CE,Combined TRACON& Tower with Radar,207,72,12,0,291,0,0,1,0,1,207,72,13,0,292,0,0,0,292
12/23/2013,PIT,PA,AEA,CE,Combined TRACON& Tower with Radar,227,83,22,3,335,0,0,0,3,3,227,83,22,6,338,0,0,0,338
12/24/2013,PIT,PA,AEA,CE,Combined TRACON& Tower with Radar,188,52,3,0,243,0,0,0,0,0,188,52,3,0,243,0,0,0,243
12/25/2013,PIT,PA,AEA,CE,Combined TRACON& Tower with Radar,155,37,1,0,193,0,0,0,0,0,155,37,1,0,193,0,0,0,193
12/26/2013,PIT,PA,AEA,CE,Combined TRACON& Tower with Radar,227,97,17,0,341,0,0,6,0,6,227,97,23,0,347,0,0,0,347
12/27/2013,PIT,PA,AEA,CE,Combined TRACON& Tower with Radar,241,91,22,14,368,0,0,12,20,32,241,91,34,34,400,0,0,0,400
12/28/2013,PIT,PA,AEA,CE,Combined TRACON& Tower with Radar,210,64,14,0,288,0,1,3,0,4,210,65,17,0,292,0,0,0,292
12/29/2013,PIT,PA,AEA,CE,Combined TRACON& Tower with Radar,195,53,8,1,257,0,0,0,0,0,195,53,8,1,257,0,0,0,257
12/30/2013,PIT,PA,AEA,CE,Combined TRACON& Tower with Radar,211,72,9,45,337,0,2,0,0,2,211,74,9,45,339,0,0,0,339
12/31/2013,PIT,PA,AEA,CE,Combined TRACON& Tower with Radar,198,53,7,0,258,0,0,1,0,1,198,53,8,0,259,0,0,0,259
01/01/2014,PIT,PA,AEA,CE,Combined TRACON& Tower with Radar,175,49,15,0,239,0,0,0,0,0,175,49,15,0,239,0,0,0,239
01/02/2014,PIT,PA,AEA,CE,Combined TRACON& Tower with Radar,204,72,11,0,287,0,0,0,0,0,204,72,11,0,287,0,0,0,287
01/03/2014,PIT,PA,AEA,CE,Combined TRACON& Tower with Radar,205,75,18,2,300,0,0,4,0,4,205,75,22,2,304,0,0,0,304
01/04/2014,PIT,PA,AEA,CE,Combined TRACON& Tower with Radar,201,68,21,0,290,0,0,0,0,0,201,68,21,0,290,0,0,0,290
01/05/2014,PIT,PA,AEA,CE,Combined TRACON& Tower with Radar,179,72,13,0,264,0,0,0,0,0,179,72,13,0,264,0,0,0,264
01/06/2014,PIT,PA,AEA,CE,Combined TRACON& Tower with Radar,204,75,21,1,301,0,0,0,0,0,204,75,21,1,301,0,0,0,301
01/07/2014,PIT,PA,AEA,CE,Combined TRACON& Tower with Radar,194,87,24,1,306,0,0,2,0,2,194,87,26,1,308,0,0,0,308
01/08/2014,PIT,PA,AEA,CE,Combined TRACON& Tower with Radar,226,114,22,37,399,0,1,0,0,1,226,115,22,37,400,0,0,0,400
01/09/2014,PIT,PA,AEA,CE,Combined TRACON& Tower with Radar,229,108,14,37,388,0,3,0,3,6,229,111,14,40,394,0,0,0,394
01/10/2014,PIT,PA,AEA,CE,Combined TRACON& Tower with Radar,235,105,24,28,392,0,0,0,0,0,235,105,24,28,392,0,0,0,392
01/11/2014,PIT,PA,AEA,CE,Combined TRACON& Tower with Radar,170,44,6,18,238,0,0,0,0,0,170,44,6,18,238,0,0,0,238
01/12/2014,PIT,PA,AEA,CE,Combined TRACON& Tower with Radar,198,83,20,34,335,0,0,0,0,0,198,83,20,34,335,0,0,0,335
01/13/2014,PIT,PA,AEA,CE,Combined TRACON& Tower with Radar,233,104,36,41,414,0,0,0,0,0,233,104,36,41,414,0,0,0,414
01/14/2014,PIT,PA,AEA,CE,Combined TRACON& Tower with Radar,210,105,27,57,399,0,0,0,3,3,210,105,27,60,402,0,0,0,402
01/15/2014,PIT,PA,AEA,CE,Combined TRACON& Tower with Radar,224,123,25,45,417,0,0,0,0,0,224,123,25,45,417,0,11,11,428
01/16/2014,PIT,PA,AEA,CE,Combined TRACON& Tower with Radar,230,117,36,37,420,0,0,4,1,5,230,117,40,38,425,0,0,0,425
01/17/2014,PIT,PA,AEA,CE,Combined TRACON& Tower with Radar,231,110,20,20,381,0,0,0,0,0,231,110,20,20,381,0,0,0,381
01/18/2014,PIT,PA,AEA,CE,Combined TRACON& Tower with Radar,167,50,12,3,232,0,0,2,0,2,167,50,14,3,234,0,0,0,234
01/19/2014,PIT,PA,AEA,CE,Combined TRACON& Tower with Radar,187,72,11,0,270,0,0,2,0,2,187,72,13,0,272,0,0,0,272
01/20/2014,PIT,PA,AEA,CE,Combined TRACON& Tower with Radar,223,98,28,1,350,0,0,1,0,1,223,98,29,1,351,0,0,0,351
01/21/2014,PIT,PA,AEA,CE,Combined TRACON& Tower with Radar,205,101,22,14,342,0,0,0,0,0,205,101,22,14,342,0,0,0,342
01/22/2014,PIT,PA,AEA,CE,Combined TRACON& Tower with Radar,212,109,40,38,399,0,2,2,4,8,212,111,42,42,407,0,0,0,407
01/23/2014,PIT,PA,AEA,CE,Combined TRACON& Tower with Radar,232,112,31,45,420,0,0,7,0,7,232,112,38,45,427,0,0,0,427
01/24/2014,PIT,PA,AEA,CE,Combined TRACON& Tower with Radar,232,102,14,23,371,0,0,0,0,0,232,102,14,23,371,0,0,0,371
01/25/2014,PIT,PA,AEA,CE,Combined TRACON& Tower with Radar,165,50,6,1,222,0,0,0,0,0,165,50,6,1,222,0,0,0,222
01/26/2014,PIT,PA,AEA,CE,Combined TRACON& Tower with Radar,192,75,18,8,293,0,0,0,0,0,192,75,18,8,293,0,0,0,293
01/27/2014,PIT,PA,AEA,CE,Combined TRACON& Tower with Radar,224,101,31,50,406,0,0,2,0,2,224,101,33,50,408,0,0,0,408
01/28/2014,PIT,PA,AEA,CE,Combined TRACON& Tower with Radar,200,105,43,73,421,0,1,6,0,7,200,106,49,73,428,0,4,4,432
01/29/2014,PIT,PA,AEA,CE,Combined TRACON& Tower with Radar,205,108,22,16,351,0,0,6,2,8,205,108,28,18,359,0,0,0,359
01/30/2014,PIT,PA,AEA,CE,Combined TRACON& Tower with Radar,218,108,45,70,441,0,3,5,5,13,218,111,50,75,454,0,12,12,466
01/31/2014,PIT,PA,AEA,CE,Combined TRACON& Tower with Radar,229,107,33,24,393,0,0,2,1,3,229,107,35,25,396,0,0,0,396
02/01/2014,PIT,PA,AEA,CE,Combined TRACON& Tower with Radar,164,40,3,17,224,0,0,0,0,0,164,40,3,17,224,0,0,0,224
02/02/2014,PIT,PA,AEA,CE,Combined TRACON& Tower with Radar,186,70,4,3,263,0,0,0,0,0,186,70,4,3,263,0,0,0,263
02/03/2014,PIT,PA,AEA,CE,Combined TRACON& Tower with Radar,196,86,30,7,319,0,0,7,1,8,196,86,37,8,327,0,0,0,327
02/04/2014,PIT,PA,AEA,CE,Combined TRACON& Tower with Radar,195,112,37,36,380,0,0,3,0,3,195,112,40,36,383,0,0,0,383
02/05/2014,PIT,PA,AEA,CE,Combined TRACON& Tower with Radar,180,79,30,0,289,0,0,0,0,0,180,79,30,0,289,0,0,0,289
02/06/2014,PIT,PA,AEA,CE,Combined TRACON& Tower with Radar,224,117,52,33,426,0,1,1,0,2,224,118,53,33,428,0,0,0,428
02/07/2014,PIT,PA,AEA,CE,Combined TRACON& Tower with Radar,230,110,27,23,390,0,0,0,6,6,230,110,27,29,396,0,0,0,396
02/08/2014,PIT,PA,AEA,CE,Combined TRACON& Tower with Radar,164,45,7,8,224,0,0,4,1,5,164,45,11,9,229,0,0,0,229
02/09/2014,PIT,PA,AEA,CE,Combined TRACON& Tower with Radar,189,80,15,2,286,0,0,0,0,0,189,80,15,2,286,0,0,0,286
02/10/2014,PIT,PA,AEA,CE,Combined TRACON& Tower with Radar,225,99,23,37,384,0,0,3,2,5,225,99,26,39,389,0,0,0,389
02/11/2014,PIT,PA,AEA,CE,Combined TRACON& Tower with Radar,210,107,36,42,395,0,0,3,3,6,210,107,39,45,401,0,0,0,401
02/12/2014,PIT,PA,AEA,CE,Combined TRACON& Tower with Radar,200,128,45,31,404,0,0,4,0,4,200,128,49,31,408,0,0,0,408
02/13/2014,PIT,PA,AEA,CE,Combined TRACON& Tower with Radar,182,91,31,20,324,0,0,12,0,12,182,91,43,20,336,0,0,0,336
02/14/2014,PIT,PA,AEA,CE,Combined TRACON& Tower with Radar,226,103,32,14,375,0,0,1,0,1,226,103,33,14,376,0,0,0,376
02/15/2014,PIT,PA,AEA,CE,Combined TRACON& Tower with Radar,172,58,10,2,242,0,0,0,0,0,172,58,10,2,242,0,0,0,242
02/16/2014,PIT,PA,AEA,CE,Combined TRACON& Tower with Radar,192,76,7,0,275,0,0,0,0,0,192,76,7,0,275,0,0,0,275
02/17/2014,PIT,PA,AEA,CE,Combined TRACON& Tower with Radar,208,103,28,1,340,0,1,5,0,6,208,104,33,1,346,0,0,0,346
02/18/2014,PIT,PA,AEA,CE,Combined TRACON& Tower with Radar,228,93,32,26,379,0,0,2,0,2,228,93,34,26,381,0,0,0,381
02/19/2014,PIT,PA,AEA,CE,Combined TRACON& Tower with Radar,234,114,31,44,423,0,0,4,4,8,234,114,35,48,431,0,0,0,431
02/20/2014,PIT,PA,AEA,CE,Combined TRACON& Tower with Radar,232,124,45,62,463,0,0,3,0,3,232,124,48,62,466,0,0,0,466
02/21/2014,PIT,PA,AEA,CE,Combined TRACON& Tower with Radar,251,104,21,12,388,0,0,1,0,1,251,104,22,12,389,0,0,0,389
02/22/2014,PIT,PA,AEA,CE,Combined TRACON& Tower with Radar,188,60,13,2,263,0,0,0,0,0,188,60,13,2,263,0,0,0,263
02/23/2014,PIT,PA,AEA,CE,Combined TRACON& Tower with Radar,203,83,10,3,299,0,0,0,0,0,203,83,10,3,299,0,0,0,299
02/24/2014,PIT,PA,AEA,CE,Combined TRACON& Tower with Radar,235,104,23,48,410,0,1,2,0,3,235,105,25,48,413,0,0,0,413
02/25/2014,PIT,PA,AEA,CE,Combined TRACON& Tower with Radar,229,100,42,28,399,0,0,0,4,4,229,100,42,32,403,0,0,0,403
02/26/2014,PIT,PA,AEA,CE,Combined TRACON& Tower with Radar,228,125,39,50,442,0,0,2,1,3,228,125,41,51,445,0,0,0,445
02/27/2014,PIT,PA,AEA,CE,Combined TRACON& Tower with Radar,248,124,38,30,440,0,0,0,1,1,248,124,38,31,441,0,0,0,441
02/28/2014,PIT,PA,AEA,CE,Combined TRACON& Tower with Radar,246,116,25,14,401,0,0,5,0,5,246,116,30,14,406,0,0,0,406
03/01/2014,PIT,PA,AEA,CE,Combined TRACON& Tower with Radar,189,52,25,1,267,0,0,2,1,3,189,52,27,2,270,0,0,0,270
03/02/2014,PIT,PA,AEA,CE,Combined TRACON& Tower with Radar,209,75,15,0,299,0,0,1,0,1,209,75,16,0,300,0,0,0,300
03/03/2014,PIT,PA,AEA,CE,Combined TRACON& Tower with Radar,222,85,23,4,334,0,0,0,0,0,222,85,23,4,334,0,0,0,334
03/04/2014,PIT,PA,AEA,CE,Combined TRACON& Tower with Radar,239,106,32,39,416,0,0,0,6,6,239,106,32,45,422,0,0,0,422
03/05/2014,PIT,PA,AEA,CE,Combined TRACON& Tower with Radar,241,93,35,27,396,0,0,1,0,1,241,93,36,27,397,0,0,0,397
03/06/2014,PIT,PA,AEA,CE,Combined TRACON& Tower with Radar,235,112,30,34,411,0,0,0,3,3,235,112,30,37,414,0,0,0,414
03/07/2014,PIT,PA,AEA,CE,Combined TRACON& Tower with Radar,244,114,20,30,408,0,0,4,22,26,244,114,24,52,434,0,0,0,434
03/08/2014,PIT,PA,AEA,CE,Combined TRACON& Tower with Radar,195,59,9,3,266,0,0,0,0,0,195,59,9,3,266,0,0,0,266
03/09/2014,PIT,PA,AEA,CE,Combined TRACON& Tower with Radar,221,83,13,2,319,0,0,0,0,0,221,83,13,2,319,0,0,0,319
03/10/2014,PIT,PA,AEA,CE,Combined TRACON& Tower with Radar,247,98,15,48,408,1,0,4,0,5,248,98,19,48,413,0,0,0,413
03/11/2014,PIT,PA,AEA,CE,Combined TRACON& Tower with Radar,249,106,24,49,428,0,0,3,0,3,249,106,27,49,431,0,0,0,431
03/12/2014,PIT,PA,AEA,CE,Combined TRACON& Tower with Radar,245,112,20,12,389,0,0,0,0,0,245,112,20,12,389,0,0,0,389
03/13/2014,PIT,PA,AEA,CE,Combined TRACON& Tower with Radar,249,126,26,38,439,0,0,2,0,2,249,126,28,38,441,0,0,0,441
03/14/2014,PIT,PA,AEA,CE,Combined TRACON& Tower with Radar,251,112,34,15,412,0,0,4,0,4,251,112,38,15,416,0,0,0,416
03/15/2014,PIT,PA,AEA,CE,Combined TRACON& Tower with Radar,199,51,11,2,263,0,2,1,0,3,199,53,12,2,266,0,0,0,266
03/16/2014,PIT,PA,AEA,CE,Combined TRACON& Tower with Radar,227,79,8,5,319,0,0,2,1,3,227,79,10,6,322,0,0,0,322
03/17/2014,PIT,PA,AEA,CE,Combined TRACON& Tower with Radar,243,98,24,14,379,0,0,0,0,0,243,98,24,14,379,0,0,0,379
03/18/2014,PIT,PA,AEA,CE,Combined TRACON& Tower with Radar,254,111,58,34,457,0,1,2,4,7,254,112,60,38,464,0,0,0,464
03/19/2014,PIT,PA,AEA,CE,Combined TRACON& Tower with Radar,243,121,22,70,456,0,0,1,0,1,243,121,23,70,457,0,13,13,470
03/20/2014,PIT,PA,AEA,CE,Combined TRACON& Tower with Radar,256,109,30,34,429,0,0,0,1,1,256,109,30,35,430,0,0,0,430
03/21/2014,PIT,PA,AEA,CE,Combined TRACON& Tower with Radar,255,101,24,11,391,0,0,3,0,3,255,101,27,11,394,0,0,0,394
03/22/2014,PIT,PA,AEA,CE,Combined TRACON& Tower with Radar,201,53,3,3,260,0,0,2,0,2,201,53,5,3,262,0,0,0,262
03/23/2014,PIT,PA,AEA,CE,Combined TRACON& Tower with Radar,224,77,15,1,317,0,2,3,0,5,224,79,18,1,322,0,0,0,322
03/24/2014,PIT,PA,AEA,CE,Combined TRACON& Tower with Radar,246,97,21,34,398,0,0,3,0,3,246,97,24,34,401,0,0,0,401
03/25/2014,PIT,PA,AEA,CE,Combined TRACON& Tower with Radar,239,100,25,25,389,0,0,4,4,8,239,100,29,29,397,0,0,0,397
03/26/2014,PIT,PA,AEA,CE,Combined TRACON& Tower with Radar,245,109,33,17,404,0,0,3,0,3,245,109,36,17,407,0,0,0,407
03/27/2014,PIT,PA,AEA,CE,Combined TRACON& Tower with Radar,255,117,28,67,467,0,1,2,3,6,255,118,30,70,473,0,0,0,473
03/28/2014,PIT,PA,AEA,CE,Combined TRACON& Tower with Radar,250,99,22,9,380,0,2,0,1,3,250,101,22,10,383,0,0,0,383
03/29/2014,PIT,PA,AEA,CE,Combined TRACON& Tower with Radar,198,59,8,3,268,0,0,0,0,0,198,59,8,3,268,0,0,0,268
03/30/2014,PIT,PA,AEA,CE,Combined TRACON& Tower with Radar,225,69,7,4,305,0,0,0,0,0,225,69,7,4,305,0,0,0,305
03/31/2014,PIT,PA,AEA,CE,Combined TRACON& Tower with Radar,248,95,19,12,374,0,2,6,0,8,248,97,25,12,382,0,0,0,382
04/01/2014,PIT,PA,AEA,CE,Combined TRACON& Tower with Radar,248,105,32,29,414,0,0,8,1,9,248,105,40,30,423,0,0,0,423
04/02/2014,PIT,PA,AEA,CE,Combined TRACON& Tower with Radar,249,109,20,36,414,0,0,1,2,3,249,109,21,38,417,0,0,0,417
04/03/2014,PIT,PA,AEA,CE,Combined TRACON& Tower with Radar,249,107,34,17,407,0,0,0,0,0,249,107,34,17,407,0,0,0,407
04/04/2014,PIT,PA,AEA,CE,Combined TRACON& Tower with Radar,268,103,27,9,407,0,0,0,0,0,268,103,27,9,407,0,0,0,407
04/05/2014,PIT,PA,AEA,CE,Combined TRACON& Tower with Radar,194,53,13,4,264,0,0,0,0,0,194,53,13,4,264,0,0,0,264
04/06/2014,PIT,PA,AEA,CE,Combined TRACON& Tower with Radar,226,81,13,10,330,0,2,9,2,13,226,83,22,12,343,0,0,0,343
04/07/2014,PIT,PA,AEA,CE,Combined TRACON& Tower with Radar,248,91,26,43,408,0,0,1,0,1,248,91,27,43,409,0,0,0,409
04/08/2014,PIT,PA,AEA,CE,Combined TRACON& Tower with Radar,244,106,43,58,451,0,0,3,1,4,244,106,46,59,455,0,0,0,455
04/09/2014,PIT,PA,AEA,CE,Combined TRACON& Tower with Radar,242,101,55,39,437,0,0,2,0,2,242,101,57,39,439,0,9,9,448
04/10/2014,PIT,PA,AEA,CE,Combined TRACON& Tower with Radar,254,104,52,40,450,0,0,6,1,7,254,104,58,41,457,0,0,0,457
04/11/2014,PIT,PA,AEA,CE,Combined TRACON& Tower with Radar,248,96,36,28,408,0,0,0,8,8,248,96,36,36,416,0,10,10,426
04/12/2014,PIT,PA,AEA,CE,Combined TRACON& Tower with Radar,188,55,20,0,263,0,1,3,0,4,188,56,23,0,267,0,0,0,267
04/13/2014,PIT,PA,AEA,CE,Combined TRACON& Tower with Radar,223,64,14,3,304,0,0,5,0,5,223,64,19,3,309,0,0,0,309
04/14/2014,PIT,PA,AEA,CE,Combined TRACON& Tower with Radar,246,91,21,8,366,0,0,2,0,2,246,91,23,8,368,0,0,0,368
04/15/2014,PIT,PA,AEA,CE,Combined TRACON& Tower with Radar,235,86,27,16,364,0,0,0,0,0,235,86,27,16,364,0,0,0,364
04/16/2014,PIT,PA,AEA,CE,Combined TRACON& Tower with Radar,245,98,46,7,396,0,0,7,4,11,245,98,53,11,407,0,0,0,407
04/17/2014,PIT,PA,AEA,CE,Combined TRACON& Tower with Radar,249,111,45,37,442,8,1,6,0,15,257,112,51,37,457,0,0,0,457
04/18/2014,PIT,PA,AEA,CE,Combined TRACON& Tower with Radar,244,95,18,31,388,0,10,4,0,14,244,105,22,31,402,0,0,0,402
04/19/2014,PIT,PA,AEA,CE,Combined TRACON& Tower with Radar,183,52,10,2,247,0,2,2,0,4,183,54,12,2,251,0,0,0,251
04/20/2014,PIT,PA,AEA,CE,Combined TRACON& Tower with Radar,212,71,11,0,294,0,0,2,0,2,212,71,13,0,296,0,0,0,296
04/21/2014,PIT,PA,AEA,CE,Combined TRACON& Tower with Radar,242,111,37,40,430,0,0,2,0,2,242,111,39,40,432,0,0,0,432
04/22/2014,PIT,PA,AEA,CE,Combined TRACON& Tower with Radar,236,111,46,26,419,0,0,0,0,0,236,111,46,26,419,0,0,0,419
04/23/2014,PIT,PA,AEA,CE,Combined TRACON& Tower with Radar,236,109,30,42,417,0,3,3,0,6,236,112,33,42,423,0,0,0,423
04/24/2014,PIT,PA,AEA,CE,Combined TRACON& Tower with Radar,258,111,52,27,448,0,0,3,1,4,258,111,55,28,452,0,0,0,452
04/25/2014,PIT,PA,AEA,CE,Combined TRACON& Tower with Radar,245,109,30,20,404,0,0,0,0,0,245,109,30,20,404,0,0,0,404
04/26/2014,PIT,PA,AEA,CE,Combined TRACON& Tower with Radar,176,71,19,0,266,0,1,3,0,4,176,72,22,0,270,0,0,0,270
04/27/2014,PIT,PA,AEA,CE,Combined TRACON& Tower with Radar,213,82,15,2,312,0,0,5,0,5,213,82,20,2,317,0,0,0,317
04/28/2014,PIT,PA,AEA,CE,Combined TRACON& Tower with Radar,243,101,31,0,375,0,0,0,0,0,243,101,31,0,375,0,0,0,375
04/29/2014,PIT,PA,AEA,CE,Combined TRACON& Tower with Radar,234,102,36,20,392,0,0,1,0,1,234,102,37,20,393,0,0,0,393
04/30/2014,PIT,PA,AEA,CE,Combined TRACON& Tower with Radar,236,98,37,13,384,0,0,0,0,0,236,98,37,13,384,0,0,0,384
05/01/2014,PIT,PA,AEA,CE,Combined TRACON& Tower with Radar,258,107,34,38,437,0,0,2,0,2,258,107,36,38,439,0,10,10,449
05/02/2014,PIT,PA,AEA,CE,Combined TRACON& Tower with Radar,249,91,30,27,397,0,0,0,0,0,249,91,30,27,397,0,0,0,397
05/03/2014,PIT,PA,AEA,CE,Combined TRACON& Tower with Radar,189,55,10,20,274,0,0,2,2,4,189,55,12,22,278,0,0,0,278
05/04/2014,PIT,PA,AEA,CE,Combined TRACON& Tower with Radar,228,72,17,4,321,0,2,0,0,2,228,74,17,4,323,0,0,0,323
05/05/2014,PIT,PA,AEA,CE,Combined TRACON& Tower with Radar,246,101,18,41,406,0,0,2,5,7,246,101,20,46,413,0,20,20,433
05/06/2014,PIT,PA,AEA,CE,Combined TRACON& Tower with Radar,232,104,26,39,401,0,1,9,3,13,232,105,35,42,414,0,4,4,418
05/07/2014,PIT,PA,AEA,CE,Combined TRACON& Tower with Radar,251,104,35,50,440,0,0,1,0,1,251,104,36,50,441,0,0,0,441
05/08/2014,PIT,PA,AEA,CE,Combined TRACON& Tower with Radar,260,109,38,59,466,0,2,4,3,9,260,111,42,62,475,0,4,4,479
05/09/2014,PIT,PA,AEA,CE,Combined TRACON& Tower with Radar,250,106,36,49,441,0,2,3,0,5,250,108,39,49,446,0,0,0,446
05/10/2014,PIT,PA,AEA,CE,Combined TRACON& Tower with Radar,191,57,4,1,253,0,0,0,0,0,191,57,4,1,253,0,0,0,253
05/11/2014,PIT,PA,AEA,CE,Combined TRACON& Tower with Radar,207,62,10,0,279,0,0,0,0,0,207,62,10,0,279,0,0,0,279
05/12/2014,PIT,PA,AEA,CE,Combined TRACON& Tower with Radar,247,105,27,12,391,0,0,0,0,0,247,105,27,12,391,0,0,0,391
05/13/2014,PIT,PA,AEA,CE,Combined TRACON& Tower with Radar,229,110,45,20,404,0,0,3,1,4,229,110,48,21,408,0,0,0,408
05/14/2014,PIT,PA,AEA,CE,Combined TRACON& Tower with Radar,242,105,47,24,418,0,0,0,0,0,242,105,47,24,418,0,9,9,427
05/15/2014,PIT,PA,AEA,CE,Combined TRACON& Tower with Radar,248,107,34,37,426,0,0,0,0,0,248,107,34,37,426,0,0,0,426
05/16/2014,PIT,PA,AEA,CE,Combined TRACON& Tower with Radar,250,101,41,9,401,0,0,4,0,4,250,101,45,9,405,0,0,0,405
05/17/2014,PIT,PA,AEA,CE,Combined TRACON& Tower with Radar,193,63,20,0,276,0,0,1,0,1,193,63,21,0,277,0,0,0,277
05/18/2014,PIT,PA,AEA,CE,Combined TRACON& Tower with Radar,222,78,14,2,316,0,0,4,0,4,222,78,18,2,320,0,0,0,320
05/19/2014,PIT,PA,AEA,CE,Combined TRACON& Tower with Radar,246,82,29,43,400,0,0,4,7,11,246,82,33,50,411,0,0,0,411
05/20/2014,PIT,PA,AEA,CE,Combined TRACON& Tower with Radar,235,115,46,19,415,0,0,5,0,5,235,115,51,19,420,0,0,0,420
05/21/2014,PIT,PA,AEA,CE,Combined TRACON& Tower with Radar,249,123,49,30,451,0,1,3,0,4,249,124,52,30,455,0,0,0,455
05/22/2014,PIT,PA,AEA,CE,Combined TRACON& Tower with Radar,253,104,38,2,397,0,2,1,0,3,253,106,39,2,400,0,0,0,400
05/23/2014,PIT,PA,AEA,CE,Combined TRACON& Tower with Radar,257,109,15,0,381,0,2,1,0,3,257,111,16,0,384,0,0,0,384
05/24/2014,PIT,PA,AEA,CE,Combined TRACON& Tower with Radar,183,62,5,0,250,0,0,1,0,1,183,62,6,0,251,0,0,0,251
05/25/2014,PIT,PA,AEA,CE,Combined TRACON& Tower with Radar,176,53,5,0,234,0,1,2,0,3,176,54,7,0,237,0,0,0,237
05/26/2014,PIT,PA,AEA,CE,Combined TRACON& Tower with Radar,219,69,16,1,305,0,1,4,0,5,219,70,20,1,310,0,0,0,310
05/27/2014,PIT,PA,AEA,CE,Combined TRACON& Tower with Radar,231,99,29,15,374,1,0,3,0,4,232,99,32,15,378,0,0,0,378
05/28/2014,PIT,PA,AEA,CE,Combined TRACON& Tower with Radar,255,126,35,13,429,0,0,0,0,0,255,126,35,13,429,0,0,0,429
05/29/2014,PIT,PA,AEA,CE,Combined TRACON& Tower with Radar,264,111,33,29,437,0,0,0,0,0,264,111,33,29,437,0,0,0,437
05/30/2014,PIT,PA,AEA,CE,Combined TRACON& Tower with Radar,258,114,19,20,411,0,0,4,0,4,258,114,23,20,415,0,0,0,415
05/31/2014,PIT,PA,AEA,CE,Combined TRACON& Tower with Radar,187,65,11,2,265,0,0,4,0,4,187,65,15,2,269,0,0,0,269
06/01/2014,PIT,PA,AEA,CE,Combined TRACON& Tower with Radar,218,90,11,1,320,0,0,2,0,2,218,90,13,1,322,0,0,0,322
06/02/2014,PIT,PA,AEA,CE,Combined TRACON& Tower with Radar,240,100,29,28,397,0,0,2,0,2,240,100,31,28,399,0,0,0,399
06/03/2014,PIT,PA,AEA,CE,Combined TRACON& Tower with Radar,229,97,44,14,384,0,0,6,0,6,229,97,50,14,390,0,0,0,390
06/04/2014,PIT,PA,AEA,CE,Combined TRACON& Tower with Radar,240,109,39,6,394,0,1,5,0,6,240,110,44,6,400,0,0,0,400
06/05/2014,PIT,PA,AEA,CE,Combined TRACON& Tower with Radar,250,118,53,34,455,0,1,1,0,2,250,119,54,34,457,0,0,0,457
06/06/2014,PIT,PA,AEA,CE,Combined TRACON& Tower with Radar,246,103,25,15,389,0,4,7,0,11,246,107,32,15,400,0,0,0,400
06/07/2014,PIT,PA,AEA,CE,Combined TRACON& Tower with Radar,197,58,0,15,270,0,2,2,0,4,197,60,2,15,274,0,0,0,274
06/08/2014,PIT,PA,AEA,CE,Combined TRACON& Tower with Radar,222,79,18,7,326,0,0,0,0,0,222,79,18,7,326,0,0,0,326
06/09/2014,PIT,PA,AEA,CE,Combined TRACON& Tower with Radar,247,85,22,10,364,0,0,0,0,0,247,85,22,10,364,0,0,0,364
06/10/2014,PIT,PA,AEA,CE,Combined TRACON& Tower with Radar,239,112,28,19,398,0,0,2,0,2,239,112,30,19,400,0,0,0,400
06/11/2014,PIT,PA,AEA,CE,Combined TRACON& Tower with Radar,256,115,15,9,395,0,0,0,0,0,256,115,15,9,395,0,0,0,395
06/12/2014,PIT,PA,AEA,CE,Combined TRACON& Tower with Radar,262,91,31,12,396,0,0,0,1,1,262,91,31,13,397,0,0,0,397
06/13/2014,PIT,PA,AEA,CE,Combined TRACON& Tower with Radar,242,84,27,17,370,0,0,0,0,0,242,84,27,17,370,0,0,0,370
06/14/2014,PIT,PA,AEA,CE,Combined TRACON& Tower with Radar,219,63,16,4,302,0,1,5,0,6,219,64,21,4,308,0,0,0,308
06/15/2014,PIT,PA,AEA,CE,Combined TRACON& Tower with Radar,233,70,19,1,323,0,2,1,0,3,233,72,20,1,326,0,0,0,326
06/16/2014,PIT,PA,AEA,CE,Combined TRACON& Tower with Radar,249,105,31,21,406,0,1,2,0,3,249,106,33,21,409,0,19,19,428
06/17/2014,PIT,PA,AEA,CE,Combined TRACON& Tower with Radar,250,101,38,9,398,0,0,8,0,8,250,101,46,9,406,0,0,0,406
06/18/2014,PIT,PA,AEA,CE,Combined TRACON& Tower with Radar,242,99,29,19,389,0,0,5,5,10,242,99,34,24,399,0,0,0,399
06/19/2014,PIT,PA,AEA,CE,Combined TRACON& Tower with Radar,257,91,49,29,426,0,0,4,1,5,257,91,53,30,431,0,0,0,431
06/20/2014,PIT,PA,AEA,CE,Combined TRACON& Tower with Radar,266,101,39,25,431,0,0,0,0,0,266,101,39,25,431,0,0,0,431
06/21/2014,PIT,PA,AEA,CE,Combined TRACON& Tower with Radar,208,61,7,3,279,0,0,0,0,0,208,61,7,3,279,0,0,0,279
06/22/2014,PIT,PA,AEA,CE,Combined TRACON& Tower with Radar,222,72,16,2,312,0,0,0,0,0,222,72,16,2,312,0,0,0,312
06/23/2014,PIT,PA,AEA,CE,Combined TRACON& Tower with Radar,253,100,27,8,388,0,0,0,1,1,253,100,27,9,389,0,0,0,389
06/24/2014,PIT,PA,AEA,CE,Combined TRACON& Tower with Radar,250,107,29,23,409,0,0,0,0,0,250,107,29,23,409,0,0,0,409
06/25/2014,PIT,PA,AEA,CE,Combined TRACON& Tower with Radar,246,105,46,6,403,0,0,4,0,4,246,105,50,6,407,0,0,0,407
06/26/2014,PIT,PA,AEA,CE,Combined TRACON& Tower with Radar,271,105,44,17,437,0,0,1,4,5,271,105,45,21,442,0,10,10,452
06/27/2014,PIT,PA,AEA,CE,Combined TRACON& Tower with Radar,257,102,18,12,389,0,0,4,0,4,257,102,22,12,393,0,0,0,393
06/28/2014,PIT,PA,AEA,CE,Combined TRACON& Tower with Radar,222,53,14,0,289,0,0,4,2,6,222,53,18,2,295,0,0,0,295
06/29/2014,PIT,PA,AEA,CE,Combined TRACON& Tower with Radar,227,69,14,5,315,0,0,2,0,2,227,69,16,5,317,0,0,0,317
06/30/2014,PIT,PA,AEA,CE,Combined TRACON& Tower with Radar,242,84,24,25,375,0,0,0,0,0,242,84,24,25,375,0,0,0,375
07/01/2014,PIT,PA,AEA,CE,Combined TRACON& Tower with Radar,239,85,35,18,377,0,0,1,0,1,239,85,36,18,378,0,0,0,378
07/02/2014,PIT,PA,AEA,CE,Combined TRACON& Tower with Radar,250,93,29,32,404,0,2,7,4,13,250,95,36,36,417,0,0,0,417
07/03/2014,PIT,PA,AEA,CE,Combined TRACON& Tower with Radar,263,93,30,23,409,0,5,0,0,5,263,98,30,23,414,0,0,0,414
07/04/2014,PIT,PA,AEA,CE,Combined TRACON& Tower with Radar,185,34,4,0,223,0,0,0,0,0,185,34,4,0,223,0,0,0,223
07/05/2014,PIT,PA,AEA,CE,Combined TRACON& Tower with Radar,197,63,7,0,267,0,0,0,0,0,197,63,7,0,267,0,0,0,267
07/06/2014,PIT,PA,AEA,CE,Combined TRACON& Tower with Radar,241,81,11,0,333,0,0,1,0,1,241,81,12,0,334,0,0,0,334
07/07/2014,PIT,PA,AEA,CE,Combined TRACON& Tower with Radar,261,100,24,1,386,0,2,2,0,4,261,102,26,1,390,0,0,0,390
07/08/2014,PIT,PA,AEA,CE,Combined TRACON& Tower with Radar,261,92,37,15,405,0,0,0,2,2,261,92,37,17,407,0,0,0,407
07/09/2014,PIT,PA,AEA,CE,Combined TRACON& Tower with Radar,260,99,42,16,417,0,2,0,0,2,260,101,42,16,419,0,0,0,419
07/10/2014,PIT,PA,AEA,CE,Combined TRACON& Tower with Radar,281,102,45,9,437,0,0,1,2,3,281,102,46,11,440,0,0,0,440
07/11/2014,PIT,PA,AEA,CE,Combined TRACON& Tower with Radar,265,97,25,11,398,0,0,3,1,4,265,97,28,12,402,0,0,0,402
07/12/2014,PIT,PA,AEA,CE,Combined TRACON& Tower with Radar,199,73,12,14,298,0,0,0,0,0,199,73,12,14,298,0,0,0,298
07/13/2014,PIT,PA,AEA,CE,Combined TRACON& Tower with Radar,247,73,9,0,329,0,0,0,0,0,247,73,9,0,329,0,0,0,329
07/14/2014,PIT,PA,AEA,CE,Combined TRACON& Tower with Radar,258,94,38,16,406,0,0,4,0,4,258,94,42,16,410,0,0,0,410
07/15/2014,PIT,PA,AEA,CE,Combined TRACON& Tower with Radar,273,95,38,28,434,0,0,7,0,7,273,95,45,28,441,0,0,0,441
07/16/2014,PIT,PA,AEA,CE,Combined TRACON& Tower with Radar,251,104,43,38,436,0,3,5,7,15,251,107,48,45,451,0,0,0,451
07/17/2014,PIT,PA,AEA,CE,Combined TRACON& Tower with Radar,268,90,38,25,421,0,0,2,0,2,268,90,40,25,423,0,0,0,423
07/18/2014,PIT,PA,AEA,CE,Combined TRACON& Tower with Radar,268,97,21,19,405,0,0,4,1,5,268,97,25,20,410,0,0,0,410
07/19/2014,PIT,PA,AEA,CE,Combined TRACON& Tower with Radar,201,63,10,2,276,0,0,0,0,0,201,63,10,2,276,0,0,0,276
07/20/2014,PIT,PA,AEA,CE,Combined TRACON& Tower with Radar,233,76,28,2,339,0,0,0,0,0,233,76,28,2,339,0,0,0,339
07/21/2014,PIT,PA,AEA,CE,Combined TRACON& Tower with Radar,250,89,33,5,377,0,0,0,0,0,250,89,33,5,377,0,0,0,377
07/22/2014,PIT,PA,AEA,CE,Combined TRACON& Tower with Radar,263,106,39,30,438,0,0,6,5,11,263,106,45,35,449,0,0,0,449
07/23/2014,PIT,PA,AEA,CE,Combined TRACON& Tower with Radar,249,95,44,28,416,0,0,0,0,0,249,95,44,28,416,0,0,0,416
07/24/2014,PIT,PA,AEA,CE,Combined TRACON& Tower with Radar,267,105,43,25,440,0,0,2,5,7,267,105,45,30,447,0,6,6,453
07/25/2014,PIT,PA,AEA,CE,Combined TRACON& Tower with Radar,268,91,20,16,395,0,0,11,0,11,268,91,31,16,406,0,0,0,406
07/26/2014,PIT,PA,AEA,CE,Combined TRACON& Tower with Radar,202,61,10,1,274,0,0,1,0,1,202,61,11,1,275,0,0,0,275
07/27/2014,PIT,PA,AEA,CE,Combined TRACON& Tower with Radar,236,75,15,2,328,0,0,1,1,2,236,75,16,3,330,0,0,0,330
07/28/2014,PIT,PA,AEA,CE,Combined TRACON& Tower with Radar,255,105,33,24,417,0,0,1,12,13,255,105,34,36,430,0,0,0,430
07/29/2014,PIT,PA,AEA,CE,Combined TRACON& Tower with Radar,255,94,44,24,417,0,0,1,4,5,255,94,45,28,422,0,0,0,422
07/30/2014,PIT,PA,AEA,CE,Combined TRACON& Tower with Radar,258,96,36,17,407,0,0,5,4,9,258,96,41,21,416,0,0,0,416
07/31/2014,PIT,PA,AEA,CE,Combined TRACON& Tower with Radar,264,103,28,34,429,0,0,1,2,3,264,103,29,36,432,0,0,0,432
08/01/2014,PIT,PA,AEA,CE,Combined TRACON& Tower with Radar,268,86,32,17,403,0,0,4,1,5,268,86,36,18,408,0,0,0,408
08/02/2014,PIT,PA,AEA,CE,Combined TRACON& Tower with Radar,207,61,12,0,280,0,2,0,1,3,207,63,12,1,283,0,0,0,283
08/03/2014,PIT,PA,AEA,CE,Combined TRACON& Tower with Radar,232,74,13,2,321,0,1,0,0,1,232,75,13,2,322,0,0,0,322
08/04/2014,PIT,PA,AEA,CE,Combined TRACON& Tower with Radar,259,96,23,11,389,0,0,0,0,0,259,96,23,11,389,0,0,0,389
08/05/2014,PIT,PA,AEA,CE,Combined TRACON& Tower with Radar,264,106,35,22,427,0,0,1,0,1,264,106,36,22,428,0,0,0,428
08/06/2014,PIT,PA,AEA,CE,Combined TRACON& Tower with Radar,259,93,32,22,406,0,0,2,0,2,259,93,34,22,408,0,6,6,414
08/07/2014,PIT,PA,AEA,CE,Combined TRACON& Tower with Radar,264,118,44,23,449,0,0,0,2,2,264,118,44,25,451,0,0,0,451
08/08/2014,PIT,PA,AEA,CE,Combined TRACON& Tower with Radar,267,104,24,15,410,0,2,8,0,10,267,106,32,15,420,0,0,0,420
08/09/2014,PIT,PA,AEA,CE,Combined TRACON& Tower with Radar,202,61,13,3,279,0,0,9,0,9,202,61,22,3,288,0,0,0,288
08/10/2014,PIT,PA,AEA,CE,Combined TRACON& Tower with Radar,231,71,24,3,329,0,0,8,0,8,231,71,32,3,337,0,0,0,337
08/11/2014,PIT,PA,AEA,CE,Combined TRACON& Tower with Radar,249,98,34,23,404,0,0,0,4,4,249,98,34,27,408,0,6,6,414
08/12/2014,PIT,PA,AEA,CE,Combined TRACON& Tower with Radar,250,103,27,24,404,0,0,0,0,0,250,103,27,24,404,0,0,0,404
08/13/2014,PIT,PA,AEA,CE,Combined TRACON& Tower with Radar,247,104,32,44,427,0,0,5,3,8,247,104,37,47,435,0,0,0,435
08/14/2014,PIT,PA,AEA,CE,Combined TRACON& Tower with Radar,255,103,46,32,436,1,2,2,0,5,256,105,48,32,441,0,0,0,441
08/15/2014,PIT,PA,AEA,CE,Combined TRACON& Tower with Radar,254,99,25,15,393,0,0,2,0,2,254,99,27,15,395,0,0,0,395
08/16/2014,PIT,PA,AEA,CE,Combined TRACON& Tower with Radar,186,70,24,2,282,0,1,1,0,2,186,71,25,2,284,0,0,0,284
08/17/2014,PIT,PA,AEA,CE,Combined TRACON& Tower with Radar,227,81,31,3,342,0,0,2,0,2,227,81,33,3,344,0,0,0,344
08/18/2014,PIT,PA,AEA,CE,Combined TRACON& Tower with Radar,247,94,35,5,381,0,2,8,0,10,247,96,43,5,391,0,0,0,391
08/19/2014,PIT,PA,AEA,CE,Combined TRACON& Tower with Radar,239,100,37,14,390,0,0,8,3,11,239,100,45,17,401,0,0,0,401
08/20/2014,PIT,PA,AEA,CE,Combined TRACON& Tower with Radar,250,92,37,15,394,0,0,3,0,3,250,92,40,15,397,0,0,0,397
08/21/2014,PIT,PA,AEA,CE,Combined TRACON& Tower with Radar,251,100,42,30,423,0,0,4,2,6,251,100,46,32,429,0,8,8,437
08/22/2014,PIT,PA,AEA,CE,Combined TRACON& Tower with Radar,254,97,16,13,380,0,0,3,0,3,254,97,19,13,383,0,0,0,383
08/23/2014,PIT,PA,AEA,CE,Combined TRACON& Tower with Radar,192,55,4,1,252,0,0,3,0,3,192,55,7,1,255,0,0,0,255
08/24/2014,PIT,PA,AEA,CE,Combined TRACON& Tower with Radar,230,76,12,2,320,0,0,0,0,0,230,76,12,2,320,0,0,0,320
08/25/2014,PIT,PA,AEA,CE,Combined TRACON& Tower with Radar,241,98,38,34,411,0,0,5,0,5,241,98,43,34,416,0,10,10,426
08/26/2014,PIT,PA,AEA,CE,Combined TRACON& Tower with Radar,239,92,40,43,414,0,5,3,0,8,239,97,43,43,422,0,0,0,422
08/27/2014,PIT,PA,AEA,CE,Combined TRACON& Tower with Radar,239,109,52,37,437,0,1,10,4,15,239,110,62,41,452,0,0,0,452
08/28/2014,PIT,PA,AEA,CE,Combined TRACON& Tower with Radar,249,112,43,8,412,0,0,0,8,8,249,112,43,16,420,0,0,0,420
08/29/2014,PIT,PA,AEA,CE,Combined TRACON& Tower with Radar,250,97,39,7,393,0,0,5,0,5,250,97,44,7,398,0,0,0,398
08/30/2014,PIT,PA,AEA,CE,Combined TRACON& Tower with Radar,181,49,9,5,244,0,0,2,0,2,181,49,11,5,246,0,0,0,246
08/31/2014,PIT,PA,AEA,CE,Combined TRACON& Tower with Radar,175,50,22,0,247,0,0,0,0,0,175,50,22,0,247,0,0,0,247
09/01/2014,PIT,PA,AEA,CE,Combined TRACON& Tower with Radar,212,75,7,1,295,0,0,0,0,0,212,75,7,1,295,0,0,0,295
09/02/2014,PIT,PA,AEA,CE,Combined TRACON& Tower with Radar,237,79,21,36,373,0,1,1,2,4,237,80,22,38,377,0,0,0,377
09/03/2014,PIT,PA,AEA,CE,Combined TRACON& Tower with Radar,217,90,33,29,369,0,0,3,0,3,217,90,36,29,372,0,0,0,372
09/04/2014,PIT,PA,AEA,CE,Combined TRACON& Tower with Radar,238,85,37,20,380,0,0,8,5,13,238,85,45,25,393,0,6,6,399
09/05/2014,PIT,PA,AEA,CE,Combined TRACON& Tower with Radar,235,109,26,29,399,0,2,1,0,3,235,111,27,29,402,0,0,0,402
09/06/2014,PIT,PA,AEA,CE,Combined TRACON& Tower with Radar,183,58,12,0,253,0,2,4,0,6,183,60,16,0,259,0,0,0,259
09/07/2014,PIT,PA,AEA,CE,Combined TRACON& Tower with Radar,225,90,29,5,349,0,1,1,0,2,225,91,30,5,351,0,0,0,351
09/08/2014,PIT,PA,AEA,CE,Combined TRACON& Tower with Radar,247,101,30,52,430,0,0,2,0,2,247,101,32,52,432,0,0,0,432
09/09/2014,PIT,PA,AEA,CE,Combined TRACON& Tower with Radar,235,98,41,17,391,0,0,10,4,14,235,98,51,21,405,0,0,0,405
09/10/2014,PIT,PA,AEA,CE,Combined TRACON& Tower with Radar,236,106,32,33,407,0,0,4,1,5,236,106,36,34,412,0,0,0,412
09/11/2014,PIT,PA,AEA,CE,Combined TRACON& Tower with Radar,254,109,44,37,444,0,0,0,2,2,254,109,44,39,446,0,0,0,446
09/12/2014,PIT,PA,AEA,CE,Combined TRACON& Tower with Radar,255,109,28,15,407,0,0,4,0,4,255,109,32,15,411,0,0,0,411
09/13/2014,PIT,PA,AEA,CE,Combined TRACON& Tower with Radar,179,55,4,7,245,0,0,0,2,2,179,55,4,9,247,0,0,0,247
09/14/2014,PIT,PA,AEA,CE,Combined TRACON& Tower with Radar,230,76,15,4,325,0,0,6,0,6,230,76,21,4,331,0,0,0,331
09/15/2014,PIT,PA,AEA,CE,Combined TRACON& Tower with Radar,246,91,36,6,379,0,0,0,0,0,246,91,36,6,379,0,0,0,379
09/16/2014,PIT,PA,AEA,CE,Combined TRACON& Tower with Radar,236,103,25,32,396,0,0,1,2,3,236,103,26,34,399,0,0,0,399
09/17/2014,PIT,PA,AEA,CE,Combined TRACON& Tower with Radar,236,111,33,36,416,0,0,0,3,3,236,111,33,39,419,0,0,0,419
09/18/2014,PIT,PA,AEA,CE,Combined TRACON& Tower with Radar,251,116,33,42,442,0,0,3,3,6,251,116,36,45,448,0,11,11,459
09/19/2014,PIT,PA,AEA,CE,Combined TRACON& Tower with Radar,258,116,34,14,422,0,0,7,0,7,258,116,41,14,429,0,0,0,429
09/20/2014,PIT,PA,AEA,CE,Combined TRACON& Tower with Radar,178,51,9,0,238,0,0,2,0,2,178,51,11,0,240,0,0,0,240
09/21/2014,PIT,PA,AEA,CE,Combined TRACON& Tower with Radar,216,77,15,2,310,0,2,4,0,6,216,79,19,2,316,0,0,0,316
09/22/2014,PIT,PA,AEA,CE,Combined TRACON& Tower with Radar,243,100,29,38,410,0,0,1,0,1,243,100,30,38,411,0,0,0,411
09/23/2014,PIT,PA,AEA,CE,Combined TRACON& Tower with Radar,232,103,43,45,423,0,1,7,2,10,232,104,50,47,433,0,11,11,444
09/24/2014,PIT,PA,AEA,CE,Combined TRACON& Tower with Radar,227,112,29,47,415,0,0,3,0,3,227,112,32,47,418,0,5,5,423
09/25/2014,PIT,PA,AEA,CE,Combined TRACON& Tower with Radar,241,112,47,27,427,0,2,3,5,10,241,114,50,32,437,0,0,0,437
09/26/2014,PIT,PA,AEA,CE,Combined TRACON& Tower with Radar,225,96,26,14,361,0,0,6,0,6,225,96,32,14,367,0,0,0,367
09/27/2014,PIT,PA,AEA,CE,Combined TRACON& Tower with Radar,167,57,15,2,241,0,0,0,0,0,167,57,15,2,241,0,0,0,241
09/28/2014,PIT,PA,AEA,CE,Combined TRACON& Tower with Radar,218,87,32,4,341,0,0,3,1,4,218,87,35,5,345,0,0,0,345
09/29/2014,PIT,PA,AEA,CE,Combined TRACON& Tower with Radar,234,97,21,16,368,0,0,2,0,2,234,97,23,16,370,0,0,0,370
09/30/2014,PIT,PA,AEA,CE,Combined TRACON& Tower with Radar,231,101,36,6,374,0,0,3,0,3,231,101,39,6,377,0,0,0,377
10/01/2014,PIT,PA,AEA,CE,Combined TRACON& Tower with Radar,236,120,49,48,453,0,1,1,2,4,236,121,50,50,457,0,0,0,457
10/02/2014,PIT,PA,AEA,CE,Combined TRACON& Tower with Radar,245,95,39,36,415,0,0,4,1,5,245,95,43,37,420,0,8,8,428
10/03/2014,PIT,PA,AEA,CE,Combined TRACON& Tower with Radar,250,99,27,14,390,0,0,3,0,3,250,99,30,14,393,0,0,0,393
10/04/2014,PIT,PA,AEA,CE,Combined TRACON& Tower with Radar,180,52,4,2,238,0,0,0,0,0,180,52,4,2,238,0,0,0,238
10/05/2014,PIT,PA,AEA,CE,Combined TRACON& Tower with Radar,214,82,10,2,308,0,1,1,0,2,214,83,11,2,310,0,0,0,310
10/06/2014,PIT,PA,AEA,CE,Combined TRACON& Tower with Radar,243,96,22,29,390,0,0,1,0,1,243,96,23,29,391,0,0,0,391
10/07/2014,PIT,PA,AEA,CE,Combined TRACON& Tower with Radar,240,98,33,33,404,0,0,1,2,3,240,98,34,35,407,0,0,0,407
10/08/2014,PIT,PA,AEA,CE,Combined TRACON& Tower with Radar,238,100,41,35,414,0,0,1,0,1,238,100,42,35,415,0,0,0,415
10/09/2014,PIT,PA,AEA,CE,Combined TRACON& Tower with Radar,244,104,35,9,392,0,1,4,0,5,244,105,39,9,397,0,0,0,397
10/10/2014,PIT,PA,AEA,CE,Combined TRACON& Tower with Radar,243,104,36,9,392,0,0,1,0,1,243,104,37,9,393,0,0,0,393
10/11/2014,PIT,PA,AEA,CE,Combined TRACON& Tower with Radar,183,57,13,2,255,0,1,0,0,1,183,58,13,2,256,0,0,0,256
10/12/2014,PIT,PA,AEA,CE,Combined TRACON& Tower with Radar,213,75,10,2,300,0,0,1,0,1,213,75,11,2,301,0,0,0,301
10/13/2014,PIT,PA,AEA,CE,Combined TRACON& Tower with Radar,239,97,28,1,365,0,0,0,0,0,239,97,28,1,365,0,0,0,365
10/14/2014,PIT,PA,AEA,CE,Combined TRACON& Tower with Radar,237,121,49,25,432,0,0,2,0,2,237,121,51,25,434,0,8,8,442
10/15/2014,PIT,PA,AEA,CE,Combined TRACON& Tower with Radar,242,107,36,35,420,0,0,1,2,3,242,107,37,37,423,0,0,0,423
10/16/2014,PIT,PA,AEA,CE,Combined TRACON& Tower with Radar,247,101,34,42,424,0,0,1,0,1,247,101,35,42,425,0,0,0,425
10/17/2014,PIT,PA,AEA,CE,Combined TRACON& Tower with Radar,249,100,13,7,369,0,0,4,3,7,249,100,17,10,376,0,0,0,376
10/18/2014,PIT,PA,AEA,CE,Combined TRACON& Tower with Radar,181,49,14,1,245,0,0,0,0,0,181,49,14,1,245,0,0,0,245
10/19/2014,PIT,PA,AEA,CE,Combined TRACON& Tower with Radar,216,85,7,1,309,0,2,4,2,8,216,87,11,3,317,0,0,0,317
10/20/2014,PIT,PA,AEA,CE,Combined TRACON& Tower with Radar,242,98,42,33,415,0,0,3,0,3,242,98,45,33,418,0,0,0,418
10/21/2014,PIT,PA,AEA,CE,Combined TRACON& Tower with Radar,236,125,27,49,437,0,0,0,0,0,236,125,27,49,437,0,0,0,437
10/22/2014,PIT,PA,AEA,CE,Combined TRACON& Tower with Radar,231,99,35,29,394,0,0,0,2,2,231,99,35,31,396,0,0,0,396
10/23/2014,PIT,PA,AEA,CE,Combined TRACON& Tower with Radar,246,102,41,16,405,0,0,2,2,4,246,102,43,18,409,0,0,0,409
10/24/2014,PIT,PA,AEA,CE,Combined TRACON& Tower with Radar,247,94,32,5,378,0,0,4,0,4,247,94,36,5,382,0,0,0,382
10/25/2014,PIT,PA,AEA,CE,Combined TRACON& Tower with Radar,180,56,9,1,246,0,0,0,0,0,180,56,9,1,246,0,0,0,246
10/26/2014,PIT,PA,AEA,CE,Combined TRACON& Tower with Radar,216,86,28,6,336,0,0,5,0,5,216,86,33,6,341,0,0,0,341
10/27/2014,PIT,PA,AEA,CE,Combined TRACON& Tower with Radar,233,94,26,8,361,0,0,8,0,8,233,94,34,8,369,0,0,0,369
10/28/2014,PIT,PA,AEA,CE,Combined TRACON& Tower with Radar,232,110,60,32,434,0,0,7,1,8,232,110,67,33,442,0,0,0,442
10/29/2014,PIT,PA,AEA,CE,Combined TRACON& Tower with Radar,233,113,44,24,414,0,0,2,8,10,233,113,46,32,424,0,0,0,424
10/30/2014,PIT,PA,AEA,CE,Combined TRACON& Tower with Radar,239,108,32,39,418,0,0,11,0,11,239,108,43,39,429,0,0,0,429
10/31/2014,PIT,PA,AEA,CE,Combined TRACON& Tower with Radar,216,79,25,25,345,0,0,0,0,0,216,79,25,25,345,0,6,6,351
11/01/2014,PIT,PA,AEA,CE,Combined TRACON& Tower with Radar,183,59,14,1,257,0,0,0,0,0,183,59,14,1,257,0,0,0,257
11/02/2014,PIT,PA,AEA,CE,Combined TRACON& Tower with Radar,204,93,17,7,321,0,0,5,2,7,204,93,22,9,328,0,0,0,328
11/03/2014,PIT,PA,AEA,CE,Combined TRACON& Tower with Radar,248,123,41,22,434,0,0,3,1,4,248,123,44,23,438,0,0,0,438
11/04/2014,PIT,PA,AEA,CE,Combined TRACON& Tower with Radar,233,109,41,62,445,0,1,11,0,12,233,110,52,62,457,0,0,0,457
11/05/2014,PIT,PA,AEA,CE,Combined TRACON& Tower with Radar,240,131,34,50,455,0,0,10,2,12,240,131,44,52,467,0,0,0,467
11/06/2014,PIT,PA,AEA,CE,Combined TRACON& Tower with Radar,249,114,29,35,427,0,0,0,0,0,249,114,29,35,427,0,0,0,427
11/07/2014,PIT,PA,AEA,CE,Combined TRACON& Tower with Radar,256,102,20,36,414,0,0,0,0,0,256,102,20,36,414,0,0,0,414
11/08/2014,PIT,PA,AEA,CE,Combined TRACON& Tower with Radar,178,55,11,0,244,0,1,2,2,5,178,56,13,2,249,0,0,0,249
11/09/2014,PIT,PA,AEA,CE,Combined TRACON& Tower with Radar,228,76,14,1,319,0,0,1,0,1,228,76,15,1,320,0,0,0,320
11/10/2014,PIT,PA,AEA,CE,Combined TRACON& Tower with Radar,239,89,30,0,358,0,2,1,0,3,239,91,31,0,361,0,0,0,361
11/11/2014,PIT,PA,AEA,CE,Combined TRACON& Tower with Radar,250,104,27,0,381,0,0,0,0,0,250,104,27,0,381,0,0,0,381
11/12/2014,PIT,PA,AEA,CE,Combined TRACON& Tower with Radar,248,110,33,51,442,0,0,0,0,0,248,110,33,51,442,0,0,0,442
11/13/2014,PIT,PA,AEA,CE,Combined TRACON& Tower with Radar,252,115,31,31,429,0,0,3,4,7,252,115,34,35,436,0,0,0,436
11/14/2014,PIT,PA,AEA,CE,Combined TRACON& Tower with Radar,256,110,22,32,420,0,0,1,0,1,256,110,23,32,421,0,0,0,421
11/15/2014,PIT,PA,AEA,CE,Combined TRACON& Tower with Radar,186,66,17,1,270,0,2,4,2,8,186,68,21,3,278,0,0,0,278
11/16/2014,PIT,PA,AEA,CE,Combined TRACON& Tower with Radar,226,73,16,22,337,0,0,0,0,0,226,73,16,22,337,0,0,0,337
11/17/2014,PIT,PA,AEA,CE,Combined TRACON& Tower with Radar,243,91,32,9,375,0,0,0,1,1,243,91,32,10,376,0,0,0,376
11/18/2014,PIT,PA,AEA,CE,Combined TRACON& Tower with Radar,257,104,34,26,421,0,1,1,1,3,257,105,35,27,424,0,0,0,424
11/19/2014,PIT,PA,AEA,CE,Combined TRACON& Tower with Radar,251,113,45,33,442,0,0,4,0,4,251,113,49,33,446,0,0,0,446
11/20/2014,PIT,PA,AEA,CE,Combined TRACON& Tower with Radar,254,111,45,32,442,0,0,1,0,1,254,111,46,32,443,0,0,0,443
11/21/2014,PIT,PA,AEA,CE,Combined TRACON& Tower with Radar,259,104,25,22,410,0,0,0,0,0,259,104,25,22,410,0,0,0,410
11/22/2014,PIT,PA,AEA,CE,Combined TRACON& Tower with Radar,184,59,13,0,256,0,0,0,0,0,184,59,13,0,256,0,0,0,256
11/23/2014,PIT,PA,AEA,CE,Combined TRACON& Tower with Radar,204,72,11,3,290,0,1,0,1,2,204,73,11,4,292,0,0,0,292
11/24/2014,PIT,PA,AEA,CE,Combined TRACON& Tower with Radar,233,91,23,3,350,0,0,2,1,3,233,91,25,4,353,0,0,0,353
11/25/2014,PIT,PA,AEA,CE,Combined TRACON& Tower with Radar,262,112,33,44,451,0,0,6,8,14,262,112,39,52,465,0,0,0,465
11/26/2014,PIT,PA,AEA,CE,Combined TRACON& Tower with Radar,257,90,17,14,378,0,0,0,0,0,257,90,17,14,378,0,0,0,378
11/27/2014,PIT,PA,AEA,CE,Combined TRACON& Tower with Radar,148,69,3,0,220,0,0,0,0,0,148,69,3,0,220,0,0,0,220
11/28/2014,PIT,PA,AEA,CE,Combined TRACON& Tower with Radar,170,62,7,0,239,0,2,0,2,4,170,64,7,2,243,0,0,0,243
11/29/2014,PIT,PA,AEA,CE,Combined TRACON& Tower with Radar,224,60,20,0,304,0,0,0,0,0,224,60,20,0,304,0,0,0,304
11/30/2014,PIT,PA,AEA,CE,Combined TRACON& Tower with Radar,258,105,22,1,386,0,0,1,0,1,258,105,23,1,387,0,0,0,387
12/01/2014,PIT,PA,AEA,CE,Combined TRACON& Tower with Radar,266,105,31,56,458,0,0,0,0,0,266,105,31,56,458,0,0,0,458
12/02/2014,PIT,PA,AEA,CE,Combined TRACON& Tower with Radar,250,92,36,1,379,0,0,0,0,0,250,92,36,1,379,0,0,0,379
12/03/2014,PIT,PA,AEA,CE,Combined TRACON& Tower with Radar,256,131,35,45,467,0,0,1,0,1,256,131,36,45,468,0,0,0,468
12/04/2014,PIT,PA,AEA,CE,Combined TRACON& Tower with Radar,255,128,34,32,449,0,0,12,3,15,255,128,46,35,464,0,0,0,464
12/05/2014,PIT,PA,AEA,CE,Combined TRACON& Tower with Radar,254,118,32,18,422,0,0,0,0,0,254,118,32,18,422,0,0,0,422
12/06/2014,PIT,PA,AEA,CE,Combined TRACON& Tower with Radar,175,51,12,6,244,0,0,0,0,0,175,51,12,6,244,0,0,0,244
12/07/2014,PIT,PA,AEA,CE,Combined TRACON& Tower with Radar,214,79,15,7,315,0,0,4,0,4,214,79,19,7,319,0,0,0,319
12/08/2014,PIT,PA,AEA,CE,Combined TRACON& Tower with Radar,238,104,31,15,388,0,0,1,0,1,238,104,32,15,389,0,0,0,389
12/09/2014,PIT,PA,AEA,CE,Combined TRACON& Tower with Radar,245,98,46,77,466,0,0,0,0,0,245,98,46,77,466,0,0,0,466
12/10/2014,PIT,PA,AEA,CE,Combined TRACON& Tower with Radar,248,116,40,17,421,0,0,0,0,0,248,116,40,17,421,0,0,0,421
12/11/2014,PIT,PA,AEA,CE,Combined TRACON& Tower with Radar,258,101,29,32,420,0,0,8,0,8,258,101,37,32,428,0,0,0,428
12/12/2014,PIT,PA,AEA,CE,Combined TRACON& Tower with Radar,256,112,25,26,419,0,0,0,0,0,256,112,25,26,419,0,0,0,419
12/13/2014,PIT,PA,AEA,CE,Combined TRACON& Tower with Radar,177,57,11,1,246,0,0,0,0,0,177,57,11,1,246,0,0,0,246
12/14/2014,PIT,PA,AEA,CE,Combined TRACON& Tower with Radar,216,73,10,0,299,0,0,0,0,0,216,73,10,0,299,0,0,0,299
12/15/2014,PIT,PA,AEA,CE,Combined TRACON& Tower with Radar,244,112,39,43,438,0,0,0,1,1,244,112,39,44,439,0,0,0,439
12/16/2014,PIT,PA,AEA,CE,Combined TRACON& Tower with Radar,257,117,48,38,460,0,0,0,0,0,257,117,48,38,460,0,14,14,474
12/17/2014,PIT,PA,AEA,CE,Combined TRACON& Tower with Radar,259,128,30,26,443,0,0,0,0,0,259,128,30,26,443,0,0,0,443
12/18/2014,PIT,PA,AEA,CE,Combined TRACON& Tower with Radar,251,112,46,29,438,0,0,0,0,0,251,112,46,29,438,0,0,0,438
12/19/2014,PIT,PA,AEA,CE,Combined TRACON& Tower with Radar,244,115,36,2,397,0,0,0,0,0,244,115,36,2,397,0,0,0,397
12/20/2014,PIT,PA,AEA,CE,Combined TRACON& Tower with Radar,199,59,24,0,282,0,0,1,0,1,199,59,25,0,283,0,0,0,283
12/21/2014,PIT,PA,AEA,CE,Combined TRACON& Tower with Radar,218,95,18,3,334,0,0,2,0,2,218,95,20,3,336,0,0,0,336
12/22/2014,PIT,PA,AEA,CE,Combined TRACON& Tower with Radar,219,87,30,7,343,0,0,3,1,4,219,87,33,8,347,0,0,0,347
12/23/2014,PIT,PA,AEA,CE,Combined TRACON& Tower with Radar,230,95,15,27,367,0,0,0,0,0,230,95,15,27,367,0,0,0,367
12/24/2014,PIT,PA,AEA,CE,Combined TRACON& Tower with Radar,192,79,8,0,279,0,0,0,0,0,192,79,8,0,279,0,0,0,279
12/25/2014,PIT,PA,AEA,CE,Combined TRACON& Tower with Radar,163,47,0,0,210,0,0,0,0,0,163,47,0,0,210,0,0,0,210
12/26/2014,PIT,PA,AEA,CE,Combined TRACON& Tower with Radar,201,101,21,0,323,0,0,2,0,2,201,101,23,0,325,0,0,0,325
12/27/2014,PIT,PA,AEA,CE,Combined TRACON& Tower with Radar,197,57,14,1,269,0,0,2,0,2,197,57,16,1,271,0,0,0,271
12/28/2014,PIT,PA,AEA,CE,Combined TRACON& Tower with Radar,214,77,13,1,305,0,0,0,0,0,214,77,13,1,305,0,0,0,305
12/29/2014,PIT,PA,AEA,CE,Combined TRACON& Tower with Radar,209,88,7,30,334,0,4,2,0,6,209,92,9,30,340,0,8,8,348
12/30/2014,PIT,PA,AEA,CE,Combined TRACON& Tower with Radar,216,92,11,37,356,0,0,2,3,5,216,92,13,40,361,0,0,0,361
12/31/2014,PIT,PA,AEA,CE,Combined TRACON& Tower with Radar,183,55,2,20,260,0,0,3,0,3,183,55,5,20,263,0,0,0,263
01/01/2015,PIT,PA,AEA,CE,Combined TRACON& Tower with Radar,168,56,1,0,225,0,0,1,0,1,168,56,2,0,226,0,0,0,226
01/02/2015,PIT,PA,AEA,CE,Combined TRACON& Tower with Radar,223,98,23,1,345,0,0,4,0,4,223,98,27,1,349,0,0,0,349
01/03/2015,PIT,PA,AEA,CE,Combined TRACON& Tower with Radar,195,63,19,0,277,0,0,0,0,0,195,63,19,0,277,0,0,0,277
01/04/2015,PIT,PA,AEA,CE,Combined TRACON& Tower with Radar,216,76,24,1,317,0,0,0,0,0,216,76,24,1,317,0,0,0,317
01/05/2015,PIT,PA,AEA,CE,Combined TRACON& Tower with Radar,228,82,27,22,359,0,0,0,0,0,228,82,27,22,359,0,0,0,359
01/06/2015,PIT,PA,AEA,CE,Combined TRACON& Tower with Radar,219,78,26,35,358,0,0,0,1,1,219,78,26,36,359,0,0,0,359
01/07/2015,PIT,PA,AEA,CE,Combined TRACON& Tower with Radar,225,106,28,33,392,0,1,2,0,3,225,107,30,33,395,0,0,0,395
01/08/2015,PIT,PA,AEA,CE,Combined TRACON& Tower with Radar,226,100,38,69,433,0,0,4,4,8,226,100,42,73,441,0,22,22,463
01/09/2015,PIT,PA,AEA,CE,Combined TRACON& Tower with Radar,229,109,28,12,378,0,2,1,0,3,229,111,29,12,381,0,0,0,381
01/10/2015,PIT,PA,AEA,CE,Combined TRACON& Tower with Radar,167,44,11,0,222,0,0,4,0,4,167,44,15,0,226,0,0,0,226
01/11/2015,PIT,PA,AEA,CE,Combined TRACON& Tower with Radar,199,73,33,20,325,0,0,6,0,6,199,73,39,20,331,0,0,0,331
01/12/2015,PIT,PA,AEA,CE,Combined TRACON& Tower with Radar,226,90,31,20,367,0,0,0,0,0,226,90,31,20,367,0,0,0,367
01/13/2015,PIT,PA,AEA,CE,Combined TRACON& Tower with Radar,230,95,29,57,411,0,0,5,0,5,230,95,34,57,416,0,6,6,422
01/14/2015,PIT,PA,AEA,CE,Combined TRACON& Tower with Radar,229,106,40,71,446,0,0,2,2,4,229,106,42,73,450,0,0,0,450
01/15/2015,PIT,PA,AEA,CE,Combined TRACON& Tower with Radar,241,111,43,28,423,0,0,1,0,1,241,111,44,28,424,0,14,14,438
01/16/2015,PIT,PA,AEA,CE,Combined TRACON& Tower with Radar,240,112,18,4,374,0,0,0,0,0,240,112,18,4,374,0,0,0,374
01/17/2015,PIT,PA,AEA,CE,Combined TRACON& Tower with Radar,164,41,14,0,219,0,1,2,0,3,164,42,16,0,222,0,0,0,222
01/18/2015,PIT,PA,AEA,CE,Combined TRACON& Tower with Radar,188,64,10,0,262,0,2,0,0,2,188,66,10,0,264,0,0,0,264
01/19/2015,PIT,PA,AEA,CE,Combined TRACON& Tower with Radar,227,105,26,1,359,0,0,0,0,0,227,105,26,1,359,0,0,0,359
01/20/2015,PIT,PA,AEA,CE,Combined TRACON& Tower with Radar,230,106,28,24,388,0,0,4,0,4,230,106,32,24,392,0,0,0,392
01/21/2015,PIT,PA,AEA,CE,Combined TRACON& Tower with Radar,236,114,30,27,407,0,0,0,0,0,236,114,30,27,407,0,0,0,407
01/22/2015,PIT,PA,AEA,CE,Combined TRACON& Tower with Radar,242,102,29,41,414,0,1,0,0,1,242,103,29,41,415,0,0,0,415
01/23/2015,PIT,PA,AEA,CE,Combined TRACON& Tower with Radar,238,110,15,23,386,0,0,1,0,1,238,110,16,23,387,0,11,11,398
01/24/2015,PIT,PA,AEA,CE,Combined TRACON& Tower with Radar,163,39,8,0,210,0,0,0,0,0,163,39,8,0,210,0,0,0,210
01/25/2015,PIT,PA,AEA,CE,Combined TRACON& Tower with Radar,201,65,16,4,286,0,0,0,0,0,201,65,16,4,286,0,0,0,286
01/26/2015,PIT,PA,AEA,CE,Combined TRACON& Tower with Radar,214,67,36,2,319,0,0,0,0,0,214,67,36,2,319,0,0,0,319
01/27/2015,PIT,PA,AEA,CE,Combined TRACON& Tower with Radar,168,86,22,32,308,0,0,0,0,0,168,86,22,32,308,0,0,0,308
01/28/2015,PIT,PA,AEA,CE,Combined TRACON& Tower with Radar,225,112,49,29,415,0,0,7,0,7,225,112,56,29,422,0,0,0,422
01/29/2015,PIT,PA,AEA,CE,Combined TRACON& Tower with Radar,239,98,36,11,384,0,0,0,0,0,239,98,36,11,384,0,0,0,384
01/30/2015,PIT,PA,AEA,CE,Combined TRACON& Tower with Radar,239,110,23,2,374,0,0,0,0,0,239,110,23,2,374,0,0,0,374
01/31/2015,PIT,PA,AEA,CE,Combined TRACON& Tower with Radar,164,46,9,1,220,0,0,0,0,0,164,46,9,1,220,0,0,0,220
02/01/2015,PIT,PA,AEA,CE,Combined TRACON& Tower with Radar,165,50,10,1,226,0,0,0,0,0,165,50,10,1,226,0,0,0,226
02/02/2015,PIT,PA,AEA,CE,Combined TRACON& Tower with Radar,183,82,34,2,301,0,0,0,0,0,183,82,34,2,301,0,0,0,301
02/03/2015,PIT,PA,AEA,CE,Combined TRACON& Tower with Radar,214,107,17,42,380,0,0,1,1,2,214,107,18,43,382,0,0,0,382
02/04/2015,PIT,PA,AEA,CE,Combined TRACON& Tower with Radar,240,104,32,40,416,0,0,0,0,0,240,104,32,40,416,0,0,0,416
02/05/2015,PIT,PA,AEA,CE,Combined TRACON& Tower with Radar,236,107,25,41,409,0,2,0,0,2,236,109,25,41,411,0,0,0,411
02/06/2015,PIT,PA,AEA,CE,Combined TRACON& Tower with Radar,240,110,16,20,386,0,2,4,0,6,240,112,20,20,392,0,0,0,392
02/07/2015,PIT,PA,AEA,CE,Combined TRACON& Tower with Radar,171,44,4,5,224,0,0,0,2,2,171,44,4,7,226,0,0,0,226
02/08/2015,PIT,PA,AEA,CE,Combined TRACON& Tower with Radar,199,74,18,19,310,0,1,0,0,1,199,75,18,19,311,0,0,0,311
02/09/2015,PIT,PA,AEA,CE,Combined TRACON& Tower with Radar,203,90,29,20,342,0,2,0,0,2,203,92,29,20,344,0,0,0,344
02/10/2015,PIT,PA,AEA,CE,Combined TRACON& Tower with Radar,219,112,28,63,422,0,0,0,2,2,219,112,28,65,424,0,0,0,424
02/11/2015,PIT,PA,AEA,CE,Combined TRACON& Tower with Radar,235,106,44,27,412,0,0,0,0,0,235,106,44,27,412,0,0,0,412
02/12/2015,PIT,PA,AEA,CE,Combined TRACON& Tower with Radar,242,107,33,4,386,0,0,1,0,1,242,107,34,4,387,0,0,0,387
02/13/2015,PIT,PA,AEA,CE,Combined TRACON& Tower with Radar,236,106,19,4,365,0,0,4,0,4,236,106,23,4,369,0,0,0,369
02/14/2015,PIT,PA,AEA,CE,Combined TRACON& Tower with Radar,165,48,3,0,216,0,0,0,0,0,165,48,3,0,216,0,0,0,216
02/15/2015,PIT,PA,AEA,CE,Combined TRACON& Tower with Radar,173,63,4,1,241,0,0,0,0,0,173,63,4,1,241,0,0,0,241
02/16/2015,PIT,PA,AEA,CE,Combined TRACON& Tower with Radar,220,98,24,2,344,0,0,1,0,1,220,98,25,2,345,0,0,0,345
02/17/2015,PIT,PA,AEA,CE,Combined TRACON& Tower with Radar,211,101,34,35,381,0,0,1,1,2,211,101,35,36,383,7,0,7,390
02/18/2015,PIT,PA,AEA,CE,Combined TRACON& Tower with Radar,234,105,35,25,399,0,0,0,0,0,234,105,35,25,399,0,0,0,399
02/19/2015,PIT,PA,AEA,CE,Combined TRACON& Tower with Radar,232,97,48,20,397,0,0,0,0,0,232,97,48,20,397,0,0,0,397
02/20/2015,PIT,PA,AEA,CE,Combined TRACON& Tower with Radar,232,114,19,26,391,0,0,0,0,0,232,114,19,26,391,0,0,0,391
02/21/2015,PIT,PA,AEA,CE,Combined TRACON& Tower with Radar,179,39,6,0,224,0,0,0,0,0,179,39,6,0,224,0,0,0,224
02/22/2015,PIT,PA,AEA,CE,Combined TRACON& Tower with Radar,191,85,15,3,294,0,0,1,0,1,191,85,16,3,295,0,0,0,295
02/23/2015,PIT,PA,AEA,CE,Combined TRACON& Tower with Radar,227,104,19,28,378,0,0,2,2,4,227,104,21,30,382,0,0,0,382
02/24/2015,PIT,PA,AEA,CE,Combined TRACON& Tower with Radar,225,118,47,30,420,0,1,4,3,8,225,119,51,33,428,0,2,2,430
02/25/2015,PIT,PA,AEA,CE,Combined TRACON& Tower with Radar,223,123,46,24,416,0,1,11,0,12,223,124,57,24,428,0,0,0,428
02/26/2015,PIT,PA,AEA,CE,Combined TRACON& Tower with Radar,228,134,32,18,412,0,0,1,1,2,228,134,33,19,414,0,0,0,414
02/27/2015,PIT,PA,AEA,CE,Combined TRACON& Tower with Radar,241,109,23,21,394,0,0,4,0,4,241,109,27,21,398,0,0,0,398
02/28/2015,PIT,PA,AEA,CE,Combined TRACON& Tower with Radar,179,57,19,1,256,0,0,4,0,4,179,57,23,1,260,0,0,0,260
03/01/2015,PIT,PA,AEA,CE,Combined TRACON& Tower with Radar,172,55,7,3,237,0,0,0,0,0,172,55,7,3,237,0,0,0,237
03/02/2015,PIT,PA,AEA,CE,Combined TRACON& Tower with Radar,222,116,21,7,366,0,0,0,0,0,222,116,21,7,366,0,0,0,366
03/03/2015,PIT,PA,AEA,CE,Combined TRACON& Tower with Radar,232,98,19,0,349,0,0,0,0,0,232,98,19,0,349,0,0,0,349
03/04/2015,PIT,PA,AEA,CE,Combined TRACON& Tower with Radar,243,121,21,5,390,0,0,0,0,0,243,121,21,5,390,0,0,0,390
03/05/2015,PIT,PA,AEA,CE,Combined TRACON& Tower with Radar,231,85,28,18,362,0,0,0,0,0,231,85,28,18,362,0,0,0,362
03/06/2015,PIT,PA,AEA,CE,Combined TRACON& Tower with Radar,252,103,21,12,388,0,0,6,1,7,252,103,27,13,395,0,0,0,395
03/07/2015,PIT,PA,AEA,CE,Combined TRACON& Tower with Radar,198,75,12,17,302,0,0,1,1,2,198,75,13,18,304,0,0,0,304
03/08/2015,PIT,PA,AEA,CE,Combined TRACON& Tower with Radar,224,64,13,4,305,0,0,0,2,2,224,64,13,6,307,0,0,0,307
03/09/2015,PIT,PA,AEA,CE,Combined TRACON& Tower with Radar,257,108,20,40,425,0,0,2,0,2,257,108,22,40,427,0,0,0,427
03/10/2015,PIT,PA,AEA,CE,Combined TRACON& Tower with Radar,265,105,32,41,443,0,0,0,0,0,265,105,32,41,443,0,0,0,443
03/11/2015,PIT,PA,AEA,CE,Combined TRACON& Tower with Radar,253,122,39,36,450,0,0,0,1,1,253,122,39,37,451,0,0,0,451
03/12/2015,PIT,PA,AEA,CE,Combined TRACON& Tower with Radar,258,139,35,55,487,0,0,4,0,4,258,139,39,55,491,0,0,0,491
03/13/2015,PIT,PA,AEA,CE,Combined TRACON& Tower with Radar,268,125,22,33,448,0,0,0,0,0,268,125,22,33,448,0,0,0,448
03/14/2015,PIT,PA,AEA,CE,Combined TRACON& Tower with Radar,200,58,8,2,268,0,0,0,0,0,200,58,8,2,268,0,0,0,268
03/15/2015,PIT,PA,AEA,CE,Combined TRACON& Tower with Radar,239,74,16,3,332,0,0,0,0,0,239,74,16,3,332,0,0,0,332
03/16/2015,PIT,PA,AEA,CE,Combined TRACON& Tower with Radar,264,97,22,4,387,0,0,4,0,4,264,97,26,4,391,0,0,0,391
03/17/2015,PIT,PA,AEA,CE,Combined TRACON& Tower with Radar,273,102,26,17,418,0,2,0,3,5,273,104,26,20,423,0,0,0,423
03/18/2015,PIT,PA,AEA,CE,Combined TRACON& Tower with Radar,256,125,38,46,465,0,2,1,1,4,256,127,39,47,469,0,0,0,469
03/19/2015,PIT,PA,AEA,CE,Combined TRACON& Tower with Radar,268,115,39,28,450,0,0,4,0,4,268,115,43,28,454,0,0,0,454
03/20/2015,PIT,PA,AEA,CE,Combined TRACON& Tower with Radar,256,96,31,9,392,0,0,0,0,0,256,96,31,9,392,0,0,0,392
03/21/2015,PIT,PA,AEA,CE,Combined TRACON& Tower with Radar,202,66,8,1,277,0,0,1,0,1,202,66,9,1,278,0,0,0,278
03/22/2015,PIT,PA,AEA,CE,Combined TRACON& Tower with Radar,240,82,21,2,345,0,0,2,0,2,240,82,23,2,347,0,0,0,347
03/23/2015,PIT,PA,AEA,CE,Combined TRACON& Tower with Radar,249,106,19,17,391,0,0,2,0,2,249,106,21,17,393,0,0,0,393
03/24/2015,PIT,PA,AEA,CE,Combined TRACON& Tower with Radar,261,115,22,43,441,0,0,2,3,5,261,115,24,46,446,0,0,0,446
03/25/2015,PIT,PA,AEA,CE,Combined TRACON& Tower with Radar,266,133,31,22,452,0,0,2,0,2,266,133,33,22,454,0,0,0,454
03/26/2015,PIT,PA,AEA,CE,Combined TRACON& Tower with Radar,263,101,31,31,426,0,0,0,0,0,263,101,31,31,426,0,0,0,426
03/27/2015,PIT,PA,AEA,CE,Combined TRACON& Tower with Radar,268,105,17,28,418,0,0,0,0,0,268,105,17,28,418,0,0,0,418
03/28/2015,PIT,PA,AEA,CE,Combined TRACON& Tower with Radar,206,64,10,4,284,0,0,2,0,2,206,64,12,4,286,0,0,0,286
03/29/2015,PIT,PA,AEA,CE,Combined TRACON& Tower with Radar,245,64,18,1,328,0,0,2,0,2,245,64,20,1,330,0,0,0,330
03/30/2015,PIT,PA,AEA,CE,Combined TRACON& Tower with Radar,265,92,28,6,391,0,1,3,0,4,265,93,31,6,395,0,0,0,395
03/31/2015,PIT,PA,AEA,CE,Combined TRACON& Tower with Radar,269,108,28,30,435,0,0,2,1,3,269,108,30,31,438,0,0,0,438
04/01/2015,PIT,PA,AEA,CE,Combined TRACON& Tower with Radar,262,105,41,27,435,0,2,0,0,2,262,107,41,27,437,0,0,0,437
04/02/2015,PIT,PA,AEA,CE,Combined TRACON& Tower with Radar,273,111,21,17,422,0,1,1,5,7,273,112,22,22,429,0,0,0,429
04/03/2015,PIT,PA,AEA,CE,Combined TRACON& Tower with Radar,267,97,20,11,395,0,0,0,0,0,267,97,20,11,395,0,0,0,395
04/04/2015,PIT,PA,AEA,CE,Combined TRACON& Tower with Radar,183,67,2,1,253,0,0,0,0,0,183,67,2,1,253,0,0,0,253
04/05/2015,PIT,PA,AEA,CE,Combined TRACON& Tower with Radar,230,56,12,1,299,0,0,1,0,1,230,56,13,1,300,0,0,0,300
04/06/2015,PIT,PA,AEA,CE,Combined TRACON& Tower with Radar,259,107,26,26,418,0,0,0,0,0,259,107,26,26,418,0,0,0,418
04/07/2015,PIT,PA,AEA,CE,Combined TRACON& Tower with Radar,256,110,30,50,446,0,0,0,2,2,256,110,30,52,448,0,0,0,448
04/08/2015,PIT,PA,AEA,CE,Combined TRACON& Tower with Radar,259,110,42,40,451,0,0,0,0,0,259,110,42,40,451,0,0,0,451
04/09/2015,PIT,PA,AEA,CE,Combined TRACON& Tower with Radar,245,95,20,12,372,0,1,0,1,2,245,96,20,13,374,0,0,0,374
04/10/2015,PIT,PA,AEA,CE,Combined TRACON& Tower with Radar,248,114,32,4,398,0,0,0,0,0,248,114,32,4,398,0,0,0,398
04/11/2015,PIT,PA,AEA,CE,Combined TRACON& Tower with Radar,216,52,9,12,289,0,0,5,2,7,216,52,14,14,296,0,0,0,296
04/12/2015,PIT,PA,AEA,CE,Combined TRACON& Tower with Radar,231,60,20,3,314,0,0,0,1,1,231,60,20,4,315,0,0,0,315
04/13/2015,PIT,PA,AEA,CE,Combined TRACON& Tower with Radar,247,110,28,8,393,0,2,2,0,4,247,112,30,8,397,0,0,0,397
04/14/2015,PIT,PA,AEA,CE,Combined TRACON& Tower with Radar,257,116,40,26,439,0,1,8,6,15,257,117,48,32,454,0,0,0,454
04/15/2015,PIT,PA,AEA,CE,Combined TRACON& Tower with Radar,258,112,30,30,430,0,2,5,0,7,258,114,35,30,437,0,0,0,437
04/16/2015,PIT,PA,AEA,CE,Combined TRACON& Tower with Radar,267,118,27,10,422,0,0,2,1,3,267,118,29,11,425,0,0,0,425
04/17/2015,PIT,PA,AEA,CE,Combined TRACON& Tower with Radar,269,102,36,11,418,0,0,0,0,0,269,102,36,11,418,0,0,0,418
04/18/2015,PIT,PA,AEA,CE,Combined TRACON& Tower with Radar,204,55,15,3,277,0,2,4,0,6,204,57,19,3,283,0,0,0,283
04/19/2015,PIT,PA,AEA,CE,Combined TRACON& Tower with Radar,240,76,11,2,329,0,0,0,0,0,240,76,11,2,329,0,0,0,329
04/20/2015,PIT,PA,AEA,CE,Combined TRACON& Tower with Radar,243,84,30,7,364,0,2,0,0,2,243,86,30,7,366,0,0,0,366
04/21/2015,PIT,PA,AEA,CE,Combined TRACON& Tower with Radar,266,106,43,12,427,0,0,2,2,4,266,106,45,14,431,0,0,0,431
04/22/2015,PIT,PA,AEA,CE,Combined TRACON& Tower with Radar,269,99,43,42,453,0,0,0,0,0,269,99,43,42,453,0,0,0,453
04/23/2015,PIT,PA,AEA,CE,Combined TRACON& Tower with Radar,264,103,48,14,429,0,0,6,0,6,264,103,54,14,435,0,0,0,435
04/24/2015,PIT,PA,AEA,CE,Combined TRACON& Tower with Radar,269,114,34,18,435,0,1,2,0,3,269,115,36,18,438,0,0,0,438
04/25/2015,PIT,PA,AEA,CE,Combined TRACON& Tower with Radar,204,59,8,4,275,0,0,2,0,2,204,59,10,4,277,0,0,0,277
04/26/2015,PIT,PA,AEA,CE,Combined TRACON& Tower with Radar,230,77,20,1,328,0,1,3,0,4,230,78,23,1,332,0,0,0,332
04/27/2015,PIT,PA,AEA,CE,Combined TRACON& Tower with Radar,253,113,25,6,397,0,0,1,0,1,253,113,26,6,398,7,0,7,405
04/28/2015,PIT,PA,AEA,CE,Combined TRACON& Tower with Radar,260,135,37,22,454,0,1,6,2,9,260,136,43,24,463,0,0,0,463
04/29/2015,PIT,PA,AEA,CE,Combined TRACON& Tower with Radar,261,106,40,27,434,0,0,3,0,3,261,106,43,27,437,0,12,12,449
04/30/2015,PIT,PA,AEA,CE,Combined TRACON& Tower with Radar,265,131,29,18,443,0,2,2,2,6,265,133,31,20,449,0,0,0,449
05/01/2015,PIT,PA,AEA,CE,Combined TRACON& Tower with Radar,265,117,29,18,429,0,0,9,0,9,265,117,38,18,438,0,0,0,438
05/02/2015,PIT,PA,AEA,CE,Combined TRACON& Tower with Radar,201,60,8,26,295,0,0,12,0,12,201,60,20,26,307,0,0,0,307
05/03/2015,PIT,PA,AEA,CE,Combined TRACON& Tower with Radar,228,77,22,6,333,0,1,4,0,5,228,78,26,6,338,0,0,0,338
05/04/2015,PIT,PA,AEA,CE,Combined TRACON& Tower with Radar,264,108,23,23,418,0,0,0,0,0,264,108,23,23,418,0,0,0,418
05/05/2015,PIT,PA,AEA,CE,Combined TRACON& Tower with Radar,259,116,40,29,444,0,0,0,0,0,259,116,40,29,444,0,0,0,444
05/06/2015,PIT,PA,AEA,CE,Combined TRACON& Tower with Radar,255,120,35,31,441,0,0,1,0,1,255,120,36,31,442,0,6,6,448
05/07/2015,PIT,PA,AEA,CE,Combined TRACON& Tower with Radar,269,102,41,12,424,0,2,3,0,5,269,104,44,12,429,0,0,0,429
05/08/2015,PIT,PA,AEA,CE,Combined TRACON& Tower with Radar,262,115,33,18,428,0,0,6,0,6,262,115,39,18,434,0,0,0,434
05/09/2015,PIT,PA,AEA,CE,Combined TRACON& Tower with Radar,202,57,20,1,280,0,2,0,0,2,202,59,20,1,282,0,0,0,282
05/10/2015,PIT,PA,AEA,CE,Combined TRACON& Tower with Radar,218,70,9,2,299,0,0,0,0,0,218,70,9,2,299,0,0,0,299
05/11/2015,PIT,PA,AEA,CE,Combined TRACON& Tower with Radar,271,109,30,0,410,0,0,1,0,1,271,109,31,0,411,0,0,0,411
05/12/2015,PIT,PA,AEA,CE,Combined TRACON& Tower with Radar,263,122,38,28,451,0,0,7,0,7,263,122,45,28,458,0,0,0,458
05/13/2015,PIT,PA,AEA,CE,Combined TRACON& Tower with Radar,259,116,30,40,445,0,0,0,0,0,259,116,30,40,445,0,0,0,445
05/14/2015,PIT,PA,AEA,CE,Combined TRACON& Tower with Radar,266,112,43,34,455,0,1,7,0,8,266,113,50,34,463,0,0,0,463
05/15/2015,PIT,PA,AEA,CE,Combined TRACON& Tower with Radar,265,107,33,32,437,0,1,0,0,1,265,108,33,32,438,0,4,4,442
05/16/2015,PIT,PA,AEA,CE,Combined TRACON& Tower with Radar,202,56,10,4,272,0,0,0,0,0,202,56,10,4,272,0,0,0,272
05/17/2015,PIT,PA,AEA,CE,Combined TRACON& Tower with Radar,219,85,21,2,327,0,0,0,1,1,219,85,21,3,328,0,0,0,328
05/18/2015,PIT,PA,AEA,CE,Combined TRACON& Tower with Radar,253,98,33,33,417,0,0,5,0,5,253,98,38,33,422,0,0,0,422
05/19/2015,PIT,PA,AEA,CE,Combined TRACON& Tower with Radar,277,120,64,50,511,0,0,8,1,9,277,120,72,51,520,0,9,9,529
05/20/2015,PIT,PA,AEA,CE,Combined TRACON& Tower with Radar,265,107,50,34,456,0,0,1,0,1,265,107,51,34,457,0,17,17,474
05/21/2015,PIT,PA,AEA,CE,Combined TRACON& Tower with Radar,270,119,50,6,445,0,5,3,0,8,270,124,53,6,453,0,0,0,453
05/22/2015,PIT,PA,AEA,CE,Combined TRACON& Tower with Radar,272,112,14,2,400,0,1,10,0,11,272,113,24,2,411,0,0,0,411
05/23/2015,PIT,PA,AEA,CE,Combined TRACON& Tower with Radar,193,56,8,0,257,0,0,0,0,0,193,56,8,0,257,0,0,0,257
05/24/2015,PIT,PA,AEA,CE,Combined TRACON& Tower with Radar,180,63,9,0,252,0,0,6,0,6,180,63,15,0,258,0,0,0,258
05/25/2015,PIT,PA,AEA,CE,Combined TRACON& Tower with Radar,224,101,14,1,340,0,0,3,1,4,224,101,17,2,344,0,0,0,344
05/26/2015,PIT,PA,AEA,CE,Combined TRACON& Tower with Radar,248,113,38,44,443,0,0,2,0,2,248,113,40,44,445,0,0,0,445
05/27/2015,PIT,PA,AEA,CE,Combined TRACON& Tower with Radar,264,119,35,33,451,0,1,2,0,3,264,120,37,33,454,0,0,0,454
05/28/2015,PIT,PA,AEA,CE,Combined TRACON& Tower with Radar,266,120,36,47,469,0,0,4,0,4,266,120,40,47,473,0,6,6,479
05/29/2015,PIT,PA,AEA,CE,Combined TRACON& Tower with Radar,269,112,28,29,438,0,0,4,0,4,269,112,32,29,442,0,0,0,442
05/30/2015,PIT,PA,AEA,CE,Combined TRACON& Tower with Radar,207,53,14,4,278,0,0,2,0,2,207,53,16,4,280,0,0,0,280
05/31/2015,PIT,PA,AEA,CE,Combined TRACON& Tower with Radar,208,75,19,2,304,0,0,0,0,0,208,75,19,2,304,0,0,0,304
06/01/2015,PIT,PA,AEA,CE,Combined TRACON& Tower with Radar,268,109,35,23,435,0,0,0,0,0,268,109,35,23,435,0,0,0,435
06/02/2015,PIT,PA,AEA,CE,Combined TRACON& Tower with Radar,269,126,47,35,477,0,0,0,2,2,269,126,47,37,479,0,8,8,487
06/03/2015,PIT,PA,AEA,CE,Combined TRACON& Tower with Radar,261,128,40,40,469,0,1,4,0,5,261,129,44,40,474,0,0,0,474
06/04/2015,PIT,PA,AEA,CE,Combined TRACON& Tower with Radar,265,125,45,29,464,0,1,9,0,10,265,126,54,29,474,0,0,0,474
06/05/2015,PIT,PA,AEA,CE,Combined TRACON& Tower with Radar,273,114,28,3,418,0,0,4,0,4,273,114,32,3,422,0,0,0,422
06/06/2015,PIT,PA,AEA,CE,Combined TRACON& Tower with Radar,217,59,12,3,291,0,0,0,5,5,217,59,12,8,296,0,0,0,296
06/07/2015,PIT,PA,AEA,CE,Combined TRACON& Tower with Radar,240,69,24,6,339,0,0,2,0,2,240,69,26,6,341,0,0,0,341
06/08/2015,PIT,PA,AEA,CE,Combined TRACON& Tower with Radar,255,100,29,1,385,0,0,0,0,0,255,100,29,1,385,0,0,0,385
06/09/2015,PIT,PA,AEA,CE,Combined TRACON& Tower with Radar,264,137,39,27,467,0,0,3,1,4,264,137,42,28,471,0,0,0,471
06/10/2015,PIT,PA,AEA,CE,Combined TRACON& Tower with Radar,264,144,33,60,501,0,0,1,0,1,264,144,34,60,502,0,0,0,502
06/11/2015,PIT,PA,AEA,CE,Combined TRACON& Tower with Radar,268,122,31,28,449,0,0,2,1,3,268,122,33,29,452,0,0,0,452
06/12/2015,PIT,PA,AEA,CE,Combined TRACON& Tower with Radar,269,115,18,16,418,0,0,3,0,3,269,115,21,16,421,0,0,0,421
06/13/2015,PIT,PA,AEA,CE,Combined TRACON& Tower with Radar,229,60,9,0,298,0,0,1,0,1,229,60,10,0,299,0,0,0,299
06/14/2015,PIT,PA,AEA,CE,Combined TRACON& Tower with Radar,244,78,12,0,334,0,0,1,0,1,244,78,13,0,335,0,0,0,335
06/15/2015,PIT,PA,AEA,CE,Combined TRACON& Tower with Radar,254,115,31,17,417,0,0,2,0,2,254,115,33,17,419,0,5,5,424
06/16/2015,PIT,PA,AEA,CE,Combined TRACON& Tower with Radar,272,117,40,30,459,0,0,2,4,6,272,117,42,34,465,0,0,0,465
06/17/2015,PIT,PA,AEA,CE,Combined TRACON& Tower with Radar,269,131,35,14,449,0,0,4,0,4,269,131,39,14,453,0,20,20,473
06/18/2015,PIT,PA,AEA,CE,Combined TRACON& Tower with Radar,268,127,45,28,468,0,0,1,0,1,268,127,46,28,469,0,0,0,469
06/19/2015,PIT,PA,AEA,CE,Combined TRACON& Tower with Radar,277,131,32,19,459,0,0,1,0,1,277,131,33,19,460,0,0,0,460
06/20/2015,PIT,PA,AEA,CE,Combined TRACON& Tower with Radar,234,61,16,3,314,0,0,0,0,0,234,61,16,3,314,0,0,0,314
06/21/2015,PIT,PA,AEA,CE,Combined TRACON& Tower with Radar,253,82,21,1,357,0,0,1,0,1,253,82,22,1,358,0,0,0,358
06/22/2015,PIT,PA,AEA,CE,Combined TRACON& Tower with Radar,261,123,41,7,432,0,0,0,1,1,261,123,41,8,433,0,0,0,433
06/23/2015,PIT,PA,AEA,CE,Combined TRACON& Tower with Radar,272,123,51,23,469,0,0,2,0,2,272,123,53,23,471,0,0,0,471
06/24/2015,PIT,PA,AEA,CE,Combined TRACON& Tower with Radar,264,123,44,42,473,0,0,8,0,8,264,123,52,42,481,0,0,0,481
06/25/2015,PIT,PA,AEA,CE,Combined TRACON& Tower with Radar,268,127,42,26,463,0,0,0,0,0,268,127,42,26,463,0,0,0,463
06/26/2015,PIT,PA,AEA,CE,Combined TRACON& Tower with Radar,263,128,20,14,425,0,2,1,0,3,263,130,21,14,428,0,0,0,428
06/27/2015,PIT,PA,AEA,CE,Combined TRACON& Tower with Radar,235,62,18,1,316,0,0,0,0,0,235,62,18,1,316,0,0,0,316
06/28/2015,PIT,PA,AEA,CE,Combined TRACON& Tower with Radar,239,85,13,1,338,0,0,0,0,0,239,85,13,1,338,0,0,0,338
06/29/2015,PIT,PA,AEA,CE,Combined TRACON& Tower with Radar,260,126,39,30,455,0,1,3,0,4,260,127,42,30,459,0,0,0,459
06/30/2015,PIT,PA,AEA,CE,Combined TRACON& Tower with Radar,244,121,36,24,425,0,0,0,0,0,244,121,36,24,425,0,0,0,425
07/01/2015,PIT,PA,AEA,CE,Combined TRACON& Tower with Radar,260,110,33,30,433,0,0,0,0,0,260,110,33,30,433,0,0,0,433
07/02/2015,PIT,PA,AEA,CE,Combined TRACON& Tower with Radar,282,124,24,32,462,0,1,0,2,3,282,125,24,34,465,0,0,0,465
07/03/2015,PIT,PA,AEA,CE,Combined TRACON& Tower with Radar,240,94,17,0,351,0,0,2,0,2,240,94,19,0,353,0,0,0,353
07/04/2015,PIT,PA,AEA,CE,Combined TRACON& Tower with Radar,176,58,7,2,243,0,0,4,2,6,176,58,11,4,249,0,0,0,249
07/05/2015,PIT,PA,AEA,CE,Combined TRACON& Tower with Radar,233,88,18,1,340,0,0,2,0,2,233,88,20,1,342,0,0,0,342
07/06/2015,PIT,PA,AEA,CE,Combined TRACON& Tower with Radar,276,95,31,3,405,0,0,4,0,4,276,95,35,3,409,0,0,0,409
07/07/2015,PIT,PA,AEA,CE,Combined TRACON& Tower with Radar,269,108,25,28,430,0,0,3,2,5,269,108,28,30,435,0,0,0,435
07/08/2015,PIT,PA,AEA,CE,Combined TRACON& Tower with Radar,265,123,38,19,445,0,2,3,0,5,265,125,41,19,450,0,0,0,450
07/09/2015,PIT,PA,AEA,CE,Combined TRACON& Tower with Radar,274,124,39,19,456,0,0,0,0,0,274,124,39,19,456,0,0,0,456
07/10/2015,PIT,PA,AEA,CE,Combined TRACON& Tower with Radar,282,111,26,30,449,0,1,0,0,1,282,112,26,30,450,0,0,0,450
07/11/2015,PIT,PA,AEA,CE,Combined TRACON& Tower with Radar,232,76,11,22,341,0,4,1,1,6,232,80,12,23,347,0,0,0,347
07/12/2015,PIT,PA,AEA,CE,Combined TRACON& Tower with Radar,241,83,15,5,344,0,0,0,0,0,241,83,15,5,344,0,0,0,344
07/13/2015,PIT,PA,AEA,CE,Combined TRACON& Tower with Radar,264,105,37,54,460,0,0,3,0,3,264,105,40,54,463,0,0,0,463
07/14/2015,PIT,PA,AEA,CE,Combined TRACON& Tower with Radar,266,103,45,32,446,0,0,0,0,0,266,103,45,32,446,0,0,0,446
07/15/2015,PIT,PA,AEA,CE,Combined TRACON& Tower with Radar,266,102,55,56,479,0,0,2,0,2,266,102,57,56,481,0,0,0,481
07/16/2015,PIT,PA,AEA,CE,Combined TRACON& Tower with Radar,279,117,29,26,451,0,0,1,0,1,279,117,30,26,452,0,0,0,452
07/17/2015,PIT,PA,AEA,CE,Combined TRACON& Tower with Radar,276,114,21,23,434,0,0,1,0,1,276,114,22,23,435,0,0,0,435
07/18/2015,PIT,PA,AEA,CE,Combined TRACON& Tower with Radar,224,69,10,2,305,0,1,1,1,3,224,70,11,3,308,0,0,0,308
07/19/2015,PIT,PA,AEA,CE,Combined TRACON& Tower with Radar,239,83,17,5,344,0,0,5,0,5,239,83,22,5,349,0,0,0,349
07/20/2015,PIT,PA,AEA,CE,Combined TRACON& Tower with Radar,266,106,34,3,409,0,0,1,0,1,266,106,35,3,410,0,0,0,410
07/21/2015,PIT,PA,AEA,CE,Combined TRACON& Tower with Radar,255,112,43,15,425,0,0,10,0,10,255,112,53,15,435,0,0,0,435
07/22/2015,PIT,PA,AEA,CE,Combined TRACON& Tower with Radar,274,135,48,30,487,0,0,16,0,16,274,135,64,30,503,10,0,10,513
07/23/2015,PIT,PA,AEA,CE,Combined TRACON& Tower with Radar,273,113,42,49,477,0,0,4,0,4,273,113,46,49,481,0,0,0,481
07/24/2015,PIT,PA,AEA,CE,Combined TRACON& Tower with Radar,276,127,40,36,479,0,1,3,0,4,276,128,43,36,483,0,0,0,483
07/25/2015,PIT,PA,AEA,CE,Combined TRACON& Tower with Radar,236,57,11,4,308,0,0,0,0,0,236,57,11,4,308,0,0,0,308
07/26/2015,PIT,PA,AEA,CE,Combined TRACON& Tower with Radar,241,70,22,7,340,0,0,1,0,1,241,70,23,7,341,0,0,0,341
07/27/2015,PIT,PA,AEA,CE,Combined TRACON& Tower with Radar,287,112,25,20,444,0,0,0,0,0,287,112,25,20,444,0,0,0,444
07/28/2015,PIT,PA,AEA,CE,Combined TRACON& Tower with Radar,265,124,48,44,481,0,0,17,0,17,265,124,65,44,498,0,13,13,511
07/29/2015,PIT,PA,AEA,CE,Combined TRACON& Tower with Radar,272,135,50,29,486,0,0,6,4,10,272,135,56,33,496,0,10,10,506
07/30/2015,PIT,PA,AEA,CE,Combined TRACON& Tower with Radar,272,131,40,44,487,0,1,3,1,5,272,132,43,45,492,0,12,12,504
07/31/2015,PIT,PA,AEA,CE,Combined TRACON& Tower with Radar,280,124,19,16,439,0,0,5,0,5,280,124,24,16,444,0,0,0,444
08/01/2015,PIT,PA,AEA,CE,Combined TRACON& Tower with Radar,231,62,19,7,319,0,0,3,4,7,231,62,22,11,326,0,0,0,326
08/02/2015,PIT,PA,AEA,CE,Combined TRACON& Tower with Radar,243,73,20,4,340,0,0,3,0,3,243,73,23,4,343,0,0,0,343
08/03/2015,PIT,PA,AEA,CE,Combined TRACON& Tower with Radar,272,119,34,7,432,0,0,3,1,4,272,119,37,8,436,0,0,0,436
08/04/2015,PIT,PA,AEA,CE,Combined TRACON& Tower with Radar,266,115,41,36,458,0,0,0,0,0,266,115,41,36,458,0,0,0,458
08/05/2015,PIT,PA,AEA,CE,Combined TRACON& Tower with Radar,257,117,36,50,460,0,0,2,0,2,257,117,38,50,462,0,14,14,476
08/06/2015,PIT,PA,AEA,CE,Combined TRACON& Tower with Radar,280,130,35,49,494,0,0,6,0,6,280,130,41,49,500,0,0,0,500
08/07/2015,PIT,PA,AEA,CE,Combined TRACON& Tower with Radar,276,108,26,45,455,0,0,4,0,4,276,108,30,45,459,0,12,12,471
08/08/2015,PIT,PA,AEA,CE,Combined TRACON& Tower with Radar,237,59,17,0,313,0,0,3,0,3,237,59,20,0,316,0,0,0,316
08/09/2015,PIT,PA,AEA,CE,Combined TRACON& Tower with Radar,241,72,18,1,332,0,0,4,0,4,241,72,22,1,336,0,0,0,336
08/10/2015,PIT,PA,AEA,CE,Combined TRACON& Tower with Radar,269,113,33,38,453,0,0,0,0,0,269,113,33,38,453,0,0,0,453
08/11/2015,PIT,PA,AEA,CE,Combined TRACON& Tower with Radar,257,112,44,45,458,0,0,3,1,4,257,112,47,46,462,0,10,10,472
08/12/2015,PIT,PA,AEA,CE,Combined TRACON& Tower with Radar,262,134,46,29,471,0,0,1,0,1,262,134,47,29,472,0,0,0,472
08/13/2015,PIT,PA,AEA,CE,Combined TRACON& Tower with Radar,263,127,38,28,456,0,0,0,1,1,263,127,38,29,457,0,0,0,457
08/14/2015,PIT,PA,AEA,CE,Combined TRACON& Tower with Radar,259,112,26,20,417,0,0,4,0,4,259,112,30,20,421,0,0,0,421
08/15/2015,PIT,PA,AEA,CE,Combined TRACON& Tower with Radar,233,65,10,2,310,0,2,2,0,4,233,67,12,2,314,0,0,0,314
08/16/2015,PIT,PA,AEA,CE,Combined TRACON& Tower with Radar,243,73,11,2,329,0,1,4,2,7,243,74,15,4,336,0,0,0,336
08/17/2015,PIT,PA,AEA,CE,Combined TRACON& Tower with Radar,271,106,28,5,410,0,0,1,2,3,271,106,29,7,413,0,0,0,413
08/18/2015,PIT,PA,AEA,CE,Combined TRACON& Tower with Radar,255,117,38,21,431,0,0,1,0,1,255,117,39,21,432,0,0,0,432
08/19/2015,PIT,PA,AEA,CE,Combined TRACON& Tower with Radar,258,128,33,52,471,0,0,2,0,2,258,128,35,52,473,0,19,19,492
08/20/2015,PIT,PA,AEA,CE,Combined TRACON& Tower with Radar,246,116,38,35,435,0,1,2,0,3,246,117,40,35,438,0,0,0,438
08/21/2015,PIT,PA,AEA,CE,Combined TRACON& Tower with Radar,263,123,26,16,428,0,0,6,2,8,263,123,32,18,436,0,0,0,436
08/22/2015,PIT,PA,AEA,CE,Combined TRACON& Tower with Radar,204,64,15,0,283,0,0,2,0,2,204,64,17,0,285,0,0,0,285
08/23/2015,PIT,PA,AEA,CE,Combined TRACON& Tower with Radar,240,98,11,7,356,0,0,6,0,6,240,98,17,7,362,0,0,0,362
08/24/2015,PIT,PA,AEA,CE,Combined TRACON& Tower with Radar,271,117,35,23,446,0,0,5,0,5,271,117,40,23,451,0,0,0,451
08/25/2015,PIT,PA,AEA,CE,Combined TRACON& Tower with Radar,253,125,47,35,460,0,1,0,2,3,253,126,47,37,463,0,0,0,463
08/26/2015,PIT,PA,AEA,CE,Combined TRACON& Tower with Radar,252,118,42,26,438,0,0,4,0,4,252,118,46,26,442,0,12,12,454
08/27/2015,PIT,PA,AEA,CE,Combined TRACON& Tower with Radar,269,109,48,45,471,0,0,2,0,2,269,109,50,45,473,0,0,0,473
08/28/2015,PIT,PA,AEA,CE,Combined TRACON& Tower with Radar,264,113,26,29,432,0,0,3,0,3,264,113,29,29,435,0,8,8,443
08/29/2015,PIT,PA,AEA,CE,Combined TRACON& Tower with Radar,194,68,3,2,267,0,0,2,0,2,194,68,5,2,269,0,0,0,269
08/30/2015,PIT,PA,AEA,CE,Combined TRACON& Tower with Radar,231,73,14,5,323,0,0,4,0,4,231,73,18,5,327,0,0,0,327
08/31/2015,PIT,PA,AEA,CE,Combined TRACON& Tower with Radar,253,123,27,1,404,0,0,3,1,4,253,123,30,2,408,14,0,14,422
09/01/2015,PIT,PA,AEA,CE,Combined TRACON& Tower with Radar,259,105,31,41,436,0,6,1,0,7,259,111,32,41,443,0,0,0,443
09/02/2015,PIT,PA,AEA,CE,Combined TRACON& Tower with Radar,262,113,31,45,451,0,2,2,0,4,262,115,33,45,455,0,0,0,455
09/03/2015,PIT,PA,AEA,CE,Combined TRACON& Tower with Radar,262,110,26,15,413,0,0,3,0,3,262,110,29,15,416,0,0,0,416
09/04/2015,PIT,PA,AEA,CE,Combined TRACON& Tower with Radar,274,115,12,13,414,0,2,0,0,2,274,117,12,13,416,0,0,0,416
09/05/2015,PIT,PA,AEA,CE,Combined TRACON& Tower with Radar,182,57,10,2,251,0,0,1,0,1,182,57,11,2,252,0,0,0,252
09/06/2015,PIT,PA,AEA,CE,Combined TRACON& Tower with Radar,190,53,4,1,248,0,2,0,2,4,190,55,4,3,252,0,0,0,252
09/07/2015,PIT,PA,AEA,CE,Combined TRACON& Tower with Radar,227,97,14,1,339,0,0,4,0,4,227,97,18,1,343,0,0,0,343
09/08/2015,PIT,PA,AEA,CE,Combined TRACON& Tower with Radar,234,120,37,63,454,0,0,3,1,4,234,120,40,64,458,0,0,0,458
09/09/2015,PIT,PA,AEA,CE,Combined TRACON& Tower with Radar,252,141,47,28,468,0,0,4,0,4,252,141,51,28,472,0,0,0,472
09/10/2015,PIT,PA,AEA,CE,Combined TRACON& Tower with Radar,242,120,40,52,454,0,0,1,0,1,242,120,41,52,455,0,0,0,455
09/11/2015,PIT,PA,AEA,CE,Combined TRACON& Tower with Radar,260,122,47,23,452,0,0,1,0,1,260,122,48,23,453,0,0,0,453
09/12/2015,PIT,PA,AEA,CE,Combined TRACON& Tower with Radar,185,65,10,8,268,0,0,0,0,0,185,65,10,8,268,0,0,0,268
09/13/2015,PIT,PA,AEA,CE,Combined TRACON& Tower with Radar,236,77,14,4,331,0,0,1,0,1,236,77,15,4,332,0,0,0,332
09/14/2015,PIT,PA,AEA,CE,Combined TRACON& Tower with Radar,256,118,25,6,405,0,0,2,0,2,256,118,27,6,407,0,0,0,407
09/15/2015,PIT,PA,AEA,CE,Combined TRACON& Tower with Radar,252,129,50,30,461,0,2,4,0,6,252,131,54,30,467,0,0,0,467
09/16/2015,PIT,PA,AEA,CE,Combined TRACON& Tower with Radar,260,128,37,0,425,0,0,3,0,3,260,128,40,0,428,0,0,0,428
09/17/2015,PIT,PA,AEA,CE,Combined TRACON& Tower with Radar,265,110,46,3,424,0,0,3,0,3,265,110,49,3,427,0,0,0,427
09/18/2015,PIT,PA,AEA,CE,Combined TRACON& Tower with Radar,265,127,37,12,441,0,0,3,3,6,265,127,40,15,447,0,0,0,447
09/19/2015,PIT,PA,AEA,CE,Combined TRACON& Tower with Radar,199,66,7,1,273,0,0,0,0,0,199,66,7,1,273,0,0,0,273
09/20/2015,PIT,PA,AEA,CE,Combined TRACON& Tower with Radar,233,94,38,4,369,0,0,3,0,3,233,94,41,4,372,0,0,0,372
09/21/2015,PIT,PA,AEA,CE,Combined TRACON& Tower with Radar,261,122,29,0,412,0,1,2,0,3,261,123,31,0,415,0,0,0,415
09/22/2015,PIT,PA,AEA,CE,Combined TRACON& Tower with Radar,255,116,41,14,426,0,0,0,0,0,255,116,41,14,426,0,0,0,426
09/23/2015,PIT,PA,AEA,CE,Combined TRACON& Tower with Radar,259,114,44,1,418,0,0,0,0,0,259,114,44,1,418,0,0,0,418
09/24/2015,PIT,PA,AEA,CE,Combined TRACON& Tower with Radar,275,111,63,6,455,0,0,3,0,3,275,111,66,6,458,0,0,0,458
09/25/2015,PIT,PA,AEA,CE,Combined TRACON& Tower with Radar,265,117,23,7,412,0,2,3,0,5,265,119,26,7,417,16,0,16,433
09/26/2015,PIT,PA,AEA,CE,Combined TRACON& Tower with Radar,200,69,19,4,292,0,1,2,0,3,200,70,21,4,295,0,0,0,295
09/27/2015,PIT,PA,AEA,CE,Combined TRACON& Tower with Radar,232,83,27,4,346,0,2,1,0,3,232,85,28,4,349,0,0,0,349
09/28/2015,PIT,PA,AEA,CE,Combined TRACON& Tower with Radar,261,112,41,5,419,0,0,0,0,0,261,112,41,5,419,0,0,0,419
09/29/2015,PIT,PA,AEA,CE,Combined TRACON& Tower with Radar,261,129,32,17,439,0,2,0,0,2,261,131,32,17,441,0,0,0,441
09/30/2015,PIT,PA,AEA,CE,Combined TRACON& Tower with Radar,272,128,59,11,470,0,0,0,0,0,272,128,59,11,470,0,0,0,470
10/01/2015,PIT,PA,AEA,CE,Combined TRACON& Tower with Radar,270,146,51,16,483,0,2,3,0,5,270,148,54,16,488,0,14,14,502
10/02/2015,PIT,PA,AEA,CE,Combined TRACON& Tower with Radar,264,127,31,3,425,0,0,6,0,6,264,127,37,3,431,0,0,0,431
10/03/2015,PIT,PA,AEA,CE,Combined TRACON& Tower with Radar,191,62,6,1,260,0,0,0,0,0,191,62,6,1,260,0,0,0,260
10/04/2015,PIT,PA,AEA,CE,Combined TRACON& Tower with Radar,217,71,11,2,301,0,0,0,0,0,217,71,11,2,301,0,0,0,301
10/05/2015,PIT,PA,AEA,CE,Combined TRACON& Tower with Radar,268,102,32,24,426,0,0,1,0,1,268,102,33,24,427,0,4,4,431
10/06/2015,PIT,PA,AEA,CE,Combined TRACON& Tower with Radar,260,120,42,12,434,0,0,8,0,8,260,120,50,12,442,0,0,0,442
10/07/2015,PIT,PA,AEA,CE,Combined TRACON& Tower with Radar,270,132,61,14,477,0,0,5,0,5,270,132,66,14,482,0,0,0,482
10/08/2015,PIT,PA,AEA,CE,Combined TRACON& Tower with Radar,264,139,59,4,466,0,1,11,0,12,264,140,70,4,478,0,0,0,478
10/09/2015,PIT,PA,AEA,CE,Combined TRACON& Tower with Radar,258,119,31,13,421,0,0,1,0,1,258,119,32,13,422,0,0,0,422
10/10/2015,PIT,PA,AEA,CE,Combined TRACON& Tower with Radar,204,62,11,0,277,0,0,4,0,4,204,62,15,0,281,0,0,0,281
10/11/2015,PIT,PA,AEA,CE,Combined TRACON& Tower with Radar,234,83,16,1,334,0,0,5,0,5,234,83,21,1,339,0,0,0,339
10/12/2015,PIT,PA,AEA,CE,Combined TRACON& Tower with Radar,266,119,44,1,430,0,0,2,0,2,266,119,46,1,432,0,0,0,432
10/13/2015,PIT,PA,AEA,CE,Combined TRACON& Tower with Radar,260,119,37,12,428,0,0,0,0,0,260,119,37,12,428,0,0,0,428
10/14/2015,PIT,PA,AEA,CE,Combined TRACON& Tower with Radar,271,106,33,4,414,0,0,0,1,1,271,106,33,5,415,0,0,0,415
10/15/2015,PIT,PA,AEA,CE,Combined TRACON& Tower with Radar,275,133,47,15,470,0,0,9,0,9,275,133,56,15,479,0,0,0,479
10/16/2015,PIT,PA,AEA,CE,Combined TRACON& Tower with Radar,272,120,24,12,428,0,0,0,0,0,272,120,24,12,428,0,0,0,428
10/17/2015,PIT,PA,AEA,CE,Combined TRACON& Tower with Radar,196,48,16,0,260,0,0,5,0,5,196,48,21,0,265,0,0,0,265
10/18/2015,PIT,PA,AEA,CE,Combined TRACON& Tower with Radar,236,84,34,4,358,0,1,1,0,2,236,85,35,4,360,0,0,0,360
10/19/2015,PIT,PA,AEA,CE,Combined TRACON& Tower with Radar,260,127,34,2,423,0,0,4,1,5,260,127,38,3,428,0,0,0,428
10/20/2015,PIT,PA,AEA,CE,Combined TRACON& Tower with Radar,266,110,30,3,409,0,2,0,0,2,266,112,30,3,411,0,0,0,411
10/21/2015,PIT,PA,AEA,CE,Combined TRACON& Tower with Radar,275,103,46,21,445,0,0,2,0,2,275,103,48,21,447,0,0,0,447
10/22/2015,PIT,PA,AEA,CE,Combined TRACON& Tower with Radar,271,124,48,20,463,0,0,1,1,2,271,124,49,21,465,0,6,6,471
10/23/2015,PIT,PA,AEA,CE,Combined TRACON& Tower with Radar,263,119,23,3,408,0,2,1,0,3,263,121,24,3,411,0,0,0,411
10/24/2015,PIT,PA,AEA,CE,Combined TRACON& Tower with Radar,196,67,11,0,274,0,0,0,0,0,196,67,11,0,274,0,0,0,274
10/25/2015,PIT,PA,AEA,CE,Combined TRACON& Tower with Radar,243,74,16,4,337,0,0,0,0,0,243,74,16,4,337,0,0,0,337
10/26/2015,PIT,PA,AEA,CE,Combined TRACON& Tower with Radar,260,112,30,5,407,0,2,6,0,8,260,114,36,5,415,16,0,16,431
10/27/2015,PIT,PA,AEA,CE,Combined TRACON& Tower with Radar,244,117,38,11,410,0,1,0,2,3,244,118,38,13,413,0,0,0,413
10/28/2015,PIT,PA,AEA,CE,Combined TRACON& Tower with Radar,250,107,42,24,423,0,0,0,0,0,250,107,42,24,423,0,0,0,423
10/29/2015,PIT,PA,AEA,CE,Combined TRACON& Tower with Radar,270,128,37,27,462,0,0,1,4,5,270,128,38,31,467,0,0,0,467
10/30/2015,PIT,PA,AEA,CE,Combined TRACON& Tower with Radar,260,113,16,21,410,0,0,0,2,2,260,113,16,23,412,0,0,0,412
10/31/2015,PIT,PA,AEA,CE,Combined TRACON& Tower with Radar,175,61,7,0,243,0,2,2,0,4,175,63,9,0,247,0,0,0,247
11/01/2015,PIT,PA,AEA,CE,Combined TRACON& Tower with Radar,225,92,14,5,336,0,0,1,0,1,225,92,15,5,337,0,0,0,337
11/02/2015,PIT,PA,AEA,CE,Combined TRACON& Tower with Radar,267,108,32,20,427,0,0,4,0,4,267,108,36,20,431,0,0,0,431
11/03/2015,PIT,PA,AEA,CE,Combined TRACON& Tower with Radar,265,118,53,28,464,0,1,6,0,7,265,119,59,28,471,0,0,0,471
11/04/2015,PIT,PA,AEA,CE,Combined TRACON& Tower with Radar,271,107,35,23,436,0,0,3,0,3,271,107,38,23,439,0,0,0,439
11/05/2015,PIT,PA,AEA,CE,Combined TRACON& Tower with Radar,268,118,30,14,430,0,0,2,4,6,268,118,32,18,436,0,0,0,436
11/06/2015,PIT,PA,AEA,CE,Combined TRACON& Tower with Radar,275,110,44,3,432,0,1,0,0,1,275,111,44,3,433,0,0,0,433
11/07/2015,PIT,PA,AEA,CE,Combined TRACON& Tower with Radar,192,61,19,2,274,0,0,3,0,3,192,61,22,2,277,0,0,0,277
11/08/2015,PIT,PA,AEA,CE,Combined TRACON& Tower with Radar,238,90,21,2,351,0,1,2,6,9,238,91,23,8,360,0,0,0,360
11/09/2015,PIT,PA,AEA,CE,Combined TRACON& Tower with Radar,260,117,37,4,418,0,3,2,0,5,260,120,39,4,423,0,0,0,423
11/10/2015,PIT,PA,AEA,CE,Combined TRACON& Tower with Radar,272,97,26,15,410,0,0,0,0,0,272,97,26,15,410,0,0,0,410
11/11/2015,PIT,PA,AEA,CE,Combined TRACON& Tower with Radar,271,98,30,0,399,0,0,2,0,2,271,98,32,0,401,0,0,0,401
11/12/2015,PIT,PA,AEA,CE,Combined TRACON& Tower with Radar,277,107,30,4,418,0,0,0,0,0,277,107,30,4,418,0,0,0,418
11/13/2015,PIT,PA,AEA,CE,Combined TRACON& Tower with Radar,272,106,19,14,411,0,1,0,0,1,272,107,19,14,412,0,0,0,412
11/14/2015,PIT,PA,AEA,CE,Combined TRACON& Tower with Radar,196,55,11,3,265,0,0,2,0,2,196,55,13,3,267,0,0,0,267
11/15/2015,PIT,PA,AEA,CE,Combined TRACON& Tower with Radar,242,85,17,2,346,0,0,0,0,0,242,85,17,2,346,0,0,0,346
11/16/2015,PIT,PA,AEA,CE,Combined TRACON& Tower with Radar,279,104,24,6,413,0,0,5,0,5,279,104,29,6,418,0,0,0,418
11/17/2015,PIT,PA,AEA,CE,Combined TRACON& Tower with Radar,267,112,40,20,439,0,0,6,4,10,267,112,46,24,449,0,10,10,459
11/18/2015,PIT,PA,AEA,CE,Combined TRACON& Tower with Radar,270,117,35,26,448,0,0,1,0,1,270,117,36,26,449,0,0,0,449
11/19/2015,PIT,PA,AEA,CE,Combined TRACON& Tower with Radar,271,98,31,35,435,0,0,4,4,8,271,98,35,39,443,0,0,0,443
11/20/2015,PIT,PA,AEA,CE,Combined TRACON& Tower with Radar,278,104,46,20,448,0,0,0,0,0,278,104,46,20,448,0,0,0,448
11/21/2015,PIT,PA,AEA,CE,Combined TRACON& Tower with Radar,191,54,15,2,262,0,0,2,0,2,191,54,17,2,264,0,0,0,264
11/22/2015,PIT,PA,AEA,CE,Combined TRACON& Tower with Radar,225,65,9,0,299,0,0,2,0,2,225,65,11,0,301,0,0,0,301
11/23/2015,PIT,PA,AEA,CE,Combined TRACON& Tower with Radar,230,102,18,6,356,0,0,1,1,2,230,102,19,7,358,0,0,0,358
11/24/2015,PIT,PA,AEA,CE,Combined TRACON& Tower with Radar,272,100,40,8,420,0,0,1,5,6,272,100,41,13,426,0,0,0,426
11/25/2015,PIT,PA,AEA,CE,Combined TRACON& Tower with Radar,282,102,28,4,416,0,0,2,0,2,282,102,30,4,418,0,0,0,418
11/26/2015,PIT,PA,AEA,CE,Combined TRACON& Tower with Radar,163,75,4,0,242,0,0,0,0,0,163,75,4,0,242,0,0,0,242
11/27/2015,PIT,PA,AEA,CE,Combined TRACON& Tower with Radar,184,83,9,0,276,0,0,1,0,1,184,83,10,0,277,0,0,0,277
11/28/2015,PIT,PA,AEA,CE,Combined TRACON& Tower with Radar,243,70,8,0,321,0,0,0,0,0,243,70,8,0,321,0,0,0,321
11/29/2015,PIT,PA,AEA,CE,Combined TRACON& Tower with Radar,277,91,23,3,394,0,0,0,0,0,277,91,23,3,394,0,0,0,394
11/30/2015,PIT,PA,AEA,CE,Combined TRACON& Tower with Radar,287,111,26,6,430,0,0,3,0,3,287,111,29,6,433,0,0,0,433
12/01/2015,PIT,PA,AEA,CE,Combined TRACON& Tower with Radar,260,91,30,18,399,0,0,0,0,0,260,91,30,18,399,0,0,0,399
12/02/2015,PIT,PA,AEA,CE,Combined TRACON& Tower with Radar,276,102,29,14,421,0,0,1,0,1,276,102,30,14,422,0,0,0,422
12/03/2015,PIT,PA,AEA,CE,Combined TRACON& Tower with Radar,274,98,31,4,407,0,0,2,1,3,274,98,33,5,410,0,0,0,410
12/04/2015,PIT,PA,AEA,CE,Combined TRACON& Tower with Radar,270,98,32,8,408,0,0,1,1,2,270,98,33,9,410,0,0,0,410
12/05/2015,PIT,PA,AEA,CE,Combined TRACON& Tower with Radar,190,62,18,0,270,0,0,0,0,0,190,62,18,0,270,0,0,0,270
12/06/2015,PIT,PA,AEA,CE,Combined TRACON& Tower with Radar,214,78,21,4,317,0,2,0,3,5,214,80,21,7,322,0,0,0,322
12/07/2015,PIT,PA,AEA,CE,Combined TRACON& Tower with Radar,259,102,34,1,396,0,0,0,0,0,259,102,34,1,396,0,0,0,396
12/08/2015,PIT,PA,AEA,CE,Combined TRACON& Tower with Radar,267,110,25,8,410,0,0,0,3,3,267,110,25,11,413,0,0,0,413
12/09/2015,PIT,PA,AEA,CE,Combined TRACON& Tower with Radar,258,95,24,0,377,0,0,1,0,1,258,95,25,0,378,0,0,0,378
12/10/2015,PIT,PA,AEA,CE,Combined TRACON& Tower with Radar,277,116,36,8,437,0,0,2,3,5,277,116,38,11,442,0,0,0,442
12/11/2015,PIT,PA,AEA,CE,Combined TRACON& Tower with Radar,271,114,38,4,427,0,0,2,0,2,271,114,40,4,429,0,0,0,429
12/12/2015,PIT,PA,AEA,CE,Combined TRACON& Tower with Radar,183,56,9,0,248,0,0,0,0,0,183,56,9,0,248,0,0,0,248
12/13/2015,PIT,PA,AEA,CE,Combined TRACON& Tower with Radar,217,74,11,0,302,0,0,1,0,1,217,74,12,0,303,0,0,0,303
12/14/2015,PIT,PA,AEA,CE,Combined TRACON& Tower with Radar,249,102,25,19,395,0,0,0,0,0,249,102,25,19,395,0,0,0,395
12/15/2015,PIT,PA,AEA,CE,Combined TRACON& Tower with Radar,259,121,36,7,423,0,0,0,0,0,259,121,36,7,423,0,0,0,423
12/16/2015,PIT,PA,AEA,CE,Combined TRACON& Tower with Radar,275,98,30,23,426,0,0,6,0,6,275,98,36,23,432,0,0,0,432
12/17/2015,PIT,PA,AEA,CE,Combined TRACON& Tower with Radar,263,98,38,13,412,0,0,1,2,3,263,98,39,15,415,0,0,0,415
12/18/2015,PIT,PA,AEA,CE,Combined TRACON& Tower with Radar,257,99,20,4,380,0,0,0,0,0,257,99,20,4,380,0,0,0,380
12/19/2015,PIT,PA,AEA,CE,Combined TRACON& Tower with Radar,206,70,4,0,280,0,0,0,0,0,206,70,4,0,280,0,0,0,280
12/20/2015,PIT,PA,AEA,CE,Combined TRACON& Tower with Radar,211,98,16,1,326,0,2,2,0,4,211,100,18,1,330,0,0,0,330
12/21/2015,PIT,PA,AEA,CE,Combined TRACON& Tower with Radar,232,110,17,11,370,0,0,1,0,1,232,110,18,11,371,0,0,0,371
12/22/2015,PIT,PA,AEA,CE,Combined TRACON& Tower with Radar,244,95,21,19,379,0,0,1,3,4,244,95,22,22,383,0,0,0,383
12/23/2015,PIT,PA,AEA,CE,Combined TRACON& Tower with Radar,276,102,14,7,399,0,1,2,0,3,276,103,16,7,402,0,0,0,402
12/24/2015,PIT,PA,AEA,CE,Combined TRACON& Tower with Radar,211,90,5,0,306,0,0,0,0,0,211,90,5,0,306,0,0,0,306
12/25/2015,PIT,PA,AEA,CE,Combined TRACON& Tower with Radar,160,65,1,0,226,0,0,0,0,0,160,65,1,0,226,0,0,0,226
12/26/2015,PIT,PA,AEA,CE,Combined TRACON& Tower with Radar,196,95,9,1,301,0,0,0,0,0,196,95,9,1,301,0,0,0,301
12/27/2015,PIT,PA,AEA,CE,Combined TRACON& Tower with Radar,226,74,5,0,305,0,0,0,0,0,226,74,5,0,305,0,0,0,305
12/28/2015,PIT,PA,AEA,CE,Combined TRACON& Tower with Radar,216,73,13,4,306,0,0,0,0,0,216,73,13,4,306,0,0,0,306
12/29/2015,PIT,PA,AEA,CE,Combined TRACON& Tower with Radar,225,83,9,32,349,0,2,0,4,6,225,85,9,36,355,0,0,0,355
12/30/2015,PIT,PA,AEA,CE,Combined TRACON& Tower with Radar,230,90,5,34,359,0,0,4,0,4,230,90,9,34,363,0,0,0,363
12/31/2015,PIT,PA,AEA,CE,Combined TRACON& Tower with Radar,198,74,4,0,276,0,0,0,0,0,198,74,4,0,276,0,0,0,276
01/01/2016,PIT,PA,AEA,CE,Combined TRACON& Tower with Radar,171,55,4,1,231,0,0,0,0,0,171,55,4,1,231,0,0,0,231
01/02/2016,PIT,PA,AEA,CE,Combined TRACON& Tower with Radar,202,80,13,0,295,0,0,0,0,0,202,80,13,0,295,0,0,0,295
01/03/2016,PIT,PA,AEA,CE,Combined TRACON& Tower with Radar,222,67,7,0,296,0,0,0,0,0,222,67,7,0,296,0,0,0,296
01/04/2016,PIT,PA,AEA,CE,Combined TRACON& Tower with Radar,229,98,11,8,346,0,0,0,0,0,229,98,11,8,346,0,0,0,346
01/05/2016,PIT,PA,AEA,CE,Combined TRACON& Tower with Radar,239,107,15,10,371,0,0,3,1,4,239,107,18,11,375,0,0,0,375
01/06/2016,PIT,PA,AEA,CE,Combined TRACON& Tower with Radar,240,107,15,0,362,0,0,9,1,10,240,107,24,1,372,0,0,0,372
01/07/2016,PIT,PA,AEA,CE,Combined TRACON& Tower with Radar,256,114,20,25,415,0,0,9,5,14,256,114,29,30,429,0,0,0,429
01/08/2016,PIT,PA,AEA,CE,Combined TRACON& Tower with Radar,254,95,11,5,365,0,0,0,0,0,254,95,11,5,365,0,0,0,365
01/09/2016,PIT,PA,AEA,CE,Combined TRACON& Tower with Radar,173,63,6,11,253,0,0,2,0,2,173,63,8,11,255,0,0,0,255
01/10/2016,PIT,PA,AEA,CE,Combined TRACON& Tower with Radar,217,61,11,1,290,0,0,0,0,0,217,61,11,1,290,0,0,0,290
01/11/2016,PIT,PA,AEA,CE,Combined TRACON& Tower with Radar,234,99,39,23,395,0,0,0,0,0,234,99,39,23,395,0,0,0,395
01/12/2016,PIT,PA,AEA,CE,Combined TRACON& Tower with Radar,233,72,31,5,341,0,0,0,0,0,233,72,31,5,341,0,0,0,341
01/13/2016,PIT,PA,AEA,CE,Combined TRACON& Tower with Radar,245,109,39,21,414,0,0,4,2,6,245,109,43,23,420,0,0,0,420
01/14/2016,PIT,PA,AEA,CE,Combined TRACON& Tower with Radar,251,95,30,13,389,0,0,0,2,2,251,95,30,15,391,0,0,0,391
01/15/2016,PIT,PA,AEA,CE,Combined TRACON& Tower with Radar,241,107,16,0,364,0,1,1,0,2,241,108,17,0,366,0,0,0,366
01/16/2016,PIT,PA,AEA,CE,Combined TRACON& Tower with Radar,184,50,9,0,243,0,0,0,0,0,184,50,9,0,243,0,0,0,243
01/17/2016,PIT,PA,AEA,CE,Combined TRACON& Tower with Radar,195,55,12,0,262,0,0,2,0,2,195,55,14,0,264,0,0,0,264
01/18/2016,PIT,PA,AEA,CE,Combined TRACON& Tower with Radar,237,86,17,1,341,0,0,0,0,0,237,86,17,1,341,0,0,0,341
01/19/2016,PIT,PA,AEA,CE,Combined TRACON& Tower with Radar,240,113,35,19,407,0,0,6,0,6,240,113,41,19,413,0,0,0,413
01/20/2016,PIT,PA,AEA,CE,Combined TRACON& Tower with Radar,247,102,26,14,389,0,0,0,0,0,247,102,26,14,389,0,0,0,389
01/21/2016,PIT,PA,AEA,CE,Combined TRACON& Tower with Radar,255,111,34,17,417,0,0,0,0,0,255,111,34,17,417,0,0,0,417
01/22/2016,PIT,PA,AEA,CE,Combined TRACON& Tower with Radar,207,99,22,8,336,0,0,2,0,2,207,99,24,8,338,0,0,0,338
01/23/2016,PIT,PA,AEA,CE,Combined TRACON& Tower with Radar,139,35,1,1,176,0,0,2,0,2,139,35,3,1,178,0,0,0,178
01/24/2016,PIT,PA,AEA,CE,Combined TRACON& Tower with Radar,160,49,7,4,220,0,0,0,0,0,160,49,7,4,220,0,0,0,220
01/25/2016,PIT,PA,AEA,CE,Combined TRACON& Tower with Radar,218,94,16,4,332,0,0,2,0,2,218,94,18,4,334,0,0,0,334
01/26/2016,PIT,PA,AEA,CE,Combined TRACON& Tower with Radar,218,109,28,7,362,0,0,4,2,6,218,109,32,9,368,0,0,0,368
01/27/2016,PIT,PA,AEA,CE,Combined TRACON& Tower with Radar,243,113,34,20,410,0,0,0,0,0,243,113,34,20,410,0,0,0,410
01/28/2016,PIT,PA,AEA,CE,Combined TRACON& Tower with Radar,248,123,30,9,410,0,0,1,0,1,248,123,31,9,411,0,6,6,417
01/29/2016,PIT,PA,AEA,CE,Combined TRACON& Tower with Radar,243,106,26,16,391,0,0,0,0,0,243,106,26,16,391,0,0,0,391
01/30/2016,PIT,PA,AEA,CE,Combined TRACON& Tower with Radar,173,63,2,3,241,0,0,3,0,3,173,63,5,3,244,0,0,0,244
01/31/2016,PIT,PA,AEA,CE,Combined TRACON& Tower with Radar,213,72,3,3,291,0,0,3,0,3,213,72,6,3,294,0,0,0,294
02/01/2016,PIT,PA,AEA,CE,Combined TRACON& Tower with Radar,236,112,40,5,393,0,1,1,0,2,236,113,41,5,395,0,0,0,395
02/02/2016,PIT,PA,AEA,CE,Combined TRACON& Tower with Radar,221,107,32,24,384,0,0,6,3,9,221,107,38,27,393,0,0,0,393
02/03/2016,PIT,PA,AEA,CE,Combined TRACON& Tower with Radar,250,111,30,10,401,0,0,0,0,0,250,111,30,10,401,0,9,9,410
02/04/2016,PIT,PA,AEA,CE,Combined TRACON& Tower with Radar,259,99,14,10,382,0,2,0,2,4,259,101,14,12,386,0,0,0,386
02/05/2016,PIT,PA,AEA,CE,Combined TRACON& Tower with Radar,224,110,22,20,376,0,0,2,0,2,224,110,24,20,378,0,0,0,378
02/06/2016,PIT,PA,AEA,CE,Combined TRACON& Tower with Radar,179,58,3,6,246,0,3,0,1,4,179,61,3,7,250,0,0,0,250
02/07/2016,PIT,PA,AEA,CE,Combined TRACON& Tower with Radar,182,58,15,5,260,0,0,2,0,2,182,58,17,5,262,0,0,0,262
02/08/2016,PIT,PA,AEA,CE,Combined TRACON& Tower with Radar,219,100,23,29,371,0,0,0,0,0,219,100,23,29,371,0,0,0,371
02/09/2016,PIT,PA,AEA,CE,Combined TRACON& Tower with Radar,234,84,35,4,357,0,0,0,0,0,234,84,35,4,357,0,0,0,357
02/10/2016,PIT,PA,AEA,CE,Combined TRACON& Tower with Radar,243,118,22,5,388,0,0,0,0,0,243,118,22,5,388,0,0,0,388
02/11/2016,PIT,PA,AEA,CE,Combined TRACON& Tower with Radar,240,108,24,14,386,0,0,0,0,0,240,108,24,14,386,0,0,0,386
02/12/2016,PIT,PA,AEA,CE,Combined TRACON& Tower with Radar,239,130,19,1,389,0,0,1,0,1,239,130,20,1,390,0,0,0,390
02/13/2016,PIT,PA,AEA,CE,Combined TRACON& Tower with Radar,177,57,9,0,243,0,0,0,0,0,177,57,9,0,243,0,0,0,243
02/14/2016,PIT,PA,AEA,CE,Combined TRACON& Tower with Radar,180,77,7,0,264,0,0,2,0,2,180,77,9,0,266,0,0,0,266
02/15/2016,PIT,PA,AEA,CE,Combined TRACON& Tower with Radar,202,63,29,0,294,0,0,0,0,0,202,63,29,0,294,0,0,0,294
02/16/2016,PIT,PA,AEA,CE,Combined TRACON& Tower with Radar,216,81,37,3,337,0,0,0,0,0,216,81,37,3,337,0,0,0,337
02/17/2016,PIT,PA,AEA,CE,Combined TRACON& Tower with Radar,235,111,42,36,424,0,1,0,0,1,235,112,42,36,425,0,0,0,425
02/18/2016,PIT,PA,AEA,CE,Combined TRACON& Tower with Radar,237,120,39,13,409,0,0,6,1,7,237,120,45,14,416,0,0,0,416
02/19/2016,PIT,PA,AEA,CE,Combined TRACON& Tower with Radar,230,123,18,15,386,0,2,0,0,2,230,125,18,15,388,0,0,0,388
02/20/2016,PIT,PA,AEA,CE,Combined TRACON& Tower with Radar,188,53,8,2,251,0,0,1,0,1,188,53,9,2,252,0,0,0,252
02/21/2016,PIT,PA,AEA,CE,Combined TRACON& Tower with Radar,212,77,13,3,305,0,0,2,0,2,212,77,15,3,307,0,0,0,307
02/22/2016,PIT,PA,AEA,CE,Combined TRACON& Tower with Radar,228,127,25,29,409,0,0,1,0,1,228,127,26,29,410,0,0,0,410
02/23/2016,PIT,PA,AEA,CE,Combined TRACON& Tower with Radar,231,109,24,33,397,0,0,0,0,0,231,109,24,33,397,0,0,0,397
02/24/2016,PIT,PA,AEA,CE,Combined TRACON& Tower with Radar,261,116,33,7,417,0,0,0,0,0,261,116,33,7,417,0,0,0,417
02/25/2016,PIT,PA,AEA,CE,Combined TRACON& Tower with Radar,260,122,39,18,439,0,0,0,0,0,260,122,39,18,439,0,0,0,439
02/26/2016,PIT,PA,AEA,CE,Combined TRACON& Tower with Radar,237,134,19,4,394,0,0,0,0,0,237,134,19,4,394,0,0,0,394
02/27/2016,PIT,PA,AEA,CE,Combined TRACON& Tower with Radar,180,58,8,5,251,0,0,1,0,1,180,58,9,5,252,0,0,0,252
02/28/2016,PIT,PA,AEA,CE,Combined TRACON& Tower with Radar,209,87,13,2,311,0,0,3,0,3,209,87,16,2,314,0,0,0,314
02/29/2016,PIT,PA,AEA,CE,Combined TRACON& Tower with Radar,242,105,34,5,386,0,1,0,0,1,242,106,34,5,387,0,0,0,387
03/01/2016,PIT,PA,AEA,CE,Combined TRACON& Tower with Radar,216,108,25,9,358,0,1,2,0,3,216,109,27,9,361,0,0,0,361
03/02/2016,PIT,PA,AEA,CE,Combined TRACON& Tower with Radar,240,102,19,62,423,0,0,0,2,2,240,102,19,64,425,0,0,0,425
03/03/2016,PIT,PA,AEA,CE,Combined TRACON& Tower with Radar,238,131,29,43,441,0,2,0,0,2,238,133,29,43,443,0,8,8,451
03/04/2016,PIT,PA,AEA,CE,Combined TRACON& Tower with Radar,237,112,29,10,388,0,0,0,0,0,237,112,29,10,388,0,0,0,388
03/05/2016,PIT,PA,AEA,CE,Combined TRACON& Tower with Radar,186,77,2,16,281,0,0,0,1,1,186,77,2,17,282,0,0,0,282
03/06/2016,PIT,PA,AEA,CE,Combined TRACON& Tower with Radar,213,76,10,3,302,0,0,2,0,2,213,76,12,3,304,0,0,0,304
03/07/2016,PIT,PA,AEA,CE,Combined TRACON& Tower with Radar,230,114,17,43,404,0,3,6,0,9,230,117,23,43,413,0,0,0,413
03/08/2016,PIT,PA,AEA,CE,Combined TRACON& Tower with Radar,224,125,25,37,411,0,0,4,4,8,224,125,29,41,419,0,0,0,419
03/09/2016,PIT,PA,AEA,CE,Combined TRACON& Tower with Radar,230,125,38,67,460,0,0,4,1,5,230,125,42,68,465,0,0,0,465
03/10/2016,PIT,PA,AEA,CE,Combined TRACON& Tower with Radar,242,125,31,31,429,0,3,0,0,3,242,128,31,31,432,0,0,0,432
03/11/2016,PIT,PA,AEA,CE,Combined TRACON& Tower with Radar,246,112,19,18,395,0,0,1,0,1,246,112,20,18,396,0,0,0,396
03/12/2016,PIT,PA,AEA,CE,Combined TRACON& Tower with Radar,193,70,8,2,273,0,0,0,1,1,193,70,8,3,274,0,0,0,274
03/13/2016,PIT,PA,AEA,CE,Combined TRACON& Tower with Radar,229,81,6,0,316,0,0,0,0,0,229,81,6,0,316,0,0,0,316
03/14/2016,PIT,PA,AEA,CE,Combined TRACON& Tower with Radar,244,101,24,5,374,0,0,0,0,0,244,101,24,5,374,0,0,0,374
03/15/2016,PIT,PA,AEA,CE,Combined TRACON& Tower with Radar,245,110,45,35,435,0,2,0,1,3,245,112,45,36,438,0,0,0,438
03/16/2016,PIT,PA,AEA,CE,Combined TRACON& Tower with Radar,247,120,35,43,445,0,0,1,0,1,247,120,36,43,446,0,0,0,446
03/17/2016,PIT,PA,AEA,CE,Combined TRACON& Tower with Radar,246,116,24,16,402,0,0,3,0,3,246,116,27,16,405,0,0,0,405
03/18/2016,PIT,PA,AEA,CE,Combined TRACON& Tower with Radar,245,119,20,15,399,0,0,3,0,3,245,119,23,15,402,0,0,0,402
03/19/2016,PIT,PA,AEA,CE,Combined TRACON& Tower with Radar,197,68,7,2,274,0,0,0,0,0,197,68,7,2,274,0,0,0,274
03/20/2016,PIT,PA,AEA,CE,Combined TRACON& Tower with Radar,225,68,3,4,300,0,0,2,0,2,225,68,5,4,302,0,0,0,302
03/21/2016,PIT,PA,AEA,CE,Combined TRACON& Tower with Radar,238,109,23,33,403,0,0,3,0,3,238,109,26,33,406,0,0,0,406
03/22/2016,PIT,PA,AEA,CE,Combined TRACON& Tower with Radar,243,120,22,34,419,0,0,2,0,2,243,120,24,34,421,0,0,0,421
03/23/2016,PIT,PA,AEA,CE,Combined TRACON& Tower with Radar,236,122,28,38,424,0,0,2,9,11,236,122,30,47,435,0,0,0,435
03/24/2016,PIT,PA,AEA,CE,Combined TRACON& Tower with Radar,244,111,24,29,408,0,1,2,1,4,244,112,26,30,412,0,0,0,412
03/25/2016,PIT,PA,AEA,CE,Combined TRACON& Tower with Radar,241,92,7,11,351,0,0,0,0,0,241,92,7,11,351,0,0,0,351
03/26/2016,PIT,PA,AEA,CE,Combined TRACON& Tower with Radar,183,65,5,2,255,0,2,3,1,6,183,67,8,3,261,0,0,0,261
03/27/2016,PIT,PA,AEA,CE,Combined TRACON& Tower with Radar,230,69,11,1,311,0,1,3,0,4,230,70,14,1,315,0,0,0,315
03/28/2016,PIT,PA,AEA,CE,Combined TRACON& Tower with Radar,238,114,19,8,379,0,1,0,0,1,238,115,19,8,380,0,0,0,380
03/29/2016,PIT,PA,AEA,CE,Combined TRACON& Tower with Radar,240,123,26,36,425,0,0,9,3,12,240,123,35,39,437,0,0,0,437
03/30/2016,PIT,PA,AEA,CE,Combined TRACON& Tower with Radar,242,120,36,24,422,0,0,4,3,7,242,120,40,27,429,0,0,0,429
03/31/2016,PIT,PA,AEA,CE,Combined TRACON& Tower with Radar,250,117,35,1,403,0,0,2,0,2,250,117,37,1,405,0,0,0,405
04/01/2016,PIT,PA,AEA,CE,Combined TRACON& Tower with Radar,246,115,38,7,406,0,0,1,0,1,246,115,39,7,407,0,0,0,407
04/02/2016,PIT,PA,AEA,CE,Combined TRACON& Tower with Radar,189,70,7,1,267,0,0,0,0,0,189,70,7,1,267,0,0,0,267
04/03/2016,PIT,PA,AEA,CE,Combined TRACON& Tower with Radar,211,79,17,1,308,0,0,6,0,6,211,79,23,1,314,0,0,0,314
04/04/2016,PIT,PA,AEA,CE,Combined TRACON& Tower with Radar,235,122,23,25,405,0,0,0,1,1,235,122,23,26,406,0,0,0,406
04/05/2016,PIT,PA,AEA,CE,Combined TRACON& Tower with Radar,250,113,39,33,435,0,2,3,3,8,250,115,42,36,443,0,0,0,443
04/06/2016,PIT,PA,AEA,CE,Combined TRACON& Tower with Radar,247,110,29,24,410,0,2,3,0,5,247,112,32,24,415,0,0,0,415
04/07/2016,PIT,PA,AEA,CE,Combined TRACON& Tower with Radar,262,120,26,19,427,0,0,0,0,0,262,120,26,19,427,0,0,0,427
04/08/2016,PIT,PA,AEA,CE,Combined TRACON& Tower with Radar,253,109,22,24,408,0,2,1,0,3,253,111,23,24,411,0,0,0,411
04/09/2016,PIT,PA,AEA,CE,Combined TRACON& Tower with Radar,198,41,4,1,244,0,0,0,0,0,198,41,4,1,244,0,0,0,244
04/10/2016,PIT,PA,AEA,CE,Combined TRACON& Tower with Radar,228,73,8,1,310,0,0,2,0,2,228,73,10,1,312,0,0,0,312
04/11/2016,PIT,PA,AEA,CE,Combined TRACON& Tower with Radar,247,111,17,3,378,0,0,0,0,0,247,111,17,3,378,0,0,0,378
04/12/2016,PIT,PA,AEA,CE,Combined TRACON& Tower with Radar,249,123,25,44,441,0,0,1,2,3,249,123,26,46,444,0,0,0,444
04/13/2016,PIT,PA,AEA,CE,Combined TRACON& Tower with Radar,250,114,32,49,445,0,3,10,2,15,250,117,42,51,460,2,4,6,466
04/14/2016,PIT,PA,AEA,CE,Combined TRACON& Tower with Radar,260,139,34,28,461,0,2,3,1,6,260,141,37,29,467,0,0,0,467
04/15/2016,PIT,PA,AEA,CE,Combined TRACON& Tower with Radar,245,114,18,40,417,0,0,5,2,7,245,114,23,42,424,0,10,10,434
04/16/2016,PIT,PA,AEA,CE,Combined TRACON& Tower with Radar,185,67,10,1,263,0,0,1,0,1,185,67,11,1,264,0,0,0,264
04/17/2016,PIT,PA,AEA,CE,Combined TRACON& Tower with Radar,224,95,13,10,342,0,0,2,0,2,224,95,15,10,344,0,0,0,344
04/18/2016,PIT,PA,AEA,CE,Combined TRACON& Tower with Radar,236,108,25,32,401,0,0,0,0,0,236,108,25,32,401,0,5,5,406
04/19/2016,PIT,PA,AEA,CE,Combined TRACON& Tower with Radar,241,128,29,38,436,0,0,0,3,3,241,128,29,41,439,0,0,0,439
04/20/2016,PIT,PA,AEA,CE,Combined TRACON& Tower with Radar,242,115,34,41,432,0,0,4,5,9,242,115,38,46,441,0,0,0,441
04/21/2016,PIT,PA,AEA,CE,Combined TRACON& Tower with Radar,255,140,33,9,437,0,0,8,2,10,255,140,41,11,447,0,0,0,447
04/22/2016,PIT,PA,AEA,CE,Combined TRACON& Tower with Radar,252,112,31,14,409,0,0,0,0,0,252,112,31,14,409,0,0,0,409
04/23/2016,PIT,PA,AEA,CE,Combined TRACON& Tower with Radar,185,66,14,1,266,0,0,2,0,2,185,66,16,1,268,0,0,0,268
04/24/2016,PIT,PA,AEA,CE,Combined TRACON& Tower with Radar,216,87,11,2,316,0,0,1,0,1,216,87,12,2,317,0,0,0,317
04/25/2016,PIT,PA,AEA,CE,Combined TRACON& Tower with Radar,245,104,40,5,394,0,0,2,0,2,245,104,42,5,396,0,0,0,396
04/26/2016,PIT,PA,AEA,CE,Combined TRACON& Tower with Radar,242,115,33,30,420,0,0,0,0,0,242,115,33,30,420,0,6,6,426
04/27/2016,PIT,PA,AEA,CE,Combined TRACON& Tower with Radar,241,116,32,38,427,0,4,0,2,6,241,120,32,40,433,0,0,0,433
04/28/2016,PIT,PA,AEA,CE,Combined TRACON& Tower with Radar,254,124,34,20,432,0,0,0,0,0,254,124,34,20,432,0,0,0,432
04/29/2016,PIT,PA,AEA,CE,Combined TRACON& Tower with Radar,247,119,23,12,401,0,0,1,0,1,247,119,24,12,402,0,0,0,402
04/30/2016,PIT,PA,AEA,CE,Combined TRACON& Tower with Radar,185,63,9,0,257,0,0,0,0,0,185,63,9,0,257,0,0,0,257
05/01/2016,PIT,PA,AEA,CE,Combined TRACON& Tower with Radar,221,99,15,4,339,0,0,0,0,0,221,99,15,4,339,0,0,0,339
05/02/2016,PIT,PA,AEA,CE,Combined TRACON& Tower with Radar,286,117,36,44,483,0,0,1,0,1,286,117,37,44,484,0,0,0,484
05/03/2016,PIT,PA,AEA,CE,Combined TRACON& Tower with Radar,255,115,38,38,446,0,0,8,1,9,255,115,46,39,455,0,5,5,460
05/04/2016,PIT,PA,AEA,CE,Combined TRACON& Tower with Radar,250,115,27,35,427,0,0,1,1,2,250,115,28,36,429,0,10,10,439
05/05/2016,PIT,PA,AEA,CE,Combined TRACON& Tower with Radar,257,137,29,24,447,0,0,1,0,1,257,137,30,24,448,0,0,0,448
05/06/2016,PIT,PA,AEA,CE,Combined TRACON& Tower with Radar,256,114,15,13,398,0,0,1,0,1,256,114,16,13,399,0,0,0,399
05/07/2016,PIT,PA,AEA,CE,Combined TRACON& Tower with Radar,206,60,6,3,275,0,0,8,0,8,206,60,14,3,283,0,0,0,283
05/08/2016,PIT,PA,AEA,CE,Combined TRACON& Tower with Radar,226,73,10,1,310,0,0,5,0,5,226,73,15,1,315,0,0,0,315
05/09/2016,PIT,PA,AEA,CE,Combined TRACON& Tower with Radar,253,118,26,6,403,0,1,1,0,2,253,119,27,6,405,0,0,0,405
05/10/2016,PIT,PA,AEA,CE,Combined TRACON& Tower with Radar,255,131,23,39,448,0,0,2,1,3,255,131,25,40,451,0,0,0,451
05/11/2016,PIT,PA,AEA,CE,Combined TRACON& Tower with Radar,255,132,28,28,443,0,2,1,0,3,255,134,29,28,446,0,0,0,446
05/12/2016,PIT,PA,AEA,CE,Combined TRACON& Tower with Radar,250,118,21,29,418,0,0,1,1,2,250,118,22,30,420,0,0,0,420
05/13/2016,PIT,PA,AEA,CE,Combined TRACON& Tower with Radar,258,115,19,22,414,0,0,0,0,0,258,115,19,22,414,0,0,0,414
05/14/2016,PIT,PA,AEA,CE,Combined TRACON& Tower with Radar,205,52,8,6,271,0,0,0,0,0,205,52,8,6,271,0,0,0,271
05/15/2016,PIT,PA,AEA,CE,Combined TRACON& Tower with Radar,242,88,24,5,359,0,0,3,0,3,242,88,27,5,362,0,0,0,362
05/16/2016,PIT,PA,AEA,CE,Combined TRACON& Tower with Radar,252,123,30,8,413,0,0,9,0,9,252,123,39,8,422,0,0,0,422
05/17/2016,PIT,PA,AEA,CE,Combined TRACON& Tower with Radar,256,150,42,5,453,0,0,1,1,2,256,150,43,6,455,0,0,0,455
05/18/2016,PIT,PA,AEA,CE,Combined TRACON& Tower with Radar,252,129,37,6,424,0,0,4,2,6,252,129,41,8,430,0,0,0,430
05/19/2016,PIT,PA,AEA,CE,Combined TRACON& Tower with Radar,262,123,44,19,448,0,2,9,0,11,262,125,53,19,459,0,0,0,459
05/20/2016,PIT,PA,AEA,CE,Combined TRACON& Tower with Radar,259,121,34,8,422,0,0,1,0,1,259,121,35,8,423,0,0,0,423
05/21/2016,PIT,PA,AEA,CE,Combined TRACON& Tower with Radar,197,62,18,0,277,0,0,0,0,0,197,62,18,0,277,0,0,0,277
05/22/2016,PIT,PA,AEA,CE,Combined TRACON& Tower with Radar,237,80,19,3,339,0,0,2,0,2,237,80,21,3,341,0,0,0,341
05/23/2016,PIT,PA,AEA,CE,Combined TRACON& Tower with Radar,253,123,37,9,422,0,0,15,0,15,253,123,52,9,437,0,0,0,437
05/24/2016,PIT,PA,AEA,CE,Combined TRACON& Tower with Radar,260,114,39,18,431,0,1,2,1,4,260,115,41,19,435,0,0,0,435
05/25/2016,PIT,PA,AEA,CE,Combined TRACON& Tower with Radar,254,126,32,21,433,0,2,3,0,5,254,128,35,21,438,0,0,0,438
05/26/2016,PIT,PA,AEA,CE,Combined TRACON& Tower with Radar,261,129,35,17,442,0,0,5,8,13,261,129,40,25,455,0,0,0,455
05/27/2016,PIT,PA,AEA,CE,Combined TRACON& Tower with Radar,264,125,24,24,437,0,0,4,0,4,264,125,28,24,441,0,0,0,441
05/28/2016,PIT,PA,AEA,CE,Combined TRACON& Tower with Radar,191,66,8,0,265,0,0,1,0,1,191,66,9,0,266,0,0,0,266
05/29/2016,PIT,PA,AEA,CE,Combined TRACON& Tower with Radar,186,57,7,2,252,0,0,2,0,2,186,57,9,2,254,0,0,0,254
05/30/2016,PIT,PA,AEA,CE,Combined TRACON& Tower with Radar,224,100,13,1,338,0,0,3,3,6,224,100,16,4,344,0,0,0,344
05/31/2016,PIT,PA,AEA,CE,Combined TRACON& Tower with Radar,247,120,25,53,445,0,0,1,0,1,247,120,26,53,446,0,0,0,446
06/01/2016,PIT,PA,AEA,CE,Combined TRACON& Tower with Radar,251,138,30,47,466,0,1,10,6,17,251,139,40,53,483,0,0,0,483
06/02/2016,PIT,PA,AEA,CE,Combined TRACON& Tower with Radar,263,128,38,25,454,0,0,7,1,8,263,128,45,26,462,0,0,0,462
06/03/2016,PIT,PA,AEA,CE,Combined TRACON& Tower with Radar,271,122,18,30,441,0,0,5,1,6,271,122,23,31,447,0,0,0,447
06/04/2016,PIT,PA,AEA,CE,Combined TRACON& Tower with Radar,198,54,9,2,263,0,0,0,0,0,198,54,9,2,263,0,0,0,263
06/05/2016,PIT,PA,AEA,CE,Combined TRACON& Tower with Radar,239,72,22,4,337,0,0,0,2,2,239,72,22,6,339,0,0,0,339
06/06/2016,PIT,PA,AEA,CE,Combined TRACON& Tower with Radar,260,117,25,2,404,0,1,4,0,5,260,118,29,2,409,0,0,0,409
06/07/2016,PIT,PA,AEA,CE,Combined TRACON& Tower with Radar,278,118,27,42,465,0,0,2,0,2,278,118,29,42,467,0,0,0,467
06/08/2016,PIT,PA,AEA,CE,Combined TRACON& Tower with Radar,265,115,36,41,457,0,0,1,2,3,265,115,37,43,460,0,11,11,471
06/09/2016,PIT,PA,AEA,CE,Combined TRACON& Tower with Radar,276,129,63,36,504,0,0,3,1,4,276,129,66,37,508,0,0,0,508
06/10/2016,PIT,PA,AEA,CE,Combined TRACON& Tower with Radar,271,139,45,14,469,0,1,0,0,1,271,140,45,14,470,0,0,0,470
06/11/2016,PIT,PA,AEA,CE,Combined TRACON& Tower with Radar,230,72,16,1,319,0,1,1,0,2,230,73,17,1,321,0,0,0,321
06/12/2016,PIT,PA,AEA,CE,Combined TRACON& Tower with Radar,235,83,13,1,332,0,1,0,0,1,235,84,13,1,333,0,0,0,333
06/13/2016,PIT,PA,AEA,CE,Combined TRACON& Tower with Radar,274,110,33,32,449,0,1,3,0,4,274,111,36,32,453,0,0,0,453
06/14/2016,PIT,PA,AEA,CE,Combined TRACON& Tower with Radar,267,129,34,24,454,0,0,5,3,8,267,129,39,27,462,0,0,0,462
06/15/2016,PIT,PA,AEA,CE,Combined TRACON& Tower with Radar,264,138,30,30,462,0,0,0,3,3,264,138,30,33,465,0,0,0,465
06/16/2016,PIT,PA,AEA,CE,Combined TRACON& Tower with Radar,266,104,45,25,440,0,0,0,0,0,266,104,45,25,440,0,6,6,446
06/17/2016,PIT,PA,AEA,CE,Combined TRACON& Tower with Radar,272,136,28,26,462,0,0,4,0,4,272,136,32,26,466,0,0,0,466
06/18/2016,PIT,PA,AEA,CE,Combined TRACON& Tower with Radar,236,78,10,1,325,0,0,4,0,4,236,78,14,1,329,0,0,0,329
06/19/2016,PIT,PA,AEA,CE,Combined TRACON& Tower with Radar,252,99,13,1,365,0,0,2,0,2,252,99,15,1,367,0,0,0,367
06/20/2016,PIT,PA,AEA,CE,Combined TRACON& Tower with Radar,272,121,36,6,435,0,0,2,1,3,272,121,38,7,438,0,0,0,438
06/21/2016,PIT,PA,AEA,CE,Combined TRACON& Tower with Radar,272,130,21,37,460,0,0,5,2,7,272,130,26,39,467,0,0,0,467
06/22/2016,PIT,PA,AEA,CE,Combined TRACON& Tower with Radar,265,128,20,26,439,0,0,1,4,5,265,128,21,30,444,0,0,0,444
06/23/2016,PIT,PA,AEA,CE,Combined TRACON& Tower with Radar,266,124,37,31,458,0,0,0,0,0,266,124,37,31,458,0,8,8,466
06/24/2016,PIT,PA,AEA,CE,Combined TRACON& Tower with Radar,282,118,19,19,438,0,0,1,0,1,282,118,20,19,439,0,0,0,439
06/25/2016,PIT,PA,AEA,CE,Combined TRACON& Tower with Radar,232,71,17,0,320,0,0,1,0,1,232,71,18,0,321,0,0,0,321
06/26/2016,PIT,PA,AEA,CE,Combined TRACON& Tower with Radar,243,69,17,6,335,0,0,2,0,2,243,69,19,6,337,0,0,0,337
06/27/2016,PIT,PA,AEA,CE,Combined TRACON& Tower with Radar,268,117,27,37,449,0,2,2,0,4,268,119,29,37,453,0,0,0,453
06/28/2016,PIT,PA,AEA,CE,Combined TRACON& Tower with Radar,260,129,33,16,438,0,0,3,5,8,260,129,36,21,446,0,0,0,446
06/29/2016,PIT,PA,AEA,CE,Combined TRACON& Tower with Radar,268,134,34,23,459,0,1,3,4,8,268,135,37,27,467,0,0,0,467
06/30/2016,PIT,PA,AEA,CE,Combined TRACON& Tower with Radar,274,127,26,22,449,0,0,7,1,8,274,127,33,23,457,0,0,0,457
07/01/2016,PIT,PA,AEA,CE,Combined TRACON& Tower with Radar,269,117,23,2,411,0,2,0,0,2,269,119,23,2,413,0,0,0,413
07/02/2016,PIT,PA,AEA,CE,Combined TRACON& Tower with Radar,236,61,6,0,303,0,0,8,0,8,236,61,14,0,311,0,0,0,311
07/03/2016,PIT,PA,AEA,CE,Combined TRACON& Tower with Radar,202,64,1,0,267,0,0,1,0,1,202,64,2,0,268,0,0,0,268
07/04/2016,PIT,PA,AEA,CE,Combined TRACON& Tower with Radar,209,91,4,0,304,0,0,0,0,0,209,91,4,0,304,0,0,0,304
07/05/2016,PIT,PA,AEA,CE,Combined TRACON& Tower with Radar,260,116,24,30,430,0,0,3,4,7,260,116,27,34,437,0,0,0,437
07/06/2016,PIT,PA,AEA,CE,Combined TRACON& Tower with Radar,273,111,26,29,439,0,0,4,3,7,273,111,30,32,446,0,0,0,446
07/07/2016,PIT,PA,AEA,CE,Combined TRACON& Tower with Radar,271,134,34,25,464,0,1,0,0,1,271,135,34,25,465,0,0,0,465
07/08/2016,PIT,PA,AEA,CE,Combined TRACON& Tower with Radar,268,122,16,33,439,0,0,1,0,1,268,122,17,33,440,0,0,0,440
07/09/2016,PIT,PA,AEA,CE,Combined TRACON& Tower with Radar,237,70,7,2,316,0,0,2,0,2,237,70,9,2,318,0,0,0,318
07/10/2016,PIT,PA,AEA,CE,Combined TRACON& Tower with Radar,252,88,19,5,364,0,2,0,0,2,252,90,19,5,366,0,0,0,366
07/11/2016,PIT,PA,AEA,CE,Combined TRACON& Tower with Radar,269,113,24,36,442,0,0,3,0,3,269,113,27,36,445,0,0,0,445
07/12/2016,PIT,PA,AEA,CE,Combined TRACON& Tower with Radar,269,111,26,25,431,0,1,2,2,5,269,112,28,27,436,0,0,0,436
07/13/2016,PIT,PA,AEA,CE,Combined TRACON& Tower with Radar,256,117,46,29,448,0,0,2,0,2,256,117,48,29,450,0,0,0,450
07/14/2016,PIT,PA,AEA,CE,Combined TRACON& Tower with Radar,272,133,25,37,467,0,0,5,0,5,272,133,30,37,472,0,0,0,472
07/15/2016,PIT,PA,AEA,CE,Combined TRACON& Tower with Radar,271,120,16,19,426,0,0,0,0,0,271,120,16,19,426,0,0,0,426
07/16/2016,PIT,PA,AEA,CE,Combined TRACON& Tower with Radar,244,69,15,2,330,0,2,2,0,4,244,71,17,2,334,0,0,0,334
07/17/2016,PIT,PA,AEA,CE,Combined TRACON& Tower with Radar,254,79,7,2,342,0,0,2,0,2,254,79,9,2,344,0,0,0,344
07/18/2016,PIT,PA,AEA,CE,Combined TRACON& Tower with Radar,282,109,17,6,414,0,0,0,0,0,282,109,17,6,414,0,14,14,428
07/19/2016,PIT,PA,AEA,CE,Combined TRACON& Tower with Radar,261,119,24,32,436,0,0,4,0,4,261,119,28,32,440,0,16,16,456
07/20/2016,PIT,PA,AEA,CE,Combined TRACON& Tower with Radar,259,128,34,37,458,0,0,2,2,4,259,128,36,39,462,0,0,0,462
07/21/2016,PIT,PA,AEA,CE,Combined TRACON& Tower with Radar,240,139,31,28,438,0,0,8,0,8,240,139,39,28,446,0,8,8,454
07/22/2016,PIT,PA,AEA,CE,Combined TRACON& Tower with Radar,263,125,26,27,441,0,0,1,0,1,263,125,27,27,442,0,18,18,460
07/23/2016,PIT,PA,AEA,CE,Combined TRACON& Tower with Radar,230,67,7,7,311,0,0,1,1,2,230,67,8,8,313,0,0,0,313
07/24/2016,PIT,PA,AEA,CE,Combined TRACON& Tower with Radar,229,86,15,5,335,0,0,0,0,0,229,86,15,5,335,0,0,0,335
07/25/2016,PIT,PA,AEA,CE,Combined TRACON& Tower with Radar,260,121,22,48,451,0,0,0,0,0,260,121,22,48,451,3,22,25,476
07/26/2016,PIT,PA,AEA,CE,Combined TRACON& Tower with Radar,261,126,23,40,450,0,0,4,0,4,261,126,27,40,454,0,4,4,458
07/27/2016,PIT,PA,AEA,CE,Combined TRACON& Tower with Radar,255,129,43,27,454,0,0,6,3,9,255,129,49,30,463,0,14,14,477
07/28/2016,PIT,PA,AEA,CE,Combined TRACON& Tower with Radar,253,116,30,16,415,0,0,0,0,0,253,116,30,16,415,0,6,6,421
07/29/2016,PIT,PA,AEA,CE,Combined TRACON& Tower with Radar,268,128,18,27,441,0,0,1,1,2,268,128,19,28,443,0,0,0,443
07/30/2016,PIT,PA,AEA,CE,Combined TRACON& Tower with Radar,209,67,5,2,283,0,0,1,0,1,209,67,6,2,284,0,0,0,284
07/31/2016,PIT,PA,AEA,CE,Combined TRACON& Tower with Radar,231,84,17,3,335,0,0,4,0,4,231,84,21,3,339,0,0,0,339
08/01/2016,PIT,PA,AEA,CE,Combined TRACON& Tower with Radar,261,111,20,1,393,0,0,2,0,2,261,111,22,1,395,0,0,0,395
08/02/2016,PIT,PA,AEA,CE,Combined TRACON& Tower with Radar,259,133,20,29,441,0,0,5,0,5,259,133,25,29,446,0,0,0,446
08/03/2016,PIT,PA,AEA,CE,Combined TRACON& Tower with Radar,266,135,28,35,464,0,1,11,1,13,266,136,39,36,477,0,6,6,483
08/04/2016,PIT,PA,AEA,CE,Combined TRACON& Tower with Radar,263,135,13,44,455,0,0,0,1,1,263,135,13,45,456,0,0,0,456
08/05/2016,PIT,PA,AEA,CE,Combined TRACON& Tower with Radar,274,124,22,21,441,0,0,6,1,7,274,124,28,22,448,0,0,0,448
08/06/2016,PIT,PA,AEA,CE,Combined TRACON& Tower with Radar,234,69,15,13,331,0,0,0,3,3,234,69,15,16,334,0,0,0,334
08/07/2016,PIT,PA,AEA,CE,Combined TRACON& Tower with Radar,237,81,23,5,346,0,0,2,0,2,237,81,25,5,348,0,0,0,348
08/08/2016,PIT,PA,AEA,CE,Combined TRACON& Tower with Radar,251,124,17,24,416,0,0,7,0,7,251,124,24,24,423,0,0,0,423
08/09/2016,PIT,PA,AEA,CE,Combined TRACON& Tower with Radar,240,135,28,26,429,0,0,5,2,7,240,135,33,28,436,0,0,0,436
08/10/2016,PIT,PA,AEA,CE,Combined TRACON& Tower with Radar,242,124,41,52,459,0,0,6,0,6,242,124,47,52,465,0,0,0,465
08/11/2016,PIT,PA,AEA,CE,Combined TRACON& Tower with Radar,257,136,45,31,469,0,2,1,0,3,257,138,46,31,472,0,0,0,472
08/12/2016,PIT,PA,AEA,CE,Combined TRACON& Tower with Radar,251,143,24,13,431,0,2,0,0,2,251,145,24,13,433,0,0,0,433
08/13/2016,PIT,PA,AEA,CE,Combined TRACON& Tower with Radar,210,65,4,3,282,0,0,0,0,0,210,65,4,3,282,0,0,0,282
08/14/2016,PIT,PA,AEA,CE,Combined TRACON& Tower with Radar,226,76,7,6,315,0,0,0,1,1,226,76,7,7,316,0,0,0,316
08/15/2016,PIT,PA,AEA,CE,Combined TRACON& Tower with Radar,261,137,22,10,430,0,0,0,1,1,261,137,22,11,431,0,0,0,431
08/16/2016,PIT,PA,AEA,CE,Combined TRACON& Tower with Radar,251,119,25,21,416,0,1,3,0,4,251,120,28,21,420,0,0,0,420
08/17/2016,PIT,PA,AEA,CE,Combined TRACON& Tower with Radar,251,129,20,28,428,0,0,0,0,0,251,129,20,28,428,0,0,0,428
08/18/2016,PIT,PA,AEA,CE,Combined TRACON& Tower with Radar,242,149,28,30,449,0,0,5,0,5,242,149,33,30,454,0,0,0,454
08/19/2016,PIT,PA,AEA,CE,Combined TRACON& Tower with Radar,239,133,16,26,414,0,0,0,0,0,239,133,16,26,414,0,6,6,420
08/20/2016,PIT,PA,AEA,CE,Combined TRACON& Tower with Radar,184,79,13,2,278,0,0,4,0,4,184,79,17,2,282,0,0,0,282
08/21/2016,PIT,PA,AEA,CE,Combined TRACON& Tower with Radar,212,104,1,3,320,0,0,2,1,3,212,104,3,4,323,0,0,0,323
08/22/2016,PIT,PA,AEA,CE,Combined TRACON& Tower with Radar,230,136,22,31,419,0,3,4,1,8,230,139,26,32,427,0,0,0,427
08/23/2016,PIT,PA,AEA,CE,Combined TRACON& Tower with Radar,225,149,22,26,422,0,1,6,2,9,225,150,28,28,431,0,0,0,431
08/24/2016,PIT,PA,AEA,CE,Combined TRACON& Tower with Radar,228,161,32,25,446,0,1,7,1,9,228,162,39,26,455,0,0,0,455
08/25/2016,PIT,PA,AEA,CE,Combined TRACON& Tower with Radar,243,144,38,35,460,0,0,0,1,1,243,144,38,36,461,0,14,14,475
08/26/2016,PIT,PA,AEA,CE,Combined TRACON& Tower with Radar,236,152,19,34,441,0,0,6,1,7,236,152,25,35,448,0,10,10,458
08/27/2016,PIT,PA,AEA,CE,Combined TRACON& Tower with Radar,196,85,6,1,288,0,0,0,0,0,196,85,6,1,288,0,0,0,288
08/28/2016,PIT,PA,AEA,CE,Combined TRACON& Tower with Radar,204,101,7,2,314,0,0,4,0,4,204,101,11,2,318,0,0,0,318
08/29/2016,PIT,PA,AEA,CE,Combined TRACON& Tower with Radar,230,152,10,8,400,0,0,1,0,1,230,152,11,8,401,0,0,0,401
08/30/2016,PIT,PA,AEA,CE,Combined TRACON& Tower with Radar,228,159,29,28,444,0,0,4,0,4,228,159,33,28,448,0,0,0,448
08/31/2016,PIT,PA,AEA,CE,Combined TRACON& Tower with Radar,231,156,24,27,438,0,1,0,0,1,231,157,24,27,439,0,0,0,439
09/01/2016,PIT,PA,AEA,CE,Combined TRACON& Tower with Radar,235,151,18,32,436,0,0,0,0,0,235,151,18,32,436,0,0,0,436
09/02/2016,PIT,PA,AEA,CE,Combined TRACON& Tower with Radar,243,157,5,6,411,0,0,4,0,4,243,157,9,6,415,0,0,0,415
09/03/2016,PIT,PA,AEA,CE,Combined TRACON& Tower with Radar,174,74,5,0,253,0,4,0,0,4,174,78,5,0,257,0,0,0,257
09/04/2016,PIT,PA,AEA,CE,Combined TRACON& Tower with Radar,167,84,6,1,258,0,0,0,0,0,167,84,6,1,258,0,0,0,258
09/05/2016,PIT,PA,AEA,CE,Combined TRACON& Tower with Radar,204,140,11,4,359,0,0,4,0,4,204,140,15,4,363,0,0,0,363
09/06/2016,PIT,PA,AEA,CE,Combined TRACON& Tower with Radar,219,145,22,59,445,0,0,4,1,5,219,145,26,60,450,4,14,18,468
09/07/2016,PIT,PA,AEA,CE,Combined TRACON& Tower with Radar,207,153,31,24,415,0,2,5,0,7,207,155,36,24,422,0,10,10,432
09/08/2016,PIT,PA,AEA,CE,Combined TRACON& Tower with Radar,226,152,34,32,444,0,0,1,2,3,226,152,35,34,447,0,0,0,447
09/09/2016,PIT,PA,AEA,CE,Combined TRACON& Tower with Radar,218,168,37,17,440,0,1,0,0,1,218,169,37,17,441,0,0,0,441
09/10/2016,PIT,PA,AEA,CE,Combined TRACON& Tower with Radar,170,89,10,9,278,0,0,2,2,4,170,89,12,11,282,0,0,0,282
09/11/2016,PIT,PA,AEA,CE,Combined TRACON& Tower with Radar,209,114,18,8,349,0,0,2,2,4,209,114,20,10,353,0,0,0,353
09/12/2016,PIT,PA,AEA,CE,Combined TRACON& Tower with Radar,220,168,40,8,436,0,1,0,2,3,220,169,40,10,439,0,0,0,439
09/13/2016,PIT,PA,AEA,CE,Combined TRACON& Tower with Radar,220,154,35,23,432,0,0,2,0,2,220,154,37,23,434,0,0,0,434
09/14/2016,PIT,PA,AEA,CE,Combined TRACON& Tower with Radar,223,150,29,13,415,0,0,2,0,2,223,150,31,13,417,0,0,0,417
09/15/2016,PIT,PA,AEA,CE,Combined TRACON& Tower with Radar,247,146,29,33,455,0,0,3,0,3,247,146,32,33,458,0,16,16,474
09/16/2016,PIT,PA,AEA,CE,Combined TRACON& Tower with Radar,261,126,31,15,433,0,2,0,0,2,261,128,31,15,435,0,0,0,435
09/17/2016,PIT,PA,AEA,CE,Combined TRACON& Tower with Radar,209,69,9,4,291,0,0,1,0,1,209,69,10,4,292,0,0,0,292
09/18/2016,PIT,PA,AEA,CE,Combined TRACON& Tower with Radar,231,94,26,4,355,0,0,0,0,0,231,94,26,4,355,0,0,0,355
09/19/2016,PIT,PA,AEA,CE,Combined TRACON& Tower with Radar,253,141,39,33,466,0,0,3,0,3,253,141,42,33,469,0,0,0,469
09/20/2016,PIT,PA,AEA,CE,Combined TRACON& Tower with Radar,250,122,42,20,434,0,2,9,1,12,250,124,51,21,446,0,0,0,446
09/21/2016,PIT,PA,AEA,CE,Combined TRACON& Tower with Radar,240,130,40,21,431,0,0,4,0,4,240,130,44,21,435,0,0,0,435
09/22/2016,PIT,PA,AEA,CE,Combined TRACON& Tower with Radar,267,136,35,11,449,0,1,2,2,5,267,137,37,13,454,5,0,5,459
09/23/2016,PIT,PA,AEA,CE,Combined TRACON& Tower with Radar,260,125,20,13,418,0,2,1,0,3,260,127,21,13,421,0,0,0,421
09/24/2016,PIT,PA,AEA,CE,Combined TRACON& Tower with Radar,207,56,7,0,270,0,0,0,0,0,207,56,7,0,270,0,0,0,270
09/25/2016,PIT,PA,AEA,CE,Combined TRACON& Tower with Radar,228,99,9,3,339,0,0,3,0,3,228,99,12,3,342,0,0,0,342
09/26/2016,PIT,PA,AEA,CE,Combined TRACON& Tower with Radar,258,129,29,6,422,0,0,0,0,0,258,129,29,6,422,0,0,0,422
09/27/2016,PIT,PA,AEA,CE,Combined TRACON& Tower with Radar,247,130,31,4,412,0,0,3,0,3,247,130,34,4,415,0,0,0,415
09/28/2016,PIT,PA,AEA,CE,Combined TRACON& Tower with Radar,249,149,36,14,448,0,1,4,0,5,249,150,40,14,453,0,0,0,453
09/29/2016,PIT,PA,AEA,CE,Combined TRACON& Tower with Radar,261,134,34,5,434,0,0,1,0,1,261,134,35,5,435,0,0,0,435
09/30/2016,PIT,PA,AEA,CE,Combined TRACON& Tower with Radar,257,144,13,5,419,0,2,2,0,4,257,146,15,5,423,0,0,0,423
10/01/2016,PIT,PA,AEA,CE,Combined TRACON& Tower with Radar,213,65,15,1,294,0,2,4,0,6,213,67,19,1,300,0,0,0,300
10/02/2016,PIT,PA,AEA,CE,Combined TRACON& Tower with Radar,240,102,17,3,362,0,0,7,0,7,240,102,24,3,369,0,0,0,369
10/03/2016,PIT,PA,AEA,CE,Combined TRACON& Tower with Radar,252,140,31,16,439,0,0,1,0,1,252,140,32,16,440,0,0,0,440
10/04/2016,PIT,PA,AEA,CE,Combined TRACON& Tower with Radar,252,121,21,20,414,0,1,2,4,7,252,122,23,24,421,0,0,0,421
10/05/2016,PIT,PA,AEA,CE,Combined TRACON& Tower with Radar,258,136,36,21,451,0,3,3,0,6,258,139,39,21,457,0,0,0,457
10/06/2016,PIT,PA,AEA,CE,Combined TRACON& Tower with Radar,255,122,38,12,427,0,0,1,0,1,255,122,39,12,428,0,0,0,428
10/07/2016,PIT,PA,AEA,CE,Combined TRACON& Tower with Radar,249,122,24,3,398,0,0,2,0,2,249,122,26,3,400,0,0,0,400
10/08/2016,PIT,PA,AEA,CE,Combined TRACON& Tower with Radar,206,75,7,1,289,0,0,0,2,2,206,75,7,3,291,0,0,0,291
10/09/2016,PIT,PA,AEA,CE,Combined TRACON& Tower with Radar,229,105,19,0,353,0,0,1,0,1,229,105,20,0,354,0,0,0,354
10/10/2016,PIT,PA,AEA,CE,Combined TRACON& Tower with Radar,259,118,13,4,394,0,5,1,0,6,259,123,14,4,400,0,0,0,400
10/11/2016,PIT,PA,AEA,CE,Combined TRACON& Tower with Radar,255,117,24,33,429,0,0,10,0,10,255,117,34,33,439,0,0,0,439
10/12/2016,PIT,PA,AEA,CE,Combined TRACON& Tower with Radar,261,132,31,26,450,0,2,9,2,13,261,134,40,28,463,0,0,0,463
10/13/2016,PIT,PA,AEA,CE,Combined TRACON& Tower with Radar,258,119,30,19,426,0,2,4,0,6,258,121,34,19,432,0,0,0,432
10/14/2016,PIT,PA,AEA,CE,Combined TRACON& Tower with Radar,263,128,20,18,429,0,2,0,1,3,263,130,20,19,432,0,0,0,432
10/15/2016,PIT,PA,AEA,CE,Combined TRACON& Tower with Radar,211,63,6,6,286,0,0,0,2,2,211,63,6,8,288,0,0,0,288
10/16/2016,PIT,PA,AEA,CE,Combined TRACON& Tower with Radar,231,76,18,4,329,0,0,0,0,0,231,76,18,4,329,0,0,0,329
10/17/2016,PIT,PA,AEA,CE,Combined TRACON& Tower with Radar,267,117,27,22,433,0,0,4,0,4,267,117,31,22,437,0,0,0,437
10/18/2016,PIT,PA,AEA,CE,Combined TRACON& Tower with Radar,251,121,24,24,420,0,0,8,0,8,251,121,32,24,428,0,0,0,428
10/19/2016,PIT,PA,AEA,CE,Combined TRACON& Tower with Radar,270,141,36,11,458,0,0,4,4,8,270,141,40,15,466,0,0,0,466
10/20/2016,PIT,PA,AEA,CE,Combined TRACON& Tower with Radar,262,138,39,15,454,0,1,0,0,1,262,139,39,15,455,0,0,0,455
10/21/2016,PIT,PA,AEA,CE,Combined TRACON& Tower with Radar,268,138,26,12,444,0,0,0,0,0,268,138,26,12,444,0,0,0,444
10/22/2016,PIT,PA,AEA,CE,Combined TRACON& Tower with Radar,211,54,7,0,272,0,2,0,0,2,211,56,7,0,274,0,0,0,274
10/23/2016,PIT,PA,AEA,CE,Combined TRACON& Tower with Radar,231,116,28,7,382,0,3,0,0,3,231,119,28,7,385,0,0,0,385
10/24/2016,PIT,PA,AEA,CE,Combined TRACON& Tower with Radar,256,115,34,3,408,0,1,1,0,2,256,116,35,3,410,0,0,0,410
10/25/2016,PIT,PA,AEA,CE,Combined TRACON& Tower with Radar,254,131,33,22,440,0,2,1,0,3,254,133,34,22,443,0,0,0,443
10/26/2016,PIT,PA,AEA,CE,Combined TRACON& Tower with Radar,259,120,42,9,430,0,0,7,0,7,259,120,49,9,437,0,0,0,437
10/27/2016,PIT,PA,AEA,CE,Combined TRACON& Tower with Radar,262,126,33,3,424,0,0,0,0,0,262,126,33,3,424,0,0,0,424
10/28/2016,PIT,PA,AEA,CE,Combined TRACON& Tower with Radar,259,128,19,8,414,0,0,0,0,0,259,128,19,8,414,0,0,0,414
10/29/2016,PIT,PA,AEA,CE,Combined TRACON& Tower with Radar,203,59,7,0,269,0,0,0,0,0,203,59,7,0,269,0,0,0,269
10/30/2016,PIT,PA,AEA,CE,Combined TRACON& Tower with Radar,224,78,6,5,313,0,0,0,0,0,224,78,6,5,313,0,0,0,313
10/31/2016,PIT,PA,AEA,CE,Combined TRACON& Tower with Radar,232,112,16,15,375,0,1,4,0,5,232,113,20,15,380,0,0,0,380
11/01/2016,PIT,PA,AEA,CE,Combined TRACON& Tower with Radar,248,125,34,21,428,0,0,0,1,1,248,125,34,22,429,0,0,0,429
11/02/2016,PIT,PA,AEA,CE,Combined TRACON& Tower with Radar,252,121,26,24,423,0,0,7,0,7,252,121,33,24,430,0,0,0,430
11/03/2016,PIT,PA,AEA,CE,Combined TRACON& Tower with Radar,259,148,26,31,464,0,0,0,0,0,259,148,26,31,464,0,10,10,474
11/04/2016,PIT,PA,AEA,CE,Combined TRACON& Tower with Radar,261,126,27,11,425,0,0,0,0,0,261,126,27,11,425,0,4,4,429
11/05/2016,PIT,PA,AEA,CE,Combined TRACON& Tower with Radar,194,68,14,2,278,0,0,0,0,0,194,68,14,2,278,0,0,0,278
11/06/2016,PIT,PA,AEA,CE,Combined TRACON& Tower with Radar,238,83,18,6,345,0,0,7,3,10,238,83,25,9,355,0,0,0,355
11/07/2016,PIT,PA,AEA,CE,Combined TRACON& Tower with Radar,253,116,21,6,396,0,0,4,0,4,253,116,25,6,400,0,0,0,400
11/08/2016,PIT,PA,AEA,CE,Combined TRACON& Tower with Radar,241,123,25,29,418,0,0,4,1,5,241,123,29,30,423,0,0,0,423
11/09/2016,PIT,PA,AEA,CE,Combined TRACON& Tower with Radar,256,120,42,22,440,0,0,0,0,0,256,120,42,22,440,0,0,0,440
11/10/2016,PIT,PA,AEA,CE,Combined TRACON& Tower with Radar,268,130,32,19,449,0,0,8,2,10,268,130,40,21,459,0,0,0,459
11/11/2016,PIT,PA,AEA,CE,Combined TRACON& Tower with Radar,267,134,19,0,420,0,0,4,1,5,267,134,23,1,425,0,0,0,425
11/12/2016,PIT,PA,AEA,CE,Combined TRACON& Tower with Radar,198,78,27,0,303,0,0,0,2,2,198,78,27,2,305,0,0,0,305
11/13/2016,PIT,PA,AEA,CE,Combined TRACON& Tower with Radar,238,110,23,1,372,0,1,1,2,4,238,111,24,3,376,0,0,0,376
11/14/2016,PIT,PA,AEA,CE,Combined TRACON& Tower with Radar,257,125,29,19,430,0,0,0,1,1,257,125,29,20,431,0,0,0,431
11/15/2016,PIT,PA,AEA,CE,Combined TRACON& Tower with Radar,257,120,36,15,428,0,0,2,4,6,257,120,38,19,434,0,0,0,434
11/16/2016,PIT,PA,AEA,CE,Combined TRACON& Tower with Radar,262,124,37,16,439,0,1,0,5,6,262,125,37,21,445,0,0,0,445
11/17/2016,PIT,PA,AEA,CE,Combined TRACON& Tower with Radar,260,125,34,25,444,0,1,6,1,8,260,126,40,26,452,0,0,0,452
11/18/2016,PIT,PA,AEA,CE,Combined TRACON& Tower with Radar,253,139,17,13,422,0,0,3,0,3,253,139,20,13,425,0,0,0,425
11/19/2016,PIT,PA,AEA,CE,Combined TRACON& Tower with Radar,197,63,5,0,265,0,0,0,0,0,197,63,5,0,265,0,0,0,265
11/20/2016,PIT,PA,AEA,CE,Combined TRACON& Tower with Radar,227,39,12,2,280,0,0,0,0,0,227,39,12,2,280,0,0,0,280
11/21/2016,PIT,PA,AEA,CE,Combined TRACON& Tower with Radar,235,102,13,10,360,0,0,6,0,6,235,102,19,10,366,0,0,0,366
11/22/2016,PIT,PA,AEA,CE,Combined TRACON& Tower with Radar,265,114,24,35,438,0,0,3,3,6,265,114,27,38,444,0,0,0,444
11/23/2016,PIT,PA,AEA,CE,Combined TRACON& Tower with Radar,274,120,23,8,425,0,0,2,0,2,274,120,25,8,427,0,0,0,427
11/24/2016,PIT,PA,AEA,CE,Combined TRACON& Tower with Radar,149,62,3,1,215,0,0,0,0,0,149,62,3,1,215,0,0,0,215
11/25/2016,PIT,PA,AEA,CE,Combined TRACON& Tower with Radar,186,75,5,0,266,0,0,0,0,0,186,75,5,0,266,0,0,0,266
11/26/2016,PIT,PA,AEA,CE,Combined TRACON& Tower with Radar,249,63,10,0,322,0,0,0,0,0,249,63,10,0,322,0,0,0,322
11/27/2016,PIT,PA,AEA,CE,Combined TRACON& Tower with Radar,265,97,20,0,382,0,2,1,0,3,265,99,21,0,385,0,0,0,385
11/28/2016,PIT,PA,AEA,CE,Combined TRACON& Tower with Radar,269,106,21,13,409,0,0,4,0,4,269,106,25,13,413,0,0,0,413
11/29/2016,PIT,PA,AEA,CE,Combined TRACON& Tower with Radar,265,125,30,34,454,0,0,1,1,2,265,125,31,35,456,0,0,0,456
11/30/2016,PIT,PA,AEA,CE,Combined TRACON& Tower with Radar,260,126,16,29,431,0,1,0,0,1,260,127,16,29,432,0,0,0,432
12/01/2016,PIT,PA,AEA,CE,Combined TRACON& Tower with Radar,266,116,35,16,433,0,0,3,0,3,266,116,38,16,436,0,0,0,436
12/02/2016,PIT,PA,AEA,CE,Combined TRACON& Tower with Radar,266,114,28,12,420,0,2,4,0,6,266,116,32,12,426,0,0,0,426
12/03/2016,PIT,PA,AEA,CE,Combined TRACON& Tower with Radar,181,55,12,10,258,0,1,1,0,2,181,56,13,10,260,0,0,0,260
12/04/2016,PIT,PA,AEA,CE,Combined TRACON& Tower with Radar,231,113,25,3,372,0,2,1,1,4,231,115,26,4,376,0,0,0,376
12/05/2016,PIT,PA,AEA,CE,Combined TRACON& Tower with Radar,253,130,32,5,420,0,3,0,1,4,253,133,32,6,424,0,0,0,424
12/06/2016,PIT,PA,AEA,CE,Combined TRACON& Tower with Radar,253,103,30,33,419,0,0,0,0,0,253,103,30,33,419,0,0,0,419
12/07/2016,PIT,PA,AEA,CE,Combined TRACON& Tower with Radar,279,137,40,45,501,0,0,3,0,3,279,137,43,45,504,0,0,0,504
12/08/2016,PIT,PA,AEA,CE,Combined TRACON& Tower with Radar,265,121,42,35,463,0,0,2,0,2,265,121,44,35,465,0,26,26,491
12/09/2016,PIT,PA,AEA,CE,Combined TRACON& Tower with Radar,259,120,27,18,424,0,0,1,0,1,259,120,28,18,425,0,0,0,425
12/10/2016,PIT,PA,AEA,CE,Combined TRACON& Tower with Radar,177,54,12,0,243,0,0,0,0,0,177,54,12,0,243,0,0,0,243
12/11/2016,PIT,PA,AEA,CE,Combined TRACON& Tower with Radar,216,65,13,3,297,0,0,0,0,0,216,65,13,3,297,0,0,0,297
12/12/2016,PIT,PA,AEA,CE,Combined TRACON& Tower with Radar,262,97,20,24,403,0,0,0,0,0,262,97,20,24,403,0,0,0,403
12/13/2016,PIT,PA,AEA,CE,Combined TRACON& Tower with Radar,256,117,35,8,416,0,0,2,0,2,256,117,37,8,418,0,0,0,418
12/14/2016,PIT,PA,AEA,CE,Combined TRACON& Tower with Radar,260,122,34,10,426,0,0,3,0,3,260,122,37,10,429,10,0,10,439
12/15/2016,PIT,PA,AEA,CE,Combined TRACON& Tower with Radar,273,103,18,25,419,0,0,0,0,0,273,103,18,25,419,0,8,8,427
12/16/2016,PIT,PA,AEA,CE,Combined TRACON& Tower with Radar,256,111,20,3,390,0,0,0,0,0,256,111,20,3,390,0,0,0,390
12/17/2016,PIT,PA,AEA,CE,Combined TRACON& Tower with Radar,199,36,16,1,252,0,0,0,0,0,199,36,16,1,252,0,0,0,252
12/18/2016,PIT,PA,AEA,CE,Combined TRACON& Tower with Radar,227,74,6,2,309,0,1,0,0,1,227,75,6,2,310,0,0,0,310
12/19/2016,PIT,PA,AEA,CE,Combined TRACON& Tower with Radar,247,108,20,6,381,0,0,2,0,2,247,108,22,6,383,0,0,0,383
12/20/2016,PIT,PA,AEA,CE,Combined TRACON& Tower with Radar,264,107,38,14,423,0,0,12,1,13,264,107,50,15,436,0,0,0,436
12/21/2016,PIT,PA,AEA,CE,Combined TRACON& Tower with Radar,264,113,17,20,414,0,0,1,0,1,264,113,18,20,415,0,0,0,415
12/22/2016,PIT,PA,AEA,CE,Combined TRACON& Tower with Radar,274,95,13,54,436,0,0,0,0,0,274,95,13,54,436,0,36,36,472
12/23/2016,PIT,PA,AEA,CE,Combined TRACON& Tower with Radar,271,105,13,16,405,0,0,4,0,4,271,105,17,16,409,0,0,0,409
12/24/2016,PIT,PA,AEA,CE,Combined TRACON& Tower with Radar,203,36,3,0,242,0,0,0,0,0,203,36,3,0,242,0,0,0,242
12/25/2016,PIT,PA,AEA,CE,Combined TRACON& Tower with Radar,166,57,3,0,226,0,0,0,0,0,166,57,3,0,226,0,0,0,226
12/26/2016,PIT,PA,AEA,CE,Combined TRACON& Tower with Radar,236,92,5,0,333,0,0,0,0,0,236,92,5,0,333,0,0,0,333
12/27/2016,PIT,PA,AEA,CE,Combined TRACON& Tower with Radar,259,83,13,24,379,0,0,4,0,4,259,83,17,24,383,0,0,0,383
12/28/2016,PIT,PA,AEA,CE,Combined TRACON& Tower with Radar,260,77,10,49,396,0,0,0,0,0,260,77,10,49,396,0,0,0,396
12/29/2016,PIT,PA,AEA,CE,Combined TRACON& Tower with Radar,249,71,5,62,387,0,0,0,0,0,249,71,5,62,387,0,0,0,387
12/30/2016,PIT,PA,AEA,CE,Combined TRACON& Tower with Radar,249,67,6,0,322,0,0,0,0,0,249,67,6,0,322,0,0,0,322
12/31/2016,PIT,PA,AEA,CE,Combined TRACON& Tower with Radar,199,52,6,0,257,0,0,0,0,0,199,52,6,0,257,0,0,0,257
01/01/2017,PIT,PA,AEA,CE,Combined TRACON& Tower with Radar,195,68,20,0,283,0,1,1,0,2,195,69,21,0,285,0,0,0,285
01/02/2017,PIT,PA,AEA,CE,Combined TRACON& Tower with Radar,240,74,14,0,328,0,0,0,0,0,240,74,14,0,328,0,0,0,328
01/03/2017,PIT,PA,AEA,CE,Combined TRACON& Tower with Radar,248,71,13,2,334,0,0,0,0,0,248,71,13,2,334,0,0,0,334
01/04/2017,PIT,PA,AEA,CE,Combined TRACON& Tower with Radar,245,84,15,27,371,0,2,0,3,5,245,86,15,30,376,0,0,0,376
01/05/2017,PIT,PA,AEA,CE,Combined TRACON& Tower with Radar,242,88,8,9,347,0,0,0,0,0,242,88,8,9,347,0,0,0,347
01/06/2017,PIT,PA,AEA,CE,Combined TRACON& Tower with Radar,238,94,6,18,356,0,2,2,0,4,238,96,8,18,360,0,0,0,360
01/07/2017,PIT,PA,AEA,CE,Combined TRACON& Tower with Radar,177,67,11,6,261,0,0,0,0,0,177,67,11,6,261,0,0,0,261
01/08/2017,PIT,PA,AEA,CE,Combined TRACON& Tower with Radar,221,91,30,1,343,0,0,2,1,3,221,91,32,2,346,0,0,0,346
01/09/2017,PIT,PA,AEA,CE,Combined TRACON& Tower with Radar,236,113,21,50,420,0,0,5,0,5,236,113,26,50,425,0,0,0,425
01/10/2017,PIT,PA,AEA,CE,Combined TRACON& Tower with Radar,230,100,17,5,352,0,0,0,0,0,230,100,17,5,352,0,0,0,352
01/11/2017,PIT,PA,AEA,CE,Combined TRACON& Tower with Radar,242,104,15,45,406,0,0,4,0,4,242,104,19,45,410,0,0,0,410
01/12/2017,PIT,PA,AEA,CE,Combined TRACON& Tower with Radar,247,110,24,15,396,0,0,0,0,0,247,110,24,15,396,0,0,0,396
01/13/2017,PIT,PA,AEA,CE,Combined TRACON& Tower with Radar,253,106,21,0,380,0,0,5,0,5,253,106,26,0,385,0,0,0,385
01/14/2017,PIT,PA,AEA,CE,Combined TRACON& Tower with Radar,185,45,5,0,235,0,0,0,0,0,185,45,5,0,235,0,0,0,235
01/15/2017,PIT,PA,AEA,CE,Combined TRACON& Tower with Radar,212,59,6,1,278,0,0,1,0,1,212,59,7,1,279,0,0,0,279
01/16/2017,PIT,PA,AEA,CE,Combined TRACON& Tower with Radar,249,114,26,0,389,0,0,2,1,3,249,114,28,1,392,0,0,0,392
01/17/2017,PIT,PA,AEA,CE,Combined TRACON& Tower with Radar,231,109,25,26,391,0,0,0,3,3,231,109,25,29,394,0,0,0,394
01/18/2017,PIT,PA,AEA,CE,Combined TRACON& Tower with Radar,238,102,26,11,377,0,0,0,0,0,238,102,26,11,377,0,0,0,377
01/19/2017,PIT,PA,AEA,CE,Combined TRACON& Tower with Radar,246,110,31,9,396,0,0,0,0,0,246,110,31,9,396,0,0,0,396
01/20/2017,PIT,PA,AEA,CE,Combined TRACON& Tower with Radar,256,99,13,16,384,0,0,0,0,0,256,99,13,16,384,0,0,0,384
01/21/2017,PIT,PA,AEA,CE,Combined TRACON& Tower with Radar,195,57,17,0,269,0,0,0,0,0,195,57,17,0,269,0,0,0,269
01/22/2017,PIT,PA,AEA,CE,Combined TRACON& Tower with Radar,235,65,27,3,330,0,0,0,0,0,235,65,27,3,330,0,0,0,330
01/23/2017,PIT,PA,AEA,CE,Combined TRACON& Tower with Radar,251,100,39,7,397,0,0,0,0,0,251,100,39,7,397,0,0,0,397
01/24/2017,PIT,PA,AEA,CE,Combined TRACON& Tower with Radar,237,118,34,37,426,0,0,0,0,0,237,118,34,37,426,0,0,0,426
01/25/2017,PIT,PA,AEA,CE,Combined TRACON& Tower with Radar,241,116,34,65,456,0,0,0,0,0,241,116,34,65,456,0,0,0,456
01/26/2017,PIT,PA,AEA,CE,Combined TRACON& Tower with Radar,247,92,27,19,385,0,0,0,1,1,247,92,27,20,386,0,0,0,386
01/27/2017,PIT,PA,AEA,CE,Combined TRACON& Tower with Radar,251,104,28,7,390,0,0,0,0,0,251,104,28,7,390,0,0,0,390
01/28/2017,PIT,PA,AEA,CE,Combined TRACON& Tower with Radar,181,61,5,1,248,0,0,0,0,0,181,61,5,1,248,0,0,0,248
01/29/2017,PIT,PA,AEA,CE,Combined TRACON& Tower with Radar,221,64,3,3,291,0,0,0,0,0,221,64,3,3,291,0,0,0,291
01/30/2017,PIT,PA,AEA,CE,Combined TRACON& Tower with Radar,244,98,27,6,375,0,2,0,2,4,244,100,27,8,379,0,0,0,379
01/31/2017,PIT,PA,AEA,CE,Combined TRACON& Tower with Radar,237,88,29,14,368,0,0,0,0,0,237,88,29,14,368,0,0,0,368
02/01/2017,PIT,PA,AEA,CE,Combined TRACON& Tower with Radar,235,109,23,50,417,0,0,0,0,0,235,109,23,50,417,0,0,0,417
02/02/2017,PIT,PA,AEA,CE,Combined TRACON& Tower with Radar,250,108,23,35,416,0,0,0,0,0,250,108,23,35,416,0,12,12,428
02/03/2017,PIT,PA,AEA,CE,Combined TRACON& Tower with Radar,259,112,23,30,424,0,0,6,0,6,259,112,29,30,430,0,0,0,430
02/04/2017,PIT,PA,AEA,CE,Combined TRACON& Tower with Radar,182,65,18,3,268,0,0,8,0,8,182,65,26,3,276,0,0,0,276
02/05/2017,PIT,PA,AEA,CE,Combined TRACON& Tower with Radar,205,65,10,8,288,0,0,0,0,0,205,65,10,8,288,0,0,0,288
02/06/2017,PIT,PA,AEA,CE,Combined TRACON& Tower with Radar,240,114,21,57,432,0,0,0,0,0,240,114,21,57,432,0,22,22,454
02/07/2017,PIT,PA,AEA,CE,Combined TRACON& Tower with Radar,236,100,24,4,364,0,0,0,0,0,236,100,24,4,364,0,0,0,364
02/08/2017,PIT,PA,AEA,CE,Combined TRACON& Tower with Radar,238,98,32,39,407,0,0,0,0,0,238,98,32,39,407,0,0,0,407
02/09/2017,PIT,PA,AEA,CE,Combined TRACON& Tower with Radar,216,74,15,4,309,0,0,0,0,0,216,74,15,4,309,0,0,0,309
02/10/2017,PIT,PA,AEA,CE,Combined TRACON& Tower with Radar,246,111,33,32,422,0,2,2,0,4,246,113,35,32,426,0,10,10,436
02/11/2017,PIT,PA,AEA,CE,Combined TRACON& Tower with Radar,192,53,7,32,284,0,1,0,1,2,192,54,7,33,286,0,19,19,305
02/12/2017,PIT,PA,AEA,CE,Combined TRACON& Tower with Radar,220,59,15,0,294,0,0,0,0,0,220,59,15,0,294,0,0,0,294
02/13/2017,PIT,PA,AEA,CE,Combined TRACON& Tower with Radar,235,85,22,8,350,0,0,0,1,1,235,85,22,9,351,0,0,0,351
02/14/2017,PIT,PA,AEA,CE,Combined TRACON& Tower with Radar,227,115,30,33,405,0,0,1,0,1,227,115,31,33,406,0,10,10,416
02/15/2017,PIT,PA,AEA,CE,Combined TRACON& Tower with Radar,238,127,20,10,395,0,0,0,0,0,238,127,20,10,395,0,0,0,395
02/16/2017,PIT,PA,AEA,CE,Combined TRACON& Tower with Radar,252,101,38,46,437,0,0,0,2,2,252,101,38,48,439,0,0,0,439
02/17/2017,PIT,PA,AEA,CE,Combined TRACON& Tower with Radar,254,111,27,16,408,0,0,5,0,5,254,111,32,16,413,0,0,0,413
02/18/2017,PIT,PA,AEA,CE,Combined TRACON& Tower with Radar,183,60,7,0,250,0,0,0,0,0,183,60,7,0,250,0,0,0,250
02/19/2017,PIT,PA,AEA,CE,Combined TRACON& Tower with Radar,216,63,10,0,289,0,0,1,0,1,216,63,11,0,290,0,0,0,290
02/20/2017,PIT,PA,AEA,CE,Combined TRACON& Tower with Radar,250,94,17,0,361,0,0,0,0,0,250,94,17,0,361,0,0,0,361
02/21/2017,PIT,PA,AEA,CE,Combined TRACON& Tower with Radar,250,116,39,48,453,0,0,0,0,0,250,116,39,48,453,0,20,20,473
02/22/2017,PIT,PA,AEA,CE,Combined TRACON& Tower with Radar,252,107,44,43,446,0,0,0,2,2,252,107,44,45,448,0,18,18,466
02/23/2017,PIT,PA,AEA,CE,Combined TRACON& Tower with Radar,253,114,43,48,458,0,0,0,0,0,253,114,43,48,458,0,0,0,458
02/24/2017,PIT,PA,AEA,CE,Combined TRACON& Tower with Radar,257,120,17,20,414,0,1,2,0,3,257,121,19,20,417,0,6,6,423
02/25/2017,PIT,PA,AEA,CE,Combined TRACON& Tower with Radar,218,57,10,0,285,0,0,0,0,0,218,57,10,0,285,0,0,0,285
02/26/2017,PIT,PA,AEA,CE,Combined TRACON& Tower with Radar,233,74,19,5,331,0,0,1,0,1,233,74,20,5,332,0,0,0,332
02/27/2017,PIT,PA,AEA,CE,Combined TRACON& Tower with Radar,246,114,20,6,386,0,0,6,0,6,246,114,26,6,392,0,0,0,392
02/28/2017,PIT,PA,AEA,CE,Combined TRACON& Tower with Radar,240,103,29,31,403,0,0,0,0,0,240,103,29,31,403,0,0,0,403
03/01/2017,PIT,PA,AEA,CE,Combined TRACON& Tower with Radar,245,107,16,0,368,0,2,0,0,2,245,109,16,0,370,0,0,0,370
03/02/2017,PIT,PA,AEA,CE,Combined TRACON& Tower with Radar,260,118,27,47,452,0,0,6,0,6,260,118,33,47,458,0,16,16,474
03/03/2017,PIT,PA,AEA,CE,Combined TRACON& Tower with Radar,264,111,14,23,412,0,0,0,1,1,264,111,14,24,413,0,10,10,423
03/04/2017,PIT,PA,AEA,CE,Combined TRACON& Tower with Radar,192,57,10,4,263,0,0,2,0,2,192,57,12,4,265,0,0,0,265
03/05/2017,PIT,PA,AEA,CE,Combined TRACON& Tower with Radar,231,51,8,8,298,0,0,6,0,6,231,51,14,8,304,0,0,0,304
03/06/2017,PIT,PA,AEA,CE,Combined TRACON& Tower with Radar,248,121,24,40,433,0,0,2,0,2,248,121,26,40,435,0,0,0,435
03/07/2017,PIT,PA,AEA,CE,Combined TRACON& Tower with Radar,257,135,23,18,433,0,0,0,0,0,257,135,23,18,433,0,0,0,433
03/08/2017,PIT,PA,AEA,CE,Combined TRACON& Tower with Radar,268,125,20,3,416,0,0,5,0,5,268,125,25,3,421,0,0,0,421
03/09/2017,PIT,PA,AEA,CE,Combined TRACON& Tower with Radar,266,119,31,18,434,0,0,1,3,4,266,119,32,21,438,0,0,0,438
03/10/2017,PIT,PA,AEA,CE,Combined TRACON& Tower with Radar,254,103,17,5,379,0,0,0,0,0,254,103,17,5,379,0,0,0,379
03/11/2017,PIT,PA,AEA,CE,Combined TRACON& Tower with Radar,225,65,10,3,303,0,1,4,0,5,225,66,14,3,308,0,0,0,308
03/12/2017,PIT,PA,AEA,CE,Combined TRACON& Tower with Radar,248,69,18,0,335,0,0,3,0,3,248,69,21,0,338,0,0,0,338
03/13/2017,PIT,PA,AEA,CE,Combined TRACON& Tower with Radar,246,110,22,9,387,0,0,3,0,3,246,110,25,9,390,0,0,0,390
03/14/2017,PIT,PA,AEA,CE,Combined TRACON& Tower with Radar,167,63,10,2,242,0,0,0,0,0,167,63,10,2,242,0,0,0,242
03/15/2017,PIT,PA,AEA,CE,Combined TRACON& Tower with Radar,268,87,21,23,399,0,2,0,0,2,268,89,21,23,401,0,0,0,401
03/16/2017,PIT,PA,AEA,CE,Combined TRACON& Tower with Radar,270,121,30,27,448,0,3,2,0,5,270,124,32,27,453,0,6,6,459
03/17/2017,PIT,PA,AEA,CE,Combined TRACON& Tower with Radar,278,121,10,34,443,0,0,0,0,0,278,121,10,34,443,0,0,0,443
03/18/2017,PIT,PA,AEA,CE,Combined TRACON& Tower with Radar,215,53,1,1,270,0,2,0,0,2,215,55,1,1,272,0,0,0,272
03/19/2017,PIT,PA,AEA,CE,Combined TRACON& Tower with Radar,251,58,10,2,321,0,0,0,0,0,251,58,10,2,321,0,0,0,321
03/20/2017,PIT,PA,AEA,CE,Combined TRACON& Tower with Radar,268,118,21,35,442,0,0,0,0,0,268,118,21,35,442,0,0,0,442
03/21/2017,PIT,PA,AEA,CE,Combined TRACON& Tower with Radar,255,116,36,32,439,0,0,0,4,4,255,116,36,36,443,0,0,0,443
03/22/2017,PIT,PA,AEA,CE,Combined TRACON& Tower with Radar,269,108,27,23,427,0,0,0,0,0,269,108,27,23,427,0,0,0,427
03/23/2017,PIT,PA,AEA,CE,Combined TRACON& Tower with Radar,268,114,28,35,445,0,0,7,0,7,268,114,35,35,452,0,0,0,452
03/24/2017,PIT,PA,AEA,CE,Combined TRACON& Tower with Radar,272,110,22,15,419,0,0,8,0,8,272,110,30,15,427,0,0,0,427
03/25/2017,PIT,PA,AEA,CE,Combined TRACON& Tower with Radar,220,58,11,1,290,0,0,0,0,0,220,58,11,1,290,0,0,0,290
03/26/2017,PIT,PA,AEA,CE,Combined TRACON& Tower with Radar,248,66,9,2,325,0,0,0,0,0,248,66,9,2,325,0,0,0,325
03/27/2017,PIT,PA,AEA,CE,Combined TRACON& Tower with Radar,259,98,19,5,381,0,0,0,0,0,259,98,19,5,381,0,0,0,381
03/28/2017,PIT,PA,AEA,CE,Combined TRACON& Tower with Radar,255,105,21,38,419,0,0,4,0,4,255,105,25,38,423,0,0,0,423
03/29/2017,PIT,PA,AEA,CE,Combined TRACON& Tower with Radar,271,114,27,38,450,0,0,4,1,5,271,114,31,39,455,0,0,0,455
03/30/2017,PIT,PA,AEA,CE,Combined TRACON& Tower with Radar,264,118,37,29,448,0,2,2,1,5,264,120,39,30,453,0,0,0,453
03/31/2017,PIT,PA,AEA,CE,Combined TRACON& Tower with Radar,266,94,15,9,384,0,0,0,0,0,266,94,15,9,384,0,0,0,384
04/01/2017,PIT,PA,AEA,CE,Combined TRACON& Tower with Radar,211,55,2,0,268,0,0,0,0,0,211,55,2,0,268,0,0,0,268
04/02/2017,PIT,PA,AEA,CE,Combined TRACON& Tower with Radar,248,77,11,0,336,0,0,6,0,6,248,77,17,0,342,0,0,0,342
04/03/2017,PIT,PA,AEA,CE,Combined TRACON& Tower with Radar,257,113,23,33,426,0,0,2,0,2,257,113,25,33,428,0,0,0,428
04/04/2017,PIT,PA,AEA,CE,Combined TRACON& Tower with Radar,271,127,22,29,449,0,1,1,0,2,271,128,23,29,451,0,0,0,451
04/05/2017,PIT,PA,AEA,CE,Combined TRACON& Tower with Radar,247,137,39,33,456,0,4,0,2,6,247,141,39,35,462,0,0,0,462
04/06/2017,PIT,PA,AEA,CE,Combined TRACON& Tower with Radar,265,108,26,6,405,0,0,0,0,0,265,108,26,6,405,0,0,0,405
04/07/2017,PIT,PA,AEA,CE,Combined TRACON& Tower with Radar,269,129,24,1,423,0,0,0,0,0,269,129,24,1,423,0,0,0,423
04/08/2017,PIT,PA,AEA,CE,Combined TRACON& Tower with Radar,203,67,15,2,287,0,2,1,0,3,203,69,16,2,290,0,0,0,290
04/09/2017,PIT,PA,AEA,CE,Combined TRACON& Tower with Radar,251,77,21,4,353,0,0,1,0,1,251,77,22,4,354,0,0,0,354
04/10/2017,PIT,PA,AEA,CE,Combined TRACON& Tower with Radar,262,130,19,1,412,0,0,3,0,3,262,130,22,1,415,0,0,0,415
04/11/2017,PIT,PA,AEA,CE,Combined TRACON& Tower with Radar,271,120,24,14,429,0,0,0,2,2,271,120,24,16,431,0,0,0,431
04/12/2017,PIT,PA,AEA,CE,Combined TRACON& Tower with Radar,267,147,35,25,474,0,2,2,2,6,267,149,37,27,480,0,0,0,480
04/13/2017,PIT,PA,AEA,CE,Combined TRACON& Tower with Radar,259,133,22,26,440,0,0,1,2,3,259,133,23,28,443,0,0,0,443
04/14/2017,PIT,PA,AEA,CE,Combined TRACON& Tower with Radar,266,120,27,7,420,0,0,3,0,3,266,120,30,7,423,0,0,0,423
04/15/2017,PIT,PA,AEA,CE,Combined TRACON& Tower with Radar,204,69,4,1,278,0,0,2,0,2,204,69,6,1,280,0,0,0,280
04/16/2017,PIT,PA,AEA,CE,Combined TRACON& Tower with Radar,235,84,10,1,330,0,0,0,0,0,235,84,10,1,330,0,0,0,330
04/17/2017,PIT,PA,AEA,CE,Combined TRACON& Tower with Radar,256,136,39,36,467,0,0,0,0,0,256,136,39,36,467,0,0,0,467
04/18/2017,PIT,PA,AEA,CE,Combined TRACON& Tower with Radar,264,148,48,21,481,0,0,6,3,9,264,148,54,24,490,0,0,0,490
04/19/2017,PIT,PA,AEA,CE,Combined TRACON& Tower with Radar,260,115,38,24,437,0,0,0,0,0,260,115,38,24,437,0,0,0,437
04/20/2017,PIT,PA,AEA,CE,Combined TRACON& Tower with Radar,271,147,32,12,462,0,1,0,1,2,271,148,32,13,464,0,0,0,464
04/21/2017,PIT,PA,AEA,CE,Combined TRACON& Tower with Radar,271,140,14,16,441,0,0,0,0,0,271,140,14,16,441,0,0,0,441
04/22/2017,PIT,PA,AEA,CE,Combined TRACON& Tower with Radar,211,68,10,2,291,0,0,4,0,4,211,68,14,2,295,0,0,0,295
04/23/2017,PIT,PA,AEA,CE,Combined TRACON& Tower with Radar,250,74,5,1,330,0,0,5,0,5,250,74,10,1,335,0,0,0,335
04/24/2017,PIT,PA,AEA,CE,Combined TRACON& Tower with Radar,265,124,31,5,425,0,0,0,1,1,265,124,31,6,426,0,0,0,426
04/25/2017,PIT,PA,AEA,CE,Combined TRACON& Tower with Radar,250,122,38,14,424,0,0,2,0,2,250,122,40,14,426,0,0,0,426
04/26/2017,PIT,PA,AEA,CE,Combined TRACON& Tower with Radar,258,134,39,40,471,0,0,5,1,6,258,134,44,41,477,0,8,8,485
04/27/2017,PIT,PA,AEA,CE,Combined TRACON& Tower with Radar,263,132,35,18,448,0,2,7,0,9,263,134,42,18,457,0,0,0,457
04/28/2017,PIT,PA,AEA,CE,Combined TRACON& Tower with Radar,265,134,24,21,444,0,0,3,0,3,265,134,27,21,447,0,0,0,447
04/29/2017,PIT,PA,AEA,CE,Combined TRACON& Tower with Radar,214,70,11,1,296,0,0,1,0,1,214,70,12,1,297,0,0,0,297
04/30/2017,PIT,PA,AEA,CE,Combined TRACON& Tower with Radar,234,76,14,3,327,0,0,5,0,5,234,76,19,3,332,0,0,0,332
05/01/2017,PIT,PA,AEA,CE,Combined TRACON& Tower with Radar,261,109,15,4,389,0,0,0,0,0,261,109,15,4,389,0,0,0,389
05/02/2017,PIT,PA,AEA,CE,Combined TRACON& Tower with Radar,263,119,19,0,401,0,2,1,2,5,263,121,20,2,406,0,0,0,406
05/03/2017,PIT,PA,AEA,CE,Combined TRACON& Tower with Radar,262,134,33,43,472,0,2,1,0,3,262,136,34,43,475,0,0,0,475
05/04/2017,PIT,PA,AEA,CE,Combined TRACON& Tower with Radar,262,142,22,20,446,0,0,5,0,5,262,142,27,20,451,0,0,0,451
05/05/2017,PIT,PA,AEA,CE,Combined TRACON& Tower with Radar,261,98,17,21,397,0,1,0,0,1,261,99,17,21,398,0,20,20,418
05/06/2017,PIT,PA,AEA,CE,Combined TRACON& Tower with Radar,211,70,13,0,294,0,0,2,0,2,211,70,15,0,296,0,0,0,296
05/07/2017,PIT,PA,AEA,CE,Combined TRACON& Tower with Radar,258,94,17,1,370,0,5,8,0,13,258,99,25,1,383,0,0,0,383
05/08/2017,PIT,PA,AEA,CE,Combined TRACON& Tower with Radar,265,123,30,14,432,0,1,5,4,10,265,124,35,18,442,0,8,8,450
05/09/2017,PIT,PA,AEA,CE,Combined TRACON& Tower with Radar,267,122,37,28,454,0,0,5,6,11,267,122,42,34,465,0,0,0,465
05/10/2017,PIT,PA,AEA,CE,Combined TRACON& Tower with Radar,267,143,35,31,476,0,0,15,18,33,267,143,50,49,509,0,0,0,509
05/11/2017,PIT,PA,AEA,CE,Combined TRACON& Tower with Radar,276,147,34,31,488,0,0,4,1,5,276,147,38,32,493,0,0,0,493
05/12/2017,PIT,PA,AEA,CE,Combined TRACON& Tower with Radar,271,122,23,20,436,0,0,8,21,29,271,122,31,41,465,0,0,0,465
05/13/2017,PIT,PA,AEA,CE,Combined TRACON& Tower with Radar,197,70,14,3,284,0,2,13,17,32,197,72,27,20,316,0,0,0,316
05/14/2017,PIT,PA,AEA,CE,Combined TRACON& Tower with Radar,236,68,13,4,321,0,0,14,25,39,236,68,27,29,360,0,0,0,360
05/15/2017,PIT,PA,AEA,CE,Combined TRACON& Tower with Radar,269,123,43,43,478,0,0,9,3,12,269,123,52,46,490,0,0,0,490
05/16/2017,PIT,PA,AEA,CE,Combined TRACON& Tower with Radar,267,140,35,22,464,0,1,12,2,15,267,141,47,24,479,0,0,0,479
05/17/2017,PIT,PA,AEA,CE,Combined TRACON& Tower with Radar,263,141,39,28,471,0,2,0,2,4,263,143,39,30,475,0,0,0,475
05/18/2017,PIT,PA,AEA,CE,Combined TRACON& Tower with Radar,273,139,40,30,482,0,1,2,2,5,273,140,42,32,487,0,0,0,487
05/19/2017,PIT,PA,AEA,CE,Combined TRACON& Tower with Radar,278,121,27,17,443,0,3,6,0,9,278,124,33,17,452,0,0,0,452
05/20/2017,PIT,PA,AEA,CE,Combined TRACON& Tower with Radar,206,78,9,2,295,0,0,0,0,0,206,78,9,2,295,0,0,0,295
05/21/2017,PIT,PA,AEA,CE,Combined TRACON& Tower with Radar,257,116,18,7,398,0,0,0,0,0,257,116,18,7,398,0,0,0,398
05/22/2017,PIT,PA,AEA,CE,Combined TRACON& Tower with Radar,259,125,23,15,422,0,0,0,1,1,259,125,23,16,423,0,0,0,423
05/23/2017,PIT,PA,AEA,CE,Combined TRACON& Tower with Radar,269,133,27,27,456,0,1,7,0,8,269,134,34,27,464,0,0,0,464
05/24/2017,PIT,PA,AEA,CE,Combined TRACON& Tower with Radar,271,144,41,19,475,0,0,2,2,4,271,144,43,21,479,0,0,0,479
05/25/2017,PIT,PA,AEA,CE,Combined TRACON& Tower with Radar,278,144,29,40,491,0,0,1,0,1,278,144,30,40,492,0,0,0,492
05/26/2017,PIT,PA,AEA,CE,Combined TRACON& Tower with Radar,297,146,25,3,471,0,0,0,0,0,297,146,25,3,471,0,0,0,471
05/27/2017,PIT,PA,AEA,CE,Combined TRACON& Tower with Radar,209,74,9,0,292,0,1,0,0,1,209,75,9,0,293,0,0,0,293
05/28/2017,PIT,PA,AEA,CE,Combined TRACON& Tower with Radar,206,67,3,1,277,0,0,0,0,0,206,67,3,1,277,0,0,0,277
05/29/2017,PIT,PA,AEA,CE,Combined TRACON& Tower with Radar,257,94,18,5,374,0,0,3,1,4,257,94,21,6,378,0,0,0,378
05/30/2017,PIT,PA,AEA,CE,Combined TRACON& Tower with Radar,264,131,33,44,472,0,0,5,4,9,264,131,38,48,481,0,0,0,481
05/31/2017,PIT,PA,AEA,CE,Combined TRACON& Tower with Radar,286,134,36,23,479,0,0,3,0,3,286,134,39,23,482,0,0,0,482
06/01/2017,PIT,PA,AEA,CE,Combined TRACON& Tower with Radar,296,132,53,1,482,0,0,5,0,5,296,132,58,1,487,0,0,0,487
06/02/2017,PIT,PA,AEA,CE,Combined TRACON& Tower with Radar,279,139,24,4,446,0,1,5,0,6,279,140,29,4,452,0,0,0,452
06/03/2017,PIT,PA,AEA,CE,Combined TRACON& Tower with Radar,217,69,5,7,298,0,0,2,1,3,217,69,7,8,301,0,0,0,301
06/04/2017,PIT,PA,AEA,CE,Combined TRACON& Tower with Radar,243,81,7,2,333,0,0,0,2,2,243,81,7,4,335,0,0,0,335
06/05/2017,PIT,PA,AEA,CE,Combined TRACON& Tower with Radar,274,120,25,6,425,0,0,1,0,1,274,120,26,6,426,0,0,0,426
06/06/2017,PIT,PA,AEA,CE,Combined TRACON& Tower with Radar,274,121,19,26,440,0,0,0,0,0,274,121,19,26,440,0,0,0,440
06/07/2017,PIT,PA,AEA,CE,Combined TRACON& Tower with Radar,284,139,42,17,482,0,2,4,3,9,284,141,46,20,491,0,0,0,491
06/08/2017,PIT,PA,AEA,CE,Combined TRACON& Tower with Radar,284,154,48,12,498,0,1,1,0,2,284,155,49,12,500,0,0,0,500
06/09/2017,PIT,PA,AEA,CE,Combined TRACON& Tower with Radar,279,159,31,22,491,0,1,3,0,4,279,160,34,22,495,0,0,0,495
06/10/2017,PIT,PA,AEA,CE,Combined TRACON& Tower with Radar,258,74,12,3,347,0,0,1,0,1,258,74,13,3,348,0,0,0,348
06/11/2017,PIT,PA,AEA,CE,Combined TRACON& Tower with Radar,261,92,13,2,368,0,0,2,0,2,261,92,15,2,370,0,0,0,370
06/12/2017,PIT,PA,AEA,CE,Combined TRACON& Tower with Radar,279,142,23,35,479,0,0,7,2,9,279,142,30,37,488,0,12,12,500
06/13/2017,PIT,PA,AEA,CE,Combined TRACON& Tower with Radar,278,139,28,22,467,0,0,2,10,12,278,139,30,32,479,0,10,10,489
06/14/2017,PIT,PA,AEA,CE,Combined TRACON& Tower with Radar,270,148,47,16,481,0,0,1,2,3,270,148,48,18,484,0,0,0,484
06/15/2017,PIT,PA,AEA,CE,Combined TRACON& Tower with Radar,270,122,32,20,444,0,0,0,2,2,270,122,32,22,446,0,0,0,446
06/16/2017,PIT,PA,AEA,CE,Combined TRACON& Tower with Radar,285,131,23,14,453,0,1,3,0,4,285,132,26,14,457,0,0,0,457
06/17/2017,PIT,PA,AEA,CE,Combined TRACON& Tower with Radar,244,64,12,2,322,0,0,4,0,4,244,64,16,2,326,0,0,0,326
06/18/2017,PIT,PA,AEA,CE,Combined TRACON& Tower with Radar,256,89,9,3,357,0,0,3,0,3,256,89,12,3,360,0,0,0,360
06/19/2017,PIT,PA,AEA,CE,Combined TRACON& Tower with Radar,283,96,27,3,409,0,0,0,0,0,283,96,27,3,409,0,0,0,409
06/20/2017,PIT,PA,AEA,CE,Combined TRACON& Tower with Radar,281,136,44,7,468,0,2,2,2,6,281,138,46,9,474,0,0,0,474
06/21/2017,PIT,PA,AEA,CE,Combined TRACON& Tower with Radar,278,137,24,19,458,0,0,2,1,3,278,137,26,20,461,0,6,6,467
06/22/2017,PIT,PA,AEA,CE,Combined TRACON& Tower with Radar,296,136,31,33,496,0,2,4,0,6,296,138,35,33,502,0,20,20,522
06/23/2017,PIT,PA,AEA,CE,Combined TRACON& Tower with Radar,276,130,19,7,432,0,0,0,0,0,276,130,19,7,432,0,0,0,432
06/24/2017,PIT,PA,AEA,CE,Combined TRACON& Tower with Radar,250,82,14,0,346,0,0,4,0,4,250,82,18,0,350,0,0,0,350
06/25/2017,PIT,PA,AEA,CE,Combined TRACON& Tower with Radar,267,81,14,2,364,0,0,4,1,5,267,81,18,3,369,0,0,0,369
06/26/2017,PIT,PA,AEA,CE,Combined TRACON& Tower with Radar,292,114,28,23,457,0,0,6,0,6,292,114,34,23,463,10,0,10,473
06/27/2017,PIT,PA,AEA,CE,Combined TRACON& Tower with Radar,281,125,23,48,477,0,0,0,0,0,281,125,23,48,477,0,30,30,507
06/28/2017,PIT,PA,AEA,CE,Combined TRACON& Tower with Radar,287,138,31,21,477,0,0,5,2,7,287,138,36,23,484,0,10,10,494
06/29/2017,PIT,PA,AEA,CE,Combined TRACON& Tower with Radar,288,133,30,21,472,0,1,2,0,3,288,134,32,21,475,0,0,0,475
06/30/2017,PIT,PA,AEA,CE,Combined TRACON& Tower with Radar,303,123,18,14,458,0,0,2,0,2,303,123,20,14,460,0,0,0,460
07/01/2017,PIT,PA,AEA,CE,Combined TRACON& Tower with Radar,248,73,19,0,340,0,0,3,0,3,248,73,22,0,343,0,0,0,343
07/02/2017,PIT,PA,AEA,CE,Combined TRACON& Tower with Radar,227,72,6,2,307,0,2,3,0,5,227,74,9,2,312,0,0,0,312
07/03/2017,PIT,PA,AEA,CE,Combined TRACON& Tower with Radar,226,84,0,0,310,0,0,0,0,0,226,84,0,0,310,0,0,0,310
07/04/2017,PIT,PA,AEA,CE,Combined TRACON& Tower with Radar,219,86,7,0,312,0,0,0,4,4,219,86,7,4,316,0,0,0,316
07/05/2017,PIT,PA,AEA,CE,Combined TRACON& Tower with Radar,262,121,14,16,413,0,0,2,0,2,262,121,16,16,415,0,0,0,415
07/06/2017,PIT,PA,AEA,CE,Combined TRACON& Tower with Radar,281,125,32,23,461,0,0,0,1,1,281,125,32,24,462,0,0,0,462
07/07/2017,PIT,PA,AEA,CE,Combined TRACON& Tower with Radar,275,109,12,2,398,0,2,0,0,2,275,111,12,2,400,0,0,0,400
07/08/2017,PIT,PA,AEA,CE,Combined TRACON& Tower with Radar,253,75,14,2,344,0,0,1,0,1,253,75,15,2,345,0,0,0,345
07/09/2017,PIT,PA,AEA,CE,Combined TRACON& Tower with Radar,259,87,9,1,356,0,2,4,0,6,259,89,13,1,362,0,0,0,362
07/10/2017,PIT,PA,AEA,CE,Combined TRACON& Tower with Radar,272,120,22,28,442,0,0,1,0,1,272,120,23,28,443,0,0,0,443
07/11/2017,PIT,PA,AEA,CE,Combined TRACON& Tower with Radar,277,131,26,12,446,0,0,3,2,5,277,131,29,14,451,0,6,6,457
07/12/2017,PIT,PA,AEA,CE,Combined TRACON& Tower with Radar,277,118,31,24,450,0,2,3,0,5,277,120,34,24,455,0,20,20,475
07/13/2017,PIT,PA,AEA,CE,Combined TRACON& Tower with Radar,287,144,38,34,503,0,0,0,1,1,287,144,38,35,504,0,0,0,504
07/14/2017,PIT,PA,AEA,CE,Combined TRACON& Tower with Radar,289,142,15,14,460,0,1,0,1,2,289,143,15,15,462,0,8,8,470
07/15/2017,PIT,PA,AEA,CE,Combined TRACON& Tower with Radar,240,76,4,2,322,0,2,3,0,5,240,78,7,2,327,0,0,0,327
07/16/2017,PIT,PA,AEA,CE,Combined TRACON& Tower with Radar,274,73,13,0,360,0,0,6,0,6,274,73,19,0,366,0,0,0,366
07/17/2017,PIT,PA,AEA,CE,Combined TRACON& Tower with Radar,276,117,19,0,412,0,0,3,0,3,276,117,22,0,415,10,0,10,425
07/18/2017,PIT,PA,AEA,CE,Combined TRACON& Tower with Radar,294,117,34,12,457,0,2,5,5,12,294,119,39,17,469,0,0,0,469
07/19/2017,PIT,PA,AEA,CE,Combined TRACON& Tower with Radar,293,121,24,8,446,0,2,0,0,2,293,123,24,8,448,0,0,0,448
07/20/2017,PIT,PA,AEA,CE,Combined TRACON& Tower with Radar,297,133,35,18,483,0,1,3,7,11,297,134,38,25,494,0,12,12,506
07/21/2017,PIT,PA,AEA,CE,Combined TRACON& Tower with Radar,294,126,10,11,441,0,0,1,0,1,294,126,11,11,442,0,10,10,452
07/22/2017,PIT,PA,AEA,CE,Combined TRACON& Tower with Radar,241,64,8,5,318,0,0,2,0,2,241,64,10,5,320,0,0,0,320
07/23/2017,PIT,PA,AEA,CE,Combined TRACON& Tower with Radar,254,87,15,2,358,0,0,0,0,0,254,87,15,2,358,0,0,0,358
07/24/2017,PIT,PA,AEA,CE,Combined TRACON& Tower with Radar,278,104,28,16,426,0,4,4,0,8,278,108,32,16,434,0,0,0,434
07/25/2017,PIT,PA,AEA,CE,Combined TRACON& Tower with Radar,293,120,26,13,452,0,2,2,1,5,293,122,28,14,457,0,4,4,461
07/26/2017,PIT,PA,AEA,CE,Combined TRACON& Tower with Radar,297,130,32,36,495,0,0,4,0,4,297,130,36,36,499,0,8,8,507
07/27/2017,PIT,PA,AEA,CE,Combined TRACON& Tower with Radar,294,124,33,29,480,0,0,1,1,2,294,124,34,30,482,0,4,4,486
07/28/2017,PIT,PA,AEA,CE,Combined TRACON& Tower with Radar,294,112,29,7,442,0,0,0,0,0,294,112,29,7,442,0,0,0,442
07/29/2017,PIT,PA,AEA,CE,Combined TRACON& Tower with Radar,254,60,3,1,318,0,0,1,0,1,254,60,4,1,319,0,0,0,319
07/30/2017,PIT,PA,AEA,CE,Combined TRACON& Tower with Radar,262,80,13,0,355,0,0,2,0,2,262,80,15,0,357,0,0,0,357
07/31/2017,PIT,PA,AEA,CE,Combined TRACON& Tower with Radar,287,124,27,10,448,0,0,2,0,2,287,124,29,10,450,0,0,0,450
08/01/2017,PIT,PA,AEA,CE,Combined TRACON& Tower with Radar,287,122,28,24,461,0,0,2,6,8,287,122,30,30,469,4,0,4,473
08/02/2017,PIT,PA,AEA,CE,Combined TRACON& Tower with Radar,310,128,24,31,493,0,0,1,2,3,310,128,25,33,496,0,6,6,502
08/03/2017,PIT,PA,AEA,CE,Combined TRACON& Tower with Radar,286,161,26,23,496,0,0,2,1,3,286,161,28,24,499,0,10,10,509
08/04/2017,PIT,PA,AEA,CE,Combined TRACON& Tower with Radar,276,119,23,23,441,0,2,0,0,2,276,121,23,23,443,0,0,0,443
08/05/2017,PIT,PA,AEA,CE,Combined TRACON& Tower with Radar,255,82,14,1,352,0,0,0,0,0,255,82,14,1,352,0,0,0,352
08/06/2017,PIT,PA,AEA,CE,Combined TRACON& Tower with Radar,262,85,15,3,365,0,0,2,0,2,262,85,17,3,367,0,0,0,367
08/07/2017,PIT,PA,AEA,CE,Combined TRACON& Tower with Radar,274,134,17,37,462,0,0,4,0,4,274,134,21,37,466,0,0,0,466
08/08/2017,PIT,PA,AEA,CE,Combined TRACON& Tower with Radar,284,148,35,35,502,0,0,4,0,4,284,148,39,35,506,0,12,12,518
08/09/2017,PIT,PA,AEA,CE,Combined TRACON& Tower with Radar,297,144,33,28,502,0,0,5,2,7,297,144,38,30,509,0,0,0,509
08/10/2017,PIT,PA,AEA,CE,Combined TRACON& Tower with Radar,293,151,23,41,508,0,1,0,0,1,293,152,23,41,509,0,2,2,511
08/11/2017,PIT,PA,AEA,CE,Combined TRACON& Tower with Radar,284,154,25,15,478,0,0,1,0,1,284,154,26,15,479,0,4,4,483
08/12/2017,PIT,PA,AEA,CE,Combined TRACON& Tower with Radar,254,73,6,0,333,0,0,1,0,1,254,73,7,0,334,0,0,0,334
08/13/2017,PIT,PA,AEA,CE,Combined TRACON& Tower with Radar,266,97,23,0,386,0,0,6,0,6,266,97,29,0,392,0,0,0,392
08/14/2017,PIT,PA,AEA,CE,Combined TRACON& Tower with Radar,292,139,16,8,455,0,0,6,0,6,292,139,22,8,461,0,0,0,461
08/15/2017,PIT,PA,AEA,CE,Combined TRACON& Tower with Radar,283,160,43,18,504,0,0,3,1,4,283,160,46,19,508,0,0,0,508
08/16/2017,PIT,PA,AEA,CE,Combined TRACON& Tower with Radar,280,145,30,0,455,0,0,3,0,3,280,145,33,0,458,0,0,0,458
08/17/2017,PIT,PA,AEA,CE,Combined TRACON& Tower with Radar,284,142,40,17,483,0,0,5,4,9,284,142,45,21,492,0,12,12,504
08/18/2017,PIT,PA,AEA,CE,Combined TRACON& Tower with Radar,280,129,27,5,441,0,0,1,0,1,280,129,28,5,442,0,0,0,442
08/19/2017,PIT,PA,AEA,CE,Combined TRACON& Tower with Radar,233,76,13,0,322,0,2,4,1,7,233,78,17,1,329,0,0,0,329
08/20/2017,PIT,PA,AEA,CE,Combined TRACON& Tower with Radar,264,93,23,4,384,0,0,2,0,2,264,93,25,4,386,0,0,0,386
08/21/2017,PIT,PA,AEA,CE,Combined TRACON& Tower with Radar,275,130,27,3,435,0,0,5,1,6,275,130,32,4,441,0,0,0,441
08/22/2017,PIT,PA,AEA,CE,Combined TRACON& Tower with Radar,266,131,24,10,431,0,1,0,0,1,266,132,24,10,432,0,0,0,432
08/23/2017,PIT,PA,AEA,CE,Combined TRACON& Tower with Radar,276,160,47,41,524,0,3,4,5,12,276,163,51,46,536,0,8,8,544
08/24/2017,PIT,PA,AEA,CE,Combined TRACON& Tower with Radar,282,142,32,23,479,0,0,2,0,2,282,142,34,23,481,0,0,0,481
08/25/2017,PIT,PA,AEA,CE,Combined TRACON& Tower with Radar,284,133,31,14,462,0,0,2,2,4,284,133,33,16,466,0,0,0,466
08/26/2017,PIT,PA,AEA,CE,Combined TRACON& Tower with Radar,232,61,8,0,301,0,0,6,0,6,232,61,14,0,307,0,0,0,307
08/27/2017,PIT,PA,AEA,CE,Combined TRACON& Tower with Radar,237,73,9,2,321,0,0,5,0,5,237,73,14,2,326,0,0,0,326
08/28/2017,PIT,PA,AEA,CE,Combined TRACON& Tower with Radar,256,127,23,5,411,0,0,2,0,2,256,127,25,5,413,0,0,0,413
08/29/2017,PIT,PA,AEA,CE,Combined TRACON& Tower with Radar,253,156,39,35,483,0,1,6,2,9,253,157,45,37,492,0,4,4,496
08/30/2017,PIT,PA,AEA,CE,Combined TRACON& Tower with Radar,271,163,36,44,514,0,2,2,3,7,271,165,38,47,521,0,16,16,537
08/31/2017,PIT,PA,AEA,CE,Combined TRACON& Tower with Radar,269,152,29,10,460,0,0,2,3,5,269,152,31,13,465,0,0,0,465
09/01/2017,PIT,PA,AEA,CE,Combined TRACON& Tower with Radar,273,126,26,21,446,0,0,1,1,2,273,126,27,22,448,0,0,0,448
09/02/2017,PIT,PA,AEA,CE,Combined TRACON& Tower with Radar,205,58,0,1,264,0,0,1,2,3,205,58,1,3,267,0,0,0,267
09/03/2017,PIT,PA,AEA,CE,Combined TRACON& Tower with Radar,213,72,8,2,295,0,0,2,0,2,213,72,10,2,297,0,0,0,297
09/04/2017,PIT,PA,AEA,CE,Combined TRACON& Tower with Radar,245,88,15,2,350,0,0,2,0,2,245,88,17,2,352,0,0,0,352
09/05/2017,PIT,PA,AEA,CE,Combined TRACON& Tower with Radar,261,131,35,14,441,0,0,0,0,0,261,131,35,14,441,0,0,0,441
09/06/2017,PIT,PA,AEA,CE,Combined TRACON& Tower with Radar,256,137,31,44,468,0,1,1,0,2,256,138,32,44,470,0,30,30,500
09/07/2017,PIT,PA,AEA,CE,Combined TRACON& Tower with Radar,269,146,26,18,459,0,0,0,0,0,269,146,26,18,459,0,0,0,459
09/08/2017,PIT,PA,AEA,CE,Combined TRACON& Tower with Radar,265,144,21,23,453,0,0,5,2,7,265,144,26,25,460,0,0,0,460
09/09/2017,PIT,PA,AEA,CE,Combined TRACON& Tower with Radar,205,75,6,0,286,0,0,3,1,4,205,75,9,1,290,0,0,0,290
09/10/2017,PIT,PA,AEA,CE,Combined TRACON& Tower with Radar,219,93,14,1,327,0,1,4,2,7,219,94,18,3,334,0,0,0,334
09/11/2017,PIT,PA,AEA,CE,Combined TRACON& Tower with Radar,242,118,11,3,374,0,0,0,1,1,242,118,11,4,375,0,0,0,375
09/12/2017,PIT,PA,AEA,CE,Combined TRACON& Tower with Radar,244,134,20,24,422,0,0,3,0,3,244,134,23,24,425,0,0,0,425
09/13/2017,PIT,PA,AEA,CE,Combined TRACON& Tower with Radar,256,130,40,7,433,0,0,2,5,7,256,130,42,12,440,0,0,0,440
09/14/2017,PIT,PA,AEA,CE,Combined TRACON& Tower with Radar,282,119,21,22,444,0,0,1,0,1,282,119,22,22,445,0,10,10,455
09/15/2017,PIT,PA,AEA,CE,Combined TRACON& Tower with Radar,292,125,25,18,460,0,0,2,1,3,292,125,27,19,463,0,0,0,463
09/16/2017,PIT,PA,AEA,CE,Combined TRACON& Tower with Radar,232,93,8,0,333,0,0,0,2,2,232,93,8,2,335,0,0,0,335
09/17/2017,PIT,PA,AEA,CE,Combined TRACON& Tower with Radar,258,97,24,1,380,0,0,1,3,4,258,97,25,4,384,0,0,0,384
09/18/2017,PIT,PA,AEA,CE,Combined TRACON& Tower with Radar,278,120,44,22,464,0,2,6,0,8,278,122,50,22,472,0,0,0,472
09/19/2017,PIT,PA,AEA,CE,Combined TRACON& Tower with Radar,264,140,30,25,459,0,0,4,0,4,264,140,34,25,463,0,12,12,475
09/20/2017,PIT,PA,AEA,CE,Combined TRACON& Tower with Radar,258,148,42,7,455,0,0,4,1,5,258,148,46,8,460,0,0,0,460
09/21/2017,PIT,PA,AEA,CE,Combined TRACON& Tower with Radar,279,131,21,10,441,0,1,1,2,4,279,132,22,12,445,0,0,0,445
09/22/2017,PIT,PA,AEA,CE,Combined TRACON& Tower with Radar,290,144,16,17,467,0,0,0,0,0,290,144,16,17,467,0,12,12,479
09/23/2017,PIT,PA,AEA,CE,Combined TRACON& Tower with Radar,230,72,6,2,310,0,6,0,0,6,230,78,6,2,316,0,0,0,316
09/24/2017,PIT,PA,AEA,CE,Combined TRACON& Tower with Radar,255,92,14,7,368,0,0,3,0,3,255,92,17,7,371,0,0,0,371
09/25/2017,PIT,PA,AEA,CE,Combined TRACON& Tower with Radar,277,125,27,1,430,0,1,2,0,3,277,126,29,1,433,0,0,0,433
09/26/2017,PIT,PA,AEA,CE,Combined TRACON& Tower with Radar,264,150,18,13,445,0,2,4,0,6,264,152,22,13,451,0,0,0,451
09/27/2017,PIT,PA,AEA,CE,Combined TRACON& Tower with Radar,274,141,41,1,457,0,0,5,1,6,274,141,46,2,463,0,0,0,463
09/28/2017,PIT,PA,AEA,CE,Combined TRACON& Tower with Radar,281,144,21,6,452,0,0,3,1,4,281,144,24,7,456,0,0,0,456
09/29/2017,PIT,PA,AEA,CE,Combined TRACON& Tower with Radar,283,140,16,0,439,0,0,1,0,1,283,140,17,0,440,0,0,0,440
09/30/2017,PIT,PA,AEA,CE,Combined TRACON& Tower with Radar,228,72,7,0,307,0,2,3,0,5,228,74,10,0,312,0,0,0,312
10/01/2017,PIT,PA,AEA,CE,Combined TRACON& Tower with Radar,258,71,9,2,340,0,0,2,0,2,258,71,11,2,342,0,0,0,342
10/02/2017,PIT,PA,AEA,CE,Combined TRACON& Tower with Radar,274,124,23,24,445,0,0,3,0,3,274,124,26,24,448,0,12,12,460
10/03/2017,PIT,PA,AEA,CE,Combined TRACON& Tower with Radar,271,127,25,41,464,0,0,6,0,6,271,127,31,41,470,0,18,18,488
10/04/2017,PIT,PA,AEA,CE,Combined TRACON& Tower with Radar,274,134,36,12,456,0,0,3,0,3,274,134,39,12,459,0,22,22,481
10/05/2017,PIT,PA,AEA,CE,Combined TRACON& Tower with Radar,291,132,40,48,511,0,0,0,0,0,291,132,40,48,511,0,0,0,511
10/06/2017,PIT,PA,AEA,CE,Combined TRACON& Tower with Radar,284,147,12,1,444,0,0,1,0,1,284,147,13,1,445,0,0,0,445
10/07/2017,PIT,PA,AEA,CE,Combined TRACON& Tower with Radar,221,75,6,0,302,0,0,1,0,1,221,75,7,0,303,0,0,0,303
10/08/2017,PIT,PA,AEA,CE,Combined TRACON& Tower with Radar,238,84,24,0,346,0,0,0,0,0,238,84,24,0,346,0,0,0,346
10/09/2017,PIT,PA,AEA,CE,Combined TRACON& Tower with Radar,264,120,30,0,414,0,0,0,0,0,264,120,30,0,414,0,0,0,414
10/10/2017,PIT,PA,AEA,CE,Combined TRACON& Tower with Radar,272,130,29,21,452,0,0,3,0,3,272,130,32,21,455,0,20,20,475
10/11/2017,PIT,PA,AEA,CE,Combined TRACON& Tower with Radar,263,130,27,12,432,0,0,0,1,1,263,130,27,13,433,0,0,0,433
10/12/2017,PIT,PA,AEA,CE,Combined TRACON& Tower with Radar,283,154,34,34,505,0,1,0,2,3,283,155,34,36,508,0,0,0,508
10/13/2017,PIT,PA,AEA,CE,Combined TRACON& Tower with Radar,288,135,22,7,452,0,0,0,0,0,288,135,22,7,452,0,4,4,456
10/14/2017,PIT,PA,AEA,CE,Combined TRACON& Tower with Radar,223,67,9,3,302,0,0,0,0,0,223,67,9,3,302,0,0,0,302
10/15/2017,PIT,PA,AEA,CE,Combined TRACON& Tower with Radar,259,81,12,1,353,0,1,0,0,1,259,82,12,1,354,0,0,0,354
10/16/2017,PIT,PA,AEA,CE,Combined TRACON& Tower with Radar,277,113,17,11,418,0,3,0,0,3,277,116,17,11,421,0,0,0,421
10/17/2017,PIT,PA,AEA,CE,Combined TRACON& Tower with Radar,272,137,42,26,477,0,0,8,4,12,272,137,50,30,489,4,0,4,493
10/18/2017,PIT,PA,AEA,CE,Combined TRACON& Tower with Radar,263,119,14,15,411,0,0,2,2,4,263,119,16,17,415,0,0,0,415
10/19/2017,PIT,PA,AEA,CE,Combined TRACON& Tower with Radar,286,120,41,15,462,0,0,2,2,4,286,120,43,17,466,0,0,0,466
10/20/2017,PIT,PA,AEA,CE,Combined TRACON& Tower with Radar,283,138,21,27,469,0,4,3,0,7,283,142,24,27,476,0,20,20,496
10/21/2017,PIT,PA,AEA,CE,Combined TRACON& Tower with Radar,221,75,13,4,313,0,0,1,0,1,221,75,14,4,314,0,0,0,314
10/22/2017,PIT,PA,AEA,CE,Combined TRACON& Tower with Radar,248,111,18,3,380,0,1,1,0,2,248,112,19,3,382,0,0,0,382
10/23/2017,PIT,PA,AEA,CE,Combined TRACON& Tower with Radar,272,144,17,4,437,0,0,0,0,0,272,144,17,4,437,0,0,0,437
10/24/2017,PIT,PA,AEA,CE,Combined TRACON& Tower with Radar,245,141,15,13,414,0,0,0,0,0,245,141,15,13,414,0,0,0,414
10/25/2017,PIT,PA,AEA,CE,Combined TRACON& Tower with Radar,260,157,33,12,462,0,0,0,0,0,260,157,33,12,462,0,0,0,462
10/26/2017,PIT,PA,AEA,CE,Combined TRACON& Tower with Radar,290,155,26,32,503,0,0,4,0,4,290,155,30,32,507,0,14,14,521
10/27/2017,PIT,PA,AEA,CE,Combined TRACON& Tower with Radar,285,155,35,20,495,0,0,1,0,1,285,155,36,20,496,0,0,0,496
10/28/2017,PIT,PA,AEA,CE,Combined TRACON& Tower with Radar,213,76,15,0,304,0,0,0,0,0,213,76,15,0,304,0,0,0,304
10/29/2017,PIT,PA,AEA,CE,Combined TRACON& Tower with Radar,226,87,18,5,336,0,0,0,0,0,226,87,18,5,336,0,0,0,336
10/30/2017,PIT,PA,AEA,CE,Combined TRACON& Tower with Radar,267,125,20,16,428,0,0,0,0,0,267,125,20,16,428,0,0,0,428
10/31/2017,PIT,PA,AEA,CE,Combined TRACON& Tower with Radar,248,126,12,12,398,0,1,2,0,3,248,127,14,12,401,0,0,0,401
11/01/2017,PIT,PA,AEA,CE,Combined TRACON& Tower with Radar,261,160,9,6,436,0,0,0,0,0,261,160,9,6,436,0,0,0,436
11/02/2017,PIT,PA,AEA,CE,Combined TRACON& Tower with Radar,274,157,36,13,480,0,1,5,0,6,274,158,41,13,486,0,0,0,486
11/03/2017,PIT,PA,AEA,CE,Combined TRACON& Tower with Radar,263,152,20,4,439,0,0,0,0,0,263,152,20,4,439,0,0,0,439
11/04/2017,PIT,PA,AEA,CE,Combined TRACON& Tower with Radar,214,69,18,10,311,0,0,5,1,6,214,69,23,11,317,0,0,0,317
11/05/2017,PIT,PA,AEA,CE,Combined TRACON& Tower with Radar,252,68,12,6,338,0,0,0,0,0,252,68,12,6,338,0,0,0,338
11/06/2017,PIT,PA,AEA,CE,Combined TRACON& Tower with Radar,281,127,23,0,431,0,0,0,0,0,281,127,23,0,431,0,0,0,431
11/07/2017,PIT,PA,AEA,CE,Combined TRACON& Tower with Radar,262,134,28,19,443,0,0,0,1,1,262,134,28,20,444,0,0,0,444
11/08/2017,PIT,PA,AEA,CE,Combined TRACON& Tower with Radar,270,143,24,26,463,0,0,3,0,3,270,143,27,26,466,0,8,8,474
11/09/2017,PIT,PA,AEA,CE,Combined TRACON& Tower with Radar,290,178,20,14,502,0,1,2,0,3,290,179,22,14,505,0,0,0,505
11/10/2017,PIT,PA,AEA,CE,Combined TRACON& Tower with Radar,283,153,16,0,452,0,0,0,0,0,283,153,16,0,452,0,0,0,452
11/11/2017,PIT,PA,AEA,CE,Combined TRACON& Tower with Radar,217,53,5,1,276,0,0,1,0,1,217,53,6,1,277,0,0,0,277
11/12/2017,PIT,PA,AEA,CE,Combined TRACON& Tower with Radar,263,102,5,1,371,0,0,1,0,1,263,102,6,1,372,0,0,0,372
11/13/2017,PIT,PA,AEA,CE,Combined TRACON& Tower with Radar,281,141,16,19,457,0,0,1,0,1,281,141,17,19,458,0,0,0,458
11/14/2017,PIT,PA,AEA,CE,Combined TRACON& Tower with Radar,283,148,22,21,474,0,0,1,0,1,283,148,23,21,475,4,0,4,479
11/15/2017,PIT,PA,AEA,CE,Combined TRACON& Tower with Radar,286,155,45,6,492,0,0,0,0,0,286,155,45,6,492,0,0,0,492
11/16/2017,PIT,PA,AEA,CE,Combined TRACON& Tower with Radar,287,157,20,19,483,0,0,0,0,0,287,157,20,19,483,0,0,0,483
11/17/2017,PIT,PA,AEA,CE,Combined TRACON& Tower with Radar,303,157,37,10,507,0,0,3,2,5,303,157,40,12,512,0,0,0,512
11/18/2017,PIT,PA,AEA,CE,Combined TRACON& Tower with Radar,222,64,5,0,291,0,0,0,0,0,222,64,5,0,291,0,0,0,291
11/19/2017,PIT,PA,AEA,CE,Combined TRACON& Tower with Radar,254,71,8,2,335,0,0,0,0,0,254,71,8,2,335,0,0,0,335
11/20/2017,PIT,PA,AEA,CE,Combined TRACON& Tower with Radar,269,126,21,28,444,0,0,2,0,2,269,126,23,28,446,0,8,8,454
11/21/2017,PIT,PA,AEA,CE,Combined TRACON& Tower with Radar,288,153,26,8,475,0,0,3,1,4,288,153,29,9,479,0,0,0,479
11/22/2017,PIT,PA,AEA,CE,Combined TRACON& Tower with Radar,299,157,11,5,472,0,0,0,0,0,299,157,11,5,472,0,0,0,472
11/23/2017,PIT,PA,AEA,CE,Combined TRACON& Tower with Radar,149,80,2,0,231,0,2,0,0,2,149,82,2,0,233,0,0,0,233
11/24/2017,PIT,PA,AEA,CE,Combined TRACON& Tower with Radar,194,94,5,0,293,0,0,2,0,2,194,94,7,0,295,0,0,0,295
11/25/2017,PIT,PA,AEA,CE,Combined TRACON& Tower with Radar,265,69,12,2,348,0,0,0,0,0,265,69,12,2,348,0,0,0,348
11/26/2017,PIT,PA,AEA,CE,Combined TRACON& Tower with Radar,293,93,22,1,409,0,1,1,0,2,293,94,23,1,411,0,0,0,411
11/27/2017,PIT,PA,AEA,CE,Combined TRACON& Tower with Radar,291,162,20,23,496,0,1,2,0,3,291,163,22,23,499,0,0,0,499
11/28/2017,PIT,PA,AEA,CE,Combined TRACON& Tower with Radar,278,153,33,12,476,0,0,9,0,9,278,153,42,12,485,0,0,0,485
11/29/2017,PIT,PA,AEA,CE,Combined TRACON& Tower with Radar,272,149,33,20,474,0,0,6,0,6,272,149,39,20,480,0,0,0,480
11/30/2017,PIT,PA,AEA,CE,Combined TRACON& Tower with Radar,286,177,30,14,507,0,0,4,0,4,286,177,34,14,511,0,12,12,523
12/01/2017,PIT,PA,AEA,CE,Combined TRACON& Tower with Radar,292,147,20,6,465,0,0,1,3,4,292,147,21,9,469,0,0,0,469
12/02/2017,PIT,PA,AEA,CE,Combined TRACON& Tower with Radar,201,82,8,8,299,0,2,2,0,4,201,84,10,8,303,0,4,4,307
12/03/2017,PIT,PA,AEA,CE,Combined TRACON& Tower with Radar,258,88,9,2,357,0,3,0,0,3,258,91,9,2,360,0,0,0,360
12/04/2017,PIT,PA,AEA,CE,Combined TRACON& Tower with Radar,271,143,11,3,428,0,1,4,0,5,271,144,15,3,433,0,0,0,433
12/05/2017,PIT,PA,AEA,CE,Combined TRACON& Tower with Radar,277,161,18,2,458,0,0,0,0,0,277,161,18,2,458,0,0,0,458
12/06/2017,PIT,PA,AEA,CE,Combined TRACON& Tower with Radar,275,156,17,20,468,0,0,5,0,5,275,156,22,20,473,0,14,14,487
12/07/2017,PIT,PA,AEA,CE,Combined TRACON& Tower with Radar,286,159,29,8,482,0,0,2,0,2,286,159,31,8,484,0,0,0,484
12/08/2017,PIT,PA,AEA,CE,Combined TRACON& Tower with Radar,272,158,16,7,453,0,0,1,0,1,272,158,17,7,454,0,0,0,454
12/09/2017,PIT,PA,AEA,CE,Combined TRACON& Tower with Radar,195,71,10,2,278,0,0,1,0,1,195,71,11,2,279,0,0,0,279
12/10/2017,PIT,PA,AEA,CE,Combined TRACON& Tower with Radar,252,80,15,1,348,0,0,0,0,0,252,80,15,1,348,0,0,0,348
12/11/2017,PIT,PA,AEA,CE,Combined TRACON& Tower with Radar,285,156,28,18,487,0,4,0,0,4,285,160,28,18,491,0,12,12,503
12/12/2017,PIT,PA,AEA,CE,Combined TRACON& Tower with Radar,281,131,24,0,436,0,0,0,0,0,281,131,24,0,436,0,0,0,436
12/13/2017,PIT,PA,AEA,CE,Combined TRACON& Tower with Radar,270,158,38,5,471,0,0,0,0,0,270,158,38,5,471,0,0,0,471
12/14/2017,PIT,PA,AEA,CE,Combined TRACON& Tower with Radar,287,160,45,15,507,0,1,2,1,4,287,161,47,16,511,0,4,4,515
12/15/2017,PIT,PA,AEA,CE,Combined TRACON& Tower with Radar,267,140,22,3,432,0,0,0,3,3,267,140,22,6,435,0,0,0,435
12/16/2017,PIT,PA,AEA,CE,Combined TRACON& Tower with Radar,225,99,15,0,339,0,0,0,0,0,225,99,15,0,339,0,0,0,339
12/17/2017,PIT,PA,AEA,CE,Combined TRACON& Tower with Radar,249,119,37,1,406,0,0,0,2,2,249,119,37,3,408,0,0,0,408
12/18/2017,PIT,PA,AEA,CE,Combined TRACON& Tower with Radar,277,135,28,3,443,0,0,0,0,0,277,135,28,3,443,0,0,0,443
12/19/2017,PIT,PA,AEA,CE,Combined TRACON& Tower with Radar,282,154,23,18,477,0,1,2,4,7,282,155,25,22,484,8,0,8,492
12/20/2017,PIT,PA,AEA,CE,Combined TRACON& Tower with Radar,281,156,17,16,470,0,0,1,0,1,281,156,18,16,471,0,10,10,481
12/21/2017,PIT,PA,AEA,CE,Combined TRACON& Tower with Radar,295,159,16,11,481,0,3,0,2,5,295,162,16,13,486,0,0,0,486
12/22/2017,PIT,PA,AEA,CE,Combined TRACON& Tower with Radar,287,135,10,11,443,0,0,0,0,0,287,135,10,11,443,0,14,14,457
12/23/2017,PIT,PA,AEA,CE,Combined TRACON& Tower with Radar,255,62,5,0,322,0,0,0,0,0,255,62,5,0,322,0,0,0,322
12/24/2017,PIT,PA,AEA,CE,Combined TRACON& Tower with Radar,206,48,3,0,257,0,0,0,0,0,206,48,3,0,257,0,0,0,257
12/25/2017,PIT,PA,AEA,CE,Combined TRACON& Tower with Radar,190,71,7,0,268,0,0,0,0,0,190,71,7,0,268,0,0,0,268
12/26/2017,PIT,PA,AEA,CE,Combined TRACON& Tower with Radar,259,102,30,10,401,0,0,0,0,0,259,102,30,10,401,0,0,0,401
12/27/2017,PIT,PA,AEA,CE,Combined TRACON& Tower with Radar,266,101,13,2,382,0,0,0,0,0,266,101,13,2,382,0,0,0,382
12/28/2017,PIT,PA,AEA,CE,Combined TRACON& Tower with Radar,263,104,9,5,381,0,0,0,8,8,263,104,9,13,389,0,0,0,389
12/29/2017,PIT,PA,AEA,CE,Combined TRACON& Tower with Radar,265,94,3,0,362,0,0,1,0,1,265,94,4,0,363,0,0,0,363
12/30/2017,PIT,PA,AEA,CE,Combined TRACON& Tower with Radar,239,51,9,6,305,0,0,0,0,0,239,51,9,6,305,0,0,0,305
12/31/2017,PIT,PA,AEA,CE,Combined TRACON& Tower with Radar,208,73,6,1,288,0,0,1,0,1,208,73,7,1,289,0,0,0,289
01/01/2018,PIT,PA,AEA,CE,Combined TRACON& Tower with Radar,213,98,3,1,315,0,1,0,0,1,213,99,3,1,316,0,0,0,316
01/02/2018,PIT,PA,AEA,CE,Combined TRACON& Tower with Radar,252,107,15,17,391,0,0,0,0,0,252,107,15,17,391,6,0,6,397
01/03/2018,PIT,PA,AEA,CE,Combined TRACON& Tower with Radar,258,107,7,7,379,0,0,0,0,0,258,107,7,7,379,0,0,0,379
01/04/2018,PIT,PA,AEA,CE,Combined TRACON& Tower with Radar,239,91,8,6,344,0,0,0,0,0,239,91,8,6,344,0,0,0,344
01/05/2018,PIT,PA,AEA,CE,Combined TRACON& Tower with Radar,251,88,13,15,367,0,0,0,0,0,251,88,13,15,367,0,8,8,375
01/06/2018,PIT,PA,AEA,CE,Combined TRACON& Tower with Radar,219,76,5,1,301,0,0,0,0,0,219,76,5,1,301,0,0,0,301
01/07/2018,PIT,PA,AEA,CE,Combined TRACON& Tower with Radar,244,78,7,2,331,0,0,0,0,0,244,78,7,2,331,0,0,0,331
01/08/2018,PIT,PA,AEA,CE,Combined TRACON& Tower with Radar,255,67,12,2,336,0,0,0,0,0,255,67,12,2,336,0,0,0,336
01/09/2018,PIT,PA,AEA,CE,Combined TRACON& Tower with Radar,259,144,18,30,451,0,0,0,0,0,259,144,18,30,451,0,0,0,451
01/10/2018,PIT,PA,AEA,CE,Combined TRACON& Tower with Radar,267,139,9,5,420,0,1,4,0,5,267,140,13,5,425,0,0,0,425
01/11/2018,PIT,PA,AEA,CE,Combined TRACON& Tower with Radar,269,135,21,23,448,0,0,0,0,0,269,135,21,23,448,0,6,6,454
01/12/2018,PIT,PA,AEA,CE,Combined TRACON& Tower with Radar,250,99,17,5,371,0,0,0,0,0,250,99,17,5,371,0,0,0,371
01/13/2018,PIT,PA,AEA,CE,Combined TRACON& Tower with Radar,202,55,8,3,268,0,1,0,0,1,202,56,8,3,269,0,0,0,269
01/14/2018,PIT,PA,AEA,CE,Combined TRACON& Tower with Radar,226,83,25,3,337,0,0,0,2,2,226,83,25,5,339,0,0,0,339
01/15/2018,PIT,PA,AEA,CE,Combined TRACON& Tower with Radar,257,131,19,4,411,0,0,2,0,2,257,131,21,4,413,0,0,0,413
01/16/2018,PIT,PA,AEA,CE,Combined TRACON& Tower with Radar,244,130,32,18,424,0,0,0,0,0,244,130,32,18,424,0,0,0,424
01/17/2018,PIT,PA,AEA,CE,Combined TRACON& Tower with Radar,242,132,25,35,434,0,2,0,0,2,242,134,25,35,436,0,0,0,436
01/18/2018,PIT,PA,AEA,CE,Combined TRACON& Tower with Radar,263,122,23,19,427,0,0,5,1,6,263,122,28,20,433,0,2,2,435
01/19/2018,PIT,PA,AEA,CE,Combined TRACON& Tower with Radar,271,130,15,12,428,0,2,1,2,5,271,132,16,14,433,0,0,0,433
01/20/2018,PIT,PA,AEA,CE,Combined TRACON& Tower with Radar,195,62,8,2,267,0,0,0,0,0,195,62,8,2,267,0,0,0,267
01/21/2018,PIT,PA,AEA,CE,Combined TRACON& Tower with Radar,237,72,17,2,328,0,0,0,0,0,237,72,17,2,328,0,0,0,328
01/22/2018,PIT,PA,AEA,CE,Combined TRACON& Tower with Radar,257,116,18,1,392,0,0,1,0,1,257,116,19,1,393,0,0,0,393
01/23/2018,PIT,PA,AEA,CE,Combined TRACON& Tower with Radar,258,125,12,15,410,0,0,0,2,2,258,125,12,17,412,0,0,0,412
01/24/2018,PIT,PA,AEA,CE,Combined TRACON& Tower with Radar,270,109,31,17,427,0,0,0,0,0,270,109,31,17,427,0,10,10,437
01/25/2018,PIT,PA,AEA,CE,Combined TRACON& Tower with Radar,274,136,27,28,465,0,0,1,0,1,274,136,28,28,466,18,10,28,494
01/26/2018,PIT,PA,AEA,CE,Combined TRACON& Tower with Radar,273,133,13,11,430,0,0,0,2,2,273,133,13,13,432,0,0,0,432
01/27/2018,PIT,PA,AEA,CE,Combined TRACON& Tower with Radar,195,63,7,4,269,0,0,0,0,0,195,63,7,4,269,0,0,0,269
01/28/2018,PIT,PA,AEA,CE,Combined TRACON& Tower with Radar,235,78,12,0,325,0,1,0,0,1,235,79,12,0,326,0,0,0,326
01/29/2018,PIT,PA,AEA,CE,Combined TRACON& Tower with Radar,262,116,16,14,408,0,2,0,0,2,262,118,16,14,410,0,4,4,414
01/30/2018,PIT,PA,AEA,CE,Combined TRACON& Tower with Radar,253,117,35,2,407,0,0,1,0,1,253,117,36,2,408,0,0,0,408
01/31/2018,PIT,PA,AEA,CE,Combined TRACON& Tower with Radar,269,115,24,18,426,0,0,2,0,2,269,115,26,18,428,0,0,0,428
02/01/2018,PIT,PA,AEA,CE,Combined TRACON& Tower with Radar,267,120,31,20,438,0,0,0,0,0,267,120,31,20,438,0,0,0,438
02/02/2018,PIT,PA,AEA,CE,Combined TRACON& Tower with Radar,271,146,22,6,445,0,0,4,0,4,271,146,26,6,449,0,0,0,449
02/03/2018,PIT,PA,AEA,CE,Combined TRACON& Tower with Radar,190,67,3,4,264,0,0,0,0,0,190,67,3,4,264,0,0,0,264
02/04/2018,PIT,PA,AEA,CE,Combined TRACON& Tower with Radar,212,49,3,1,265,0,0,0,0,0,212,49,3,1,265,0,0,0,265
02/05/2018,PIT,PA,AEA,CE,Combined TRACON& Tower with Radar,251,115,19,17,402,0,0,3,0,3,251,115,22,17,405,8,12,20,425
02/06/2018,PIT,PA,AEA,CE,Combined TRACON& Tower with Radar,258,117,21,34,430,0,0,0,0,0,258,117,21,34,430,0,0,0,430
02/07/2018,PIT,PA,AEA,CE,Combined TRACON& Tower with Radar,245,78,12,3,338,0,0,0,0,0,245,78,12,3,338,0,0,0,338
02/08/2018,PIT,PA,AEA,CE,Combined TRACON& Tower with Radar,274,131,30,24,459,0,0,1,0,1,274,131,31,24,460,0,0,0,460
02/09/2018,PIT,PA,AEA,CE,Combined TRACON& Tower with Radar,256,136,16,7,415,0,0,0,0,0,256,136,16,7,415,0,6,6,421
02/10/2018,PIT,PA,AEA,CE,Combined TRACON& Tower with Radar,200,58,18,10,286,0,0,1,0,1,200,58,19,10,287,0,10,10,297
02/11/2018,PIT,PA,AEA,CE,Combined TRACON& Tower with Radar,222,44,12,0,278,0,0,0,0,0,222,44,12,0,278,0,0,0,278
02/12/2018,PIT,PA,AEA,CE,Combined TRACON& Tower with Radar,255,125,12,4,396,0,0,2,0,2,255,125,14,4,398,0,0,0,398
02/13/2018,PIT,PA,AEA,CE,Combined TRACON& Tower with Radar,253,125,29,41,448,0,0,2,1,3,253,125,31,42,451,0,0,0,451
02/14/2018,PIT,PA,AEA,CE,Combined TRACON& Tower with Radar,252,109,26,30,417,0,0,0,0,0,252,109,26,30,417,0,0,0,417
02/15/2018,PIT,PA,AEA,CE,Combined TRACON& Tower with Radar,272,136,22,17,447,0,0,0,0,0,272,136,22,17,447,0,8,8,455
02/16/2018,PIT,PA,AEA,CE,Combined TRACON& Tower with Radar,278,139,18,12,447,0,0,0,0,0,278,139,18,12,447,0,0,0,447
02/17/2018,PIT,PA,AEA,CE,Combined TRACON& Tower with Radar,203,57,10,2,272,0,0,0,0,0,203,57,10,2,272,0,0,0,272
02/18/2018,PIT,PA,AEA,CE,Combined TRACON& Tower with Radar,239,73,2,1,315,0,0,0,0,0,239,73,2,1,315,0,0,0,315
02/19/2018,PIT,PA,AEA,CE,Combined TRACON& Tower with Radar,264,120,18,0,402,0,0,0,0,0,264,120,18,0,402,0,0,0,402
02/20/2018,PIT,PA,AEA,CE,Combined TRACON& Tower with Radar,279,113,28,4,424,0,0,1,2,3,279,113,29,6,427,0,0,0,427
02/21/2018,PIT,PA,AEA,CE,Combined TRACON& Tower with Radar,269,125,20,20,434,0,0,1,0,1,269,125,21,20,435,0,0,0,435
02/22/2018,PIT,PA,AEA,CE,Combined TRACON& Tower with Radar,275,122,19,21,437,0,0,0,0,0,275,122,19,21,437,0,0,0,437
02/23/2018,PIT,PA,AEA,CE,Combined TRACON& Tower with Radar,279,119,31,5,434,0,0,0,0,0,279,119,31,5,434,0,0,0,434
02/24/2018,PIT,PA,AEA,CE,Combined TRACON& Tower with Radar,207,56,12,1,276,0,0,0,0,0,207,56,12,1,276,0,0,0,276
02/25/2018,PIT,PA,AEA,CE,Combined TRACON& Tower with Radar,261,70,11,0,342,0,0,0,0,0,261,70,11,0,342,0,0,0,342
02/26/2018,PIT,PA,AEA,CE,Combined TRACON& Tower with Radar,278,126,23,0,427,0,0,3,0,3,278,126,26,0,430,0,0,0,430
02/27/2018,PIT,PA,AEA,CE,Combined TRACON& Tower with Radar,274,123,26,14,437,0,0,0,0,0,274,123,26,14,437,0,0,0,437
02/28/2018,PIT,PA,AEA,CE,Combined TRACON& Tower with Radar,277,129,38,20,464,0,0,4,0,4,277,129,42,20,468,0,0,0,468
03/01/2018,PIT,PA,AEA,CE,Combined TRACON& Tower with Radar,293,129,26,0,448,0,0,0,0,0,293,129,26,0,448,0,0,0,448
03/02/2018,PIT,PA,AEA,CE,Combined TRACON& Tower with Radar,284,76,17,0,377,0,0,0,0,0,284,76,17,0,377,0,0,0,377
03/03/2018,PIT,PA,AEA,CE,Combined TRACON& Tower with Radar,214,70,10,8,302,0,0,2,0,2,214,70,12,8,304,0,0,0,304
03/04/2018,PIT,PA,AEA,CE,Combined TRACON& Tower with Radar,248,85,5,4,342,0,0,4,0,4,248,85,9,4,346,0,0,0,346
03/05/2018,PIT,PA,AEA,CE,Combined TRACON& Tower with Radar,274,123,23,24,444,0,0,4,0,4,274,123,27,24,448,0,10,10,458
03/06/2018,PIT,PA,AEA,CE,Combined TRACON& Tower with Radar,275,148,26,32,481,0,1,1,2,4,275,149,27,34,485,0,0,0,485
03/07/2018,PIT,PA,AEA,CE,Combined TRACON& Tower with Radar,251,56,18,12,337,0,0,0,2,2,251,56,18,14,339,0,0,0,339
03/08/2018,PIT,PA,AEA,CE,Combined TRACON& Tower with Radar,275,122,15,26,438,0,0,0,0,0,275,122,15,26,438,0,0,0,438
03/09/2018,PIT,PA,AEA,CE,Combined TRACON& Tower with Radar,284,96,8,18,406,0,0,0,0,0,284,96,8,18,406,0,0,0,406
03/10/2018,PIT,PA,AEA,CE,Combined TRACON& Tower with Radar,228,51,13,1,293,0,2,10,0,12,228,53,23,1,305,0,0,0,305
03/11/2018,PIT,PA,AEA,CE,Combined TRACON& Tower with Radar,258,68,7,4,337,0,0,1,0,1,258,68,8,4,338,0,0,0,338
03/12/2018,PIT,PA,AEA,CE,Combined TRACON& Tower with Radar,283,116,22,3,424,0,2,3,0,5,283,118,25,3,429,0,0,0,429
03/13/2018,PIT,PA,AEA,CE,Combined TRACON& Tower with Radar,271,120,17,10,418,0,0,4,0,4,271,120,21,10,422,0,0,0,422
03/14/2018,PIT,PA,AEA,CE,Combined TRACON& Tower with Radar,290,134,21,21,466,0,0,0,0,0,290,134,21,21,466,0,0,0,466
03/15/2018,PIT,PA,AEA,CE,Combined TRACON& Tower with Radar,300,144,39,35,518,0,1,1,1,3,300,145,40,36,521,0,24,24,545
03/16/2018,PIT,PA,AEA,CE,Combined TRACON& Tower with Radar,288,135,18,6,447,0,0,0,0,0,288,135,18,6,447,0,0,0,447
03/17/2018,PIT,PA,AEA,CE,Combined TRACON& Tower with Radar,229,65,16,2,312,0,0,2,0,2,229,65,18,2,314,0,0,0,314
03/18/2018,PIT,PA,AEA,CE,Combined TRACON& Tower with Radar,264,76,10,1,351,0,2,0,0,2,264,78,10,1,353,0,0,0,353
03/19/2018,PIT,PA,AEA,CE,Combined TRACON& Tower with Radar,289,133,49,26,497,0,0,5,0,5,289,133,54,26,502,5,0,5,507
03/20/2018,PIT,PA,AEA,CE,Combined TRACON& Tower with Radar,278,114,26,2,420,0,0,0,0,0,278,114,26,2,420,0,0,0,420
03/21/2018,PIT,PA,AEA,CE,Combined TRACON& Tower with Radar,224,78,17,1,320,0,0,0,0,0,224,78,17,1,320,0,0,0,320
03/22/2018,PIT,PA,AEA,CE,Combined TRACON& Tower with Radar,286,142,16,10,454,0,0,2,0,2,286,142,18,10,456,0,0,0,456
03/23/2018,PIT,PA,AEA,CE,Combined TRACON& Tower with Radar,301,137,17,10,465,0,0,6,0,6,301,137,23,10,471,0,0,0,471
03/24/2018,PIT,PA,AEA,CE,Combined TRACON& Tower with Radar,226,55,6,1,288,0,0,0,0,0,226,55,6,1,288,0,0,0,288
03/25/2018,PIT,PA,AEA,CE,Combined TRACON& Tower with Radar,262,82,11,0,355,0,0,0,0,0,262,82,11,0,355,0,0,0,355
03/26/2018,PIT,PA,AEA,CE,Combined TRACON& Tower with Radar,289,121,16,0,426,0,0,3,0,3,289,121,19,0,429,0,0,0,429
03/27/2018,PIT,PA,AEA,CE,Combined TRACON& Tower with Radar,287,126,20,16,449,0,0,0,0,0,287,126,20,16,449,0,0,0,449
03/28/2018,PIT,PA,AEA,CE,Combined TRACON& Tower with Radar,282,130,34,18,464,0,0,0,0,0,282,130,34,18,464,0,0,0,464
03/29/2018,PIT,PA,AEA,CE,Combined TRACON& Tower with Radar,291,152,19,13,475,0,0,0,0,0,291,152,19,13,475,0,0,0,475
03/30/2018,PIT,PA,AEA,CE,Combined TRACON& Tower with Radar,301,122,11,2,436,0,0,0,0,0,301,122,11,2,436,0,0,0,436
03/31/2018,PIT,PA,AEA,CE,Combined TRACON& Tower with Radar,220,55,13,1,289,0,0,4,0,4,220,55,17,1,293,0,12,12,305
04/01/2018,PIT,PA,AEA,CE,Combined TRACON& Tower with Radar,246,84,3,1,334,0,2,0,0,2,246,86,3,1,336,0,0,0,336
04/02/2018,PIT,PA,AEA,CE,Combined TRACON& Tower with Radar,284,116,14,24,438,0,0,0,0,0,284,116,14,24,438,0,6,6,444
04/03/2018,PIT,PA,AEA,CE,Combined TRACON& Tower with Radar,280,129,21,4,434,0,0,0,0,0,280,129,21,4,434,0,0,0,434
04/04/2018,PIT,PA,AEA,CE,Combined TRACON& Tower with Radar,299,111,34,9,453,0,0,0,0,0,299,111,34,9,453,0,0,0,453
04/05/2018,PIT,PA,AEA,CE,Combined TRACON& Tower with Radar,293,123,34,24,474,0,0,4,0,4,293,123,38,24,478,0,0,0,478
04/06/2018,PIT,PA,AEA,CE,Combined TRACON& Tower with Radar,298,133,14,14,459,0,0,1,0,1,298,133,15,14,460,0,0,0,460
04/07/2018,PIT,PA,AEA,CE,Combined TRACON& Tower with Radar,217,61,8,19,305,0,0,3,2,5,217,61,11,21,310,0,0,0,310
04/08/2018,PIT,PA,AEA,CE,Combined TRACON& Tower with Radar,264,76,17,9,366,0,0,0,0,0,264,76,17,9,366,0,0,0,366
04/09/2018,PIT,PA,AEA,CE,Combined TRACON& Tower with Radar,280,116,18,3,417,0,0,2,0,2,280,116,20,3,419,0,0,0,419
04/10/2018,PIT,PA,AEA,CE,Combined TRACON& Tower with Radar,273,136,22,16,447,0,0,3,4,7,273,136,25,20,454,0,0,0,454
04/11/2018,PIT,PA,AEA,CE,Combined TRACON& Tower with Radar,285,141,20,21,467,0,0,6,0,6,285,141,26,21,473,0,0,0,473
04/12/2018,PIT,PA,AEA,CE,Combined TRACON& Tower with Radar,285,139,27,6,457,0,1,4,0,5,285,140,31,6,462,0,0,0,462
04/13/2018,PIT,PA,AEA,CE,Combined TRACON& Tower with Radar,291,129,17,8,445,0,2,3,0,5,291,131,20,8,450,0,0,0,450
04/14/2018,PIT,PA,AEA,CE,Combined TRACON& Tower with Radar,217,62,1,5,285,0,2,2,0,4,217,64,3,5,289,0,0,0,289
04/15/2018,PIT,PA,AEA,CE,Combined TRACON& Tower with Radar,257,74,11,2,344,0,0,0,0,0,257,74,11,2,344,0,0,0,344
04/16/2018,PIT,PA,AEA,CE,Combined TRACON& Tower with Radar,281,111,15,7,414,0,0,0,0,0,281,111,15,7,414,0,0,0,414
04/17/2018,PIT,PA,AEA,CE,Combined TRACON& Tower with Radar,274,132,25,9,440,0,0,0,1,1,274,132,25,10,441,0,0,0,441
04/18/2018,PIT,PA,AEA,CE,Combined TRACON& Tower with Radar,286,131,21,15,453,0,0,6,2,8,286,131,27,17,461,0,4,4,465
04/19/2018,PIT,PA,AEA,CE,Combined TRACON& Tower with Radar,284,112,30,12,438,0,0,0,0,0,284,112,30,12,438,0,0,0,438
04/20/2018,PIT,PA,AEA,CE,Combined TRACON& Tower with Radar,285,147,27,20,479,0,3,13,1,17,285,150,40,21,496,0,0,0,496
04/21/2018,PIT,PA,AEA,CE,Combined TRACON& Tower with Radar,219,51,15,2,287,0,0,13,0,13,219,51,28,2,300,0,0,0,300
04/22/2018,PIT,PA,AEA,CE,Combined TRACON& Tower with Radar,261,79,6,2,348,0,1,5,0,6,261,80,11,2,354,0,0,0,354
04/23/2018,PIT,PA,AEA,CE,Combined TRACON& Tower with Radar,272,143,24,0,439,0,0,6,2,8,272,143,30,2,447,0,0,0,447
04/24/2018,PIT,PA,AEA,CE,Combined TRACON& Tower with Radar,281,139,43,12,475,0,0,1,0,1,281,139,44,12,476,0,0,0,476
04/25/2018,PIT,PA,AEA,CE,Combined TRACON& Tower with Radar,269,145,40,33,487,0,0,0,0,0,269,145,40,33,487,0,0,0,487
04/26/2018,PIT,PA,AEA,CE,Combined TRACON& Tower with Radar,292,132,40,16,480,0,2,9,0,11,292,134,49,16,491,0,6,6,497
04/27/2018,PIT,PA,AEA,CE,Combined TRACON& Tower with Radar,285,136,14,13,448,0,0,2,0,2,285,136,16,13,450,0,0,0,450
04/28/2018,PIT,PA,AEA,CE,Combined TRACON& Tower with Radar,229,53,11,0,293,0,0,0,0,0,229,53,11,0,293,0,0,0,293
04/29/2018,PIT,PA,AEA,CE,Combined TRACON& Tower with Radar,263,87,18,0,368,0,0,3,0,3,263,87,21,0,371,0,0,0,371
04/30/2018,PIT,PA,AEA,CE,Combined TRACON& Tower with Radar,276,134,10,20,440,0,2,0,3,5,276,136,10,23,445,0,0,0,445
05/01/2018,PIT,PA,AEA,CE,Combined TRACON& Tower with Radar,281,140,35,15,471,0,1,1,0,2,281,141,36,15,473,0,0,0,473
05/02/2018,PIT,PA,AEA,CE,Combined TRACON& Tower with Radar,271,132,33,11,447,0,1,2,4,7,271,133,35,15,454,0,0,0,454
05/03/2018,PIT,PA,AEA,CE,Combined TRACON& Tower with Radar,280,153,25,4,462,0,0,0,0,0,280,153,25,4,462,0,0,0,462
05/04/2018,PIT,PA,AEA,CE,Combined TRACON& Tower with Radar,281,136,23,2,442,0,0,4,0,4,281,136,27,2,446,0,0,0,446
05/05/2018,PIT,PA,AEA,CE,Combined TRACON& Tower with Radar,236,66,9,0,311,0,0,4,0,4,236,66,13,0,315,0,0,0,315
05/06/2018,PIT,PA,AEA,CE,Combined TRACON& Tower with Radar,265,91,12,2,370,0,0,0,0,0,265,91,12,2,370,0,0,0,370
05/07/2018,PIT,PA,AEA,CE,Combined TRACON& Tower with Radar,284,140,30,1,455,0,1,1,0,2,284,141,31,1,457,0,0,0,457
05/08/2018,PIT,PA,AEA,CE,Combined TRACON& Tower with Radar,290,138,19,2,449,0,0,1,0,1,290,138,20,2,450,0,0,0,450
05/09/2018,PIT,PA,AEA,CE,Combined TRACON& Tower with Radar,283,142,27,9,461,0,2,4,0,6,283,144,31,9,467,0,0,0,467
05/10/2018,PIT,PA,AEA,CE,Combined TRACON& Tower with Radar,279,159,19,12,469,0,2,0,0,2,279,161,19,12,471,0,14,14,485
05/11/2018,PIT,PA,AEA,CE,Combined TRACON& Tower with Radar,289,140,35,5,469,0,0,5,0,5,289,140,40,5,474,0,0,0,474
05/12/2018,PIT,PA,AEA,CE,Combined TRACON& Tower with Radar,222,74,6,2,304,0,0,1,0,1,222,74,7,2,305,0,0,0,305
05/13/2018,PIT,PA,AEA,CE,Combined TRACON& Tower with Radar,249,90,12,4,355,0,0,0,0,0,249,90,12,4,355,0,0,0,355
05/14/2018,PIT,PA,AEA,CE,Combined TRACON& Tower with Radar,273,124,22,21,440,0,0,5,0,5,273,124,27,21,445,0,0,0,445
05/15/2018,PIT,PA,AEA,CE,Combined TRACON& Tower with Radar,277,123,34,22,456,0,0,10,0,10,277,123,44,22,466,0,11,11,477
05/16/2018,PIT,PA,AEA,CE,Combined TRACON& Tower with Radar,278,138,22,8,446,0,1,31,0,32,278,139,53,8,478,0,0,0,478
05/17/2018,PIT,PA,AEA,CE,Combined TRACON& Tower with Radar,291,123,46,9,469,0,0,10,0,10,291,123,56,9,479,0,0,0,479
05/18/2018,PIT,PA,AEA,CE,Combined TRACON& Tower with Radar,291,137,31,7,466,0,0,3,0,3,291,137,34,7,469,0,0,0,469
05/19/2018,PIT,PA,AEA,CE,Combined TRACON& Tower with Radar,221,68,12,0,301,0,0,0,0,0,221,68,12,0,301,0,0,0,301
05/20/2018,PIT,PA,AEA,CE,Combined TRACON& Tower with Radar,267,96,29,13,405,0,0,0,0,0,267,96,29,13,405,0,0,0,405
05/21/2018,PIT,PA,AEA,CE,Combined TRACON& Tower with Radar,284,127,21,12,444,0,2,0,0,2,284,129,21,12,446,0,5,5,451
05/22/2018,PIT,PA,AEA,CE,Combined TRACON& Tower with Radar,291,145,31,4,471,0,0,2,0,2,291,145,33,4,473,0,0,0,473
05/23/2018,PIT,PA,AEA,CE,Combined TRACON& Tower with Radar,293,129,20,8,450,0,0,9,0,9,293,129,29,8,459,0,0,0,459
05/24/2018,PIT,PA,AEA,CE,Combined TRACON& Tower with Radar,288,144,22,17,471,0,0,5,0,5,288,144,27,17,476,0,0,0,476
05/25/2018,PIT,PA,AEA,CE,Combined TRACON& Tower with Radar,287,135,17,12,451,0,0,3,2,5,287,135,20,14,456,0,0,0,456
05/26/2018,PIT,PA,AEA,CE,Combined TRACON& Tower with Radar,227,64,4,1,296,0,0,2,0,2,227,64,6,1,298,0,0,0,298
05/27/2018,PIT,PA,AEA,CE,Combined TRACON& Tower with Radar,227,65,10,2,304,0,0,4,0,4,227,65,14,2,308,0,0,0,308
05/28/2018,PIT,PA,AEA,CE,Combined TRACON& Tower with Radar,251,110,13,1,375,0,0,0,1,1,251,110,13,2,376,0,0,0,376
05/29/2018,PIT,PA,AEA,CE,Combined TRACON& Tower with Radar,278,118,28,14,438,0,0,8,0,8,278,118,36,14,446,0,0,0,446
05/30/2018,PIT,PA,AEA,CE,Combined TRACON& Tower with Radar,288,150,26,9,473,0,0,2,1,3,288,150,28,10,476,0,0,0,476
05/31/2018,PIT,PA,AEA,CE,Combined TRACON& Tower with Radar,292,145,19,20,476,0,0,0,0,0,292,145,19,20,476,0,10,10,486
06/01/2018,PIT,PA,AEA,CE,Combined TRACON& Tower with Radar,300,142,26,14,482,0,0,0,0,0,300,142,26,14,482,0,0,0,482
06/02/2018,PIT,PA,AEA,CE,Combined TRACON& Tower with Radar,248,70,9,4,331,0,0,0,0,0,248,70,9,4,331,0,0,0,331
06/03/2018,PIT,PA,AEA,CE,Combined TRACON& Tower with Radar,267,82,18,6,373,0,0,0,0,0,267,82,18,6,373,0,0,0,373
06/04/2018,PIT,PA,AEA,CE,Combined TRACON& Tower with Radar,282,141,26,2,451,0,1,0,0,1,282,142,26,2,452,0,0,0,452
06/05/2018,PIT,PA,AEA,CE,Combined TRACON& Tower with Radar,288,144,21,3,456,0,5,1,0,6,288,149,22,3,462,0,0,0,462
06/06/2018,PIT,PA,AEA,CE,Combined TRACON& Tower with Radar,292,144,30,25,491,0,0,1,0,1,292,144,31,25,492,0,0,0,492
06/07/2018,PIT,PA,AEA,CE,Combined TRACON& Tower with Radar,298,143,19,16,476,0,0,5,0,5,298,143,24,16,481,0,0,0,481
06/08/2018,PIT,PA,AEA,CE,Combined TRACON& Tower with Radar,296,146,27,10,479,0,0,0,0,0,296,146,27,10,479,0,0,0,479
06/09/2018,PIT,PA,AEA,CE,Combined TRACON& Tower with Radar,255,75,9,0,339,0,0,6,1,7,255,75,15,1,346,0,0,0,346
06/10/2018,PIT,PA,AEA,CE,Combined TRACON& Tower with Radar,271,82,16,3,372,0,0,0,0,0,271,82,16,3,372,0,0,0,372
06/11/2018,PIT,PA,AEA,CE,Combined TRACON& Tower with Radar,292,144,30,13,479,0,0,0,2,2,292,144,30,15,481,0,0,0,481
06/12/2018,PIT,PA,AEA,CE,Combined TRACON& Tower with Radar,292,151,33,23,499,0,0,0,0,0,292,151,33,23,499,0,0,0,499
06/13/2018,PIT,PA,AEA,CE,Combined TRACON& Tower with Radar,301,153,32,14,500,0,2,1,0,3,301,155,33,14,503,0,0,0,503
06/14/2018,PIT,PA,AEA,CE,Combined TRACON& Tower with Radar,305,149,44,26,524,0,0,8,0,8,305,149,52,26,532,0,10,10,542
06/15/2018,PIT,PA,AEA,CE,Combined TRACON& Tower with Radar,294,145,28,22,489,0,2,6,0,8,294,147,34,22,497,0,0,0,497
06/16/2018,PIT,PA,AEA,CE,Combined TRACON& Tower with Radar,240,62,5,0,307,0,0,1,0,1,240,62,6,0,308,0,0,0,308
06/17/2018,PIT,PA,AEA,CE,Combined TRACON& Tower with Radar,276,82,20,1,379,0,3,1,0,4,276,85,21,1,383,0,0,0,383
06/18/2018,PIT,PA,AEA,CE,Combined TRACON& Tower with Radar,286,136,25,2,449,0,0,4,0,4,286,136,29,2,453,0,0,0,453
06/19/2018,PIT,PA,AEA,CE,Combined TRACON& Tower with Radar,283,142,24,13,462,0,0,4,0,4,283,142,28,13,466,0,0,0,466
06/20/2018,PIT,PA,AEA,CE,Combined TRACON& Tower with Radar,293,156,29,22,500,0,0,1,0,1,293,156,30,22,501,0,0,0,501
06/21/2018,PIT,PA,AEA,CE,Combined TRACON& Tower with Radar,307,143,37,23,510,0,0,2,0,2,307,143,39,23,512,0,0,0,512
06/22/2018,PIT,PA,AEA,CE,Combined TRACON& Tower with Radar,290,144,30,14,478,0,0,0,0,0,290,144,30,14,478,0,0,0,478
06/23/2018,PIT,PA,AEA,CE,Combined TRACON& Tower with Radar,246,67,11,1,325,0,0,2,0,2,246,67,13,1,327,0,0,0,327
06/24/2018,PIT,PA,AEA,CE,Combined TRACON& Tower with Radar,272,92,13,2,379,0,2,0,0,2,272,94,13,2,381,0,0,0,381
06/25/2018,PIT,PA,AEA,CE,Combined TRACON& Tower with Radar,296,128,29,25,478,0,2,6,0,8,296,130,35,25,486,0,17,17,503
06/26/2018,PIT,PA,AEA,CE,Combined TRACON& Tower with Radar,285,147,27,19,478,0,0,1,8,9,285,147,28,27,487,0,0,0,487
06/27/2018,PIT,PA,AEA,CE,Combined TRACON& Tower with Radar,299,124,27,11,461,0,0,0,0,0,299,124,27,11,461,0,0,0,461
06/28/2018,PIT,PA,AEA,CE,Combined TRACON& Tower with Radar,289,147,40,21,497,0,1,2,0,3,289,148,42,21,500,0,0,0,500
06/29/2018,PIT,PA,AEA,CE,Combined TRACON& Tower with Radar,304,123,27,12,466,0,0,7,2,9,304,123,34,14,475,0,0,0,475
06/30/2018,PIT,PA,AEA,CE,Combined TRACON& Tower with Radar,249,75,13,0,337,0,1,3,0,4,249,76,16,0,341,0,8,8,349
07/01/2018,PIT,PA,AEA,CE,Combined TRACON& Tower with Radar,260,88,11,0,359,0,0,5,0,5,260,88,16,0,364,0,0,0,364
07/02/2018,PIT,PA,AEA,CE,Combined TRACON& Tower with Radar,253,103,14,0,370,0,0,0,4,4,253,103,14,4,374,0,0,0,374
07/03/2018,PIT,PA,AEA,CE,Combined TRACON& Tower with Radar,252,111,5,9,377,0,1,3,0,4,252,112,8,9,381,0,0,0,381
07/04/2018,PIT,PA,AEA,CE,Combined TRACON& Tower with Radar,225,92,4,0,321,0,0,1,0,1,225,92,5,0,322,0,0,0,322
07/05/2018,PIT,PA,AEA,CE,Combined TRACON& Tower with Radar,264,113,10,4,391,0,0,5,0,5,264,113,15,4,396,0,0,0,396
07/06/2018,PIT,PA,AEA,CE,Combined TRACON& Tower with Radar,271,113,24,6,414,0,0,3,0,3,271,113,27,6,417,0,0,0,417
07/07/2018,PIT,PA,AEA,CE,Combined TRACON& Tower with Radar,256,87,15,0,358,0,0,4,2,6,256,87,19,2,364,0,0,0,364
07/08/2018,PIT,PA,AEA,CE,Combined TRACON& Tower with Radar,284,84,15,0,383,0,0,4,0,4,284,84,19,0,387,0,0,0,387
07/09/2018,PIT,PA,AEA,CE,Combined TRACON& Tower with Radar,295,120,18,16,449,0,0,0,0,0,295,120,18,16,449,0,3,3,452
07/10/2018,PIT,PA,AEA,CE,Combined TRACON& Tower with Radar,296,124,26,8,454,0,0,5,0,5,296,124,31,8,459,0,0,0,459
07/11/2018,PIT,PA,AEA,CE,Combined TRACON& Tower with Radar,303,124,21,19,467,0,0,4,0,4,303,124,25,19,471,0,0,0,471
07/12/2018,PIT,PA,AEA,CE,Combined TRACON& Tower with Radar,303,127,36,23,489,0,2,10,2,14,303,129,46,25,503,0,0,0,503
07/13/2018,PIT,PA,AEA,CE,Combined TRACON& Tower with Radar,305,121,11,23,460,0,0,12,2,14,305,121,23,25,474,0,0,0,474
07/14/2018,PIT,PA,AEA,CE,Combined TRACON& Tower with Radar,246,70,12,0,328,0,2,0,0,2,246,72,12,0,330,0,0,0,330
07/15/2018,PIT,PA,AEA,CE,Combined TRACON& Tower with Radar,276,88,13,3,380,0,4,1,0,5,276,92,14,3,385,0,0,0,385
07/16/2018,PIT,PA,AEA,CE,Combined TRACON& Tower with Radar,296,106,15,4,421,0,0,4,0,4,296,106,19,4,425,0,0,0,425
07/17/2018,PIT,PA,AEA,CE,Combined TRACON& Tower with Radar,316,115,26,13,470,0,0,2,0,2,316,115,28,13,472,0,8,8,480
07/18/2018,PIT,PA,AEA,CE,Combined TRACON& Tower with Radar,304,129,27,35,495,0,0,0,0,0,304,129,27,35,495,0,0,0,495
07/19/2018,PIT,PA,AEA,CE,Combined TRACON& Tower with Radar,306,121,26,16,469,0,1,3,0,4,306,122,29,16,473,0,0,0,473
07/20/2018,PIT,PA,AEA,CE,Combined TRACON& Tower with Radar,292,133,20,17,462,0,0,2,0,2,292,133,22,17,464,0,0,0,464
07/21/2018,PIT,PA,AEA,CE,Combined TRACON& Tower with Radar,259,71,12,1,343,0,0,0,0,0,259,71,12,1,343,0,0,0,343
07/22/2018,PIT,PA,AEA,CE,Combined TRACON& Tower with Radar,279,82,11,1,373,0,0,2,0,2,279,82,13,1,375,0,0,0,375
07/23/2018,PIT,PA,AEA,CE,Combined TRACON& Tower with Radar,276,102,27,22,427,0,1,2,0,3,276,103,29,22,430,0,0,0,430
07/24/2018,PIT,PA,AEA,CE,Combined TRACON& Tower with Radar,300,112,32,17,461,0,0,3,0,3,300,112,35,17,464,0,0,0,464
07/25/2018,PIT,PA,AEA,CE,Combined TRACON& Tower with Radar,311,118,27,21,477,0,0,1,0,1,311,118,28,21,478,0,0,0,478
07/26/2018,PIT,PA,AEA,CE,Combined TRACON& Tower with Radar,313,131,32,25,501,0,0,4,0,4,313,131,36,25,505,0,0,0,505
07/27/2018,PIT,PA,AEA,CE,Combined TRACON& Tower with Radar,294,119,13,7,433,0,0,2,1,3,294,119,15,8,436,0,0,0,436
07/28/2018,PIT,PA,AEA,CE,Combined TRACON& Tower with Radar,257,86,5,1,349,0,0,0,1,1,257,86,5,2,350,0,0,0,350
07/29/2018,PIT,PA,AEA,CE,Combined TRACON& Tower with Radar,283,82,12,4,381,0,0,3,1,4,283,82,15,5,385,0,0,0,385
07/30/2018,PIT,PA,AEA,CE,Combined TRACON& Tower with Radar,301,118,22,1,442,0,0,0,13,13,301,118,22,14,455,0,0,0,455
07/31/2018,PIT,PA,AEA,CE,Combined TRACON& Tower with Radar,295,126,20,7,448,0,0,2,14,16,295,126,22,21,464,0,0,0,464
08/01/2018,PIT,PA,AEA,CE,Combined TRACON& Tower with Radar,295,130,17,19,461,0,0,0,11,11,295,130,17,30,472,0,6,6,478
08/02/2018,PIT,PA,AEA,CE,Combined TRACON& Tower with Radar,306,129,26,35,496,0,0,1,13,14,306,129,27,48,510,0,0,0,510
08/03/2018,PIT,PA,AEA,CE,Combined TRACON& Tower with Radar,316,111,22,16,465,0,0,5,1,6,316,111,27,17,471,0,0,0,471
08/04/2018,PIT,PA,AEA,CE,Combined TRACON& Tower with Radar,260,79,19,18,376,0,0,4,0,4,260,79,23,18,380,0,0,0,380
08/05/2018,PIT,PA,AEA,CE,Combined TRACON& Tower with Radar,292,93,8,2,395,0,0,1,0,1,292,93,9,2,396,0,0,0,396
08/06/2018,PIT,PA,AEA,CE,Combined TRACON& Tower with Radar,295,112,32,23,462,0,2,4,2,8,295,114,36,25,470,0,0,0,470
08/07/2018,PIT,PA,AEA,CE,Combined TRACON& Tower with Radar,285,110,22,19,436,0,2,2,0,4,285,112,24,19,440,0,0,0,440
08/08/2018,PIT,PA,AEA,CE,Combined TRACON& Tower with Radar,288,129,16,17,450,0,0,0,0,0,288,129,16,17,450,0,0,0,450
08/09/2018,PIT,PA,AEA,CE,Combined TRACON& Tower with Radar,294,136,24,36,490,0,0,2,0,2,294,136,26,36,492,0,0,0,492
08/10/2018,PIT,PA,AEA,CE,Combined TRACON& Tower with Radar,295,122,27,9,453,0,0,0,0,0,295,122,27,9,453,0,0,0,453
08/11/2018,PIT,PA,AEA,CE,Combined TRACON& Tower with Radar,230,83,8,0,321,0,0,0,0,0,230,83,8,0,321,0,0,0,321
08/12/2018,PIT,PA,AEA,CE,Combined TRACON& Tower with Radar,261,75,13,1,350,0,0,2,0,2,261,75,15,1,352,0,0,0,352
08/13/2018,PIT,PA,AEA,CE,Combined TRACON& Tower with Radar,276,129,30,4,439,0,0,0,0,0,276,129,30,4,439,0,0,0,439
08/14/2018,PIT,PA,AEA,CE,Combined TRACON& Tower with Radar,274,121,29,38,462,0,0,0,0,0,274,121,29,38,462,0,0,0,462
08/15/2018,PIT,PA,AEA,CE,Combined TRACON& Tower with Radar,291,127,19,16,453,0,2,3,0,5,291,129,22,16,458,0,0,0,458
08/16/2018,PIT,PA,AEA,CE,Combined TRACON& Tower with Radar,292,122,30,8,452,0,0,2,0,2,292,122,32,8,454,0,0,0,454
08/17/2018,PIT,PA,AEA,CE,Combined TRACON& Tower with Radar,288,123,27,2,440,0,0,0,0,0,288,123,27,2,440,0,0,0,440
08/18/2018,PIT,PA,AEA,CE,Combined TRACON& Tower with Radar,242,76,13,0,331,0,2,1,0,3,242,78,14,0,334,0,0,0,334
08/19/2018,PIT,PA,AEA,CE,Combined TRACON& Tower with Radar,264,80,10,0,354,0,0,2,0,2,264,80,12,0,356,0,0,0,356
08/20/2018,PIT,PA,AEA,CE,Combined TRACON& Tower with Radar,290,131,30,14,465,0,0,1,0,1,290,131,31,14,466,0,0,0,466
08/21/2018,PIT,PA,AEA,CE,Combined TRACON& Tower with Radar,267,121,38,20,446,0,0,0,0,0,267,121,38,20,446,0,0,0,446
08/22/2018,PIT,PA,AEA,CE,Combined TRACON& Tower with Radar,295,129,23,42,489,0,0,6,0,6,295,129,29,42,495,0,24,24,519
08/23/2018,PIT,PA,AEA,CE,Combined TRACON& Tower with Radar,287,118,43,22,470,0,1,13,0,14,287,119,56,22,484,0,12,12,496
08/24/2018,PIT,PA,AEA,CE,Combined TRACON& Tower with Radar,291,121,22,8,442,0,0,6,0,6,291,121,28,8,448,0,0,0,448
08/25/2018,PIT,PA,AEA,CE,Combined TRACON& Tower with Radar,215,62,6,3,286,0,0,2,0,2,215,62,8,3,288,0,0,0,288
08/26/2018,PIT,PA,AEA,CE,Combined TRACON& Tower with Radar,259,80,12,2,353,0,0,0,0,0,259,80,12,2,353,0,0,0,353
08/27/2018,PIT,PA,AEA,CE,Combined TRACON& Tower with Radar,283,115,27,1,426,0,0,3,0,3,283,115,30,1,429,0,0,0,429
08/28/2018,PIT,PA,AEA,CE,Combined TRACON& Tower with Radar,266,116,29,27,438,0,2,0,0,2,266,118,29,27,440,0,24,24,464
08/29/2018,PIT,PA,AEA,CE,Combined TRACON& Tower with Radar,276,115,40,15,446,0,0,6,1,7,276,115,46,16,453,0,0,0,453
08/30/2018,PIT,PA,AEA,CE,Combined TRACON& Tower with Radar,290,130,33,13,466,0,2,0,0,2,290,132,33,13,468,0,0,0,468
08/31/2018,PIT,PA,AEA,CE,Combined TRACON& Tower with Radar,285,133,29,15,462,0,0,0,0,0,285,133,29,15,462,0,6,6,468
09/01/2018,PIT,PA,AEA,CE,Combined TRACON& Tower with Radar,201,64,10,0,275,0,0,0,0,0,201,64,10,0,275,0,0,0,275
09/02/2018,PIT,PA,AEA,CE,Combined TRACON& Tower with Radar,202,76,4,1,283,0,0,1,0,1,202,76,5,1,284,0,0,0,284
09/03/2018,PIT,PA,AEA,CE,Combined TRACON& Tower with Radar,257,114,8,1,380,0,2,2,0,4,257,116,10,1,384,0,0,0,384
09/04/2018,PIT,PA,AEA,CE,Combined TRACON& Tower with Radar,253,123,13,24,413,0,0,2,0,2,253,123,15,24,415,0,0,0,415
09/05/2018,PIT,PA,AEA,CE,Combined TRACON& Tower with Radar,264,122,28,34,448,0,2,2,0,4,264,124,30,34,452,0,0,0,452
09/06/2018,PIT,PA,AEA,CE,Combined TRACON& Tower with Radar,266,132,26,32,456,0,1,4,0,5,266,133,30,32,461,0,0,0,461
09/07/2018,PIT,PA,AEA,CE,Combined TRACON& Tower with Radar,281,124,17,16,438,0,1,5,3,9,281,125,22,19,447,0,0,0,447
09/08/2018,PIT,PA,AEA,CE,Combined TRACON& Tower with Radar,215,75,12,2,304,0,0,0,0,0,215,75,12,2,304,0,0,0,304
09/09/2018,PIT,PA,AEA,CE,Combined TRACON& Tower with Radar,264,97,11,0,372,0,0,0,0,0,264,97,11,0,372,0,0,0,372
09/10/2018,PIT,PA,AEA,CE,Combined TRACON& Tower with Radar,291,127,18,6,442,0,0,0,0,0,291,127,18,6,442,0,0,0,442
09/11/2018,PIT,PA,AEA,CE,Combined TRACON& Tower with Radar,275,125,24,38,462,0,0,2,0,2,275,125,26,38,464,0,0,0,464
09/12/2018,PIT,PA,AEA,CE,Combined TRACON& Tower with Radar,276,121,24,24,445,0,0,4,0,4,276,121,28,24,449,0,0,0,449
09/13/2018,PIT,PA,AEA,CE,Combined TRACON& Tower with Radar,286,123,22,18,449,0,4,4,0,8,286,127,26,18,457,0,8,8,465
09/14/2018,PIT,PA,AEA,CE,Combined TRACON& Tower with Radar,285,105,18,17,425,0,0,2,3,5,285,105,20,20,430,0,0,0,430
09/15/2018,PIT,PA,AEA,CE,Combined TRACON& Tower with Radar,217,80,19,4,320,0,2,1,1,4,217,82,20,5,324,0,0,0,324
09/16/2018,PIT,PA,AEA,CE,Combined TRACON& Tower with Radar,265,93,12,3,373,0,1,2,4,7,265,94,14,7,380,0,0,0,380
09/17/2018,PIT,PA,AEA,CE,Combined TRACON& Tower with Radar,299,121,21,8,449,0,0,0,0,0,299,121,21,8,449,0,0,0,449
09/18/2018,PIT,PA,AEA,CE,Combined TRACON& Tower with Radar,272,118,23,8,421,0,0,2,0,2,272,118,25,8,423,0,0,0,423
09/19/2018,PIT,PA,AEA,CE,Combined TRACON& Tower with Radar,279,121,20,30,450,0,0,6,0,6,279,121,26,30,456,0,8,8,464
09/20/2018,PIT,PA,AEA,CE,Combined TRACON& Tower with Radar,296,126,29,29,480,0,0,3,0,3,296,126,32,29,483,0,6,6,489
09/21/2018,PIT,PA,AEA,CE,Combined TRACON& Tower with Radar,291,115,15,15,436,0,0,1,0,1,291,115,16,15,437,0,0,0,437
09/22/2018,PIT,PA,AEA,CE,Combined TRACON& Tower with Radar,222,79,9,4,314,0,2,1,0,3,222,81,10,4,317,0,0,0,317
09/23/2018,PIT,PA,AEA,CE,Combined TRACON& Tower with Radar,265,85,24,5,379,0,0,2,0,2,265,85,26,5,381,0,0,0,381
09/24/2018,PIT,PA,AEA,CE,Combined TRACON& Tower with Radar,286,107,19,1,413,0,1,0,0,1,286,108,19,1,414,0,0,0,414
09/25/2018,PIT,PA,AEA,CE,Combined TRACON& Tower with Radar,275,127,22,14,438,0,0,0,0,0,275,127,22,14,438,0,0,0,438
09/26/2018,PIT,PA,AEA,CE,Combined TRACON& Tower with Radar,302,127,45,14,488,0,0,0,0,0,302,127,45,14,488,0,0,0,488
09/27/2018,PIT,PA,AEA,CE,Combined TRACON& Tower with Radar,293,134,33,17,477,0,2,0,0,2,293,136,33,17,479,0,0,0,479
09/28/2018,PIT,PA,AEA,CE,Combined TRACON& Tower with Radar,292,135,15,15,457,0,2,2,0,4,292,137,17,15,461,0,10,10,471
09/29/2018,PIT,PA,AEA,CE,Combined TRACON& Tower with Radar,215,85,11,3,314,0,0,0,0,0,215,85,11,3,314,0,0,0,314
09/30/2018,PIT,PA,AEA,CE,Combined TRACON& Tower with Radar,272,100,21,0,393,0,2,6,0,8,272,102,27,0,401,0,0,0,401
10/01/2018,PIT,PA,AEA,CE,Combined TRACON& Tower with Radar,278,134,23,15,450,0,0,0,0,0,278,134,23,15,450,0,3,3,453
10/02/2018,PIT,PA,AEA,CE,Combined TRACON& Tower with Radar,275,107,23,14,419,0,0,2,0,2,275,107,25,14,421,0,0,0,421
10/03/2018,PIT,PA,AEA,CE,Combined TRACON& Tower with Radar,295,127,19,33,474,0,0,2,1,3,295,127,21,34,477,0,0,0,477
10/04/2018,PIT,PA,AEA,CE,Combined TRACON& Tower with Radar,306,131,18,21,476,0,0,2,0,2,306,131,20,21,478,0,8,8,486
10/05/2018,PIT,PA,AEA,CE,Combined TRACON& Tower with Radar,290,133,27,1,451,0,0,0,0,0,290,133,27,1,451,0,0,0,451
10/06/2018,PIT,PA,AEA,CE,Combined TRACON& Tower with Radar,218,70,16,3,307,0,0,1,2,3,218,70,17,5,310,0,0,0,310
10/07/2018,PIT,PA,AEA,CE,Combined TRACON& Tower with Radar,257,105,27,1,390,0,0,4,0,4,257,105,31,1,394,0,0,0,394
10/08/2018,PIT,PA,AEA,CE,Combined TRACON& Tower with Radar,289,110,23,0,422,0,1,8,0,9,289,111,31,0,431,0,0,0,431
10/09/2018,PIT,PA,AEA,CE,Combined TRACON& Tower with Radar,276,129,22,2,429,0,0,4,0,4,276,129,26,2,433,0,0,0,433
10/10/2018,PIT,PA,AEA,CE,Combined TRACON& Tower with Radar,282,127,25,20,454,0,0,0,0,0,282,127,25,20,454,0,0,0,454
10/11/2018,PIT,PA,AEA,CE,Combined TRACON& Tower with Radar,295,121,24,31,471,0,0,2,0,2,295,121,26,31,473,0,0,0,473
10/12/2018,PIT,PA,AEA,CE,Combined TRACON& Tower with Radar,295,133,18,24,470,0,0,0,0,0,295,133,18,24,470,0,0,0,470
10/13/2018,PIT,PA,AEA,CE,Combined TRACON& Tower with Radar,221,80,6,3,310,0,2,0,0,2,221,82,6,3,312,0,0,0,312
10/14/2018,PIT,PA,AEA,CE,Combined TRACON& Tower with Radar,273,94,14,6,387,0,6,4,0,10,273,100,18,6,397,0,0,0,397
10/15/2018,PIT,PA,AEA,CE,Combined TRACON& Tower with Radar,293,122,23,32,470,0,0,0,0,0,293,122,23,32,470,0,12,12,482
10/16/2018,PIT,PA,AEA,CE,Combined TRACON& Tower with Radar,300,118,20,12,450,0,0,0,2,2,300,118,20,14,452,0,0,0,452
10/17/2018,PIT,PA,AEA,CE,Combined TRACON& Tower with Radar,294,121,25,39,479,0,1,0,0,1,294,122,25,39,480,0,0,0,480
10/18/2018,PIT,PA,AEA,CE,Combined TRACON& Tower with Radar,294,136,21,28,479,0,0,7,0,7,294,136,28,28,486,0,0,0,486
10/19/2018,PIT,PA,AEA,CE,Combined TRACON& Tower with Radar,297,125,23,8,453,0,0,0,0,0,297,125,23,8,453,0,0,0,453
10/20/2018,PIT,PA,AEA,CE,Combined TRACON& Tower with Radar,219,72,10,20,321,0,0,0,0,0,219,72,10,20,321,0,0,0,321
10/21/2018,PIT,PA,AEA,CE,Combined TRACON& Tower with Radar,263,87,12,4,366,0,0,1,0,1,263,87,13,4,367,0,0,0,367
10/22/2018,PIT,PA,AEA,CE,Combined TRACON& Tower with Radar,295,111,22,5,433,0,2,8,0,10,295,113,30,5,443,0,0,0,443
10/23/2018,PIT,PA,AEA,CE,Combined TRACON& Tower with Radar,289,120,23,28,460,0,0,0,0,0,289,120,23,28,460,0,0,0,460
10/24/2018,PIT,PA,AEA,CE,Combined TRACON& Tower with Radar,288,133,22,42,485,0,0,2,0,2,288,133,24,42,487,0,12,12,499
10/25/2018,PIT,PA,AEA,CE,Combined TRACON& Tower with Radar,289,128,45,21,483,0,0,4,0,4,289,128,49,21,487,0,32,32,519
10/26/2018,PIT,PA,AEA,CE,Combined TRACON& Tower with Radar,298,129,24,18,469,0,0,1,2,3,298,129,25,20,472,0,15,15,487
10/27/2018,PIT,PA,AEA,CE,Combined TRACON& Tower with Radar,233,82,10,3,328,0,0,0,0,0,233,82,10,3,328,0,0,0,328
10/28/2018,PIT,PA,AEA,CE,Combined TRACON& Tower with Radar,251,103,21,2,377,0,0,0,0,0,251,103,21,2,377,0,0,0,377
10/29/2018,PIT,PA,AEA,CE,Combined TRACON& Tower with Radar,271,111,15,13,410,0,0,4,2,6,271,111,19,15,416,0,2,2,418
10/30/2018,PIT,PA,AEA,CE,Combined TRACON& Tower with Radar,265,129,31,17,442,0,0,10,1,11,265,129,41,18,453,0,0,0,453
10/31/2018,PIT,PA,AEA,CE,Combined TRACON& Tower with Radar,233,109,22,4,368,0,0,2,0,2,233,109,24,4,370,0,0,0,370
11/01/2018,PIT,PA,AEA,CE,Combined TRACON& Tower with Radar,277,126,19,3,425,0,0,1,0,1,277,126,20,3,426,0,0,0,426
11/02/2018,PIT,PA,AEA,CE,Combined TRACON& Tower with Radar,318,133,13,21,485,0,0,2,0,2,318,133,15,21,487,0,0,0,487
11/03/2018,PIT,PA,AEA,CE,Combined TRACON& Tower with Radar,222,60,11,7,300,0,0,0,0,0,222,60,11,7,300,0,8,8,308
11/04/2018,PIT,PA,AEA,CE,Combined TRACON& Tower with Radar,257,91,13,12,373,0,3,3,1,7,257,94,16,13,380,0,0,0,380
11/05/2018,PIT,PA,AEA,CE,Combined TRACON& Tower with Radar,300,128,14,1,443,0,0,1,0,1,300,128,15,1,444,0,0,0,444
11/06/2018,PIT,PA,AEA,CE,Combined TRACON& Tower with Radar,286,114,22,26,448,0,0,2,0,2,286,114,24,26,450,0,41,41,491
11/07/2018,PIT,PA,AEA,CE,Combined TRACON& Tower with Radar,280,141,30,27,478,0,2,3,0,5,280,143,33,27,483,0,18,18,501
11/08/2018,PIT,PA,AEA,CE,Combined TRACON& Tower with Radar,306,128,45,21,500,0,2,4,0,6,306,130,49,21,506,0,12,12,518
11/09/2018,PIT,PA,AEA,CE,Combined TRACON& Tower with Radar,309,135,28,13,485,0,0,0,0,0,309,135,28,13,485,0,0,0,485
11/10/2018,PIT,PA,AEA,CE,Combined TRACON& Tower with Radar,205,70,4,1,280,0,0,4,0,4,205,70,8,1,284,0,0,0,284
11/11/2018,PIT,PA,AEA,CE,Combined TRACON& Tower with Radar,256,87,5,1,349,0,0,6,0,6,256,87,11,1,355,0,0,0,355
11/12/2018,PIT,PA,AEA,CE,Combined TRACON& Tower with Radar,296,111,24,0,431,0,0,1,0,1,296,111,25,0,432,0,0,0,432
11/13/2018,PIT,PA,AEA,CE,Combined TRACON& Tower with Radar,294,112,30,18,454,0,2,0,0,2,294,114,30,18,456,0,0,0,456
11/14/2018,PIT,PA,AEA,CE,Combined TRACON& Tower with Radar,298,118,32,48,496,0,0,1,0,1,298,118,33,48,497,0,9,9,506
11/15/2018,PIT,PA,AEA,CE,Combined TRACON& Tower with Radar,277,65,18,0,360,0,0,0,0,0,277,65,18,0,360,0,0,0,360
11/16/2018,PIT,PA,AEA,CE,Combined TRACON& Tower with Radar,317,123,8,5,453,0,0,0,0,0,317,123,8,5,453,0,0,0,453
11/17/2018,PIT,PA,AEA,CE,Combined TRACON& Tower with Radar,226,76,8,0,310,0,2,2,0,4,226,78,10,0,314,0,0,0,314
11/18/2018,PIT,PA,AEA,CE,Combined TRACON& Tower with Radar,267,85,14,1,367,0,0,1,0,1,267,85,15,1,368,0,0,0,368
11/19/2018,PIT,PA,AEA,CE,Combined TRACON& Tower with Radar,272,99,13,1,385,0,0,0,0,0,272,99,13,1,385,0,0,0,385
11/20/2018,PIT,PA,AEA,CE,Combined TRACON& Tower with Radar,296,111,20,2,429,0,0,0,0,0,296,111,20,2,429,0,0,0,429
11/21/2018,PIT,PA,AEA,CE,Combined TRACON& Tower with Radar,314,103,8,6,431,0,0,0,0,0,314,103,8,6,431,0,0,0,431
11/22/2018,PIT,PA,AEA,CE,Combined TRACON& Tower with Radar,177,71,2,0,250,0,0,0,0,0,177,71,2,0,250,0,0,0,250
11/23/2018,PIT,PA,AEA,CE,Combined TRACON& Tower with Radar,216,83,1,0,300,0,0,1,0,1,216,83,2,0,301,0,0,0,301
11/24/2018,PIT,PA,AEA,CE,Combined TRACON& Tower with Radar,281,70,10,0,361,0,0,0,0,0,281,70,10,0,361,0,0,0,361
11/25/2018,PIT,PA,AEA,CE,Combined TRACON& Tower with Radar,291,113,12,0,416,0,0,3,0,3,291,113,15,0,419,0,0,0,419
11/26/2018,PIT,PA,AEA,CE,Combined TRACON& Tower with Radar,279,107,16,11,413,0,0,0,0,0,279,107,16,11,413,0,0,0,413
11/27/2018,PIT,PA,AEA,CE,Combined TRACON& Tower with Radar,302,107,17,2,428,0,0,2,0,2,302,107,19,2,430,0,0,0,430
11/28/2018,PIT,PA,AEA,CE,Combined TRACON& Tower with Radar,287,103,15,35,440,0,0,0,1,1,287,103,15,36,441,0,0,0,441
11/29/2018,PIT,PA,AEA,CE,Combined TRACON& Tower with Radar,301,136,23,32,492,0,0,1,0,1,301,136,24,32,493,0,0,0,493
11/30/2018,PIT,PA,AEA,CE,Combined TRACON& Tower with Radar,314,132,22,25,493,0,0,0,0,0,314,132,22,25,493,0,0,0,493
12/01/2018,PIT,PA,AEA,CE,Combined TRACON& Tower with Radar,211,68,4,2,285,0,0,0,0,0,211,68,4,2,285,0,0,0,285
12/02/2018,PIT,PA,AEA,CE,Combined TRACON& Tower with Radar,266,88,8,37,399,0,0,0,0,0,266,88,8,37,399,0,15,15,414
12/03/2018,PIT,PA,AEA,CE,Combined TRACON& Tower with Radar,291,110,22,3,426,0,0,0,0,0,291,110,22,3,426,0,0,0,426
12/04/2018,PIT,PA,AEA,CE,Combined TRACON& Tower with Radar,282,108,18,21,429,0,0,4,0,4,282,108,22,21,433,0,0,0,433
12/05/2018,PIT,PA,AEA,CE,Combined TRACON& Tower with Radar,300,135,23,3,461,0,0,0,0,0,300,135,23,3,461,0,0,0,461
12/06/2018,PIT,PA,AEA,CE,Combined TRACON& Tower with Radar,301,119,19,29,468,0,0,0,0,0,301,119,19,29,468,0,16,16,484
12/07/2018,PIT,PA,AEA,CE,Combined TRACON& Tower with Radar,289,125,15,13,442,0,1,6,0,7,289,126,21,13,449,0,6,6,455
12/08/2018,PIT,PA,AEA,CE,Combined TRACON& Tower with Radar,209,62,5,5,281,0,0,0,0,0,209,62,5,5,281,0,0,0,281
12/09/2018,PIT,PA,AEA,CE,Combined TRACON& Tower with Radar,240,83,12,1,336,0,0,1,0,1,240,83,13,1,337,0,0,0,337
12/10/2018,PIT,PA,AEA,CE,Combined TRACON& Tower with Radar,279,107,21,42,449,0,0,1,0,1,279,107,22,42,450,0,0,0,450
12/11/2018,PIT,PA,AEA,CE,Combined TRACON& Tower with Radar,286,124,24,26,460,0,0,3,0,3,286,124,27,26,463,0,0,0,463
12/12/2018,PIT,PA,AEA,CE,Combined TRACON& Tower with Radar,292,115,18,37,462,0,2,5,2,9,292,117,23,39,471,0,0,0,471
12/13/2018,PIT,PA,AEA,CE,Combined TRACON& Tower with Radar,306,125,20,24,475,0,2,3,0,5,306,127,23,24,480,0,8,8,488
12/14/2018,PIT,PA,AEA,CE,Combined TRACON& Tower with Radar,297,124,30,5,456,0,2,0,0,2,297,126,30,5,458,0,8,8,466
12/15/2018,PIT,PA,AEA,CE,Combined TRACON& Tower with Radar,214,89,16,3,322,0,0,0,0,0,214,89,16,3,322,0,0,0,322
12/16/2018,PIT,PA,AEA,CE,Combined TRACON& Tower with Radar,250,112,30,3,395,0,0,0,0,0,250,112,30,3,395,0,0,0,395
12/17/2018,PIT,PA,AEA,CE,Combined TRACON& Tower with Radar,296,136,32,0,464,0,0,1,0,1,296,136,33,0,465,0,0,0,465
12/18/2018,PIT,PA,AEA,CE,Combined TRACON& Tower with Radar,288,134,3,22,447,0,0,9,0,9,288,134,12,22,456,0,0,0,456
12/19/2018,PIT,PA,AEA,CE,Combined TRACON& Tower with Radar,297,108,17,26,448,0,0,3,4,7,297,108,20,30,455,3,0,3,458
12/20/2018,PIT,PA,AEA,CE,Combined TRACON& Tower with Radar,290,104,18,31,443,0,0,3,0,3,290,104,21,31,446,0,0,0,446
12/21/2018,PIT,PA,AEA,CE,Combined TRACON& Tower with Radar,303,102,14,1,420,0,0,0,0,0,303,102,14,1,420,0,0,0,420
12/22/2018,PIT,PA,AEA,CE,Combined TRACON& Tower with Radar,254,76,18,2,350,0,0,0,0,0,254,76,18,2,350,0,0,0,350
12/23/2018,PIT,PA,AEA,CE,Combined TRACON& Tower with Radar,252,79,14,0,345,0,0,1,0,1,252,79,15,0,346,0,0,0,346
12/24/2018,PIT,PA,AEA,CE,Combined TRACON& Tower with Radar,216,71,3,0,290,0,0,1,0,1,216,71,4,0,291,0,0,0,291
12/25/2018,PIT,PA,AEA,CE,Combined TRACON& Tower with Radar,178,72,1,0,251,0,0,0,0,0,178,72,1,0,251,0,0,0,251
12/26/2018,PIT,PA,AEA,CE,Combined TRACON& Tower with Radar,260,113,11,20,404,0,0,4,0,4,260,113,15,20,408,0,0,0,408
12/27/2018,PIT,PA,AEA,CE,Combined TRACON& Tower with Radar,263,104,10,19,396,0,0,0,0,0,263,104,10,19,396,0,21,21,417
12/28/2018,PIT,PA,AEA,CE,Combined TRACON& Tower with Radar,276,91,6,0,373,0,0,0,0,0,276,91,6,0,373,0,0,0,373
12/29/2018,PIT,PA,AEA,CE,Combined TRACON& Tower with Radar,249,57,2,0,308,0,0,0,0,0,249,57,2,0,308,0,0,0,308
12/30/2018,PIT,PA,AEA,CE,Combined TRACON& Tower with Radar,242,67,8,0,317,0,0,0,0,0,242,67,8,0,317,0,0,0,317
12/31/2018,PIT,PA,AEA,CE,Combined TRACON& Tower with Radar,222,77,5,0,304,0,0,0,0,0,222,77,5,0,304,0,0,0,304
01/01/2019,PIT,PA,AEA,CE,Combined TRACON& Tower with Radar,212,76,16,0,304,0,0,0,0,0,212,76,16,0,304,0,0,0,304
01/02/2019,PIT,PA,AEA,CE,Combined TRACON& Tower with Radar,260,88,14,28,390,0,0,0,0,0,260,88,14,28,390,0,0,0,390
01/03/2019,PIT,PA,AEA,CE,Combined TRACON& Tower with Radar,266,97,14,12,389,0,0,2,0,2,266,97,16,12,391,0,0,0,391
01/04/2019,PIT,PA,AEA,CE,Combined TRACON& Tower with Radar,266,91,17,18,392,0,0,4,2,6,266,91,21,20,398,0,0,0,398
01/05/2019,PIT,PA,AEA,CE,Combined TRACON& Tower with Radar,213,68,7,15,303,0,0,4,0,4,213,68,11,15,307,0,0,0,307
01/06/2019,PIT,PA,AEA,CE,Combined TRACON& Tower with Radar,241,77,17,2,337,0,0,2,0,2,241,77,19,2,339,0,0,0,339
01/07/2019,PIT,PA,AEA,CE,Combined TRACON& Tower with Radar,281,98,15,7,401,0,0,2,0,2,281,98,17,7,403,0,0,0,403
01/08/2019,PIT,PA,AEA,CE,Combined TRACON& Tower with Radar,268,91,14,10,383,0,0,0,0,0,268,91,14,10,383,0,0,0,383
01/09/2019,PIT,PA,AEA,CE,Combined TRACON& Tower with Radar,274,97,11,10,392,0,0,0,0,0,274,97,11,10,392,0,0,0,392
01/10/2019,PIT,PA,AEA,CE,Combined TRACON& Tower with Radar,281,98,19,16,414,0,0,0,0,0,281,98,19,16,414,0,0,0,414
01/11/2019,PIT,PA,AEA,CE,Combined TRACON& Tower with Radar,282,104,18,5,409,0,0,7,0,7,282,104,25,5,416,0,0,0,416
01/12/2019,PIT,PA,AEA,CE,Combined TRACON& Tower with Radar,193,54,2,0,249,0,0,0,0,0,193,54,2,0,249,0,0,0,249
01/13/2019,PIT,PA,AEA,CE,Combined TRACON& Tower with Radar,233,80,8,3,324,0,0,0,0,0,233,80,8,3,324,0,0,0,324
01/14/2019,PIT,PA,AEA,CE,Combined TRACON& Tower with Radar,271,95,21,1,388,0,0,2,0,2,271,95,23,1,390,0,0,0,390
01/15/2019,PIT,PA,AEA,CE,Combined TRACON& Tower with Radar,256,112,19,19,406,0,0,0,0,0,256,112,19,19,406,0,0,0,406
01/16/2019,PIT,PA,AEA,CE,Combined TRACON& Tower with Radar,274,88,22,14,398,0,0,0,0,0,274,88,22,14,398,0,0,0,398
01/17/2019,PIT,PA,AEA,CE,Combined TRACON& Tower with Radar,291,93,19,12,415,0,0,0,0,0,291,93,19,12,415,0,14,14,429
01/18/2019,PIT,PA,AEA,CE,Combined TRACON& Tower with Radar,270,99,22,3,394,0,0,0,0,0,270,99,22,3,394,0,0,0,394
01/19/2019,PIT,PA,AEA,CE,Combined TRACON& Tower with Radar,182,28,7,0,217,0,0,0,0,0,182,28,7,0,217,0,0,0,217
01/20/2019,PIT,PA,AEA,CE,Combined TRACON& Tower with Radar,210,55,1,3,269,0,0,0,0,0,210,55,1,3,269,0,0,0,269
01/21/2019,PIT,PA,AEA,CE,Combined TRACON& Tower with Radar,257,95,15,0,367,0,0,0,0,0,257,95,15,0,367,0,0,0,367
01/22/2019,PIT,PA,AEA,CE,Combined TRACON& Tower with Radar,257,116,14,22,409,0,0,2,0,2,257,116,16,22,411,0,0,0,411
01/23/2019,PIT,PA,AEA,CE,Combined TRACON& Tower with Radar,280,92,20,26,418,0,0,0,0,0,280,92,20,26,418,0,0,0,418
01/24/2019,PIT,PA,AEA,CE,Combined TRACON& Tower with Radar,269,92,26,22,409,0,2,1,0,3,269,94,27,22,412,0,0,0,412
01/25/2019,PIT,PA,AEA,CE,Combined TRACON& Tower with Radar,273,112,16,18,419,0,0,0,0,0,273,112,16,18,419,0,0,0,419
01/26/2019,PIT,PA,AEA,CE,Combined TRACON& Tower with Radar,197,54,10,1,262,0,0,0,1,1,197,54,10,2,263,0,0,0,263
01/27/2019,PIT,PA,AEA,CE,Combined TRACON& Tower with Radar,238,75,20,4,337,0,0,1,0,1,238,75,21,4,338,0,0,0,338
01/28/2019,PIT,PA,AEA,CE,Combined TRACON& Tower with Radar,259,103,25,1,388,0,0,0,0,0,259,103,25,1,388,0,0,0,388
01/29/2019,PIT,PA,AEA,CE,Combined TRACON& Tower with Radar,263,88,20,29,400,0,0,0,0,0,263,88,20,29,400,0,0,0,400
01/30/2019,PIT,PA,AEA,CE,Combined TRACON& Tower with Radar,252,85,27,1,365,0,0,0,0,0,252,85,27,1,365,0,0,0,365
01/31/2019,PIT,PA,AEA,CE,Combined TRACON& Tower with Radar,258,121,20,15,414,0,2,0,0,2,258,123,20,15,416,0,0,0,416
02/01/2019,PIT,PA,AEA,CE,Combined TRACON& Tower with Radar,278,104,19,1,402,0,0,2,0,2,278,104,21,1,404,0,0,0,404
02/02/2019,PIT,PA,AEA,CE,Combined TRACON& Tower with Radar,209,56,5,3,273,0,0,0,0,0,209,56,5,3,273,0,0,0,273
02/03/2019,PIT,PA,AEA,CE,Combined TRACON& Tower with Radar,212,67,5,0,284,0,0,0,0,0,212,67,5,0,284,0,0,0,284
02/04/2019,PIT,PA,AEA,CE,Combined TRACON& Tower with Radar,265,96,28,21,410,0,0,6,0,6,265,96,34,21,416,0,6,6,422
02/05/2019,PIT,PA,AEA,CE,Combined TRACON& Tower with Radar,272,109,17,31,429,0,0,0,0,0,272,109,17,31,429,0,0,0,429
02/06/2019,PIT,PA,AEA,CE,Combined TRACON& Tower with Radar,276,97,20,28,421,0,0,0,0,0,276,97,20,28,421,0,0,0,421
02/07/2019,PIT,PA,AEA,CE,Combined TRACON& Tower with Radar,281,91,28,7,407,0,2,0,0,2,281,93,28,7,409,0,0,0,409
02/08/2019,PIT,PA,AEA,CE,Combined TRACON& Tower with Radar,274,102,22,14,412,0,1,2,0,3,274,103,24,14,415,0,0,0,415
02/09/2019,PIT,PA,AEA,CE,Combined TRACON& Tower with Radar,199,61,6,1,267,0,0,1,0,1,199,61,7,1,268,0,0,0,268
02/10/2019,PIT,PA,AEA,CE,Combined TRACON& Tower with Radar,233,73,12,0,318,0,0,1,0,1,233,73,13,0,319,0,0,0,319
02/11/2019,PIT,PA,AEA,CE,Combined TRACON& Tower with Radar,265,94,22,0,381,0,0,0,0,0,265,94,22,0,381,0,0,0,381
02/12/2019,PIT,PA,AEA,CE,Combined TRACON& Tower with Radar,237,61,11,13,322,0,0,0,0,0,237,61,11,13,322,0,0,0,322
02/13/2019,PIT,PA,AEA,CE,Combined TRACON& Tower with Radar,273,80,15,7,375,0,0,0,0,0,273,80,15,7,375,0,0,0,375
02/14/2019,PIT,PA,AEA,CE,Combined TRACON& Tower with Radar,288,107,22,42,459,0,0,4,0,4,288,107,26,42,463,0,0,0,463
02/15/2019,PIT,PA,AEA,CE,Combined TRACON& Tower with Radar,274,108,21,17,420,0,0,0,0,0,274,108,21,17,420,0,0,0,420
02/16/2019,PIT,PA,AEA,CE,Combined TRACON& Tower with Radar,212,57,4,1,274,0,0,0,0,0,212,57,4,1,274,0,0,0,274
02/17/2019,PIT,PA,AEA,CE,Combined TRACON& Tower with Radar,205,58,6,1,270,0,0,0,0,0,205,58,6,1,270,0,0,0,270
02/18/2019,PIT,PA,AEA,CE,Combined TRACON& Tower with Radar,261,106,14,1,382,0,0,0,0,0,261,106,14,1,382,0,0,0,382
02/19/2019,PIT,PA,AEA,CE,Combined TRACON& Tower with Radar,278,115,28,11,432,0,0,10,0,10,278,115,38,11,442,0,0,0,442
02/20/2019,PIT,PA,AEA,CE,Combined TRACON& Tower with Radar,241,56,23,2,322,0,0,0,0,0,241,56,23,2,322,0,0,0,322
02/21/2019,PIT,PA,AEA,CE,Combined TRACON& Tower with Radar,284,110,20,26,440,0,0,3,0,3,284,110,23,26,443,0,0,0,443
02/22/2019,PIT,PA,AEA,CE,Combined TRACON& Tower with Radar,280,111,17,22,430,0,0,6,0,6,280,111,23,22,436,0,0,0,436
02/23/2019,PIT,PA,AEA,CE,Combined TRACON& Tower with Radar,214,66,6,2,288,0,1,1,0,2,214,67,7,2,290,0,0,0,290
02/24/2019,PIT,PA,AEA,CE,Combined TRACON& Tower with Radar,246,63,16,1,326,0,0,0,0,0,246,63,16,1,326,0,0,0,326
02/25/2019,PIT,PA,AEA,CE,Combined TRACON& Tower with Radar,260,112,16,1,389,0,1,1,0,2,260,113,17,1,391,0,0,0,391
02/26/2019,PIT,PA,AEA,CE,Combined TRACON& Tower with Radar,291,104,33,49,477,0,2,2,3,7,291,106,35,52,484,0,0,0,484
02/27/2019,PIT,PA,AEA,CE,Combined TRACON& Tower with Radar,282,96,26,30,434,0,0,2,1,3,282,96,28,31,437,0,0,0,437
02/28/2019,PIT,PA,AEA,CE,Combined TRACON& Tower with Radar,286,127,18,33,464,0,1,5,0,6,286,128,23,33,470,12,8,20,490
03/01/2019,PIT,PA,AEA,CE,Combined TRACON& Tower with Radar,290,101,18,16,425,0,0,0,0,0,290,101,18,16,425,0,0,0,425
03/02/2019,PIT,PA,AEA,CE,Combined TRACON& Tower with Radar,223,70,11,7,311,0,0,0,0,0,223,70,11,7,311,0,0,0,311
03/03/2019,PIT,PA,AEA,CE,Combined TRACON& Tower with Radar,225,67,5,2,299,0,0,0,0,0,225,67,5,2,299,0,0,0,299
03/04/2019,PIT,PA,AEA,CE,Combined TRACON& Tower with Radar,264,98,19,14,395,0,0,4,0,4,264,98,23,14,399,0,0,0,399
03/05/2019,PIT,PA,AEA,CE,Combined TRACON& Tower with Radar,277,114,19,5,415,0,0,2,0,2,277,114,21,5,417,0,0,0,417
03/06/2019,PIT,PA,AEA,CE,Combined TRACON& Tower with Radar,284,106,19,16,425,0,0,2,0,2,284,106,21,16,427,0,0,0,427
03/07/2019,PIT,PA,AEA,CE,Combined TRACON& Tower with Radar,293,105,16,2,416,0,0,3,0,3,293,105,19,2,419,0,2,2,421
03/08/2019,PIT,PA,AEA,CE,Combined TRACON& Tower with Radar,295,115,12,7,429,0,0,2,0,2,295,115,14,7,431,0,0,0,431
03/09/2019,PIT,PA,AEA,CE,Combined TRACON& Tower with Radar,236,65,9,1,311,0,0,1,0,1,236,65,10,1,312,0,0,0,312
03/10/2019,PIT,PA,AEA,CE,Combined TRACON& Tower with Radar,257,77,11,3,348,0,2,0,0,2,257,79,11,3,350,0,0,0,350
03/11/2019,PIT,PA,AEA,CE,Combined TRACON& Tower with Radar,291,88,21,0,400,0,0,6,0,6,291,88,27,0,406,0,0,0,406
03/12/2019,PIT,PA,AEA,CE,Combined TRACON& Tower with Radar,303,101,19,34,457,0,2,1,0,3,303,103,20,34,460,0,0,0,460
03/13/2019,PIT,PA,AEA,CE,Combined TRACON& Tower with Radar,292,97,16,33,438,0,1,2,0,3,292,98,18,33,441,0,0,0,441
03/14/2019,PIT,PA,AEA,CE,Combined TRACON& Tower with Radar,312,112,21,10,455,0,2,2,0,4,312,114,23,10,459,0,0,0,459
03/15/2019,PIT,PA,AEA,CE,Combined TRACON& Tower with Radar,299,107,14,10,430,0,0,2,0,2,299,107,16,10,432,0,0,0,432
03/16/2019,PIT,PA,AEA,CE,Combined TRACON& Tower with Radar,238,62,13,0,313,0,0,0,0,0,238,62,13,0,313,0,0,0,313
03/17/2019,PIT,PA,AEA,CE,Combined TRACON& Tower with Radar,258,63,15,0,336,0,2,2,0,4,258,65,17,0,340,0,0,0,340
03/18/2019,PIT,PA,AEA,CE,Combined TRACON& Tower with Radar,286,105,17,9,417,0,0,5,0,5,286,105,22,9,422,0,6,6,428
03/19/2019,PIT,PA,AEA,CE,Combined TRACON& Tower with Radar,292,108,30,22,452,0,0,4,0,4,292,108,34,22,456,0,0,0,456
03/20/2019,PIT,PA,AEA,CE,Combined TRACON& Tower with Radar,289,108,18,21,436,0,0,7,0,7,289,108,25,21,443,0,0,0,443
03/21/2019,PIT,PA,AEA,CE,Combined TRACON& Tower with Radar,308,112,28,19,467,0,1,0,0,1,308,113,28,19,468,0,0,0,468
03/22/2019,PIT,PA,AEA,CE,Combined TRACON& Tower with Radar,293,119,17,10,439,0,0,0,0,0,293,119,17,10,439,0,0,0,439
03/23/2019,PIT,PA,AEA,CE,Combined TRACON& Tower with Radar,229,83,5,3,320,0,2,4,0,6,229,85,9,3,326,0,0,0,326
03/24/2019,PIT,PA,AEA,CE,Combined TRACON& Tower with Radar,257,71,10,2,340,0,1,0,0,1,257,72,10,2,341,0,0,0,341
03/25/2019,PIT,PA,AEA,CE,Combined TRACON& Tower with Radar,282,95,21,4,402,0,1,0,0,1,282,96,21,4,403,0,0,0,403
03/26/2019,PIT,PA,AEA,CE,Combined TRACON& Tower with Radar,298,95,37,30,460,0,2,3,0,5,298,97,40,30,465,0,8,8,473
03/27/2019,PIT,PA,AEA,CE,Combined TRACON& Tower with Radar,289,113,14,17,433,0,0,7,0,7,289,113,21,17,440,0,0,0,440
03/28/2019,PIT,PA,AEA,CE,Combined TRACON& Tower with Radar,300,105,20,9,434,0,0,4,0,4,300,105,24,9,438,0,0,0,438
03/29/2019,PIT,PA,AEA,CE,Combined TRACON& Tower with Radar,296,109,23,9,437,0,0,0,0,0,296,109,23,9,437,0,0,0,437
03/30/2019,PIT,PA,AEA,CE,Combined TRACON& Tower with Radar,220,62,8,0,290,0,0,0,0,0,220,62,8,0,290,0,0,0,290
03/31/2019,PIT,PA,AEA,CE,Combined TRACON& Tower with Radar,268,67,5,1,341,0,0,0,0,0,268,67,5,1,341,0,0,0,341
04/01/2019,PIT,PA,AEA,CE,Combined TRACON& Tower with Radar,291,96,15,27,429,0,1,2,1,4,291,97,17,28,433,10,0,10,443
04/02/2019,PIT,PA,AEA,CE,Combined TRACON& Tower with Radar,302,104,26,32,464,0,0,6,0,6,302,104,32,32,470,0,0,0,470
04/03/2019,PIT,PA,AEA,CE,Combined TRACON& Tower with Radar,294,94,27,36,451,0,0,5,0,5,294,94,32,36,456,0,0,0,456
04/04/2019,PIT,PA,AEA,CE,Combined TRACON& Tower with Radar,305,106,16,12,439,0,0,4,0,4,305,106,20,12,443,0,0,0,443
04/05/2019,PIT,PA,AEA,CE,Combined TRACON& Tower with Radar,298,105,8,16,427,0,0,5,0,5,298,105,13,16,432,0,0,0,432
04/06/2019,PIT,PA,AEA,CE,Combined TRACON& Tower with Radar,237,64,12,5,318,0,2,4,0,6,237,66,16,5,324,0,0,0,324
04/07/2019,PIT,PA,AEA,CE,Combined TRACON& Tower with Radar,268,69,7,1,345,0,2,1,0,3,268,71,8,1,348,0,0,0,348
04/08/2019,PIT,PA,AEA,CE,Combined TRACON& Tower with Radar,295,86,13,1,395,0,0,1,0,1,295,86,14,1,396,0,0,0,396
04/09/2019,PIT,PA,AEA,CE,Combined TRACON& Tower with Radar,308,105,13,33,459,0,0,0,0,0,308,105,13,33,459,0,0,0,459
04/10/2019,PIT,PA,AEA,CE,Combined TRACON& Tower with Radar,302,118,26,38,484,0,0,1,0,1,302,118,27,38,485,0,0,0,485
04/11/2019,PIT,PA,AEA,CE,Combined TRACON& Tower with Radar,304,106,23,40,473,0,0,4,0,4,304,106,27,40,477,0,8,8,485
04/12/2019,PIT,PA,AEA,CE,Combined TRACON& Tower with Radar,295,110,24,6,435,0,0,0,0,0,295,110,24,6,435,0,0,0,435
04/13/2019,PIT,PA,AEA,CE,Combined TRACON& Tower with Radar,233,76,14,3,326,0,2,8,0,10,233,78,22,3,336,0,0,0,336
04/14/2019,PIT,PA,AEA,CE,Combined TRACON& Tower with Radar,245,62,11,1,319,0,0,2,0,2,245,62,13,1,321,0,0,0,321
04/15/2019,PIT,PA,AEA,CE,Combined TRACON& Tower with Radar,288,107,11,11,417,0,0,1,0,1,288,107,12,11,418,0,0,0,418
04/16/2019,PIT,PA,AEA,CE,Combined TRACON& Tower with Radar,308,108,18,32,466,0,2,3,0,5,308,110,21,32,471,0,12,12,483
04/17/2019,PIT,PA,AEA,CE,Combined TRACON& Tower with Radar,292,110,20,32,454,0,0,3,2,5,292,110,23,34,459,0,0,0,459
04/18/2019,PIT,PA,AEA,CE,Combined TRACON& Tower with Radar,305,116,22,14,457,0,0,0,0,0,305,116,22,14,457,0,0,0,457
04/19/2019,PIT,PA,AEA,CE,Combined TRACON& Tower with Radar,269,96,6,5,376,0,0,0,0,0,269,96,6,5,376,0,0,0,376
04/20/2019,PIT,PA,AEA,CE,Combined TRACON& Tower with Radar,232,59,2,4,297,0,0,2,0,2,232,59,4,4,299,0,0,0,299
04/21/2019,PIT,PA,AEA,CE,Combined TRACON& Tower with Radar,253,72,8,0,333,0,0,0,0,0,253,72,8,0,333,0,0,0,333
04/22/2019,PIT,PA,AEA,CE,Combined TRACON& Tower with Radar,285,134,23,7,449,0,1,5,0,6,285,135,28,7,455,0,0,0,455
04/23/2019,PIT,PA,AEA,CE,Combined TRACON& Tower with Radar,301,103,24,9,437,0,0,1,0,1,301,103,25,9,438,0,0,0,438
04/24/2019,PIT,PA,AEA,CE,Combined TRACON& Tower with Radar,290,116,24,25,455,0,0,3,0,3,290,116,27,25,458,0,0,0,458
04/25/2019,PIT,PA,AEA,CE,Combined TRACON& Tower with Radar,304,117,31,6,458,0,0,0,0,0,304,117,31,6,458,0,0,0,458
04/26/2019,PIT,PA,AEA,CE,Combined TRACON& Tower with Radar,296,108,26,10,440,0,0,0,0,0,296,108,26,10,440,0,0,0,440
04/27/2019,PIT,PA,AEA,CE,Combined TRACON& Tower with Radar,219,55,11,2,287,0,2,3,0,5,219,57,14,2,292,0,0,0,292
04/28/2019,PIT,PA,AEA,CE,Combined TRACON& Tower with Radar,269,68,14,0,351,0,0,0,0,0,269,68,14,0,351,0,0,0,351
04/29/2019,PIT,PA,AEA,CE,Combined TRACON& Tower with Radar,289,119,19,26,453,0,4,0,0,4,289,123,19,26,457,0,0,0,457
04/30/2019,PIT,PA,AEA,CE,Combined TRACON& Tower with Radar,297,111,15,17,440,0,0,0,0,0,297,111,15,17,440,0,0,0,440
05/01/2019,PIT,PA,AEA,CE,Combined TRACON& Tower with Radar,298,112,18,2,430,0,0,1,0,1,298,112,19,2,431,0,0,0,431
05/02/2019,PIT,PA,AEA,CE,Combined TRACON& Tower with Radar,343,134,25,14,516,0,0,3,0,3,343,134,28,14,519,0,0,0,519
05/03/2019,PIT,PA,AEA,CE,Combined TRACON& Tower with Radar,310,117,19,10,456,0,0,0,0,0,310,117,19,10,456,0,0,0,456
05/04/2019,PIT,PA,AEA,CE,Combined TRACON& Tower with Radar,234,62,4,0,300,0,0,0,0,0,234,62,4,0,300,0,0,0,300
05/05/2019,PIT,PA,AEA,CE,Combined TRACON& Tower with Radar,274,83,14,1,372,0,1,0,0,1,274,84,14,1,373,0,0,0,373
05/06/2019,PIT,PA,AEA,CE,Combined TRACON& Tower with Radar,304,109,15,0,428,0,4,1,0,5,304,113,16,0,433,0,0,0,433
05/07/2019,PIT,PA,AEA,CE,Combined TRACON& Tower with Radar,318,126,20,31,495,0,0,4,0,4,318,126,24,31,499,0,0,0,499
05/08/2019,PIT,PA,AEA,CE,Combined TRACON& Tower with Radar,306,115,27,12,460,0,0,0,0,0,306,115,27,12,460,0,0,0,460
05/09/2019,PIT,PA,AEA,CE,Combined TRACON& Tower with Radar,308,111,21,14,454,0,0,3,0,3,308,111,24,14,457,0,0,0,457
05/10/2019,PIT,PA,AEA,CE,Combined TRACON& Tower with Radar,314,120,18,29,481,0,0,2,1,3,314,120,20,30,484,0,0,0,484
05/11/2019,PIT,PA,AEA,CE,Combined TRACON& Tower with Radar,215,80,6,0,301,0,1,2,0,3,215,81,8,0,304,0,0,0,304
05/12/2019,PIT,PA,AEA,CE,Combined TRACON& Tower with Radar,273,65,10,0,348,0,0,0,0,0,273,65,10,0,348,0,0,0,348
05/13/2019,PIT,PA,AEA,CE,Combined TRACON& Tower with Radar,297,96,23,24,440,0,0,1,0,1,297,96,24,24,441,0,0,0,441
05/14/2019,PIT,PA,AEA,CE,Combined TRACON& Tower with Radar,298,103,38,7,446,0,0,2,0,2,298,103,40,7,448,0,0,0,448
05/15/2019,PIT,PA,AEA,CE,Combined TRACON& Tower with Radar,301,106,52,33,492,0,4,12,11,27,301,110,64,44,519,0,0,0,519
05/16/2019,PIT,PA,AEA,CE,Combined TRACON& Tower with Radar,306,115,22,5,448,0,0,12,0,12,306,115,34,5,460,0,0,0,460
05/17/2019,PIT,PA,AEA,CE,Combined TRACON& Tower with Radar,307,114,24,4,449,0,0,0,0,0,307,114,24,4,449,0,0,0,449
05/18/2019,PIT,PA,AEA,CE,Combined TRACON& Tower with Radar,230,70,7,1,308,0,2,2,0,4,230,72,9,1,312,0,0,0,312
05/19/2019,PIT,PA,AEA,CE,Combined TRACON& Tower with Radar,270,73,14,1,358,0,2,1,0,3,270,75,15,1,361,0,0,0,361
05/20/2019,PIT,PA,AEA,CE,Combined TRACON& Tower with Radar,300,92,31,6,429,0,0,13,0,13,300,92,44,6,442,0,0,0,442
05/21/2019,PIT,PA,AEA,CE,Combined TRACON& Tower with Radar,295,103,19,4,421,0,0,8,0,8,295,103,27,4,429,0,0,0,429
05/22/2019,PIT,PA,AEA,CE,Combined TRACON& Tower with Radar,307,110,26,22,465,0,2,6,0,8,307,112,32,22,473,0,0,0,473
05/23/2019,PIT,PA,AEA,CE,Combined TRACON& Tower with Radar,315,103,34,11,463,0,0,4,0,4,315,103,38,11,467,0,0,0,467
05/24/2019,PIT,PA,AEA,CE,Combined TRACON& Tower with Radar,318,102,16,14,450,0,7,7,0,14,318,109,23,14,464,0,10,10,474
05/25/2019,PIT,PA,AEA,CE,Combined TRACON& Tower with Radar,225,61,4,0,290,0,2,1,0,3,225,63,5,0,293,0,0,0,293
05/26/2019,PIT,PA,AEA,CE,Combined TRACON& Tower with Radar,231,63,3,1,298,0,0,0,0,0,231,63,3,1,298,0,0,0,298
05/27/2019,PIT,PA,AEA,CE,Combined TRACON& Tower with Radar,256,86,7,0,349,0,0,2,2,4,256,86,9,2,353,0,0,0,353
05/28/2019,PIT,PA,AEA,CE,Combined TRACON& Tower with Radar,290,101,31,17,439,0,0,2,0,2,290,101,33,17,441,0,0,0,441
05/29/2019,PIT,PA,AEA,CE,Combined TRACON& Tower with Radar,294,113,27,35,469,0,0,4,0,4,294,113,31,35,473,0,0,0,473
05/30/2019,PIT,PA,AEA,CE,Combined TRACON& Tower with Radar,317,125,24,2,468,0,0,2,0,2,317,125,26,2,470,0,0,0,470
05/31/2019,PIT,PA,AEA,CE,Combined TRACON& Tower with Radar,315,104,18,25,462,0,0,3,0,3,315,104,21,25,465,0,16,16,481
06/01/2019,PIT,PA,AEA,CE,Combined TRACON& Tower with Radar,223,64,1,2,290,0,2,0,0,2,223,66,1,2,292,0,0,0,292
06/02/2019,PIT,PA,AEA,CE,Combined TRACON& Tower with Radar,287,77,3,1,368,0,0,0,0,0,287,77,3,1,368,0,0,0,368
06/03/2019,PIT,PA,AEA,CE,Combined TRACON& Tower with Radar,304,92,26,3,425,0,0,6,0,6,304,92,32,3,431,0,0,0,431
06/04/2019,PIT,PA,AEA,CE,Combined TRACON& Tower with Radar,301,106,20,37,464,0,3,7,0,10,301,109,27,37,474,0,0,0,474
06/05/2019,PIT,PA,AEA,CE,Combined TRACON& Tower with Radar,305,117,16,20,458,0,0,2,0,2,305,117,18,20,460,0,0,0,460
06/06/2019,PIT,PA,AEA,CE,Combined TRACON& Tower with Radar,309,102,27,28,466,0,0,7,0,7,309,102,34,28,473,0,4,4,477
06/07/2019,PIT,PA,AEA,CE,Combined TRACON& Tower with Radar,319,116,10,16,461,0,0,2,0,2,319,116,12,16,463,0,0,0,463
06/08/2019,PIT,PA,AEA,CE,Combined TRACON& Tower with Radar,222,79,12,1,314,0,0,2,0,2,222,79,14,1,316,0,0,0,316
06/09/2019,PIT,PA,AEA,CE,Combined TRACON& Tower with Radar,271,62,13,4,350,0,0,0,0,0,271,62,13,4,350,0,0,0,350
06/10/2019,PIT,PA,AEA,CE,Combined TRACON& Tower with Radar,290,97,14,5,406,0,0,1,0,1,290,97,15,5,407,0,0,0,407
06/11/2019,PIT,PA,AEA,CE,Combined TRACON& Tower with Radar,311,124,30,39,504,0,1,6,1,8,311,125,36,40,512,0,0,0,512
06/12/2019,PIT,PA,AEA,CE,Combined TRACON& Tower with Radar,296,109,28,13,446,0,0,5,0,5,296,109,33,13,451,0,0,0,451
06/13/2019,PIT,PA,AEA,CE,Combined TRACON& Tower with Radar,310,116,28,10,464,0,1,1,0,2,310,117,29,10,466,0,0,0,466
06/14/2019,PIT,PA,AEA,CE,Combined TRACON& Tower with Radar,314,101,19,21,455,0,0,10,0,10,314,101,29,21,465,0,0,0,465
06/15/2019,PIT,PA,AEA,CE,Combined TRACON& Tower with Radar,247,67,13,4,331,0,0,1,0,1,247,67,14,4,332,0,0,0,332
06/16/2019,PIT,PA,AEA,CE,Combined TRACON& Tower with Radar,277,68,5,3,353,0,0,0,0,0,277,68,5,3,353,0,0,0,353
06/17/2019,PIT,PA,AEA,CE,Combined TRACON& Tower with Radar,308,91,24,2,425,0,0,2,0,2,308,91,26,2,427,0,0,0,427
06/18/2019,PIT,PA,AEA,CE,Combined TRACON& Tower with Radar,298,94,25,38,455,0,0,1,0,1,298,94,26,38,456,0,8,8,464
06/19/2019,PIT,PA,AEA,CE,Combined TRACON& Tower with Radar,296,102,23,23,444,0,0,1,0,1,296,102,24,23,445,0,0,0,445
06/20/2019,PIT,PA,AEA,CE,Combined TRACON& Tower with Radar,303,113,35,30,481,0,0,0,0,0,303,113,35,30,481,0,0,0,481
06/21/2019,PIT,PA,AEA,CE,Combined TRACON& Tower with Radar,306,106,22,16,450,0,0,2,2,4,306,106,24,18,454,0,0,0,454
06/22/2019,PIT,PA,AEA,CE,Combined TRACON& Tower with Radar,242,71,13,3,329,0,0,2,0,2,242,71,15,3,331,0,0,0,331
06/23/2019,PIT,PA,AEA,CE,Combined TRACON& Tower with Radar,282,74,12,1,369,0,3,1,0,4,282,77,13,1,373,0,0,0,373
06/24/2019,PIT,PA,AEA,CE,Combined TRACON& Tower with Radar,295,111,23,23,452,0,0,0,0,0,295,111,23,23,452,0,0,0,452
06/25/2019,PIT,PA,AEA,CE,Combined TRACON& Tower with Radar,310,110,36,22,478,0,2,1,0,3,310,112,37,22,481,0,0,0,481
06/26/2019,PIT,PA,AEA,CE,Combined TRACON& Tower with Radar,304,114,17,35,470,0,0,6,0,6,304,114,23,35,476,0,0,0,476
06/27/2019,PIT,PA,AEA,CE,Combined TRACON& Tower with Radar,303,111,30,18,462,0,0,0,0,0,303,111,30,18,462,0,0,0,462
06/28/2019,PIT,PA,AEA,CE,Combined TRACON& Tower with Radar,305,105,5,23,438,0,1,6,0,7,305,106,11,23,445,0,0,0,445
06/29/2019,PIT,PA,AEA,CE,Combined TRACON& Tower with Radar,240,71,4,0,315,0,0,0,0,0,240,71,4,0,315,0,0,0,315
06/30/2019,PIT,PA,AEA,CE,Combined TRACON& Tower with Radar,260,68,11,2,341,0,0,1,0,1,260,68,12,2,342,0,0,0,342
07/01/2019,PIT,PA,AEA,CE,Combined TRACON& Tower with Radar,269,92,11,0,372,0,3,9,0,12,269,95,20,0,384,0,0,0,384
07/02/2019,PIT,PA,AEA,CE,Combined TRACON& Tower with Radar,268,99,12,35,414,0,0,2,0,2,268,99,14,35,416,0,0,0,416
07/03/2019,PIT,PA,AEA,CE,Combined TRACON& Tower with Radar,261,96,10,26,393,0,2,0,0,2,261,98,10,26,395,0,0,0,395
07/04/2019,PIT,PA,AEA,CE,Combined TRACON& Tower with Radar,228,73,3,3,307,0,0,2,2,4,228,73,5,5,311,0,0,0,311
07/05/2019,PIT,PA,AEA,CE,Combined TRACON& Tower with Radar,233,91,3,28,355,0,0,0,0,0,233,91,3,28,355,0,0,0,355
07/06/2019,PIT,PA,AEA,CE,Combined TRACON& Tower with Radar,231,61,4,3,299,0,0,0,0,0,231,61,4,3,299,0,0,0,299
07/07/2019,PIT,PA,AEA,CE,Combined TRACON& Tower with Radar,275,74,21,2,372,0,0,0,0,0,275,74,21,2,372,0,0,0,372
07/08/2019,PIT,PA,AEA,CE,Combined TRACON& Tower with Radar,299,102,20,25,446,0,2,6,0,8,299,104,26,25,454,0,0,0,454
07/09/2019,PIT,PA,AEA,CE,Combined TRACON& Tower with Radar,314,107,15,39,475,0,1,7,2,10,314,108,22,41,485,0,0,0,485
07/10/2019,PIT,PA,AEA,CE,Combined TRACON& Tower with Radar,315,102,21,36,474,0,1,6,3,10,315,103,27,39,484,0,0,0,484
07/11/2019,PIT,PA,AEA,CE,Combined TRACON& Tower with Radar,273,105,6,3,387,0,0,4,0,4,273,105,10,3,391,0,0,0,391
07/12/2019,PIT,PA,AEA,CE,Combined TRACON& Tower with Radar,319,115,21,22,477,0,0,4,1,5,319,115,25,23,482,0,0,0,482
07/13/2019,PIT,PA,AEA,CE,Combined TRACON& Tower with Radar,245,72,8,0,325,0,0,5,0,5,245,72,13,0,330,0,0,0,330
07/14/2019,PIT,PA,AEA,CE,Combined TRACON& Tower with Radar,276,65,16,1,358,0,2,2,0,4,276,67,18,1,362,0,0,0,362
07/15/2019,PIT,PA,AEA,CE,Combined TRACON& Tower with Radar,291,88,20,2,401,0,0,0,0,0,291,88,20,2,401,0,0,0,401
07/16/2019,PIT,PA,AEA,CE,Combined TRACON& Tower with Radar,326,114,37,27,504,0,0,3,3,6,326,114,40,30,510,0,0,0,510
07/17/2019,PIT,PA,AEA,CE,Combined TRACON& Tower with Radar,311,101,20,10,442,0,0,0,0,0,311,101,20,10,442,0,0,0,442
07/18/2019,PIT,PA,AEA,CE,Combined TRACON& Tower with Radar,285,110,22,42,459,0,0,0,0,0,285,110,22,42,459,0,0,0,459
07/19/2019,PIT,PA,AEA,CE,Combined TRACON& Tower with Radar,307,103,15,33,458,0,0,1,0,1,307,103,16,33,459,0,0,0,459
07/20/2019,PIT,PA,AEA,CE,Combined TRACON& Tower with Radar,251,65,1,0,317,0,2,0,0,2,251,67,1,0,319,0,0,0,319
07/21/2019,PIT,PA,AEA,CE,Combined TRACON& Tower with Radar,276,76,7,0,359,0,0,0,0,0,276,76,7,0,359,0,0,0,359
07/22/2019,PIT,PA,AEA,CE,Combined TRACON& Tower with Radar,309,107,15,19,450,0,0,0,0,0,309,107,15,19,450,0,0,0,450
07/23/2019,PIT,PA,AEA,CE,Combined TRACON& Tower with Radar,301,123,18,21,463,0,2,5,0,7,301,125,23,21,470,0,8,8,478
07/24/2019,PIT,PA,AEA,CE,Combined TRACON& Tower with Radar,307,111,21,20,459,0,2,6,0,8,307,113,27,20,467,0,6,6,473
07/25/2019,PIT,PA,AEA,CE,Combined TRACON& Tower with Radar,312,113,22,36,483,0,2,6,0,8,312,115,28,36,491,0,0,0,491
07/26/2019,PIT,PA,AEA,CE,Combined TRACON& Tower with Radar,311,101,20,11,443,0,0,1,0,1,311,101,21,11,444,0,0,0,444
07/27/2019,PIT,PA,AEA,CE,Combined TRACON& Tower with Radar,241,75,16,3,335,0,0,2,1,3,241,75,18,4,338,0,0,0,338
07/28/2019,PIT,PA,AEA,CE,Combined TRACON& Tower with Radar,285,78,9,2,374,0,2,0,0,2,285,80,9,2,376,0,0,0,376
07/29/2019,PIT,PA,AEA,CE,Combined TRACON& Tower with Radar,298,113,18,1,430,0,0,6,0,6,298,113,24,1,436,0,0,0,436
07/30/2019,PIT,PA,AEA,CE,Combined TRACON& Tower with Radar,311,105,29,45,490,0,0,0,0,0,311,105,29,45,490,0,0,0,490
07/31/2019,PIT,PA,AEA,CE,Combined TRACON& Tower with Radar,303,100,33,25,461,0,0,1,0,1,303,100,34,25,462,0,0,0,462
08/01/2019,PIT,PA,AEA,CE,Combined TRACON& Tower with Radar,309,112,32,26,479,0,0,3,1,4,309,112,35,27,483,0,0,0,483
08/02/2019,PIT,PA,AEA,CE,Combined TRACON& Tower with Radar,306,105,18,18,447,0,1,6,0,7,306,106,24,18,454,0,0,0,454
08/03/2019,PIT,PA,AEA,CE,Combined TRACON& Tower with Radar,250,69,15,3,337,0,0,9,0,9,250,69,24,3,346,0,0,0,346
08/04/2019,PIT,PA,AEA,CE,Combined TRACON& Tower with Radar,271,79,10,3,363,0,2,1,1,4,271,81,11,4,367,0,0,0,367
08/05/2019,PIT,PA,AEA,CE,Combined TRACON& Tower with Radar,302,102,22,27,453,0,0,1,0,1,302,102,23,27,454,0,0,0,454
08/06/2019,PIT,PA,AEA,CE,Combined TRACON& Tower with Radar,302,100,25,20,447,0,0,5,0,5,302,100,30,20,452,0,0,0,452
08/07/2019,PIT,PA,AEA,CE,Combined TRACON& Tower with Radar,329,108,21,34,492,0,0,0,0,0,329,108,21,34,492,0,0,0,492
08/08/2019,PIT,PA,AEA,CE,Combined TRACON& Tower with Radar,313,113,18,35,479,0,1,1,0,2,313,114,19,35,481,0,0,0,481
08/09/2019,PIT,PA,AEA,CE,Combined TRACON& Tower with Radar,304,124,19,18,465,0,0,2,0,2,304,124,21,18,467,0,12,12,479
08/10/2019,PIT,PA,AEA,CE,Combined TRACON& Tower with Radar,245,79,5,2,331,0,1,2,2,5,245,80,7,4,336,0,0,0,336
08/11/2019,PIT,PA,AEA,CE,Combined TRACON& Tower with Radar,272,82,17,1,372,0,0,0,0,0,272,82,17,1,372,0,0,0,372
08/12/2019,PIT,PA,AEA,CE,Combined TRACON& Tower with Radar,293,112,14,1,420,0,2,2,0,4,293,114,16,1,424,0,0,0,424
08/13/2019,PIT,PA,AEA,CE,Combined TRACON& Tower with Radar,297,97,15,4,413,0,0,0,0,0,297,97,15,4,413,0,0,0,413
08/14/2019,PIT,PA,AEA,CE,Combined TRACON& Tower with Radar,309,113,17,33,472,0,2,4,0,6,309,115,21,33,478,0,0,0,478
08/15/2019,PIT,PA,AEA,CE,Combined TRACON& Tower with Radar,306,116,30,33,485,0,0,0,0,0,306,116,30,33,485,0,4,4,489
08/16/2019,PIT,PA,AEA,CE,Combined TRACON& Tower with Radar,295,113,27,33,468,0,0,5,0,5,295,113,32,33,473,0,12,12,485
08/17/2019,PIT,PA,AEA,CE,Combined TRACON& Tower with Radar,240,68,14,0,322,0,0,0,0,0,240,68,14,0,322,0,0,0,322
08/18/2019,PIT,PA,AEA,CE,Combined TRACON& Tower with Radar,275,86,17,4,382,0,1,3,0,4,275,87,20,4,386,0,0,0,386
08/19/2019,PIT,PA,AEA,CE,Combined TRACON& Tower with Radar,294,98,18,13,423,0,0,3,0,3,294,98,21,13,426,0,0,0,426
08/20/2019,PIT,PA,AEA,CE,Combined TRACON& Tower with Radar,289,110,30,40,469,0,0,5,1,6,289,110,35,41,475,0,10,10,485
08/21/2019,PIT,PA,AEA,CE,Combined TRACON& Tower with Radar,315,100,30,14,459,0,0,28,0,28,315,100,58,14,487,0,0,0,487
08/22/2019,PIT,PA,AEA,CE,Combined TRACON& Tower with Radar,290,100,25,21,436,0,0,2,0,2,290,100,27,21,438,0,0,0,438
08/23/2019,PIT,PA,AEA,CE,Combined TRACON& Tower with Radar,292,101,21,34,448,0,0,2,0,2,292,101,23,34,450,0,0,0,450
08/24/2019,PIT,PA,AEA,CE,Combined TRACON& Tower with Radar,237,63,8,5,313,0,0,2,0,2,237,63,10,5,315,0,0,0,315
08/25/2019,PIT,PA,AEA,CE,Combined TRACON& Tower with Radar,279,65,13,3,360,0,2,5,0,7,279,67,18,3,367,0,0,0,367
08/26/2019,PIT,PA,AEA,CE,Combined TRACON& Tower with Radar,285,103,11,2,401,0,0,0,0,0,285,103,11,2,401,0,0,0,401
08/27/2019,PIT,PA,AEA,CE,Combined TRACON& Tower with Radar,300,102,29,46,477,0,0,0,0,0,300,102,29,46,477,0,0,0,477
08/28/2019,PIT,PA,AEA,CE,Combined TRACON& Tower with Radar,292,100,19,46,457,0,0,5,0,5,292,100,24,46,462,0,0,0,462
08/29/2019,PIT,PA,AEA,CE,Combined TRACON& Tower with Radar,301,105,20,25,451,0,0,7,0,7,301,105,27,25,458,0,0,0,458
08/30/2019,PIT,PA,AEA,CE,Combined TRACON& Tower with Radar,295,105,29,31,460,0,1,1,0,2,295,106,30,31,462,0,24,24,486
08/31/2019,PIT,PA,AEA,CE,Combined TRACON& Tower with Radar,206,72,10,0,288,0,0,1,0,1,206,72,11,0,289,0,0,0,289
09/01/2019,PIT,PA,AEA,CE,Combined TRACON& Tower with Radar,209,67,5,0,281,0,2,1,0,3,209,69,6,0,284,0,0,0,284
09/02/2019,PIT,PA,AEA,CE,Combined TRACON& Tower with Radar,278,90,7,0,375,0,0,0,0,0,278,90,7,0,375,0,0,0,375
09/03/2019,PIT,PA,AEA,CE,Combined TRACON& Tower with Radar,263,100,11,26,400,0,0,5,0,5,263,100,16,26,405,0,8,8,413
09/04/2019,PIT,PA,AEA,CE,Combined TRACON& Tower with Radar,271,99,9,38,417,0,0,4,0,4,271,99,13,38,421,0,8,8,429
09/05/2019,PIT,PA,AEA,CE,Combined TRACON& Tower with Radar,291,95,14,38,438,0,0,7,0,7,291,95,21,38,445,0,0,0,445
09/06/2019,PIT,PA,AEA,CE,Combined TRACON& Tower with Radar,288,111,11,34,444,0,0,2,0,2,288,111,13,34,446,0,0,0,446
09/07/2019,PIT,PA,AEA,CE,Combined TRACON& Tower with Radar,224,64,4,5,297,0,0,3,0,3,224,64,7,5,300,0,0,0,300
09/08/2019,PIT,PA,AEA,CE,Combined TRACON& Tower with Radar,284,78,7,1,370,0,0,1,0,1,284,78,8,1,371,0,0,0,371
09/09/2019,PIT,PA,AEA,CE,Combined TRACON& Tower with Radar,291,93,18,22,424,0,0,5,0,5,291,93,23,22,429,0,0,0,429
09/10/2019,PIT,PA,AEA,CE,Combined TRACON& Tower with Radar,290,107,21,22,440,0,0,0,0,0,290,107,21,22,440,0,0,0,440
09/11/2019,PIT,PA,AEA,CE,Combined TRACON& Tower with Radar,287,97,23,10,417,0,2,2,0,4,287,99,25,10,421,0,5,5,426
09/12/2019,PIT,PA,AEA,CE,Combined TRACON& Tower with Radar,298,104,16,20,438,0,0,5,1,6,298,104,21,21,444,0,0,0,444
09/13/2019,PIT,PA,AEA,CE,Combined TRACON& Tower with Radar,313,90,21,12,436,0,0,2,0,2,313,90,23,12,438,0,0,0,438
09/14/2019,PIT,PA,AEA,CE,Combined TRACON& Tower with Radar,221,70,11,0,302,0,0,0,0,0,221,70,11,0,302,0,0,0,302
09/15/2019,PIT,PA,AEA,CE,Combined TRACON& Tower with Radar,291,78,16,5,390,0,0,1,3,4,291,78,17,8,394,0,0,0,394
09/16/2019,PIT,PA,AEA,CE,Combined TRACON& Tower with Radar,294,113,13,11,431,0,0,1,1,2,294,113,14,12,433,0,0,0,433
09/17/2019,PIT,PA,AEA,CE,Combined TRACON& Tower with Radar,293,115,26,9,443,0,0,5,0,5,293,115,31,9,448,0,0,0,448
09/18/2019,PIT,PA,AEA,CE,Combined TRACON& Tower with Radar,291,108,16,14,429,0,0,9,0,9,291,108,25,14,438,0,0,0,438
09/19/2019,PIT,PA,AEA,CE,Combined TRACON& Tower with Radar,309,110,31,32,482,0,0,3,0,3,309,110,34,32,485,0,5,5,490
09/20/2019,PIT,PA,AEA,CE,Combined TRACON& Tower with Radar,294,107,24,5,430,0,0,1,0,1,294,107,25,5,431,0,14,14,445
09/21/2019,PIT,PA,AEA,CE,Combined TRACON& Tower with Radar,228,71,4,0,303,0,2,0,0,2,228,73,4,0,305,0,0,0,305
09/22/2019,PIT,PA,AEA,CE,Combined TRACON& Tower with Radar,293,88,17,2,400,0,0,0,0,0,293,88,17,2,400,0,0,0,400
09/23/2019,PIT,PA,AEA,CE,Combined TRACON& Tower with Radar,297,101,23,6,427,0,0,6,0,6,297,101,29,6,433,0,0,0,433
09/24/2019,PIT,PA,AEA,CE,Combined TRACON& Tower with Radar,292,117,19,6,434,0,0,3,0,3,292,117,22,6,437,0,0,0,437
09/25/2019,PIT,PA,AEA,CE,Combined TRACON& Tower with Radar,290,115,29,3,437,0,0,1,0,1,290,115,30,3,438,0,0,0,438
09/26/2019,PIT,PA,AEA,CE,Combined TRACON& Tower with Radar,303,122,23,3,451,0,2,6,0,8,303,124,29,3,459,0,0,0,459
09/27/2019,PIT,PA,AEA,CE,Combined TRACON& Tower with Radar,291,98,29,3,421,0,2,3,0,5,291,100,32,3,426,0,0,0,426
09/28/2019,PIT,PA,AEA,CE,Combined TRACON& Tower with Radar,219,69,13,0,301,0,0,1,0,1,219,69,14,0,302,0,0,0,302
09/29/2019,PIT,PA,AEA,CE,Combined TRACON& Tower with Radar,288,73,11,1,373,0,0,2,0,2,288,73,13,1,375,0,0,0,375
09/30/2019,PIT,PA,AEA,CE,Combined TRACON& Tower with Radar,290,104,21,1,416,0,0,4,0,4,290,104,25,1,420,0,0,0,420
10/01/2019,PIT,PA,AEA,CE,Combined TRACON& Tower with Radar,287,104,28,30,449,0,8,2,0,10,287,112,30,30,459,0,0,0,459
10/02/2019,PIT,PA,AEA,CE,Combined TRACON& Tower with Radar,299,113,23,54,489,0,0,1,0,1,299,113,24,54,490,0,0,0,490
10/03/2019,PIT,PA,AEA,CE,Combined TRACON& Tower with Radar,307,117,21,22,467,0,1,2,0,3,307,118,23,22,470,0,0,0,470
10/04/2019,PIT,PA,AEA,CE,Combined TRACON& Tower with Radar,307,100,16,21,444,0,0,3,1,4,307,100,19,22,448,0,0,0,448
10/05/2019,PIT,PA,AEA,CE,Combined TRACON& Tower with Radar,244,72,8,6,330,0,0,1,2,3,244,72,9,8,333,0,0,0,333
10/06/2019,PIT,PA,AEA,CE,Combined TRACON& Tower with Radar,283,96,15,2,396,0,0,0,2,2,283,96,15,4,398,0,0,0,398
10/07/2019,PIT,PA,AEA,CE,Combined TRACON& Tower with Radar,302,98,45,3,448,0,0,0,0,0,302,98,45,3,448,0,0,0,448
10/08/2019,PIT,PA,AEA,CE,Combined TRACON& Tower with Radar,301,95,32,48,476,0,0,7,0,7,301,95,39,48,483,0,8,8,491
10/09/2019,PIT,PA,AEA,CE,Combined TRACON& Tower with Radar,295,113,23,44,475,0,0,4,0,4,295,113,27,44,479,0,0,0,479
10/10/2019,PIT,PA,AEA,CE,Combined TRACON& Tower with Radar,309,112,29,38,488,0,0,1,0,1,309,112,30,38,489,0,0,0,489
10/11/2019,PIT,PA,AEA,CE,Combined TRACON& Tower with Radar,305,99,20,17,441,0,0,2,0,2,305,99,22,17,443,0,0,0,443
10/12/2019,PIT,PA,AEA,CE,Combined TRACON& Tower with Radar,247,60,7,0,314,0,0,2,0,2,247,60,9,0,316,0,0,0,316
10/13/2019,PIT,PA,AEA,CE,Combined TRACON& Tower with Radar,279,86,5,0,370,0,0,5,0,5,279,86,10,0,375,0,0,0,375
10/14/2019,PIT,PA,AEA,CE,Combined TRACON& Tower with Radar,315,106,31,0,452,0,0,2,0,2,315,106,33,0,454,0,13,13,467
10/15/2019,PIT,PA,AEA,CE,Combined TRACON& Tower with Radar,299,105,21,21,446,0,0,3,0,3,299,105,24,21,449,0,0,0,449
10/16/2019,PIT,PA,AEA,CE,Combined TRACON& Tower with Radar,287,106,24,4,421,0,0,0,0,0,287,106,24,4,421,0,0,0,421
10/17/2019,PIT,PA,AEA,CE,Combined TRACON& Tower with Radar,316,100,13,13,442,0,0,0,0,0,316,100,13,13,442,0,0,0,442
10/18/2019,PIT,PA,AEA,CE,Combined TRACON& Tower with Radar,312,116,14,31,473,0,1,2,0,3,312,117,16,31,476,0,0,0,476
10/19/2019,PIT,PA,AEA,CE,Combined TRACON& Tower with Radar,238,70,7,7,322,0,0,0,0,0,238,70,7,7,322,0,0,0,322
10/20/2019,PIT,PA,AEA,CE,Combined TRACON& Tower with Radar,278,75,12,2,367,0,2,2,0,4,278,77,14,2,371,0,0,0,371
10/21/2019,PIT,PA,AEA,CE,Combined TRACON& Tower with Radar,302,90,14,3,409,0,0,0,1,1,302,90,14,4,410,0,0,0,410
10/22/2019,PIT,PA,AEA,CE,Combined TRACON& Tower with Radar,297,111,15,4,427,0,0,0,0,0,297,111,15,4,427,0,0,0,427
10/23/2019,PIT,PA,AEA,CE,Combined TRACON& Tower with Radar,296,111,24,7,438,0,0,5,0,5,296,111,29,7,443,0,8,8,451
10/24/2019,PIT,PA,AEA,CE,Combined TRACON& Tower with Radar,302,102,33,14,451,0,3,2,0,5,302,105,35,14,456,0,0,0,456
10/25/2019,PIT,PA,AEA,CE,Combined TRACON& Tower with Radar,310,92,23,0,425,0,0,4,0,4,310,92,27,0,429,0,0,0,429
10/26/2019,PIT,PA,AEA,CE,Combined TRACON& Tower with Radar,232,62,10,1,305,0,0,0,0,0,232,62,10,1,305,0,0,0,305
10/27/2019,PIT,PA,AEA,CE,Combined TRACON& Tower with Radar,270,69,7,0,346,0,1,0,0,1,270,70,7,0,347,0,0,0,347
10/28/2019,PIT,PA,AEA,CE,Combined TRACON& Tower with Radar,291,95,35,8,429,0,2,2,2,6,291,97,37,10,435,0,6,6,441
10/29/2019,PIT,PA,AEA,CE,Combined TRACON& Tower with Radar,281,97,29,44,451,0,0,6,0,6,281,97,35,44,457,0,0,0,457
10/30/2019,PIT,PA,AEA,CE,Combined TRACON& Tower with Radar,279,104,20,17,420,0,0,0,0,0,279,104,20,17,420,0,0,0,420
10/31/2019,PIT,PA,AEA,CE,Combined TRACON& Tower with Radar,288,73,10,0,371,0,0,0,0,0,288,73,10,0,371,0,0,0,371
11/01/2019,PIT,PA,AEA,CE,Combined TRACON& Tower with Radar,300,95,14,8,417,0,0,1,0,1,300,95,15,8,418,0,0,0,418
11/02/2019,PIT,PA,AEA,CE,Combined TRACON& Tower with Radar,226,66,9,8,309,0,0,0,0,0,226,66,9,8,309,0,0,0,309
11/03/2019,PIT,PA,AEA,CE,Combined TRACON& Tower with Radar,274,68,14,1,357,0,2,0,0,2,274,70,14,1,359,0,0,0,359
11/04/2019,PIT,PA,AEA,CE,Combined TRACON& Tower with Radar,301,90,13,1,405,0,0,1,0,1,301,90,14,1,406,0,0,0,406
11/05/2019,PIT,PA,AEA,CE,Combined TRACON& Tower with Radar,298,82,27,10,417,0,0,0,0,0,298,82,27,10,417,0,0,0,417
11/06/2019,PIT,PA,AEA,CE,Combined TRACON& Tower with Radar,297,89,17,13,416,0,2,0,0,2,297,91,17,13,418,0,0,0,418
11/07/2019,PIT,PA,AEA,CE,Combined TRACON& Tower with Radar,320,92,26,17,455,0,0,0,0,0,320,92,26,17,455,0,0,0,455
11/08/2019,PIT,PA,AEA,CE,Combined TRACON& Tower with Radar,311,95,25,29,460,0,0,1,0,1,311,95,26,29,461,0,0,0,461
11/09/2019,PIT,PA,AEA,CE,Combined TRACON& Tower with Radar,226,59,10,0,295,0,1,1,1,3,226,60,11,1,298,0,0,0,298
11/10/2019,PIT,PA,AEA,CE,Combined TRACON& Tower with Radar,278,78,16,1,373,0,0,1,1,2,278,78,17,2,375,0,0,0,375
11/11/2019,PIT,PA,AEA,CE,Combined TRACON& Tower with Radar,281,101,13,1,396,0,0,0,0,0,281,101,13,1,396,0,0,0,396
11/12/2019,PIT,PA,AEA,CE,Combined TRACON& Tower with Radar,312,100,15,4,431,0,0,0,0,0,312,100,15,4,431,0,0,0,431
11/13/2019,PIT,PA,AEA,CE,Combined TRACON& Tower with Radar,295,116,18,42,471,0,0,8,0,8,295,116,26,42,479,0,0,0,479
11/14/2019,PIT,PA,AEA,CE,Combined TRACON& Tower with Radar,314,106,29,46,495,0,0,7,2,9,314,106,36,48,504,0,0,0,504
11/15/2019,PIT,PA,AEA,CE,Combined TRACON& Tower with Radar,310,108,28,34,480,0,0,3,0,3,310,108,31,34,483,0,0,0,483
11/16/2019,PIT,PA,AEA,CE,Combined TRACON& Tower with Radar,226,59,5,3,293,0,0,0,0,0,226,59,5,3,293,0,0,0,293
11/17/2019,PIT,PA,AEA,CE,Combined TRACON& Tower with Radar,276,67,13,2,358,0,0,0,0,0,276,67,13,2,358,0,0,0,358
11/18/2019,PIT,PA,AEA,CE,Combined TRACON& Tower with Radar,302,89,20,4,415,0,2,2,0,4,302,91,22,4,419,0,0,0,419
11/19/2019,PIT,PA,AEA,CE,Combined TRACON& Tower with Radar,305,93,20,25,443,0,0,0,0,0,305,93,20,25,443,0,0,0,443
11/20/2019,PIT,PA,AEA,CE,Combined TRACON& Tower with Radar,306,101,15,45,467,0,0,3,0,3,306,101,18,45,470,0,0,0,470
11/21/2019,PIT,PA,AEA,CE,Combined TRACON& Tower with Radar,315,95,24,34,468,0,0,2,0,2,315,95,26,34,470,0,26,26,496
11/22/2019,PIT,PA,AEA,CE,Combined TRACON& Tower with Radar,319,98,17,14,448,0,0,0,0,0,319,98,17,14,448,0,0,0,448
11/23/2019,PIT,PA,AEA,CE,Combined TRACON& Tower with Radar,236,73,6,2,317,0,0,0,0,0,236,73,6,2,317,0,0,0,317
11/24/2019,PIT,PA,AEA,CE,Combined TRACON& Tower with Radar,280,59,12,10,361,0,0,0,0,0,280,59,12,10,361,0,0,0,361
11/25/2019,PIT,PA,AEA,CE,Combined TRACON& Tower with Radar,281,86,3,22,392,0,0,21,4,25,281,86,24,26,417,0,0,0,417
11/26/2019,PIT,PA,AEA,CE,Combined TRACON& Tower with Radar,299,100,18,27,444,0,0,3,0,3,299,100,21,27,447,0,40,40,487
11/27/2019,PIT,PA,AEA,CE,Combined TRACON& Tower with Radar,323,83,5,0,411,0,0,0,0,0,323,83,5,0,411,0,0,0,411
11/28/2019,PIT,PA,AEA,CE,Combined TRACON& Tower with Radar,194,47,2,0,243,0,0,0,0,0,194,47,2,0,243,0,0,0,243
11/29/2019,PIT,PA,AEA,CE,Combined TRACON& Tower with Radar,202,87,6,3,298,0,2,0,0,2,202,89,6,3,300,0,0,0,300
11/30/2019,PIT,PA,AEA,CE,Combined TRACON& Tower with Radar,285,84,7,0,376,0,0,0,0,0,285,84,7,0,376,0,0,0,376
12/01/2019,PIT,PA,AEA,CE,Combined TRACON& Tower with Radar,313,77,26,0,416,0,0,0,0,0,313,77,26,0,416,0,0,0,416
12/02/2019,PIT,PA,AEA,CE,Combined TRACON& Tower with Radar,305,80,27,3,415,0,0,0,0,0,305,80,27,3,415,0,0,0,415
12/03/2019,PIT,PA,AEA,CE,Combined TRACON& Tower with Radar,304,95,11,13,423,0,0,0,0,0,304,95,11,13,423,0,0,0,423
12/04/2019,PIT,PA,AEA,CE,Combined TRACON& Tower with Radar,300,85,24,15,424,0,0,0,0,0,300,85,24,15,424,0,0,0,424
12/05/2019,PIT,PA,AEA,CE,Combined TRACON& Tower with Radar,322,110,24,42,498,0,0,3,0,3,322,110,27,42,501,0,0,0,501
12/06/2019,PIT,PA,AEA,CE,Combined TRACON& Tower with Radar,314,81,16,38,449,0,0,3,1,4,314,81,19,39,453,0,0,0,453
12/07/2019,PIT,PA,AEA,CE,Combined TRACON& Tower with Radar,216,64,6,7,293,0,2,3,0,5,216,66,9,7,298,0,0,0,298
12/08/2019,PIT,PA,AEA,CE,Combined TRACON& Tower with Radar,275,70,9,2,356,0,0,1,0,1,275,70,10,2,357,0,0,0,357
12/09/2019,PIT,PA,AEA,CE,Combined TRACON& Tower with Radar,308,96,23,3,430,0,0,0,0,0,308,96,23,3,430,0,0,0,430
12/10/2019,PIT,PA,AEA,CE,Combined TRACON& Tower with Radar,311,91,23,36,461,0,0,0,0,0,311,91,23,36,461,0,0,0,461
12/11/2019,PIT,PA,AEA,CE,Combined TRACON& Tower with Radar,301,108,26,45,480,0,0,1,4,5,301,108,27,49,485,0,0,0,485
12/12/2019,PIT,PA,AEA,CE,Combined TRACON& Tower with Radar,318,98,17,24,457,0,3,3,0,6,318,101,20,24,463,0,8,8,471
12/13/2019,PIT,PA,AEA,CE,Combined TRACON& Tower with Radar,318,98,22,3,441,0,1,0,0,1,318,99,22,3,442,0,0,0,442
12/14/2019,PIT,PA,AEA,CE,Combined TRACON& Tower with Radar,212,63,9,2,286,0,0,0,0,0,212,63,9,2,286,0,0,0,286
12/15/2019,PIT,PA,AEA,CE,Combined TRACON& Tower with Radar,275,60,12,1,348,0,0,2,0,2,275,60,14,1,350,0,0,0,350
12/16/2019,PIT,PA,AEA,CE,Combined TRACON& Tower with Radar,306,82,33,1,422,0,0,0,0,0,306,82,33,1,422,0,0,0,422
12/17/2019,PIT,PA,AEA,CE,Combined TRACON& Tower with Radar,304,88,15,4,411,0,2,0,0,2,304,90,15,4,413,0,0,0,413
12/18/2019,PIT,PA,AEA,CE,Combined TRACON& Tower with Radar,301,96,21,5,423,0,0,0,0,0,301,96,21,5,423,0,0,0,423
12/19/2019,PIT,PA,AEA,CE,Combined TRACON& Tower with Radar,310,124,22,27,483,0,1,4,0,5,310,125,26,27,488,0,0,0,488
12/20/2019,PIT,PA,AEA,CE,Combined TRACON& Tower with Radar,303,98,20,33,454,0,0,6,0,6,303,98,26,33,460,0,0,0,460
12/21/2019,PIT,PA,AEA,CE,Combined TRACON& Tower with Radar,250,83,16,1,350,0,0,12,0,12,250,83,28,1,362,0,0,0,362
12/22/2019,PIT,PA,AEA,CE,Combined TRACON& Tower with Radar,264,92,13,1,370,0,0,2,0,2,264,92,15,1,372,0,0,0,372
12/23/2019,PIT,PA,AEA,CE,Combined TRACON& Tower with Radar,269,93,10,26,398,0,0,0,0,0,269,93,10,26,398,0,0,0,398
12/24/2019,PIT,PA,AEA,CE,Combined TRACON& Tower with Radar,194,29,3,0,226,0,0,0,0,0,194,29,3,0,226,0,0,0,226
12/25/2019,PIT,PA,AEA,CE,Combined TRACON& Tower with Radar,190,56,1,0,247,0,0,2,0,2,190,56,3,0,249,0,0,0,249
12/26/2019,PIT,PA,AEA,CE,Combined TRACON& Tower with Radar,260,109,13,0,382,0,0,4,0,4,260,109,17,0,386,0,0,0,386
12/27/2019,PIT,PA,AEA,CE,Combined TRACON& Tower with Radar,259,98,12,7,376,0,0,0,0,0,259,98,12,7,376,0,0,0,376
12/28/2019,PIT,PA,AEA,CE,Combined TRACON& Tower with Radar,240,85,21,0,346,0,0,1,0,1,240,85,22,0,347,0,0,0,347
12/29/2019,PIT,PA,AEA,CE,Combined TRACON& Tower with Radar,252,72,12,3,339,0,0,0,0,0,252,72,12,3,339,0,0,0,339
12/30/2019,PIT,PA,AEA,CE,Combined TRACON& Tower with Radar,256,76,2,2,336,0,0,0,0,0,256,76,2,2,336,0,0,0,336
12/31/2019,PIT,PA,AEA,CE,Combined TRACON& Tower with Radar,212,69,5,0,286,0,0,1,0,1,212,69,6,0,287,0,0,0,287
01/01/2020,PIT,PA,AEA,CE,Combined TRACON& Tower with Radar,197,77,6,0,280,0,0,0,0,0,197,77,6,0,280,0,0,0,280
01/02/2020,PIT,PA,AEA,CE,Combined TRACON& Tower with Radar,259,89,10,33,391,0,0,2,0,2,259,89,12,33,393,0,12,12,405
01/03/2020,PIT,PA,AEA,CE,Combined TRACON& Tower with Radar,265,91,10,0,366,0,0,0,0,0,265,91,10,0,366,0,0,0,366
01/04/2020,PIT,PA,AEA,CE,Combined TRACON& Tower with Radar,219,80,9,0,308,0,0,0,0,0,219,80,9,0,308,0,0,0,308
01/05/2020,PIT,PA,AEA,CE,Combined TRACON& Tower with Radar,253,73,14,1,341,0,2,0,0,2,253,75,14,1,343,0,0,0,343
01/06/2020,PIT,PA,AEA,CE,Combined TRACON& Tower with Radar,293,78,6,33,410,0,2,0,0,2,293,80,6,33,412,0,0,0,412
01/07/2020,PIT,PA,AEA,CE,Combined TRACON& Tower with Radar,285,73,14,50,422,0,2,2,2,6,285,75,16,52,428,0,0,0,428
01/08/2020,PIT,PA,AEA,CE,Combined TRACON& Tower with Radar,286,91,11,10,398,0,1,1,0,2,286,92,12,10,400,0,0,0,400
01/09/2020,PIT,PA,AEA,CE,Combined TRACON& Tower with Radar,300,102,20,22,444,0,0,6,0,6,300,102,26,22,450,0,0,0,450
01/10/2020,PIT,PA,AEA,CE,Combined TRACON& Tower with Radar,292,96,11,0,399,0,0,0,0,0,292,96,11,0,399,0,0,0,399
01/11/2020,PIT,PA,AEA,CE,Combined TRACON& Tower with Radar,194,57,3,10,264,0,0,0,0,0,194,57,3,10,264,0,0,0,264
01/12/2020,PIT,PA,AEA,CE,Combined TRACON& Tower with Radar,264,65,4,7,340,0,0,0,0,0,264,65,4,7,340,0,0,0,340
01/13/2020,PIT,PA,AEA,CE,Combined TRACON& Tower with Radar,296,82,20,0,398,0,5,4,0,9,296,87,24,0,407,0,0,0,407
01/14/2020,PIT,PA,AEA,CE,Combined TRACON& Tower with Radar,287,92,15,51,445,0,0,0,0,0,287,92,15,51,445,0,0,0,445
01/15/2020,PIT,PA,AEA,CE,Combined TRACON& Tower with Radar,289,86,17,8,400,0,2,2,0,4,289,88,19,8,404,0,8,8,412
01/16/2020,PIT,PA,AEA,CE,Combined TRACON& Tower with Radar,294,86,23,5,408,0,0,0,2,2,294,86,23,7,410,0,0,0,410
01/17/2020,PIT,PA,AEA,CE,Combined TRACON& Tower with Radar,286,88,19,6,399,0,0,1,0,1,286,88,20,6,400,0,0,0,400
01/18/2020,PIT,PA,AEA,CE,Combined TRACON& Tower with Radar,207,38,6,0,251,0,0,0,0,0,207,38,6,0,251,0,0,0,251
01/19/2020,PIT,PA,AEA,CE,Combined TRACON& Tower with Radar,249,43,8,1,301,0,0,0,0,0,249,43,8,1,301,0,0,0,301
01/20/2020,PIT,PA,AEA,CE,Combined TRACON& Tower with Radar,280,79,18,1,378,0,0,5,0,5,280,79,23,1,383,0,0,0,383
01/21/2020,PIT,PA,AEA,CE,Combined TRACON& Tower with Radar,286,93,17,33,429,0,0,1,0,1,286,93,18,33,430,0,0,0,430
01/22/2020,PIT,PA,AEA,CE,Combined TRACON& Tower with Radar,285,99,25,10,419,0,0,0,0,0,285,99,25,10,419,0,0,0,419
01/23/2020,PIT,PA,AEA,CE,Combined TRACON& Tower with Radar,296,103,20,37,456,0,0,3,0,3,296,103,23,37,459,0,0,0,459
01/24/2020,PIT,PA,AEA,CE,Combined TRACON& Tower with Radar,301,82,9,6,398,0,0,0,0,0,301,82,9,6,398,0,0,0,398
01/25/2020,PIT,PA,AEA,CE,Combined TRACON& Tower with Radar,205,47,6,0,258,0,0,0,0,0,205,47,6,0,258,0,0,0,258
01/26/2020,PIT,PA,AEA,CE,Combined TRACON& Tower with Radar,267,64,7,0,338,0,0,0,0,0,267,64,7,0,338,0,0,0,338
01/27/2020,PIT,PA,AEA,CE,Combined TRACON& Tower with Radar,294,79,18,2,393,0,0,0,0,0,294,79,18,2,393,0,0,0,393
01/28/2020,PIT,PA,AEA,CE,Combined TRACON& Tower with Radar,288,81,12,10,391,0,0,0,0,0,288,81,12,10,391,0,0,0,391
01/29/2020,PIT,PA,AEA,CE,Combined TRACON& Tower with Radar,280,91,30,23,424,0,0,1,0,1,280,91,31,23,425,0,0,0,425
01/30/2020,PIT,PA,AEA,CE,Combined TRACON& Tower with Radar,310,108,12,11,441,0,2,7,0,9,310,110,19,11,450,0,0,0,450
01/31/2020,PIT,PA,AEA,CE,Combined TRACON& Tower with Radar,301,94,19,4,418,0,0,0,0,0,301,94,19,4,418,0,0,0,418
02/01/2020,PIT,PA,AEA,CE,Combined TRACON& Tower with Radar,202,63,5,0,270,0,0,0,0,0,202,63,5,0,270,0,0,0,270
02/02/2020,PIT,PA,AEA,CE,Combined TRACON& Tower with Radar,249,58,5,2,314,0,0,1,0,1,249,58,6,2,315,0,0,0,315
02/03/2020,PIT,PA,AEA,CE,Combined TRACON& Tower with Radar,287,91,17,11,406,0,0,3,0,3,287,91,20,11,409,0,0,0,409
02/04/2020,PIT,PA,AEA,CE,Combined TRACON& Tower with Radar,281,86,11,31,409,0,0,0,0,0,281,86,11,31,409,0,0,0,409
02/05/2020,PIT,PA,AEA,CE,Combined TRACON& Tower with Radar,280,78,6,17,381,0,0,0,0,0,280,78,6,17,381,0,0,0,381
02/06/2020,PIT,PA,AEA,CE,Combined TRACON& Tower with Radar,290,83,23,2,398,0,0,0,0,0,290,83,23,2,398,0,0,0,398
02/07/2020,PIT,PA,AEA,CE,Combined TRACON& Tower with Radar,285,48,8,0,341,0,0,0,0,0,285,48,8,0,341,0,0,0,341
02/08/2020,PIT,PA,AEA,CE,Combined TRACON& Tower with Radar,204,57,4,6,271,0,0,0,0,0,204,57,4,6,271,0,0,0,271
02/09/2020,PIT,PA,AEA,CE,Combined TRACON& Tower with Radar,257,65,8,1,331,0,0,1,0,1,257,65,9,1,332,0,0,0,332
02/10/2020,PIT,PA,AEA,CE,Combined TRACON& Tower with Radar,283,85,31,0,399,0,0,0,0,0,283,85,31,0,399,0,0,0,399
02/11/2020,PIT,PA,AEA,CE,Combined TRACON& Tower with Radar,276,98,15,25,414,0,0,0,0,0,276,98,15,25,414,0,0,0,414
02/12/2020,PIT,PA,AEA,CE,Combined TRACON& Tower with Radar,274,108,18,26,426,0,2,1,0,3,274,110,19,26,429,0,0,0,429
02/13/2020,PIT,PA,AEA,CE,Combined TRACON& Tower with Radar,293,90,22,10,415,0,0,0,0,0,293,90,22,10,415,0,0,0,415
02/14/2020,PIT,PA,AEA,CE,Combined TRACON& Tower with Radar,306,99,13,16,434,0,2,2,8,12,306,101,15,24,446,0,0,0,446
02/15/2020,PIT,PA,AEA,CE,Combined TRACON& Tower with Radar,212,76,9,1,298,0,1,3,0,4,212,77,12,1,302,0,0,0,302
02/16/2020,PIT,PA,AEA,CE,Combined TRACON& Tower with Radar,249,62,7,0,318,0,0,0,0,0,249,62,7,0,318,0,0,0,318
02/17/2020,PIT,PA,AEA,CE,Combined TRACON& Tower with Radar,284,88,17,0,389,0,0,2,0,2,284,88,19,0,391,0,0,0,391
02/18/2020,PIT,PA,AEA,CE,Combined TRACON& Tower with Radar,285,85,22,11,403,0,0,0,0,0,285,85,22,11,403,0,0,0,403
02/19/2020,PIT,PA,AEA,CE,Combined TRACON& Tower with Radar,295,95,14,20,424,0,0,0,0,0,295,95,14,20,424,0,0,0,424
02/20/2020,PIT,PA,AEA,CE,Combined TRACON& Tower with Radar,300,91,25,27,443,0,0,3,0,3,300,91,28,27,446,0,0,0,446
02/21/2020,PIT,PA,AEA,CE,Combined TRACON& Tower with Radar,292,98,15,11,416,0,1,2,0,3,292,99,17,11,419,0,0,0,419
02/22/2020,PIT,PA,AEA,CE,Combined TRACON& Tower with Radar,213,62,8,0,283,0,0,0,0,0,213,62,8,0,283,0,0,0,283
02/23/2020,PIT,PA,AEA,CE,Combined TRACON& Tower with Radar,277,71,12,2,362,0,4,2,0,6,277,75,14,2,368,0,0,0,368
02/24/2020,PIT,PA,AEA,CE,Combined TRACON& Tower with Radar,288,73,16,0,377,0,2,0,0,2,288,75,16,0,379,0,0,0,379
02/25/2020,PIT,PA,AEA,CE,Combined TRACON& Tower with Radar,294,96,22,5,417,0,0,1,0,1,294,96,23,5,418,0,0,0,418
02/26/2020,PIT,PA,AEA,CE,Combined TRACON& Tower with Radar,302,79,23,16,420,0,0,0,0,0,302,79,23,16,420,0,0,0,420
02/27/2020,PIT,PA,AEA,CE,Combined TRACON& Tower with Radar,303,81,21,16,421,0,0,0,0,0,303,81,21,16,421,0,0,0,421
02/28/2020,PIT,PA,AEA,CE,Combined TRACON& Tower with Radar,298,85,18,23,424,0,0,2,0,2,298,85,20,23,426,0,0,0,426
02/29/2020,PIT,PA,AEA,CE,Combined TRACON& Tower with Radar,213,52,17,3,285,0,1,11,0,12,213,53,28,3,297,0,0,0,297
03/01/2020,PIT,PA,AEA,CE,Combined TRACON& Tower with Radar,280,56,12,3,351,0,1,0,0,1,280,57,12,3,352,0,0,0,352
03/02/2020,PIT,PA,AEA,CE,Combined TRACON& Tower with Radar,308,75,12,24,419,0,0,2,0,2,308,75,14,24,421,0,0,0,421
03/03/2020,PIT,PA,AEA,CE,Combined TRACON& Tower with Radar,302,79,22,16,419,0,0,0,0,0,302,79,22,16,419,0,0,0,419
03/04/2020,PIT,PA,AEA,CE,Combined TRACON& Tower with Radar,289,100,20,4,413,0,2,2,0,4,289,102,22,4,417,0,0,0,417
03/05/2020,PIT,PA,AEA,CE,Combined TRACON& Tower with Radar,319,99,4,32,454,0,1,2,0,3,319,100,6,32,457,0,0,0,457
03/06/2020,PIT,PA,AEA,CE,Combined TRACON& Tower with Radar,295,96,17,28,436,0,0,0,0,0,295,96,17,28,436,0,0,0,436
03/07/2020,PIT,PA,AEA,CE,Combined TRACON& Tower with Radar,237,73,5,14,329,0,1,0,0,1,237,74,5,14,330,0,0,0,330
03/08/2020,PIT,PA,AEA,CE,Combined TRACON& Tower with Radar,284,71,10,1,366,0,0,0,0,0,284,71,10,1,366,0,0,0,366
03/09/2020,PIT,PA,AEA,CE,Combined TRACON& Tower with Radar,300,81,11,1,393,0,0,2,0,2,300,81,13,1,395,0,0,0,395
03/10/2020,PIT,PA,AEA,CE,Combined TRACON& Tower with Radar,311,82,7,12,412,0,0,0,0,0,311,82,7,12,412,0,0,0,412
03/11/2020,PIT,PA,AEA,CE,Combined TRACON& Tower with Radar,304,102,5,14,425,0,0,0,0,0,304,102,5,14,425,0,0,0,425
03/12/2020,PIT,PA,AEA,CE,Combined TRACON& Tower with Radar,321,85,14,22,442,0,0,3,0,3,321,85,17,22,445,0,0,0,445
03/13/2020,PIT,PA,AEA,CE,Combined TRACON& Tower with Radar,314,84,15,30,443,0,0,1,0,1,314,84,16,30,444,0,0,0,444
03/14/2020,PIT,PA,AEA,CE,Combined TRACON& Tower with Radar,233,66,10,0,309,0,0,0,0,0,233,66,10,0,309,0,0,0,309
03/15/2020,PIT,PA,AEA,CE,Combined TRACON& Tower with Radar,290,60,8,0,358,0,0,2,0,2,290,60,10,0,360,0,0,0,360
03/16/2020,PIT,PA,AEA,CE,Combined TRACON& Tower with Radar,303,79,3,0,385,0,0,0,0,0,303,79,3,0,385,0,0,0,385
03/17/2020,PIT,PA,AEA,CE,Combined TRACON& Tower with Radar,305,72,7,46,430,0,0,0,0,0,305,72,7,46,430,0,0,0,430
03/18/2020,PIT,PA,AEA,CE,Combined TRACON& Tower with Radar,285,70,11,4,370,0,0,0,0,0,285,70,11,4,370,0,0,0,370
03/19/2020,PIT,PA,AEA,CE,Combined TRACON& Tower with Radar,270,73,18,14,375,0,0,2,0,2,270,73,20,14,377,0,0,0,377
03/20/2020,PIT,PA,AEA,CE,Combined TRACON& Tower with Radar,273,69,5,4,351,0,0,0,0,0,273,69,5,4,351,0,0,0,351
03/21/2020,PIT,PA,AEA,CE,Combined TRACON& Tower with Radar,198,45,7,1,251,0,0,0,0,0,198,45,7,1,251,0,0,0,251
03/22/2020,PIT,PA,AEA,CE,Combined TRACON& Tower with Radar,227,48,3,0,278,0,4,5,0,9,227,52,8,0,287,0,0,0,287
03/23/2020,PIT,PA,AEA,CE,Combined TRACON& Tower with Radar,195,49,3,2,249,0,0,0,0,0,195,49,3,2,249,0,0,0,249
03/24/2020,PIT,PA,AEA,CE,Combined TRACON& Tower with Radar,193,52,0,17,262,0,0,0,0,0,193,52,0,17,262,0,0,0,262
03/25/2020,PIT,PA,AEA,CE,Combined TRACON& Tower with Radar,174,50,2,5,231,0,0,4,0,4,174,50,6,5,235,0,0,0,235
03/26/2020,PIT,PA,AEA,CE,Combined TRACON& Tower with Radar,194,68,3,12,277,0,4,3,0,7,194,72,6,12,284,0,0,0,284
03/27/2020,PIT,PA,AEA,CE,Combined TRACON& Tower with Radar,190,50,9,8,257,0,2,1,0,3,190,52,10,8,260,0,0,0,260
03/28/2020,PIT,PA,AEA,CE,Combined TRACON& Tower with Radar,114,44,2,0,160,0,0,0,0,0,114,44,2,0,160,0,0,0,160
03/29/2020,PIT,PA,AEA,CE,Combined TRACON& Tower with Radar,149,35,0,0,184,0,0,0,0,0,149,35,0,0,184,0,0,0,184
03/30/2020,PIT,PA,AEA,CE,Combined TRACON& Tower with Radar,132,49,3,11,195,0,0,0,0,0,132,49,3,11,195,0,0,0,195
03/31/2020,PIT,PA,AEA,CE,Combined TRACON& Tower with Radar,160,56,5,22,243,0,0,2,2,4,160,56,7,24,247,0,14,14,261
04/01/2020,PIT,PA,AEA,CE,Combined TRACON& Tower with Radar,146,44,17,19,226,0,0,4,0,4,146,44,21,19,230,0,0,0,230
04/02/2020,PIT,PA,AEA,CE,Combined TRACON& Tower with Radar,139,49,14,24,226,0,1,5,0,6,139,50,19,24,232,0,14,14,246
04/03/2020,PIT,PA,AEA,CE,Combined TRACON& Tower with Radar,141,51,5,16,213,0,0,2,0,2,141,51,7,16,215,0,0,0,215
04/04/2020,PIT,PA,AEA,CE,Combined TRACON& Tower with Radar,99,31,11,0,141,0,1,8,0,9,99,32,19,0,150,0,0,0,150
04/05/2020,PIT,PA,AEA,CE,Combined TRACON& Tower with Radar,115,27,5,10,157,0,0,1,0,1,115,27,6,10,158,0,0,0,158
04/06/2020,PIT,PA,AEA,CE,Combined TRACON& Tower with Radar,110,48,3,6,167,0,0,1,0,1,110,48,4,6,168,0,0,0,168
04/07/2020,PIT,PA,AEA,CE,Combined TRACON& Tower with Radar,110,48,4,26,188,0,0,1,0,1,110,48,5,26,189,0,0,0,189
04/08/2020,PIT,PA,AEA,CE,Combined TRACON& Tower with Radar,104,52,13,10,179,0,0,3,0,3,104,52,16,10,182,0,0,0,182
04/09/2020,PIT,PA,AEA,CE,Combined TRACON& Tower with Radar,100,55,6,10,171,0,0,0,0,0,100,55,6,10,171,0,0,0,171
04/10/2020,PIT,PA,AEA,CE,Combined TRACON& Tower with Radar,97,40,3,1,141,0,0,0,0,0,97,40,3,1,141,0,0,0,141
04/11/2020,PIT,PA,AEA,CE,Combined TRACON& Tower with Radar,80,28,6,0,114,0,2,8,0,10,80,30,14,0,124,0,0,0,124
04/12/2020,PIT,PA,AEA,CE,Combined TRACON& Tower with Radar,89,28,5,0,122,0,0,5,0,5,89,28,10,0,127,0,0,0,127
04/13/2020,PIT,PA,AEA,CE,Combined TRACON& Tower with Radar,93,49,0,2,144,0,0,0,0,0,93,49,0,2,144,0,0,0,144
04/14/2020,PIT,PA,AEA,CE,Combined TRACON& Tower with Radar,95,52,4,12,163,0,0,2,0,2,95,52,6,12,165,0,0,0,165
04/15/2020,PIT,PA,AEA,CE,Combined TRACON& Tower with Radar,79,51,4,4,138,0,4,0,0,4,79,55,4,4,142,8,0,8,150
04/16/2020,PIT,PA,AEA,CE,Combined TRACON& Tower with Radar,75,56,15,3,149,0,0,1,0,1,75,56,16,3,150,12,0,12,162
04/17/2020,PIT,PA,AEA,CE,Combined TRACON& Tower with Radar,81,39,3,16,139,0,1,0,0,1,81,40,3,16,140,2,12,14,154
04/18/2020,PIT,PA,AEA,CE,Combined TRACON& Tower with Radar,64,23,6,2,95,0,0,5,0,5,64,23,11,2,100,0,0,0,100
04/19/2020,PIT,PA,AEA,CE,Combined TRACON& Tower with Radar,59,30,6,1,96,0,0,6,0,6,59,30,12,1,102,0,0,0,102
04/20/2020,PIT,PA,AEA,CE,Combined TRACON& Tower with Radar,73,45,6,0,124,0,2,5,0,7,73,47,11,0,131,0,0,0,131
04/21/2020,PIT,PA,AEA,CE,Combined TRACON& Tower with Radar,73,50,9,30,162,0,1,1,0,2,73,51,10,30,164,0,0,0,164
04/22/2020,PIT,PA,AEA,CE,Combined TRACON& Tower with Radar,69,48,2,31,150,0,0,5,0,5,69,48,7,31,155,0,0,0,155
04/23/2020,PIT,PA,AEA,CE,Combined TRACON& Tower with Radar,76,54,6,32,168,0,0,3,0,3,76,54,9,32,171,0,0,0,171
04/24/2020,PIT,PA,AEA,CE,Combined TRACON& Tower with Radar,68,51,4,12,135,0,0,0,0,0,68,51,4,12,135,0,0,0,135
04/25/2020,PIT,PA,AEA,CE,Combined TRACON& Tower with Radar,63,34,2,0,99,0,2,4,0,6,63,36,6,0,105,0,0,0,105
04/26/2020,PIT,PA,AEA,CE,Combined TRACON& Tower with Radar,64,28,0,1,93,0,0,0,0,0,64,28,0,1,93,0,0,0,93
04/27/2020,PIT,PA,AEA,CE,Combined TRACON& Tower with Radar,65,52,4,2,123,0,2,7,0,9,65,54,11,2,132,0,0,0,132
04/28/2020,PIT,PA,AEA,CE,Combined TRACON& Tower with Radar,71,56,5,17,149,0,0,0,1,1,71,56,5,18,150,0,0,0,150
04/29/2020,PIT,PA,AEA,CE,Combined TRACON& Tower with Radar,72,60,9,4,145,0,0,1,0,1,72,60,10,4,146,0,0,0,146
04/30/2020,PIT,PA,AEA,CE,Combined TRACON& Tower with Radar,76,51,1,25,153,0,2,0,0,2,76,53,1,25,155,0,0,0,155
05/01/2020,PIT,PA,AEA,CE,Combined TRACON& Tower with Radar,89,58,10,11,168,0,0,0,1,1,89,58,10,12,169,0,0,0,169
05/02/2020,PIT,PA,AEA,CE,Combined TRACON& Tower with Radar,68,32,3,14,117,0,0,4,12,16,68,32,7,26,133,0,20,20,153
05/03/2020,PIT,PA,AEA,CE,Combined TRACON& Tower with Radar,80,33,6,20,139,0,0,1,0,1,80,33,7,20,140,0,0,0,140
05/04/2020,PIT,PA,AEA,CE,Combined TRACON& Tower with Radar,83,53,9,1,146,0,0,1,0,1,83,53,10,1,147,0,0,0,147
05/05/2020,PIT,PA,AEA,CE,Combined TRACON& Tower with Radar,73,60,6,5,144,0,0,8,0,8,73,60,14,5,152,0,0,0,152
05/06/2020,PIT,PA,AEA,CE,Combined TRACON& Tower with Radar,73,53,15,4,145,0,0,1,0,1,73,53,16,4,146,0,0,0,146
05/07/2020,PIT,PA,AEA,CE,Combined TRACON& Tower with Radar,87,59,4,9,159,0,0,3,0,3,87,59,7,9,162,0,0,0,162
05/08/2020,PIT,PA,AEA,CE,Combined TRACON& Tower with Radar,87,58,2,16,163,0,0,0,0,0,87,58,2,16,163,0,0,0,163
05/09/2020,PIT,PA,AEA,CE,Combined TRACON& Tower with Radar,55,29,3,0,87,0,0,0,0,0,55,29,3,0,87,0,0,0,87
05/10/2020,PIT,PA,AEA,CE,Combined TRACON& Tower with Radar,78,34,6,0,118,0,0,0,0,0,78,34,6,0,118,0,0,0,118
05/11/2020,PIT,PA,AEA,CE,Combined TRACON& Tower with Radar,76,60,4,5,145,0,0,0,0,0,76,60,4,5,145,0,0,0,145
05/12/2020,PIT,PA,AEA,CE,Combined TRACON& Tower with Radar,65,57,6,28,156,0,0,10,1,11,65,57,16,29,167,0,0,0,167
05/13/2020,PIT,PA,AEA,CE,Combined TRACON& Tower with Radar,72,55,11,23,161,0,0,15,0,15,72,55,26,23,176,0,0,0,176
05/14/2020,PIT,PA,AEA,CE,Combined TRACON& Tower with Radar,86,59,6,27,178,0,0,0,3,3,86,59,6,30,181,0,0,0,181
05/15/2020,PIT,PA,AEA,CE,Combined TRACON& Tower with Radar,82,65,5,5,157,0,0,0,0,0,82,65,5,5,157,0,0,0,157
05/16/2020,PIT,PA,AEA,CE,Combined TRACON& Tower with Radar,57,31,8,1,97,0,0,2,1,3,57,31,10,2,100,0,0,0,100
05/17/2020,PIT,PA,AEA,CE,Combined TRACON& Tower with Radar,78,34,4,3,119,0,0,0,1,1,78,34,4,4,120,0,0,0,120
05/18/2020,PIT,PA,AEA,CE,Combined TRACON& Tower with Radar,81,53,5,0,139,0,0,0,0,0,81,53,5,0,139,0,0,0,139
05/19/2020,PIT,PA,AEA,CE,Combined TRACON& Tower with Radar,64,58,9,24,155,0,0,1,0,1,64,58,10,24,156,0,0,0,156
05/20/2020,PIT,PA,AEA,CE,Combined TRACON& Tower with Radar,78,64,20,9,171,0,0,2,1,3,78,64,22,10,174,0,0,0,174
05/21/2020,PIT,PA,AEA,CE,Combined TRACON& Tower with Radar,88,65,12,32,197,0,0,4,12,16,88,65,16,44,213,0,0,0,213
05/22/2020,PIT,PA,AEA,CE,Combined TRACON& Tower with Radar,83,69,4,14,170,0,0,0,0,0,83,69,4,14,170,0,0,0,170
05/23/2020,PIT,PA,AEA,CE,Combined TRACON& Tower with Radar,69,30,8,0,107,0,0,6,1,7,69,30,14,1,114,0,0,0,114
05/24/2020,PIT,PA,AEA,CE,Combined TRACON& Tower with Radar,76,31,2,0,109,0,0,5,2,7,76,31,7,2,116,0,0,0,116
05/25/2020,PIT,PA,AEA,CE,Combined TRACON& Tower with Radar,77,56,4,0,137,0,0,4,2,6,77,56,8,2,143,0,0,0,143
05/26/2020,PIT,PA,AEA,CE,Combined TRACON& Tower with Radar,61,67,10,33,171,0,0,4,0,4,61,67,14,33,175,0,0,0,175
05/27/2020,PIT,PA,AEA,CE,Combined TRACON& Tower with Radar,78,57,29,25,189,0,0,2,0,2,78,57,31,25,191,0,0,0,191
05/28/2020,PIT,PA,AEA,CE,Combined TRACON& Tower with Radar,94,63,8,21,186,0,0,1,0,1,94,63,9,21,187,0,0,0,187
05/29/2020,PIT,PA,AEA,CE,Combined TRACON& Tower with Radar,88,65,4,14,171,0,0,0,2,2,88,65,4,16,173,0,0,0,173
05/30/2020,PIT,PA,AEA,CE,Combined TRACON& Tower with Radar,64,33,7,0,104,0,0,1,0,1,64,33,8,0,105,0,0,0,105
05/31/2020,PIT,PA,AEA,CE,Combined TRACON& Tower with Radar,82,39,9,3,133,0,0,3,2,5,82,39,12,5,138,0,0,0,138
06/01/2020,PIT,PA,AEA,CE,Combined TRACON& Tower with Radar,85,55,26,18,184,0,0,8,0,8,85,55,34,18,192,0,12,12,204
06/02/2020,PIT,PA,AEA,CE,Combined TRACON& Tower with Radar,68,64,12,46,190,0,0,1,0,1,68,64,13,46,191,0,0,0,191
06/03/2020,PIT,PA,AEA,CE,Combined TRACON& Tower with Radar,81,58,11,18,168,0,0,2,0,2,81,58,13,18,170,0,0,0,170
06/04/2020,PIT,PA,AEA,CE,Combined TRACON& Tower with Radar,97,55,13,25,190,0,0,2,0,2,97,55,15,25,192,0,0,0,192
06/05/2020,PIT,PA,AEA,CE,Combined TRACON& Tower with Radar,96,61,5,9,171,0,0,2,0,2,96,61,7,9,173,0,0,0,173
06/06/2020,PIT,PA,AEA,CE,Combined TRACON& Tower with Radar,81,30,7,6,124,0,0,2,2,4,81,30,9,8,128,0,0,0,128
06/07/2020,PIT,PA,AEA,CE,Combined TRACON& Tower with Radar,97,42,4,0,143,0,0,4,0,4,97,42,8,0,147,0,0,0,147
06/08/2020,PIT,PA,AEA,CE,Combined TRACON& Tower with Radar,100,59,7,20,186,0,0,9,0,9,100,59,16,20,195,0,0,0,195
06/09/2020,PIT,PA,AEA,CE,Combined TRACON& Tower with Radar,86,60,7,22,175,0,0,5,0,5,86,60,12,22,180,0,0,0,180
06/10/2020,PIT,PA,AEA,CE,Combined TRACON& Tower with Radar,98,64,4,29,195,0,2,0,0,2,98,66,4,29,197,0,0,0,197
06/11/2020,PIT,PA,AEA,CE,Combined TRACON& Tower with Radar,106,68,7,36,217,0,0,1,2,3,106,68,8,38,220,0,0,0,220
06/12/2020,PIT,PA,AEA,CE,Combined TRACON& Tower with Radar,111,62,4,17,194,0,2,5,0,7,111,64,9,17,201,0,0,0,201
06/13/2020,PIT,PA,AEA,CE,Combined TRACON& Tower with Radar,90,29,4,0,123,0,0,2,0,2,90,29,6,0,125,0,0,0,125
06/14/2020,PIT,PA,AEA,CE,Combined TRACON& Tower with Radar,103,38,9,1,151,0,1,4,0,5,103,39,13,1,156,0,0,0,156
06/15/2020,PIT,PA,AEA,CE,Combined TRACON& Tower with Radar,106,63,23,2,194,0,0,2,0,2,106,63,25,2,196,0,0,0,196
06/16/2020,PIT,PA,AEA,CE,Combined TRACON& Tower with Radar,92,59,12,53,216,0,2,4,0,6,92,61,16,53,222,0,23,23,245
06/17/2020,PIT,PA,AEA,CE,Combined TRACON& Tower with Radar,98,64,14,36,212,0,1,3,0,4,98,65,17,36,216,0,0,0,216
06/18/2020,PIT,PA,AEA,CE,Combined TRACON& Tower with Radar,114,65,20,38,237,0,0,2,5,7,114,65,22,43,244,0,0,0,244
06/19/2020,PIT,PA,AEA,CE,Combined TRACON& Tower with Radar,116,61,19,17,213,0,2,2,0,4,116,63,21,17,217,0,0,0,217
06/20/2020,PIT,PA,AEA,CE,Combined TRACON& Tower with Radar,103,38,6,1,148,0,0,2,0,2,103,38,8,1,150,0,0,0,150
06/21/2020,PIT,PA,AEA,CE,Combined TRACON& Tower with Radar,104,42,5,0,151,0,4,2,0,6,104,46,7,0,157,0,0,0,157
06/22/2020,PIT,PA,AEA,CE,Combined TRACON& Tower with Radar,109,72,10,22,213,0,0,2,0,2,109,72,12,22,215,0,0,0,215
06/23/2020,PIT,PA,AEA,CE,Combined TRACON& Tower with Radar,97,75,15,14,201,0,0,1,0,1,97,75,16,14,202,0,0,0,202
06/24/2020,PIT,PA,AEA,CE,Combined TRACON& Tower with Radar,105,69,22,12,208,0,0,5,0,5,105,69,27,12,213,0,0,0,213
06/25/2020,PIT,PA,AEA,CE,Combined TRACON& Tower with Radar,115,67,19,22,223,0,0,0,0,0,115,67,19,22,223,0,0,0,223
06/26/2020,PIT,PA,AEA,CE,Combined TRACON& Tower with Radar,118,73,5,26,222,0,0,4,0,4,118,73,9,26,226,0,0,0,226
06/27/2020,PIT,PA,AEA,CE,Combined TRACON& Tower with Radar,94,38,3,1,136,0,0,0,0,0,94,38,3,1,136,0,0,0,136
06/28/2020,PIT,PA,AEA,CE,Combined TRACON& Tower with Radar,108,37,11,0,156,0,0,0,0,0,108,37,11,0,156,0,0,0,156
06/29/2020,PIT,PA,AEA,CE,Combined TRACON& Tower with Radar,109,63,15,4,191,0,2,6,0,8,109,65,21,4,199,0,0,0,199
06/30/2020,PIT,PA,AEA,CE,Combined TRACON& Tower with Radar,96,71,20,17,204,0,0,1,0,1,96,71,21,17,205,0,0,0,205
07/01/2020,PIT,PA,AEA,CE,Combined TRACON& Tower with Radar,115,66,27,26,234,0,5,3,0,8,115,71,30,26,242,0,10,10,252
07/02/2020,PIT,PA,AEA,CE,Combined TRACON& Tower with Radar,130,72,7,22,231,0,4,2,0,6,130,76,9,22,237,0,0,0,237
07/03/2020,PIT,PA,AEA,CE,Combined TRACON& Tower with Radar,138,66,16,0,220,0,0,2,0,2,138,66,18,0,222,0,0,0,222
07/04/2020,PIT,PA,AEA,CE,Combined TRACON& Tower with Radar,106,28,2,2,138,0,0,1,0,1,106,28,3,2,139,0,0,0,139
07/05/2020,PIT,PA,AEA,CE,Combined TRACON& Tower with Radar,130,39,7,0,176,0,0,0,0,0,130,39,7,0,176,0,0,0,176
07/06/2020,PIT,PA,AEA,CE,Combined TRACON& Tower with Radar,152,71,3,29,255,0,1,6,0,7,152,72,9,29,262,0,0,0,262
07/07/2020,PIT,PA,AEA,CE,Combined TRACON& Tower with Radar,140,62,12,29,243,0,0,2,0,2,140,62,14,29,245,0,0,0,245
07/08/2020,PIT,PA,AEA,CE,Combined TRACON& Tower with Radar,147,60,18,35,260,0,0,2,1,3,147,60,20,36,263,0,0,0,263
07/09/2020,PIT,PA,AEA,CE,Combined TRACON& Tower with Radar,164,64,14,36,278,0,0,5,2,7,164,64,19,38,285,0,0,0,285
07/10/2020,PIT,PA,AEA,CE,Combined TRACON& Tower with Radar,176,66,2,20,264,0,0,0,0,0,176,66,2,20,264,0,0,0,264
07/11/2020,PIT,PA,AEA,CE,Combined TRACON& Tower with Radar,150,35,9,5,199,0,1,3,0,4,150,36,12,5,203,0,0,0,203
07/12/2020,PIT,PA,AEA,CE,Combined TRACON& Tower with Radar,160,44,10,0,214,0,0,2,0,2,160,44,12,0,216,0,0,0,216
07/13/2020,PIT,PA,AEA,CE,Combined TRACON& Tower with Radar,163,70,9,3,245,0,0,1,0,1,163,70,10,3,246,0,0,0,246
07/14/2020,PIT,PA,AEA,CE,Combined TRACON& Tower with Radar,143,60,8,38,249,0,0,0,4,4,143,60,8,42,253,0,16,16,269
07/15/2020,PIT,PA,AEA,CE,Combined TRACON& Tower with Radar,151,64,9,41,265,0,0,3,0,3,151,64,12,41,268,0,0,0,268
07/16/2020,PIT,PA,AEA,CE,Combined TRACON& Tower with Radar,170,64,5,58,297,0,0,1,6,7,170,64,6,64,304,0,10,10,314
07/17/2020,PIT,PA,AEA,CE,Combined TRACON& Tower with Radar,176,68,6,24,274,0,0,3,0,3,176,68,9,24,277,0,0,0,277
07/18/2020,PIT,PA,AEA,CE,Combined TRACON& Tower with Radar,157,39,3,0,199,0,0,1,0,1,157,39,4,0,200,0,0,0,200
07/19/2020,PIT,PA,AEA,CE,Combined TRACON& Tower with Radar,162,38,8,1,209,0,4,4,0,8,162,42,12,1,217,0,0,0,217
07/20/2020,PIT,PA,AEA,CE,Combined TRACON& Tower with Radar,166,71,10,20,267,0,0,5,0,5,166,71,15,20,272,0,0,0,272
07/21/2020,PIT,PA,AEA,CE,Combined TRACON& Tower with Radar,144,52,7,27,230,0,0,2,0,2,144,52,9,27,232,0,0,0,232
07/22/2020,PIT,PA,AEA,CE,Combined TRACON& Tower with Radar,158,72,18,16,264,0,0,0,2,2,158,72,18,18,266,0,0,0,266
07/23/2020,PIT,PA,AEA,CE,Combined TRACON& Tower with Radar,173,61,12,28,274,0,2,0,0,2,173,63,12,28,276,0,0,0,276
07/24/2020,PIT,PA,AEA,CE,Combined TRACON& Tower with Radar,169,72,10,19,270,0,2,2,0,4,169,74,12,19,274,0,0,0,274
07/25/2020,PIT,PA,AEA,CE,Combined TRACON& Tower with Radar,157,36,7,10,210,0,0,6,4,10,157,36,13,14,220,0,0,0,220
07/26/2020,PIT,PA,AEA,CE,Combined TRACON& Tower with Radar,167,41,4,6,218,0,0,3,0,3,167,41,7,6,221,0,0,0,221
07/27/2020,PIT,PA,AEA,CE,Combined TRACON& Tower with Radar,159,63,12,4,238,0,3,3,0,6,159,66,15,4,244,0,0,0,244
07/28/2020,PIT,PA,AEA,CE,Combined TRACON& Tower with Radar,140,74,16,42,272,0,0,0,2,2,140,74,16,44,274,0,10,10,284
07/29/2020,PIT,PA,AEA,CE,Combined TRACON& Tower with Radar,148,67,13,12,240,0,4,5,0,9,148,71,18,12,249,0,0,0,249
07/30/2020,PIT,PA,AEA,CE,Combined TRACON& Tower with Radar,159,69,15,32,275,0,2,0,4,6,159,71,15,36,281,0,12,12,293
07/31/2020,PIT,PA,AEA,CE,Combined TRACON& Tower with Radar,163,80,4,20,267,0,0,0,0,0,163,80,4,20,267,0,0,0,267
08/01/2020,PIT,PA,AEA,CE,Combined TRACON& Tower with Radar,151,46,12,1,210,0,0,0,0,0,151,46,12,1,210,0,0,0,210
08/02/2020,PIT,PA,AEA,CE,Combined TRACON& Tower with Radar,156,41,11,0,208,0,0,1,0,1,156,41,12,0,209,0,0,0,209
08/03/2020,PIT,PA,AEA,CE,Combined TRACON& Tower with Radar,159,61,4,41,265,0,0,0,0,0,159,61,4,41,265,0,0,0,265
08/04/2020,PIT,PA,AEA,CE,Combined TRACON& Tower with Radar,141,67,13,20,241,0,0,0,0,0,141,67,13,20,241,0,0,0,241
08/05/2020,PIT,PA,AEA,CE,Combined TRACON& Tower with Radar,143,64,15,32,254,0,0,0,0,0,143,64,15,32,254,0,0,0,254
08/06/2020,PIT,PA,AEA,CE,Combined TRACON& Tower with Radar,168,55,22,22,267,0,0,0,0,0,168,55,22,22,267,0,0,0,267
08/07/2020,PIT,PA,AEA,CE,Combined TRACON& Tower with Radar,169,62,4,31,266,0,0,4,3,7,169,62,8,34,273,0,0,0,273
08/08/2020,PIT,PA,AEA,CE,Combined TRACON& Tower with Radar,156,44,3,20,223,0,1,4,0,5,156,45,7,20,228,0,0,0,228
08/09/2020,PIT,PA,AEA,CE,Combined TRACON& Tower with Radar,155,41,14,5,215,0,3,2,0,5,155,44,16,5,220,0,0,0,220
08/10/2020,PIT,PA,AEA,CE,Combined TRACON& Tower with Radar,158,66,11,11,246,0,1,5,2,8,158,67,16,13,254,0,0,0,254
08/11/2020,PIT,PA,AEA,CE,Combined TRACON& Tower with Radar,145,62,13,50,270,0,0,2,0,2,145,62,15,50,272,0,6,6,278
08/12/2020,PIT,PA,AEA,CE,Combined TRACON& Tower with Radar,162,59,10,26,257,0,1,8,2,11,162,60,18,28,268,0,8,8,276
08/13/2020,PIT,PA,AEA,CE,Combined TRACON& Tower with Radar,167,60,15,29,271,0,0,22,15,37,167,60,37,44,308,0,18,18,326
08/14/2020,PIT,PA,AEA,CE,Combined TRACON& Tower with Radar,163,65,6,22,256,0,1,4,0,5,163,66,10,22,261,0,0,0,261
08/15/2020,PIT,PA,AEA,CE,Combined TRACON& Tower with Radar,161,42,10,1,214,0,0,0,0,0,161,42,10,1,214,0,0,0,214
08/16/2020,PIT,PA,AEA,CE,Combined TRACON& Tower with Radar,167,41,7,1,216,0,0,0,0,0,167,41,7,1,216,0,0,0,216
08/17/2020,PIT,PA,AEA,CE,Combined TRACON& Tower with Radar,162,64,8,27,261,0,0,4,0,4,162,64,12,27,265,0,0,0,265
08/18/2020,PIT,PA,AEA,CE,Combined TRACON& Tower with Radar,141,58,12,17,228,0,2,5,0,7,141,60,17,17,235,0,0,0,235
08/19/2020,PIT,PA,AEA,CE,Combined TRACON& Tower with Radar,143,71,13,27,254,0,1,10,0,11,143,72,23,27,265,0,0,0,265
08/20/2020,PIT,PA,AEA,CE,Combined TRACON& Tower with Radar,173,57,6,46,282,0,0,6,0,6,173,57,12,46,288,0,0,0,288
08/21/2020,PIT,PA,AEA,CE,Combined TRACON& Tower with Radar,165,79,7,27,278,0,2,5,0,7,165,81,12,27,285,0,12,12,297
08/22/2020,PIT,PA,AEA,CE,Combined TRACON& Tower with Radar,145,39,15,2,201,0,1,5,0,6,145,40,20,2,207,0,0,0,207
08/23/2020,PIT,PA,AEA,CE,Combined TRACON& Tower with Radar,166,36,6,0,208,0,0,2,0,2,166,36,8,0,210,0,0,0,210
08/24/2020,PIT,PA,AEA,CE,Combined TRACON& Tower with Radar,158,53,7,0,218,0,0,0,0,0,158,53,7,0,218,0,0,0,218
08/25/2020,PIT,PA,AEA,CE,Combined TRACON& Tower with Radar,139,67,16,39,261,0,0,1,1,2,139,67,17,40,263,0,0,0,263
08/26/2020,PIT,PA,AEA,CE,Combined TRACON& Tower with Radar,134,67,8,31,240,0,0,2,0,2,134,67,10,31,242,0,0,0,242
08/27/2020,PIT,PA,AEA,CE,Combined TRACON& Tower with Radar,170,63,14,26,273,0,0,1,0,1,170,63,15,26,274,0,0,0,274
08/28/2020,PIT,PA,AEA,CE,Combined TRACON& Tower with Radar,158,51,10,19,238,0,0,0,0,0,158,51,10,19,238,0,0,0,238
08/29/2020,PIT,PA,AEA,CE,Combined TRACON& Tower with Radar,149,30,2,1,182,0,3,0,0,3,149,33,2,1,185,0,0,0,185
08/30/2020,PIT,PA,AEA,CE,Combined TRACON& Tower with Radar,158,46,20,0,224,0,0,1,0,1,158,46,21,0,225,0,0,0,225
08/31/2020,PIT,PA,AEA,CE,Combined TRACON& Tower with Radar,158,54,11,30,253,0,1,4,0,5,158,55,15,30,258,0,0,0,258
09/01/2020,PIT,PA,AEA,CE,Combined TRACON& Tower with Radar,144,56,16,23,239,0,0,0,1,1,144,56,16,24,240,0,0,0,240
09/02/2020,PIT,PA,AEA,CE,Combined TRACON& Tower with Radar,147,61,20,16,244,0,0,2,0,2,147,61,22,16,246,0,0,0,246
09/03/2020,PIT,PA,AEA,CE,Combined TRACON& Tower with Radar,189,58,14,22,283,0,1,3,0,4,189,59,17,22,287,0,0,0,287
09/04/2020,PIT,PA,AEA,CE,Combined TRACON& Tower with Radar,165,70,13,0,248,0,3,3,0,6,165,73,16,0,254,0,0,0,254
09/05/2020,PIT,PA,AEA,CE,Combined TRACON& Tower with Radar,135,31,9,0,175,0,0,6,0,6,135,31,15,0,181,0,0,0,181
09/06/2020,PIT,PA,AEA,CE,Combined TRACON& Tower with Radar,118,38,7,0,163,0,0,0,0,0,118,38,7,0,163,0,0,0,163
09/07/2020,PIT,PA,AEA,CE,Combined TRACON& Tower with Radar,149,49,8,0,206,0,0,4,0,4,149,49,12,0,210,0,0,0,210
09/08/2020,PIT,PA,AEA,CE,Combined TRACON& Tower with Radar,114,84,18,54,270,0,2,5,0,7,114,86,23,54,277,0,8,8,285
09/09/2020,PIT,PA,AEA,CE,Combined TRACON& Tower with Radar,119,68,7,56,250,0,0,4,3,7,119,68,11,59,257,0,0,0,257
09/10/2020,PIT,PA,AEA,CE,Combined TRACON& Tower with Radar,156,63,20,58,297,0,0,0,0,0,156,63,20,58,297,0,36,36,333
09/11/2020,PIT,PA,AEA,CE,Combined TRACON& Tower with Radar,135,76,11,25,247,0,1,0,0,1,135,77,11,25,248,0,0,0,248
09/12/2020,PIT,PA,AEA,CE,Combined TRACON& Tower with Radar,117,39,1,1,158,0,0,6,0,6,117,39,7,1,164,0,0,0,164
09/13/2020,PIT,PA,AEA,CE,Combined TRACON& Tower with Radar,140,51,9,1,201,0,0,1,0,1,140,51,10,1,202,0,0,0,202
09/14/2020,PIT,PA,AEA,CE,Combined TRACON& Tower with Radar,126,88,11,15,240,0,0,1,0,1,126,88,12,15,241,0,0,0,241
09/15/2020,PIT,PA,AEA,CE,Combined TRACON& Tower with Radar,114,70,21,38,243,0,3,3,0,6,114,73,24,38,249,0,0,0,249
09/16/2020,PIT,PA,AEA,CE,Combined TRACON& Tower with Radar,118,66,13,41,238,0,1,1,1,3,118,67,14,42,241,0,0,0,241
09/17/2020,PIT,PA,AEA,CE,Combined TRACON& Tower with Radar,158,70,21,11,260,0,0,5,0,5,158,70,26,11,265,0,0,0,265
09/18/2020,PIT,PA,AEA,CE,Combined TRACON& Tower with Radar,140,69,13,8,230,0,1,2,0,3,140,70,15,8,233,0,0,0,233
09/19/2020,PIT,PA,AEA,CE,Combined TRACON& Tower with Radar,119,36,3,4,162,0,0,2,0,2,119,36,5,4,164,0,0,0,164
09/20/2020,PIT,PA,AEA,CE,Combined TRACON& Tower with Radar,142,45,11,5,203,0,0,3,0,3,142,45,14,5,206,0,0,0,206
09/21/2020,PIT,PA,AEA,CE,Combined TRACON& Tower with Radar,128,69,4,24,225,0,1,1,7,9,128,70,5,31,234,0,16,16,250
09/22/2020,PIT,PA,AEA,CE,Combined TRACON& Tower with Radar,114,73,13,25,225,0,0,3,1,4,114,73,16,26,229,0,0,0,229
09/23/2020,PIT,PA,AEA,CE,Combined TRACON& Tower with Radar,118,81,17,35,251,0,0,3,3,6,118,81,20,38,257,0,0,0,257
09/24/2020,PIT,PA,AEA,CE,Combined TRACON& Tower with Radar,152,73,12,24,261,0,0,4,0,4,152,73,16,24,265,0,0,0,265
09/25/2020,PIT,PA,AEA,CE,Combined TRACON& Tower with Radar,137,92,11,8,248,0,2,2,0,4,137,94,13,8,252,0,0,0,252
09/26/2020,PIT,PA,AEA,CE,Combined TRACON& Tower with Radar,118,43,5,2,168,0,0,0,0,0,118,43,5,2,168,0,0,0,168
09/27/2020,PIT,PA,AEA,CE,Combined TRACON& Tower with Radar,141,44,15,3,203,0,0,0,0,0,141,44,15,3,203,0,0,0,203
09/28/2020,PIT,PA,AEA,CE,Combined TRACON& Tower with Radar,125,59,15,32,231,0,0,2,0,2,125,59,17,32,233,0,20,20,253
09/29/2020,PIT,PA,AEA,CE,Combined TRACON& Tower with Radar,118,68,23,32,241,0,0,0,0,0,118,68,23,32,241,0,0,0,241
09/30/2020,PIT,PA,AEA,CE,Combined TRACON& Tower with Radar,121,62,13,3,199,0,0,0,0,0,121,62,13,3,199,0,0,0,199
10/01/2020,PIT,PA,AEA,CE,Combined TRACON& Tower with Radar,153,72,22,31,278,0,0,0,0,0,153,72,22,31,278,0,0,0,278
10/02/2020,PIT,PA,AEA,CE,Combined TRACON& Tower with Radar,146,60,9,30,245,0,4,0,0,4,146,64,9,30,249,0,0,0,249
10/03/2020,PIT,PA,AEA,CE,Combined TRACON& Tower with Radar,116,33,14,4,167,0,1,4,1,6,116,34,18,5,173,0,0,0,173
10/04/2020,PIT,PA,AEA,CE,Combined TRACON& Tower with Radar,145,40,16,1,202,0,0,0,0,0,145,40,16,1,202,0,0,0,202
10/05/2020,PIT,PA,AEA,CE,Combined TRACON& Tower with Radar,134,63,11,2,210,0,0,9,0,9,134,63,20,2,219,0,0,0,219
10/06/2020,PIT,PA,AEA,CE,Combined TRACON& Tower with Radar,114,58,13,26,211,0,0,2,0,2,114,58,15,26,213,0,0,0,213
10/07/2020,PIT,PA,AEA,CE,Combined TRACON& Tower with Radar,113,63,14,16,206,0,2,2,0,4,113,65,16,16,210,0,0,0,210
10/08/2020,PIT,PA,AEA,CE,Combined TRACON& Tower with Radar,173,82,17,30,302,0,0,5,0,5,173,82,22,30,307,0,0,0,307
10/09/2020,PIT,PA,AEA,CE,Combined TRACON& Tower with Radar,152,71,6,20,249,0,0,4,0,4,152,71,10,20,253,0,0,0,253
10/10/2020,PIT,PA,AEA,CE,Combined TRACON& Tower with Radar,126,35,18,0,179,0,0,1,0,1,126,35,19,0,180,0,0,0,180
10/11/2020,PIT,PA,AEA,CE,Combined TRACON& Tower with Radar,152,37,17,3,209,0,0,1,0,1,152,37,18,3,210,0,0,0,210
10/12/2020,PIT,PA,AEA,CE,Combined TRACON& Tower with Radar,153,75,30,0,258,0,0,0,0,0,153,75,30,0,258,0,0,0,258
10/13/2020,PIT,PA,AEA,CE,Combined TRACON& Tower with Radar,115,67,14,62,258,0,0,2,0,2,115,67,16,62,260,0,0,0,260
10/14/2020,PIT,PA,AEA,CE,Combined TRACON& Tower with Radar,121,78,24,19,242,0,0,5,0,5,121,78,29,19,247,0,12,12,259
10/15/2020,PIT,PA,AEA,CE,Combined TRACON& Tower with Radar,165,77,14,31,287,0,0,0,0,0,165,77,14,31,287,0,0,0,287
10/16/2020,PIT,PA,AEA,CE,Combined TRACON& Tower with Radar,154,81,33,23,291,0,0,3,1,4,154,81,36,24,295,0,0,0,295
10/17/2020,PIT,PA,AEA,CE,Combined TRACON& Tower with Radar,130,36,8,1,175,0,0,3,0,3,130,36,11,1,178,0,0,0,178
10/18/2020,PIT,PA,AEA,CE,Combined TRACON& Tower with Radar,156,45,20,11,232,0,0,7,0,7,156,45,27,11,239,0,0,0,239
10/19/2020,PIT,PA,AEA,CE,Combined TRACON& Tower with Radar,144,76,8,2,230,0,0,0,0,0,144,76,8,2,230,0,0,0,230
10/20/2020,PIT,PA,AEA,CE,Combined TRACON& Tower with Radar,120,76,12,26,234,0,0,0,0,0,120,76,12,26,234,0,0,0,234
10/21/2020,PIT,PA,AEA,CE,Combined TRACON& Tower with Radar,119,68,14,40,241,0,0,0,0,0,119,68,14,40,241,0,0,0,241
10/22/2020,PIT,PA,AEA,CE,Combined TRACON& Tower with Radar,168,76,31,26,301,0,0,2,0,2,168,76,33,26,303,0,0,0,303
10/23/2020,PIT,PA,AEA,CE,Combined TRACON& Tower with Radar,149,67,34,11,261,0,0,0,0,0,149,67,34,11,261,0,18,18,279
10/24/2020,PIT,PA,AEA,CE,Combined TRACON& Tower with Radar,125,40,7,2,174,0,0,0,0,0,125,40,7,2,174,0,0,0,174
10/25/2020,PIT,PA,AEA,CE,Combined TRACON& Tower with Radar,150,46,14,1,211,0,0,1,0,1,150,46,15,1,212,0,0,0,212
10/26/2020,PIT,PA,AEA,CE,Combined TRACON& Tower with Radar,131,61,12,0,204,0,0,0,0,0,131,61,12,0,204,0,0,0,204
10/27/2020,PIT,PA,AEA,CE,Combined TRACON& Tower with Radar,109,63,14,67,253,0,0,0,1,1,109,63,14,68,254,0,8,8,262
10/28/2020,PIT,PA,AEA,CE,Combined TRACON& Tower with Radar,108,74,21,47,250,0,0,0,0,0,108,74,21,47,250,0,0,0,250
10/29/2020,PIT,PA,AEA,CE,Combined TRACON& Tower with Radar,154,68,15,13,250,0,0,0,0,0,154,68,15,13,250,0,0,0,250
10/30/2020,PIT,PA,AEA,CE,Combined TRACON& Tower with Radar,144,80,13,20,257,0,0,1,2,3,144,80,14,22,260,0,0,0,260
10/31/2020,PIT,PA,AEA,CE,Combined TRACON& Tower with Radar,93,39,6,10,148,0,3,5,0,8,93,42,11,10,156,0,0,0,156
11/01/2020,PIT,PA,AEA,CE,Combined TRACON& Tower with Radar,138,37,11,5,191,0,0,0,1,1,138,37,11,6,192,0,0,0,192
11/02/2020,PIT,PA,AEA,CE,Combined TRACON& Tower with Radar,129,64,18,0,211,0,0,2,0,2,129,64,20,0,213,0,0,0,213
11/03/2020,PIT,PA,AEA,CE,Combined TRACON& Tower with Radar,96,63,7,43,209,0,0,0,0,0,96,63,7,43,209,0,0,0,209
11/04/2020,PIT,PA,AEA,CE,Combined TRACON& Tower with Radar,112,61,20,37,230,0,2,7,0,9,112,63,27,37,239,0,0,0,239
11/05/2020,PIT,PA,AEA,CE,Combined TRACON& Tower with Radar,169,67,5,54,295,0,8,1,0,9,169,75,6,54,304,0,0,0,304
11/06/2020,PIT,PA,AEA,CE,Combined TRACON& Tower with Radar,151,61,16,37,265,0,0,5,0,5,151,61,21,37,270,0,20,20,290
11/07/2020,PIT,PA,AEA,CE,Combined TRACON& Tower with Radar,122,41,11,0,174,0,0,3,0,3,122,41,14,0,177,0,0,0,177
11/08/2020,PIT,PA,AEA,CE,Combined TRACON& Tower with Radar,154,38,14,1,207,0,0,1,0,1,154,38,15,1,208,0,0,0,208
11/09/2020,PIT,PA,AEA,CE,Combined TRACON& Tower with Radar,150,57,25,41,273,0,2,1,1,4,150,59,26,42,277,0,0,0,277
11/10/2020,PIT,PA,AEA,CE,Combined TRACON& Tower with Radar,112,62,15,27,216,0,3,2,0,5,112,65,17,27,221,0,0,0,221
11/11/2020,PIT,PA,AEA,CE,Combined TRACON& Tower with Radar,115,55,15,0,185,0,2,0,0,2,115,57,15,0,187,0,0,0,187
11/12/2020,PIT,PA,AEA,CE,Combined TRACON& Tower with Radar,165,71,19,46,301,0,0,2,0,2,165,71,21,46,303,0,0,0,303
11/13/2020,PIT,PA,AEA,CE,Combined TRACON& Tower with Radar,153,66,13,21,253,0,0,0,0,0,153,66,13,21,253,0,0,0,253
11/14/2020,PIT,PA,AEA,CE,Combined TRACON& Tower with Radar,126,37,10,5,178,0,0,3,0,3,126,37,13,5,181,0,0,0,181
11/15/2020,PIT,PA,AEA,CE,Combined TRACON& Tower with Radar,181,40,8,3,232,0,0,0,0,0,181,40,8,3,232,0,0,0,232
11/16/2020,PIT,PA,AEA,CE,Combined TRACON& Tower with Radar,145,73,9,2,229,0,0,9,0,9,145,73,18,2,238,0,0,0,238
11/17/2020,PIT,PA,AEA,CE,Combined TRACON& Tower with Radar,110,74,15,34,233,0,0,0,0,0,110,74,15,34,233,0,0,0,233
11/18/2020,PIT,PA,AEA,CE,Combined TRACON& Tower with Radar,118,66,13,26,223,0,6,2,6,14,118,72,15,32,237,0,0,0,237
11/19/2020,PIT,PA,AEA,CE,Combined TRACON& Tower with Radar,170,72,11,24,277,0,5,2,2,9,170,77,13,26,286,0,0,0,286
11/20/2020,PIT,PA,AEA,CE,Combined TRACON& Tower with Radar,172,74,13,8,267,0,8,15,0,23,172,82,28,8,290,0,0,0,290
11/21/2020,PIT,PA,AEA,CE,Combined TRACON& Tower with Radar,168,40,6,0,214,0,0,0,0,0,168,40,6,0,214,0,0,0,214
11/22/2020,PIT,PA,AEA,CE,Combined TRACON& Tower with Radar,165,44,7,0,216,0,0,0,0,0,165,44,7,0,216,0,0,0,216
11/23/2020,PIT,PA,AEA,CE,Combined TRACON& Tower with Radar,160,53,6,35,254,0,0,1,0,1,160,53,7,35,255,0,0,0,255
11/24/2020,PIT,PA,AEA,CE,Combined TRACON& Tower with Radar,179,76,17,40,312,0,0,5,0,5,179,76,22,40,317,0,0,0,317
11/25/2020,PIT,PA,AEA,CE,Combined TRACON& Tower with Radar,185,64,11,16,276,0,0,0,0,0,185,64,11,16,276,0,0,0,276
11/26/2020,PIT,PA,AEA,CE,Combined TRACON& Tower with Radar,80,47,2,0,129,0,0,0,0,0,80,47,2,0,129,0,0,0,129
11/27/2020,PIT,PA,AEA,CE,Combined TRACON& Tower with Radar,137,59,7,0,203,0,2,0,0,2,137,61,7,0,205,0,0,0,205
11/28/2020,PIT,PA,AEA,CE,Combined TRACON& Tower with Radar,181,37,13,3,234,0,0,0,0,0,181,37,13,3,234,0,0,0,234
11/29/2020,PIT,PA,AEA,CE,Combined TRACON& Tower with Radar,182,51,20,2,255,0,2,0,0,2,182,53,20,2,257,0,0,0,257
11/30/2020,PIT,PA,AEA,CE,Combined TRACON& Tower with Radar,172,54,13,0,239,0,0,0,0,0,172,54,13,0,239,0,0,0,239
12/01/2020,PIT,PA,AEA,CE,Combined TRACON& Tower with Radar,144,55,9,0,208,0,0,0,0,0,144,55,9,0,208,0,0,0,208
12/02/2020,PIT,PA,AEA,CE,Combined TRACON& Tower with Radar,115,65,10,36,226,0,0,5,1,6,115,65,15,37,232,0,0,0,232
12/03/2020,PIT,PA,AEA,CE,Combined TRACON& Tower with Radar,145,58,21,35,259,0,0,4,6,10,145,58,25,41,269,0,8,8,277
12/04/2020,PIT,PA,AEA,CE,Combined TRACON& Tower with Radar,142,55,13,11,221,0,4,0,0,4,142,59,13,11,225,0,0,0,225
12/05/2020,PIT,PA,AEA,CE,Combined TRACON& Tower with Radar,98,31,5,5,139,0,0,0,0,0,98,31,5,5,139,0,0,0,139
12/06/2020,PIT,PA,AEA,CE,Combined TRACON& Tower with Radar,132,38,13,0,183,0,0,1,0,1,132,38,14,0,184,0,0,0,184
12/07/2020,PIT,PA,AEA,CE,Combined TRACON& Tower with Radar,132,56,4,10,202,0,0,1,0,1,132,56,5,10,203,0,0,0,203
12/08/2020,PIT,PA,AEA,CE,Combined TRACON& Tower with Radar,108,67,7,47,229,0,0,1,0,1,108,67,8,47,230,0,0,0,230
12/09/2020,PIT,PA,AEA,CE,Combined TRACON& Tower with Radar,106,60,17,35,218,0,0,2,0,2,106,60,19,35,220,0,0,0,220
12/10/2020,PIT,PA,AEA,CE,Combined TRACON& Tower with Radar,145,73,14,43,275,0,0,4,2,6,145,73,18,45,281,0,0,0,281
12/11/2020,PIT,PA,AEA,CE,Combined TRACON& Tower with Radar,138,64,12,15,229,0,4,1,0,5,138,68,13,15,234,0,0,0,234
12/12/2020,PIT,PA,AEA,CE,Combined TRACON& Tower with Radar,101,30,4,0,135,0,0,1,0,1,101,30,5,0,136,0,0,0,136
12/13/2020,PIT,PA,AEA,CE,Combined TRACON& Tower with Radar,133,40,13,0,186,0,0,0,0,0,133,40,13,0,186,0,0,0,186
12/14/2020,PIT,PA,AEA,CE,Combined TRACON& Tower with Radar,131,55,11,0,197,0,0,0,0,0,131,55,11,0,197,0,0,0,197
12/15/2020,PIT,PA,AEA,CE,Combined TRACON& Tower with Radar,100,69,16,62,247,0,1,4,1,6,100,70,20,63,253,0,0,0,253
12/16/2020,PIT,PA,AEA,CE,Combined TRACON& Tower with Radar,96,35,1,20,152,0,0,0,1,1,96,35,1,21,153,0,0,0,153
12/17/2020,PIT,PA,AEA,CE,Combined TRACON& Tower with Radar,154,51,17,5,227,0,0,0,0,0,154,51,17,5,227,0,0,0,227
12/18/2020,PIT,PA,AEA,CE,Combined TRACON& Tower with Radar,165,64,7,16,252,0,0,0,0,0,165,64,7,16,252,0,0,0,252
12/19/2020,PIT,PA,AEA,CE,Combined TRACON& Tower with Radar,194,43,12,2,251,0,0,2,0,2,194,43,14,2,253,0,0,0,253
12/20/2020,PIT,PA,AEA,CE,Combined TRACON& Tower with Radar,172,27,8,1,208,0,0,0,0,0,172,27,8,1,208,0,0,0,208
12/21/2020,PIT,PA,AEA,CE,Combined TRACON& Tower with Radar,174,52,5,25,256,0,0,0,0,0,174,52,5,25,256,0,0,0,256
12/22/2020,PIT,PA,AEA,CE,Combined TRACON& Tower with Radar,176,63,10,37,286,0,0,0,3,3,176,63,10,40,289,0,0,0,289
12/23/2020,PIT,PA,AEA,CE,Combined TRACON& Tower with Radar,187,65,3,22,277,0,1,5,0,6,187,66,8,22,283,0,0,0,283
12/24/2020,PIT,PA,AEA,CE,Combined TRACON& Tower with Radar,130,47,2,1,180,0,0,0,0,0,130,47,2,1,180,0,0,0,180
12/25/2020,PIT,PA,AEA,CE,Combined TRACON& Tower with Radar,93,30,6,1,130,0,0,0,0,0,93,30,6,1,130,0,0,0,130
12/26/2020,PIT,PA,AEA,CE,Combined TRACON& Tower with Radar,182,60,9,0,251,0,3,0,0,3,182,63,9,0,254,0,0,0,254
12/27/2020,PIT,PA,AEA,CE,Combined TRACON& Tower with Radar,168,42,14,0,224,0,2,3,0,5,168,44,17,0,229,0,0,0,229
12/28/2020,PIT,PA,AEA,CE,Combined TRACON& Tower with Radar,155,55,0,2,212,0,0,0,0,0,155,55,0,2,212,0,0,0,212
12/29/2020,PIT,PA,AEA,CE,Combined TRACON& Tower with Radar,165,62,11,17,255,0,0,3,1,4,165,62,14,18,259,0,0,0,259
12/30/2020,PIT,PA,AEA,CE,Combined TRACON& Tower with Radar,170,60,29,6,265,0,0,0,0,0,170,60,29,6,265,0,0,0,265
12/31/2020,PIT,PA,AEA,CE,Combined TRACON& Tower with Radar,115,58,1,3,177,0,0,0,0,0,115,58,1,3,177,0,0,0,177
01/01/2021,PIT,PA,AEA,CE,Combined TRACON& Tower with Radar,99,31,8,0,138,0,0,0,0,0,99,31,8,0,138,0,0,0,138
01/02/2021,PIT,PA,AEA,CE,Combined TRACON& Tower with Radar,181,38,10,0,229,0,0,0,0,0,181,38,10,0,229,0,0,0,229
01/03/2021,PIT,PA,AEA,CE,Combined TRACON& Tower with Radar,169,42,12,0,223,0,0,0,0,0,169,42,12,0,223,0,0,0,223
01/04/2021,PIT,PA,AEA,CE,Combined TRACON& Tower with Radar,156,56,8,8,228,0,0,0,0,0,156,56,8,8,228,0,0,0,228
01/05/2021,PIT,PA,AEA,CE,Combined TRACON& Tower with Radar,135,72,9,43,259,0,1,0,0,1,135,73,9,43,260,0,0,0,260
01/06/2021,PIT,PA,AEA,CE,Combined TRACON& Tower with Radar,126,50,18,46,240,0,0,0,0,0,126,50,18,46,240,0,0,0,240
01/07/2021,PIT,PA,AEA,CE,Combined TRACON& Tower with Radar,142,58,25,32,257,0,0,2,0,2,142,58,27,32,259,0,0,0,259
01/08/2021,PIT,PA,AEA,CE,Combined TRACON& Tower with Radar,132,67,6,20,225,0,2,0,0,2,132,69,6,20,227,0,0,0,227
01/09/2021,PIT,PA,AEA,CE,Combined TRACON& Tower with Radar,100,33,8,0,141,0,4,3,0,7,100,37,11,0,148,0,0,0,148
01/10/2021,PIT,PA,AEA,CE,Combined TRACON& Tower with Radar,128,36,8,2,174,0,0,3,0,3,128,36,11,2,177,0,0,0,177
01/11/2021,PIT,PA,AEA,CE,Combined TRACON& Tower with Radar,126,63,9,0,198,0,0,0,0,0,126,63,9,0,198,0,0,0,198
01/12/2021,PIT,PA,AEA,CE,Combined TRACON& Tower with Radar,105,55,12,38,210,0,0,0,0,0,105,55,12,38,210,0,0,0,210
01/13/2021,PIT,PA,AEA,CE,Combined TRACON& Tower with Radar,103,59,16,39,217,0,0,0,3,3,103,59,16,42,220,0,8,8,228
01/14/2021,PIT,PA,AEA,CE,Combined TRACON& Tower with Radar,141,63,13,47,264,0,0,11,0,11,141,63,24,47,275,0,23,23,298
01/15/2021,PIT,PA,AEA,CE,Combined TRACON& Tower with Radar,136,69,12,4,221,0,0,0,0,0,136,69,12,4,221,0,0,0,221
01/16/2021,PIT,PA,AEA,CE,Combined TRACON& Tower with Radar,105,27,6,0,138,0,0,0,0,0,105,27,6,0,138,0,0,0,138
01/17/2021,PIT,PA,AEA,CE,Combined TRACON& Tower with Radar,119,29,2,0,150,0,0,0,0,0,119,29,2,0,150,0,0,0,150
01/18/2021,PIT,PA,AEA,CE,Combined TRACON& Tower with Radar,117,51,4,0,172,0,0,0,0,0,117,51,4,0,172,0,0,0,172
01/19/2021,PIT,PA,AEA,CE,Combined TRACON& Tower with Radar,107,48,22,31,208,0,0,0,0,0,107,48,22,31,208,0,0,0,208
01/20/2021,PIT,PA,AEA,CE,Combined TRACON& Tower with Radar,108,63,15,39,225,0,0,4,0,4,108,63,19,39,229,0,0,0,229
01/21/2021,PIT,PA,AEA,CE,Combined TRACON& Tower with Radar,143,75,27,32,277,0,0,1,0,1,143,75,28,32,278,0,0,0,278
01/22/2021,PIT,PA,AEA,CE,Combined TRACON& Tower with Radar,131,59,15,23,228,0,0,0,0,0,131,59,15,23,228,0,0,0,228
01/23/2021,PIT,PA,AEA,CE,Combined TRACON& Tower with Radar,95,31,7,4,137,0,1,0,0,1,95,32,7,4,138,0,0,0,138
01/24/2021,PIT,PA,AEA,CE,Combined TRACON& Tower with Radar,128,30,26,2,186,0,2,0,0,2,128,32,26,2,188,0,0,0,188
01/25/2021,PIT,PA,AEA,CE,Combined TRACON& Tower with Radar,124,52,6,0,182,0,0,0,0,0,124,52,6,0,182,0,0,0,182
01/26/2021,PIT,PA,AEA,CE,Combined TRACON& Tower with Radar,112,38,13,6,169,0,0,0,0,0,112,38,13,6,169,0,0,0,169
01/27/2021,PIT,PA,AEA,CE,Combined TRACON& Tower with Radar,101,60,14,28,203,0,1,3,0,4,101,61,17,28,207,0,0,0,207
01/28/2021,PIT,PA,AEA,CE,Combined TRACON& Tower with Radar,135,65,18,22,240,0,0,0,0,0,135,65,18,22,240,0,0,0,240
01/29/2021,PIT,PA,AEA,CE,Combined TRACON& Tower with Radar,135,70,15,17,237,0,0,2,0,2,135,70,17,17,239,0,0,0,239
01/30/2021,PIT,PA,AEA,CE,Combined TRACON& Tower with Radar,99,31,10,0,140,0,0,6,0,6,99,31,16,0,146,0,0,0,146
01/31/2021,PIT,PA,AEA,CE,Combined TRACON& Tower with Radar,129,30,8,1,168,0,0,0,0,0,129,30,8,1,168,0,0,0,168
02/01/2021,PIT,PA,AEA,CE,Combined TRACON& Tower with Radar,113,34,5,0,152,0,0,0,0,0,113,34,5,0,152,0,0,0,152
02/02/2021,PIT,PA,AEA,CE,Combined TRACON& Tower with Radar,113,48,25,17,203,0,0,0,0,0,113,48,25,17,203,0,0,0,203
02/03/2021,PIT,PA,AEA,CE,Combined TRACON& Tower with Radar,105,53,32,25,215,0,0,4,0,4,105,53,36,25,219,0,0,0,219
02/04/2021,PIT,PA,AEA,CE,Combined TRACON& Tower with Radar,149,54,9,33,245,0,0,1,0,1,149,54,10,33,246,0,0,0,246
02/05/2021,PIT,PA,AEA,CE,Combined TRACON& Tower with Radar,138,60,9,11,218,0,0,0,0,0,138,60,9,11,218,0,0,0,218
02/06/2021,PIT,PA,AEA,CE,Combined TRACON& Tower with Radar,108,32,7,7,154,0,0,1,0,1,108,32,8,7,155,0,0,0,155
02/07/2021,PIT,PA,AEA,CE,Combined TRACON& Tower with Radar,121,29,8,2,160,0,0,2,0,2,121,29,10,2,162,0,0,0,162
02/08/2021,PIT,PA,AEA,CE,Combined TRACON& Tower with Radar,119,50,18,3,190,0,6,6,2,14,119,56,24,5,204,0,0,0,204
02/09/2021,PIT,PA,AEA,CE,Combined TRACON& Tower with Radar,111,53,6,0,170,0,0,0,0,0,111,53,6,0,170,0,0,0,170
02/10/2021,PIT,PA,AEA,CE,Combined TRACON& Tower with Radar,109,58,12,0,179,0,0,0,0,0,109,58,12,0,179,0,0,0,179
02/11/2021,PIT,PA,AEA,CE,Combined TRACON& Tower with Radar,142,61,34,0,237,0,1,4,0,5,142,62,38,0,242,0,0,0,242
02/12/2021,PIT,PA,AEA,CE,Combined TRACON& Tower with Radar,146,65,15,3,229,0,1,0,0,1,146,66,15,3,230,0,0,0,230
02/13/2021,PIT,PA,AEA,CE,Combined TRACON& Tower with Radar,118,26,4,4,152,0,0,0,0,0,118,26,4,4,152,0,0,0,152
02/14/2021,PIT,PA,AEA,CE,Combined TRACON& Tower with Radar,121,41,4,0,166,0,0,0,0,0,121,41,4,0,166,0,0,0,166
02/15/2021,PIT,PA,AEA,CE,Combined TRACON& Tower with Radar,117,40,12,0,169,0,0,0,0,0,117,40,12,0,169,0,0,0,169
02/16/2021,PIT,PA,AEA,CE,Combined TRACON& Tower with Radar,87,44,9,2,142,0,0,0,0,0,87,44,9,2,142,0,0,0,142
02/17/2021,PIT,PA,AEA,CE,Combined TRACON& Tower with Radar,101,61,26,12,200,0,2,5,0,7,101,63,31,12,207,0,0,0,207
02/18/2021,PIT,PA,AEA,CE,Combined TRACON& Tower with Radar,122,43,6,42,213,0,0,0,0,0,122,43,6,42,213,0,0,0,213
02/19/2021,PIT,PA,AEA,CE,Combined TRACON& Tower with Radar,147,61,15,1,224,0,0,0,0,0,147,61,15,1,224,0,0,0,224
02/20/2021,PIT,PA,AEA,CE,Combined TRACON& Tower with Radar,119,46,13,2,180,0,0,0,0,0,119,46,13,2,180,0,0,0,180
02/21/2021,PIT,PA,AEA,CE,Combined TRACON& Tower with Radar,135,48,16,2,201,0,0,3,0,3,135,48,19,2,204,0,0,0,204
02/22/2021,PIT,PA,AEA,CE,Combined TRACON& Tower with Radar,142,46,10,5,203,0,0,0,0,0,142,46,10,5,203,0,0,0,203
02/23/2021,PIT,PA,AEA,CE,Combined TRACON& Tower with Radar,109,48,17,8,182,0,0,0,0,0,109,48,17,8,182,0,0,0,182
02/24/2021,PIT,PA,AEA,CE,Combined TRACON& Tower with Radar,112,62,21,14,209,0,0,0,0,0,112,62,21,14,209,0,0,0,209
02/25/2021,PIT,PA,AEA,CE,Combined TRACON& Tower with Radar,147,67,14,50,278,0,0,4,1,5,147,67,18,51,283,0,0,0,283
02/26/2021,PIT,PA,AEA,CE,Combined TRACON& Tower with Radar,146,68,27,23,264,0,2,2,1,5,146,70,29,24,269,0,0,0,269
02/27/2021,PIT,PA,AEA,CE,Combined TRACON& Tower with Radar,114,42,6,3,165,0,0,0,0,0,114,42,6,3,165,0,0,0,165
02/28/2021,PIT,PA,AEA,CE,Combined TRACON& Tower with Radar,141,52,10,2,205,0,0,0,0,0,141,52,10,2,205,0,0,0,205
03/01/2021,PIT,PA,AEA,CE,Combined TRACON& Tower with Radar,137,55,13,16,221,0,0,0,0,0,137,55,13,16,221,0,0,0,221
03/02/2021,PIT,PA,AEA,CE,Combined TRACON& Tower with Radar,121,72,13,54,260,0,2,7,1,10,121,74,20,55,270,0,0,0,270
03/03/2021,PIT,PA,AEA,CE,Combined TRACON& Tower with Radar,117,59,16,34,226,0,0,8,0,8,117,59,24,34,234,0,0,0,234
03/04/2021,PIT,PA,AEA,CE,Combined TRACON& Tower with Radar,155,64,15,31,265,0,0,3,0,3,155,64,18,31,268,0,0,0,268
03/05/2021,PIT,PA,AEA,CE,Combined TRACON& Tower with Radar,155,59,14,13,241,0,0,5,7,12,155,59,19,20,253,0,0,0,253
03/06/2021,PIT,PA,AEA,CE,Combined TRACON& Tower with Radar,137,45,12,10,204,0,0,0,0,0,137,45,12,10,204,0,0,0,204
03/07/2021,PIT,PA,AEA,CE,Combined TRACON& Tower with Radar,155,45,7,0,207,0,0,0,0,0,155,45,7,0,207,0,0,0,207
03/08/2021,PIT,PA,AEA,CE,Combined TRACON& Tower with Radar,153,57,8,1,219,0,0,1,0,1,153,57,9,1,220,0,0,0,220
03/09/2021,PIT,PA,AEA,CE,Combined TRACON& Tower with Radar,126,67,25,25,243,0,1,5,0,6,126,68,30,25,249,0,0,0,249
03/10/2021,PIT,PA,AEA,CE,Combined TRACON& Tower with Radar,121,64,10,38,233,0,0,1,2,3,121,64,11,40,236,0,0,0,236
03/11/2021,PIT,PA,AEA,CE,Combined TRACON& Tower with Radar,176,73,8,27,284,0,0,2,0,2,176,73,10,27,286,0,0,0,286
03/12/2021,PIT,PA,AEA,CE,Combined TRACON& Tower with Radar,165,71,13,41,290,0,0,4,0,4,165,71,17,41,294,0,67,67,361
03/13/2021,PIT,PA,AEA,CE,Combined TRACON& Tower with Radar,138,41,13,2,194,0,0,1,0,1,138,41,14,2,195,0,0,0,195
03/14/2021,PIT,PA,AEA,CE,Combined TRACON& Tower with Radar,151,41,9,6,207,0,0,3,0,3,151,41,12,6,210,0,0,0,210
03/15/2021,PIT,PA,AEA,CE,Combined TRACON& Tower with Radar,147,53,8,31,239,0,0,1,0,1,147,53,9,31,240,0,16,16,256
03/16/2021,PIT,PA,AEA,CE,Combined TRACON& Tower with Radar,148,55,13,57,273,0,0,1,6,7,148,55,14,63,280,0,0,0,280
03/17/2021,PIT,PA,AEA,CE,Combined TRACON& Tower with Radar,137,56,12,50,255,0,2,1,0,3,137,58,13,50,258,0,0,0,258
03/18/2021,PIT,PA,AEA,CE,Combined TRACON& Tower with Radar,177,65,9,12,263,0,0,0,0,0,177,65,9,12,263,0,0,0,263
03/19/2021,PIT,PA,AEA,CE,Combined TRACON& Tower with Radar,189,68,26,18,301,0,0,4,2,6,189,68,30,20,307,0,0,0,307
03/20/2021,PIT,PA,AEA,CE,Combined TRACON& Tower with Radar,146,45,14,1,206,0,0,2,0,2,146,45,16,1,208,0,0,0,208
03/21/2021,PIT,PA,AEA,CE,Combined TRACON& Tower with Radar,164,45,15,1,225,0,0,2,0,2,164,45,17,1,227,0,0,0,227
03/22/2021,PIT,PA,AEA,CE,Combined TRACON& Tower with Radar,152,55,18,23,248,0,0,6,0,6,152,55,24,23,254,0,10,10,264
03/23/2021,PIT,PA,AEA,CE,Combined TRACON& Tower with Radar,144,61,20,75,300,0,0,2,0,2,144,61,22,75,302,0,7,7,309
03/24/2021,PIT,PA,AEA,CE,Combined TRACON& Tower with Radar,146,60,24,29,259,0,0,7,0,7,146,60,31,29,266,0,30,30,296
03/25/2021,PIT,PA,AEA,CE,Combined TRACON& Tower with Radar,185,61,27,38,311,0,0,4,0,4,185,61,31,38,315,0,0,0,315
03/26/2021,PIT,PA,AEA,CE,Combined TRACON& Tower with Radar,173,64,9,0,246,0,0,0,0,0,173,64,9,0,246,0,0,0,246
03/27/2021,PIT,PA,AEA,CE,Combined TRACON& Tower with Radar,145,55,10,2,212,0,0,3,0,3,145,55,13,2,215,0,0,0,215
03/28/2021,PIT,PA,AEA,CE,Combined TRACON& Tower with Radar,158,53,12,0,223,0,0,0,0,0,158,53,12,0,223,0,0,0,223
03/29/2021,PIT,PA,AEA,CE,Combined TRACON& Tower with Radar,153,58,11,28,250,0,2,2,1,5,153,60,13,29,255,0,0,0,255
03/30/2021,PIT,PA,AEA,CE,Combined TRACON& Tower with Radar,145,52,24,48,269,0,0,8,4,12,145,52,32,52,281,0,0,0,281
03/31/2021,PIT,PA,AEA,CE,Combined TRACON& Tower with Radar,139,68,12,9,228,0,0,0,0,0,139,68,12,9,228,0,0,0,228
04/01/2021,PIT,PA,AEA,CE,Combined TRACON& Tower with Radar,181,65,20,35,301,0,0,2,0,2,181,65,22,35,303,0,0,0,303
04/02/2021,PIT,PA,AEA,CE,Combined TRACON& Tower with Radar,174,57,13,3,247,0,0,10,0,10,174,57,23,3,257,0,0,0,257
04/03/2021,PIT,PA,AEA,CE,Combined TRACON& Tower with Radar,156,33,8,2,199,0,0,2,0,2,156,33,10,2,201,0,0,0,201
04/04/2021,PIT,PA,AEA,CE,Combined TRACON& Tower with Radar,168,32,5,4,209,0,0,0,0,0,168,32,5,4,209,0,0,0,209
04/05/2021,PIT,PA,AEA,CE,Combined TRACON& Tower with Radar,176,68,18,1,263,0,0,0,0,0,176,68,18,1,263,0,0,0,263
04/06/2021,PIT,PA,AEA,CE,Combined TRACON& Tower with Radar,155,59,17,45,276,0,0,2,0,2,155,59,19,45,278,0,0,0,278
04/07/2021,PIT,PA,AEA,CE,Combined TRACON& Tower with Radar,154,60,24,24,262,0,0,7,3,10,154,60,31,27,272,0,0,0,272
04/08/2021,PIT,PA,AEA,CE,Combined TRACON& Tower with Radar,186,63,24,36,309,0,0,6,0,6,186,63,30,36,315,0,0,0,315
04/09/2021,PIT,PA,AEA,CE,Combined TRACON& Tower with Radar,178,55,30,8,271,0,2,2,0,4,178,57,32,8,275,0,0,0,275
04/10/2021,PIT,PA,AEA,CE,Combined TRACON& Tower with Radar,159,34,13,8,214,0,0,2,0,2,159,34,15,8,216,0,0,0,216
04/11/2021,PIT,PA,AEA,CE,Combined TRACON& Tower with Radar,168,38,13,0,219,0,0,0,0,0,168,38,13,0,219,0,0,0,219
04/12/2021,PIT,PA,AEA,CE,Combined TRACON& Tower with Radar,162,55,14,20,251,0,0,1,0,1,162,55,15,20,252,0,0,0,252
04/13/2021,PIT,PA,AEA,CE,Combined TRACON& Tower with Radar,136,77,16,30,259,0,0,10,2,12,136,77,26,32,271,0,4,4,275
04/14/2021,PIT,PA,AEA,CE,Combined TRACON& Tower with Radar,143,69,15,21,248,0,0,4,0,4,143,69,19,21,252,0,0,0,252
04/15/2021,PIT,PA,AEA,CE,Combined TRACON& Tower with Radar,190,59,8,31,288,0,0,5,0,5,190,59,13,31,293,0,0,0,293
04/16/2021,PIT,PA,AEA,CE,Combined TRACON& Tower with Radar,179,57,9,22,267,0,0,0,0,0,179,57,9,22,267,0,0,0,267
04/17/2021,PIT,PA,AEA,CE,Combined TRACON& Tower with Radar,152,38,6,4,200,0,0,1,0,1,152,38,7,4,201,0,0,0,201
04/18/2021,PIT,PA,AEA,CE,Combined TRACON& Tower with Radar,176,40,5,4,225,0,0,6,0,6,176,40,11,4,231,0,0,0,231
04/19/2021,PIT,PA,AEA,CE,Combined TRACON& Tower with Radar,161,58,9,8,236,0,0,0,0,0,161,58,9,8,236,0,0,0,236
04/20/2021,PIT,PA,AEA,CE,Combined TRACON& Tower with Radar,143,68,9,30,250,0,0,2,0,2,143,68,11,30,252,0,0,0,252
04/21/2021,PIT,PA,AEA,CE,Combined TRACON& Tower with Radar,144,66,15,4,229,0,0,0,0,0,144,66,15,4,229,0,0,0,229
04/22/2021,PIT,PA,AEA,CE,Combined TRACON& Tower with Radar,186,66,18,34,304,0,0,0,0,0,186,66,18,34,304,0,0,0,304
04/23/2021,PIT,PA,AEA,CE,Combined TRACON& Tower with Radar,179,62,21,11,273,0,2,4,0,6,179,64,25,11,279,0,0,0,279
04/24/2021,PIT,PA,AEA,CE,Combined TRACON& Tower with Radar,148,32,8,5,193,0,0,1,0,1,148,32,9,5,194,0,0,0,194
04/25/2021,PIT,PA,AEA,CE,Combined TRACON& Tower with Radar,167,56,23,4,250,0,0,1,0,1,167,56,24,4,251,0,0,0,251
04/26/2021,PIT,PA,AEA,CE,Combined TRACON& Tower with Radar,169,60,19,11,259,0,0,9,0,9,169,60,28,11,268,0,0,0,268
04/27/2021,PIT,PA,AEA,CE,Combined TRACON& Tower with Radar,147,59,15,55,276,0,0,4,0,4,147,59,19,55,280,0,0,0,280
04/28/2021,PIT,PA,AEA,CE,Combined TRACON& Tower with Radar,148,63,22,22,255,0,0,1,0,1,148,63,23,22,256,0,0,0,256
04/29/2021,PIT,PA,AEA,CE,Combined TRACON& Tower with Radar,194,63,22,8,287,0,0,0,0,0,194,63,22,8,287,0,0,0,287
04/30/2021,PIT,PA,AEA,CE,Combined TRACON& Tower with Radar,182,66,13,11,272,0,0,0,0,0,182,66,13,11,272,0,0,0,272
05/01/2021,PIT,PA,AEA,CE,Combined TRACON& Tower with Radar,153,33,11,7,204,0,0,4,0,4,153,33,15,7,208,0,0,0,208
05/02/2021,PIT,PA,AEA,CE,Combined TRACON& Tower with Radar,169,59,14,3,245,0,0,5,0,5,169,59,19,3,250,0,0,0,250
05/03/2021,PIT,PA,AEA,CE,Combined TRACON& Tower with Radar,173,57,10,0,240,0,0,0,0,0,173,57,10,0,240,0,0,0,240
05/04/2021,PIT,PA,AEA,CE,Combined TRACON& Tower with Radar,148,72,12,27,259,0,2,0,0,2,148,74,12,27,261,0,0,0,261
05/05/2021,PIT,PA,AEA,CE,Combined TRACON& Tower with Radar,153,66,35,18,272,0,4,0,0,4,153,70,35,18,276,0,0,0,276
05/06/2021,PIT,PA,AEA,CE,Combined TRACON& Tower with Radar,192,69,39,34,334,0,4,14,2,20,192,73,53,36,354,0,0,0,354
05/07/2021,PIT,PA,AEA,CE,Combined TRACON& Tower with Radar,195,65,13,9,282,0,0,0,0,0,195,65,13,9,282,0,0,0,282
05/08/2021,PIT,PA,AEA,CE,Combined TRACON& Tower with Radar,165,33,9,3,210,0,0,1,0,1,165,33,10,3,211,0,0,0,211
05/09/2021,PIT,PA,AEA,CE,Combined TRACON& Tower with Radar,191,32,9,0,232,0,0,0,0,0,191,32,9,0,232,0,0,0,232
05/10/2021,PIT,PA,AEA,CE,Combined TRACON& Tower with Radar,184,55,19,14,272,0,0,2,0,2,184,55,21,14,274,0,0,0,274
05/11/2021,PIT,PA,AEA,CE,Combined TRACON& Tower with Radar,164,71,16,26,277,0,2,0,0,2,164,73,16,26,279,0,0,0,279
05/12/2021,PIT,PA,AEA,CE,Combined TRACON& Tower with Radar,179,65,22,26,292,0,4,3,0,7,179,69,25,26,299,0,0,0,299
05/13/2021,PIT,PA,AEA,CE,Combined TRACON& Tower with Radar,209,71,32,24,336,0,0,7,0,7,209,71,39,24,343,0,0,0,343
05/14/2021,PIT,PA,AEA,CE,Combined TRACON& Tower with Radar,203,66,30,9,308,0,0,12,0,12,203,66,42,9,320,0,0,0,320
05/15/2021,PIT,PA,AEA,CE,Combined TRACON& Tower with Radar,170,35,11,5,221,0,0,3,0,3,170,35,14,5,224,0,0,0,224
05/16/2021,PIT,PA,AEA,CE,Combined TRACON& Tower with Radar,194,46,22,6,268,0,1,1,0,2,194,47,23,6,270,0,0,0,270
05/17/2021,PIT,PA,AEA,CE,Combined TRACON& Tower with Radar,188,67,17,2,274,0,0,1,0,1,188,67,18,2,275,0,0,0,275
05/18/2021,PIT,PA,AEA,CE,Combined TRACON& Tower with Radar,167,57,9,25,258,0,3,3,3,9,167,60,12,28,267,0,0,0,267
05/19/2021,PIT,PA,AEA,CE,Combined TRACON& Tower with Radar,177,76,35,31,319,0,0,2,0,2,177,76,37,31,321,0,0,0,321
05/20/2021,PIT,PA,AEA,CE,Combined TRACON& Tower with Radar,211,80,40,26,357,0,0,6,0,6,211,80,46,26,363,0,0,0,363
05/21/2021,PIT,PA,AEA,CE,Combined TRACON& Tower with Radar,207,64,13,10,294,0,1,1,0,2,207,65,14,10,296,0,0,0,296
05/22/2021,PIT,PA,AEA,CE,Combined TRACON& Tower with Radar,171,35,3,1,210,0,0,2,0,2,171,35,5,1,212,0,0,0,212
05/23/2021,PIT,PA,AEA,CE,Combined TRACON& Tower with Radar,198,38,6,6,248,0,2,2,0,4,198,40,8,6,252,0,0,0,252
05/24/2021,PIT,PA,AEA,CE,Combined TRACON& Tower with Radar,194,56,16,12,278,0,0,4,0,4,194,56,20,12,282,0,0,0,282
05/25/2021,PIT,PA,AEA,CE,Combined TRACON& Tower with Radar,169,68,24,8,269,0,3,5,0,8,169,71,29,8,277,0,0,0,277
05/26/2021,PIT,PA,AEA,CE,Combined TRACON& Tower with Radar,181,54,15,15,265,0,0,0,0,0,181,54,15,15,265,0,0,0,265
05/27/2021,PIT,PA,AEA,CE,Combined TRACON& Tower with Radar,217,74,26,30,347,0,2,5,0,7,217,76,31,30,354,0,0,0,354
05/28/2021,PIT,PA,AEA,CE,Combined TRACON& Tower with Radar,214,72,7,6,299,0,0,2,0,2,214,72,9,6,301,0,0,0,301
05/29/2021,PIT,PA,AEA,CE,Combined TRACON& Tower with Radar,187,33,1,2,223,0,0,0,0,0,187,33,1,2,223,0,0,0,223
05/30/2021,PIT,PA,AEA,CE,Combined TRACON& Tower with Radar,172,32,7,2,213,0,2,0,0,2,172,34,7,2,215,0,0,0,215
05/31/2021,PIT,PA,AEA,CE,Combined TRACON& Tower with Radar,199,50,6,1,256,0,1,0,3,4,199,51,6,4,260,0,0,0,260
06/01/2021,PIT,PA,AEA,CE,Combined TRACON& Tower with Radar,166,62,13,27,268,0,0,3,0,3,166,62,16,27,271,0,0,0,271
06/02/2021,PIT,PA,AEA,CE,Combined TRACON& Tower with Radar,192,49,21,14,276,0,1,4,0,5,192,50,25,14,281,0,0,0,281
06/03/2021,PIT,PA,AEA,CE,Combined TRACON& Tower with Radar,218,55,14,4,291,0,0,0,0,0,218,55,14,4,291,0,0,0,291
06/04/2021,PIT,PA,AEA,CE,Combined TRACON& Tower with Radar,242,60,16,12,330,0,2,3,0,5,242,62,19,12,335,0,0,0,335
06/05/2021,PIT,PA,AEA,CE,Combined TRACON& Tower with Radar,216,42,13,5,276,0,0,1,0,1,216,42,14,5,277,0,0,0,277
06/06/2021,PIT,PA,AEA,CE,Combined TRACON& Tower with Radar,230,55,13,4,302,0,0,6,0,6,230,55,19,4,308,0,0,0,308
06/07/2021,PIT,PA,AEA,CE,Combined TRACON& Tower with Radar,242,57,31,7,337,0,0,3,0,3,242,57,34,7,340,0,0,0,340
06/08/2021,PIT,PA,AEA,CE,Combined TRACON& Tower with Radar,222,64,24,30,340,0,2,3,0,5,222,66,27,30,345,0,0,0,345
06/09/2021,PIT,PA,AEA,CE,Combined TRACON& Tower with Radar,230,66,29,20,345,0,1,1,0,2,230,67,30,20,347,0,8,8,355
06/10/2021,PIT,PA,AEA,CE,Combined TRACON& Tower with Radar,247,62,27,20,356,0,0,0,0,0,247,62,27,20,356,0,0,0,356
06/11/2021,PIT,PA,AEA,CE,Combined TRACON& Tower with Radar,247,67,13,7,334,0,0,0,0,0,247,67,13,7,334,0,0,0,334
06/12/2021,PIT,PA,AEA,CE,Combined TRACON& Tower with Radar,216,35,9,5,265,0,0,0,0,0,216,35,9,5,265,0,0,0,265
06/13/2021,PIT,PA,AEA,CE,Combined TRACON& Tower with Radar,229,41,15,3,288,0,0,0,0,0,229,41,15,3,288,0,0,0,288
06/14/2021,PIT,PA,AEA,CE,Combined TRACON& Tower with Radar,236,57,11,4,308,0,0,3,3,6,236,57,14,7,314,0,0,0,314
06/15/2021,PIT,PA,AEA,CE,Combined TRACON& Tower with Radar,229,66,20,32,347,0,2,6,5,13,229,68,26,37,360,0,0,0,360
06/16/2021,PIT,PA,AEA,CE,Combined TRACON& Tower with Radar,234,66,35,18,353,0,2,1,7,10,234,68,36,25,363,0,0,0,363
06/17/2021,PIT,PA,AEA,CE,Combined TRACON& Tower with Radar,245,64,35,14,358,0,0,5,8,13,245,64,40,22,371,0,0,0,371
06/18/2021,PIT,PA,AEA,CE,Combined TRACON& Tower with Radar,247,52,24,8,331,0,0,2,1,3,247,52,26,9,334,0,0,0,334
06/19/2021,PIT,PA,AEA,CE,Combined TRACON& Tower with Radar,218,42,4,4,268,0,0,1,0,1,218,42,5,4,269,0,0,0,269
06/20/2021,PIT,PA,AEA,CE,Combined TRACON& Tower with Radar,223,31,9,10,273,0,0,2,0,2,223,31,11,10,275,0,0,0,275
06/21/2021,PIT,PA,AEA,CE,Combined TRACON& Tower with Radar,239,60,16,5,320,0,0,0,1,1,239,60,16,6,321,0,0,0,321
06/22/2021,PIT,PA,AEA,CE,Combined TRACON& Tower with Radar,227,67,27,18,339,0,0,4,0,4,227,67,31,18,343,8,0,8,351
06/23/2021,PIT,PA,AEA,CE,Combined TRACON& Tower with Radar,230,76,27,17,350,0,2,5,0,7,230,78,32,17,357,0,0,0,357
06/24/2021,PIT,PA,AEA,CE,Combined TRACON& Tower with Radar,241,55,40,29,365,0,0,11,0,11,241,55,51,29,376,0,0,0,376
06/25/2021,PIT,PA,AEA,CE,Combined TRACON& Tower with Radar,245,51,16,5,317,0,0,0,0,0,245,51,16,5,317,0,0,0,317
06/26/2021,PIT,PA,AEA,CE,Combined TRACON& Tower with Radar,215,51,7,1,274,0,3,1,0,4,215,54,8,1,278,0,0,0,278
06/27/2021,PIT,PA,AEA,CE,Combined TRACON& Tower with Radar,226,45,12,2,285,0,3,0,0,3,226,48,12,2,288,0,0,0,288
06/28/2021,PIT,PA,AEA,CE,Combined TRACON& Tower with Radar,233,45,16,5,299,0,2,3,0,5,233,47,19,5,304,0,0,0,304
06/29/2021,PIT,PA,AEA,CE,Combined TRACON& Tower with Radar,227,56,12,14,309,0,1,4,0,5,227,57,16,14,314,0,0,0,314
06/30/2021,PIT,PA,AEA,CE,Combined TRACON& Tower with Radar,231,54,43,7,335,0,0,0,0,0,231,54,43,7,335,0,0,0,335
07/01/2021,PIT,PA,AEA,CE,Combined TRACON& Tower with Radar,256,61,18,20,355,0,0,0,0,0,256,61,18,20,355,0,0,0,355
07/02/2021,PIT,PA,AEA,CE,Combined TRACON& Tower with Radar,250,57,12,2,321,0,0,0,0,0,250,57,12,2,321,0,0,0,321
07/03/2021,PIT,PA,AEA,CE,Combined TRACON& Tower with Radar,227,43,11,4,285,0,0,3,0,3,227,43,14,4,288,0,0,0,288
07/04/2021,PIT,PA,AEA,CE,Combined TRACON& Tower with Radar,210,27,3,0,240,0,0,0,0,0,210,27,3,0,240,0,0,0,240
07/05/2021,PIT,PA,AEA,CE,Combined TRACON& Tower with Radar,221,43,9,0,273,0,0,2,0,2,221,43,11,0,275,0,0,0,275
07/06/2021,PIT,PA,AEA,CE,Combined TRACON& Tower with Radar,221,42,8,11,282,0,0,2,0,2,221,42,10,11,284,0,0,0,284
07/07/2021,PIT,PA,AEA,CE,Combined TRACON& Tower with Radar,232,47,27,8,314,0,0,1,0,1,232,47,28,8,315,0,0,0,315
07/08/2021,PIT,PA,AEA,CE,Combined TRACON& Tower with Radar,263,52,30,14,359,0,0,0,0,0,263,52,30,14,359,0,0,0,359
07/09/2021,PIT,PA,AEA,CE,Combined TRACON& Tower with Radar,260,59,13,13,345,0,0,0,0,0,260,59,13,13,345,0,0,0,345
07/10/2021,PIT,PA,AEA,CE,Combined TRACON& Tower with Radar,228,59,8,8,303,0,4,2,0,6,228,63,10,8,309,0,0,0,309
07/11/2021,PIT,PA,AEA,CE,Combined TRACON& Tower with Radar,245,44,10,8,307,0,0,1,0,1,245,44,11,8,308,0,0,0,308
07/12/2021,PIT,PA,AEA,CE,Combined TRACON& Tower with Radar,238,47,18,5,308,0,2,2,0,4,238,49,20,5,312,0,0,0,312
07/13/2021,PIT,PA,AEA,CE,Combined TRACON& Tower with Radar,232,53,13,19,317,0,0,0,0,0,232,53,13,19,317,0,0,0,317
07/14/2021,PIT,PA,AEA,CE,Combined TRACON& Tower with Radar,226,51,17,12,306,0,0,2,0,2,226,51,19,12,308,0,0,0,308
07/15/2021,PIT,PA,AEA,CE,Combined TRACON& Tower with Radar,257,62,27,22,368,0,6,6,0,12,257,68,33,22,380,0,0,0,380
07/16/2021,PIT,PA,AEA,CE,Combined TRACON& Tower with Radar,248,50,20,10,328,0,0,0,0,0,248,50,20,10,328,0,6,6,334
07/17/2021,PIT,PA,AEA,CE,Combined TRACON& Tower with Radar,232,40,7,0,279,0,0,0,0,0,232,40,7,0,279,0,0,0,279
07/18/2021,PIT,PA,AEA,CE,Combined TRACON& Tower with Radar,243,45,10,2,300,0,0,1,0,1,243,45,11,2,301,0,0,0,301
07/19/2021,PIT,PA,AEA,CE,Combined TRACON& Tower with Radar,240,71,26,11,348,0,1,1,1,3,240,72,27,12,351,0,0,0,351
07/20/2021,PIT,PA,AEA,CE,Combined TRACON& Tower with Radar,233,61,21,28,343,0,1,7,0,8,233,62,28,28,351,0,0,0,351
07/21/2021,PIT,PA,AEA,CE,Combined TRACON& Tower with Radar,226,55,26,18,325,0,0,2,0,2,226,55,28,18,327,0,0,0,327
07/22/2021,PIT,PA,AEA,CE,Combined TRACON& Tower with Radar,250,56,34,13,353,0,0,2,0,2,250,56,36,13,355,0,0,0,355
07/23/2021,PIT,PA,AEA,CE,Combined TRACON& Tower with Radar,247,56,18,9,330,0,0,1,0,1,247,56,19,9,331,0,0,0,331
07/24/2021,PIT,PA,AEA,CE,Combined TRACON& Tower with Radar,224,46,9,1,280,0,0,3,0,3,224,46,12,1,283,0,0,0,283
07/25/2021,PIT,PA,AEA,CE,Combined TRACON& Tower with Radar,245,35,17,0,297,0,0,0,0,0,245,35,17,0,297,0,0,0,297
07/26/2021,PIT,PA,AEA,CE,Combined TRACON& Tower with Radar,232,47,22,1,302,0,0,8,0,8,232,47,30,1,310,0,0,0,310
07/27/2021,PIT,PA,AEA,CE,Combined TRACON& Tower with Radar,226,55,50,17,348,0,0,13,0,13,226,55,63,17,361,0,0,0,361
07/28/2021,PIT,PA,AEA,CE,Combined TRACON& Tower with Radar,227,52,17,11,307,0,0,7,0,7,227,52,24,11,314,0,0,0,314
07/29/2021,PIT,PA,AEA,CE,Combined TRACON& Tower with Radar,247,58,19,23,347,0,0,1,0,1,247,58,20,23,348,0,0,0,348
07/30/2021,PIT,PA,AEA,CE,Combined TRACON& Tower with Radar,253,60,21,12,346,0,0,4,0,4,253,60,25,12,350,0,0,0,350
07/31/2021,PIT,PA,AEA,CE,Combined TRACON& Tower with Radar,221,51,14,0,286,0,0,1,0,1,221,51,15,0,287,0,0,0,287
08/01/2021,PIT,PA,AEA,CE,Combined TRACON& Tower with Radar,252,46,25,1,324,0,2,3,0,5,252,48,28,1,329,0,0,0,329
08/02/2021,PIT,PA,AEA,CE,Combined TRACON& Tower with Radar,229,43,24,23,319,0,0,6,1,7,229,43,30,24,326,0,0,0,326
08/03/2021,PIT,PA,AEA,CE,Combined TRACON& Tower with Radar,205,54,14,23,296,0,1,4,3,8,205,55,18,26,304,0,0,0,304
08/04/2021,PIT,PA,AEA,CE,Combined TRACON& Tower with Radar,207,58,19,13,297,0,0,1,0,1,207,58,20,13,298,0,0,0,298
08/05/2021,PIT,PA,AEA,CE,Combined TRACON& Tower with Radar,238,67,32,11,348,0,0,3,0,3,238,67,35,11,351,0,0,0,351
08/06/2021,PIT,PA,AEA,CE,Combined TRACON& Tower with Radar,249,54,11,16,330,0,0,2,0,2,249,54,13,16,332,0,0,0,332
08/07/2021,PIT,PA,AEA,CE,Combined TRACON& Tower with Radar,232,42,7,4,285,0,0,2,0,2,232,42,9,4,287,0,0,0,287
08/08/2021,PIT,PA,AEA,CE,Combined TRACON& Tower with Radar,243,38,7,16,304,0,1,0,2,3,243,39,7,18,307,0,0,0,307
08/09/2021,PIT,PA,AEA,CE,Combined TRACON& Tower with Radar,235,67,8,3,313,0,0,3,0,3,235,67,11,3,316,0,0,0,316
08/10/2021,PIT,PA,AEA,CE,Combined TRACON& Tower with Radar,221,70,9,11,311,0,0,0,0,0,221,70,9,11,311,0,0,0,311
08/11/2021,PIT,PA,AEA,CE,Combined TRACON& Tower with Radar,226,61,15,18,320,0,0,2,0,2,226,61,17,18,322,6,0,6,328
08/12/2021,PIT,PA,AEA,CE,Combined TRACON& Tower with Radar,230,47,30,20,327,0,0,5,0,5,230,47,35,20,332,0,0,0,332
08/13/2021,PIT,PA,AEA,CE,Combined TRACON& Tower with Radar,286,70,11,4,371,0,0,11,0,11,286,70,22,4,382,0,0,0,382
08/14/2021,PIT,PA,AEA,CE,Combined TRACON& Tower with Radar,244,47,9,1,301,0,0,2,0,2,244,47,11,1,303,0,0,0,303
08/15/2021,PIT,PA,AEA,CE,Combined TRACON& Tower with Radar,246,40,16,4,306,0,0,11,0,11,246,40,27,4,317,0,0,0,317
08/16/2021,PIT,PA,AEA,CE,Combined TRACON& Tower with Radar,243,55,24,7,329,0,0,0,0,0,243,55,24,7,329,0,0,0,329
08/17/2021,PIT,PA,AEA,CE,Combined TRACON& Tower with Radar,214,60,12,12,298,0,0,8,0,8,214,60,20,12,306,0,0,0,306
08/18/2021,PIT,PA,AEA,CE,Combined TRACON& Tower with Radar,211,52,27,8,298,0,0,0,0,0,211,52,27,8,298,0,2,2,300
08/19/2021,PIT,PA,AEA,CE,Combined TRACON& Tower with Radar,259,61,13,14,347,0,0,1,0,1,259,61,14,14,348,0,0,0,348
08/20/2021,PIT,PA,AEA,CE,Combined TRACON& Tower with Radar,263,65,19,8,355,0,0,0,0,0,263,65,19,8,355,0,0,0,355
08/21/2021,PIT,PA,AEA,CE,Combined TRACON& Tower with Radar,230,46,13,3,292,0,0,0,0,0,230,46,13,3,292,0,0,0,292
08/22/2021,PIT,PA,AEA,CE,Combined TRACON& Tower with Radar,249,43,18,1,311,0,6,1,0,7,249,49,19,1,318,0,0,0,318
08/23/2021,PIT,PA,AEA,CE,Combined TRACON& Tower with Radar,244,59,21,1,325,0,0,2,0,2,244,59,23,1,327,0,0,0,327
08/24/2021,PIT,PA,AEA,CE,Combined TRACON& Tower with Radar,223,59,13,22,317,4,0,7,0,11,227,59,20,22,328,0,0,0,328
08/25/2021,PIT,PA,AEA,CE,Combined TRACON& Tower with Radar,210,72,28,19,329,0,0,8,0,8,210,72,36,19,337,0,0,0,337
08/26/2021,PIT,PA,AEA,CE,Combined TRACON& Tower with Radar,265,59,30,36,390,0,0,2,0,2,265,59,32,36,392,0,0,0,392
08/27/2021,PIT,PA,AEA,CE,Combined TRACON& Tower with Radar,263,68,29,11,371,0,0,1,0,1,263,68,30,11,372,0,0,0,372
08/28/2021,PIT,PA,AEA,CE,Combined TRACON& Tower with Radar,232,34,6,0,272,0,0,0,0,0,232,34,6,0,272,0,0,0,272
08/29/2021,PIT,PA,AEA,CE,Combined TRACON& Tower with Radar,248,44,15,1,308,0,2,0,0,2,248,46,15,1,310,0,0,0,310
08/30/2021,PIT,PA,AEA,CE,Combined TRACON& Tower with Radar,243,68,18,16,345,0,0,0,0,0,243,68,18,16,345,0,0,0,345
08/31/2021,PIT,PA,AEA,CE,Combined TRACON& Tower with Radar,213,47,20,19,299,0,0,0,1,1,213,47,20,20,300,0,0,0,300
09/01/2021,PIT,PA,AEA,CE,Combined TRACON& Tower with Radar,223,50,15,5,293,0,0,0,0,0,223,50,15,5,293,0,0,0,293
09/02/2021,PIT,PA,AEA,CE,Combined TRACON& Tower with Radar,268,63,32,21,384,0,10,2,0,12,268,73,34,21,396,0,0,0,396
09/03/2021,PIT,PA,AEA,CE,Combined TRACON& Tower with Radar,259,67,18,4,348,0,2,4,0,6,259,69,22,4,354,0,0,0,354
09/04/2021,PIT,PA,AEA,CE,Combined TRACON& Tower with Radar,225,36,15,1,277,0,0,4,0,4,225,36,19,1,281,0,0,0,281
09/05/2021,PIT,PA,AEA,CE,Combined TRACON& Tower with Radar,218,31,7,2,258,0,0,0,0,0,218,31,7,2,258,0,0,0,258
09/06/2021,PIT,PA,AEA,CE,Combined TRACON& Tower with Radar,228,45,14,1,288,0,2,1,0,3,228,47,15,1,291,0,0,0,291
09/07/2021,PIT,PA,AEA,CE,Combined TRACON& Tower with Radar,192,49,23,28,292,0,0,0,0,0,192,49,23,28,292,0,0,0,292
09/08/2021,PIT,PA,AEA,CE,Combined TRACON& Tower with Radar,205,70,25,32,332,0,0,0,1,1,205,70,25,33,333,0,0,0,333
09/09/2021,PIT,PA,AEA,CE,Combined TRACON& Tower with Radar,268,58,21,20,367,0,0,2,0,2,268,58,23,20,369,0,0,0,369
09/10/2021,PIT,PA,AEA,CE,Combined TRACON& Tower with Radar,256,69,10,26,361,0,0,4,5,9,256,69,14,31,370,0,0,0,370
09/11/2021,PIT,PA,AEA,CE,Combined TRACON& Tower with Radar,206,39,10,3,258,0,0,4,2,6,206,39,14,5,264,0,0,0,264
09/12/2021,PIT,PA,AEA,CE,Combined TRACON& Tower with Radar,255,50,7,3,315,0,1,2,0,3,255,51,9,3,318,0,0,0,318
09/13/2021,PIT,PA,AEA,CE,Combined TRACON& Tower with Radar,241,53,19,13,326,0,5,2,4,11,241,58,21,17,337,0,0,0,337
09/14/2021,PIT,PA,AEA,CE,Combined TRACON& Tower with Radar,217,69,22,18,326,0,0,5,0,5,217,69,27,18,331,0,0,0,331
09/15/2021,PIT,PA,AEA,CE,Combined TRACON& Tower with Radar,213,65,27,13,318,0,0,0,5,5,213,65,27,18,323,0,0,0,323
09/16/2021,PIT,PA,AEA,CE,Combined TRACON& Tower with Radar,281,67,19,19,386,0,2,6,0,8,281,69,25,19,394,0,0,0,394
09/17/2021,PIT,PA,AEA,CE,Combined TRACON& Tower with Radar,263,66,7,22,358,0,0,0,0,0,263,66,7,22,358,0,0,0,358
09/18/2021,PIT,PA,AEA,CE,Combined TRACON& Tower with Radar,212,53,17,8,290,0,0,3,0,3,212,53,20,8,293,0,0,0,293
09/19/2021,PIT,PA,AEA,CE,Combined TRACON& Tower with Radar,259,55,34,12,360,0,1,5,1,7,259,56,39,13,367,0,0,0,367
09/20/2021,PIT,PA,AEA,CE,Combined TRACON& Tower with Radar,248,48,15,6,317,0,0,0,0,0,248,48,15,6,317,0,0,0,317
09/21/2021,PIT,PA,AEA,CE,Combined TRACON& Tower with Radar,218,75,22,28,343,0,0,0,0,0,218,75,22,28,343,0,0,0,343
09/22/2021,PIT,PA,AEA,CE,Combined TRACON& Tower with Radar,210,62,13,2,287,0,0,0,0,0,210,62,13,2,287,0,0,0,287
09/23/2021,PIT,PA,AEA,CE,Combined TRACON& Tower with Radar,271,77,15,3,366,0,0,1,0,1,271,77,16,3,367,0,0,0,367
09/24/2021,PIT,PA,AEA,CE,Combined TRACON& Tower with Radar,265,80,17,0,362,0,1,0,0,1,265,81,17,0,363,0,0,0,363
09/25/2021,PIT,PA,AEA,CE,Combined TRACON& Tower with Radar,208,64,16,3,291,0,2,2,0,4,208,66,18,3,295,0,0,0,295
09/26/2021,PIT,PA,AEA,CE,Combined TRACON& Tower with Radar,252,78,24,2,356,0,0,5,0,5,252,78,29,2,361,0,0,0,361
09/27/2021,PIT,PA,AEA,CE,Combined TRACON& Tower with Radar,253,56,12,0,321,0,0,1,0,1,253,56,13,0,322,0,0,0,322
09/28/2021,PIT,PA,AEA,CE,Combined TRACON& Tower with Radar,216,76,45,1,338,0,2,1,0,3,216,78,46,1,341,0,0,0,341
09/29/2021,PIT,PA,AEA,CE,Combined TRACON& Tower with Radar,210,71,37,2,320,0,1,4,0,5,210,72,41,2,325,0,0,0,325
09/30/2021,PIT,PA,AEA,CE,Combined TRACON& Tower with Radar,277,79,36,1,393,0,1,7,0,8,277,80,43,1,401,0,0,0,401
10/01/2021,PIT,PA,AEA,CE,Combined TRACON& Tower with Radar,271,77,18,17,383,0,0,4,3,7,271,77,22,20,390,0,0,0,390
10/02/2021,PIT,PA,AEA,CE,Combined TRACON& Tower with Radar,215,37,11,13,276,0,2,6,0,8,215,39,17,13,284,0,0,0,284
10/03/2021,PIT,PA,AEA,CE,Combined TRACON& Tower with Radar,253,35,23,2,313,0,0,0,0,0,253,35,23,2,313,0,0,0,313
10/04/2021,PIT,PA,AEA,CE,Combined TRACON& Tower with Radar,254,75,27,4,360,0,0,0,0,0,254,75,27,4,360,0,0,0,360
10/05/2021,PIT,PA,AEA,CE,Combined TRACON& Tower with Radar,226,63,22,48,359,0,0,1,0,1,226,63,23,48,360,0,0,0,360
10/06/2021,PIT,PA,AEA,CE,Combined TRACON& Tower with Radar,219,67,24,24,334,0,0,6,0,6,219,67,30,24,340,0,0,0,340
10/07/2021,PIT,PA,AEA,CE,Combined TRACON& Tower with Radar,286,83,43,54,466,0,0,3,0,3,286,83,46,54,469,0,0,0,469
10/08/2021,PIT,PA,AEA,CE,Combined TRACON& Tower with Radar,263,75,26,10,374,0,2,1,0,3,263,77,27,10,377,0,0,0,377
10/09/2021,PIT,PA,AEA,CE,Combined TRACON& Tower with Radar,205,64,14,5,288,0,2,1,0,3,205,66,15,5,291,0,0,0,291
10/10/2021,PIT,PA,AEA,CE,Combined TRACON& Tower with Radar,235,54,22,4,315,0,0,2,0,2,235,54,24,4,317,0,0,0,317
10/11/2021,PIT,PA,AEA,CE,Combined TRACON& Tower with Radar,245,64,20,3,332,0,4,1,0,5,245,68,21,3,337,0,0,0,337
10/12/2021,PIT,PA,AEA,CE,Combined TRACON& Tower with Radar,242,71,20,28,361,0,2,4,0,6,242,73,24,28,367,0,0,0,367
10/13/2021,PIT,PA,AEA,CE,Combined TRACON& Tower with Radar,245,68,19,32,364,0,0,3,0,3,245,68,22,32,367,0,0,0,367
10/14/2021,PIT,PA,AEA,CE,Combined TRACON& Tower with Radar,285,83,25,41,434,0,2,2,0,4,285,85,27,41,438,0,0,0,438
10/15/2021,PIT,PA,AEA,CE,Combined TRACON& Tower with Radar,274,67,15,35,391,0,0,0,0,0,274,67,15,35,391,0,10,10,401
10/16/2021,PIT,PA,AEA,CE,Combined TRACON& Tower with Radar,224,61,14,10,309,0,0,0,0,0,224,61,14,10,309,0,0,0,309
10/17/2021,PIT,PA,AEA,CE,Combined TRACON& Tower with Radar,252,62,23,2,339,0,2,0,0,2,252,64,23,2,341,0,0,0,341
10/18/2021,PIT,PA,AEA,CE,Combined TRACON& Tower with Radar,261,75,26,0,362,0,0,7,0,7,261,75,33,0,369,0,0,0,369
10/19/2021,PIT,PA,AEA,CE,Combined TRACON& Tower with Radar,233,77,20,60,390,0,1,1,0,2,233,78,21,60,392,0,0,0,392
10/20/2021,PIT,PA,AEA,CE,Combined TRACON& Tower with Radar,234,74,21,18,347,0,0,4,0,4,234,74,25,18,351,0,0,0,351
10/21/2021,PIT,PA,AEA,CE,Combined TRACON& Tower with Radar,287,79,19,28,413,0,0,1,0,1,287,79,20,28,414,0,0,0,414
10/22/2021,PIT,PA,AEA,CE,Combined TRACON& Tower with Radar,263,70,18,9,360,0,0,0,0,0,263,70,18,9,360,0,0,0,360
10/23/2021,PIT,PA,AEA,CE,Combined TRACON& Tower with Radar,210,55,9,3,277,0,0,0,0,0,210,55,9,3,277,0,0,0,277
10/24/2021,PIT,PA,AEA,CE,Combined TRACON& Tower with Radar,259,54,10,4,327,0,0,0,2,2,259,54,10,6,329,0,0,0,329
10/25/2021,PIT,PA,AEA,CE,Combined TRACON& Tower with Radar,264,76,22,2,364,0,3,1,0,4,264,79,23,2,368,0,0,0,368
10/26/2021,PIT,PA,AEA,CE,Combined TRACON& Tower with Radar,241,67,23,26,357,0,0,0,0,0,241,67,23,26,357,0,0,0,357
10/27/2021,PIT,PA,AEA,CE,Combined TRACON& Tower with Radar,235,85,21,31,372,0,2,0,0,2,235,87,21,31,374,0,0,0,374
10/28/2021,PIT,PA,AEA,CE,Combined TRACON& Tower with Radar,269,73,22,32,396,0,1,4,5,10,269,74,26,37,406,0,10,10,416
10/29/2021,PIT,PA,AEA,CE,Combined TRACON& Tower with Radar,273,73,26,16,388,0,0,1,0,1,273,73,27,16,389,0,0,0,389
10/30/2021,PIT,PA,AEA,CE,Combined TRACON& Tower with Radar,211,54,21,2,288,0,0,0,0,0,211,54,21,2,288,0,0,0,288
10/31/2021,PIT,PA,AEA,CE,Combined TRACON& Tower with Radar,212,68,14,1,295,0,0,0,0,0,212,68,14,1,295,0,0,0,295
11/01/2021,PIT,PA,AEA,CE,Combined TRACON& Tower with Radar,256,71,10,1,338,0,0,1,0,1,256,71,11,1,339,0,0,0,339
11/02/2021,PIT,PA,AEA,CE,Combined TRACON& Tower with Radar,253,62,9,26,350,0,0,0,0,0,253,62,9,26,350,0,0,0,350
11/03/2021,PIT,PA,AEA,CE,Combined TRACON& Tower with Radar,267,73,40,28,408,0,1,0,0,1,267,74,40,28,409,0,0,0,409
11/04/2021,PIT,PA,AEA,CE,Combined TRACON& Tower with Radar,321,69,28,68,486,0,0,3,0,3,321,69,31,68,489,0,0,0,489
11/05/2021,PIT,PA,AEA,CE,Combined TRACON& Tower with Radar,304,57,18,18,397,0,0,8,0,8,304,57,26,18,405,0,0,0,405
11/06/2021,PIT,PA,AEA,CE,Combined TRACON& Tower with Radar,232,34,10,8,284,0,0,0,3,3,232,34,10,11,287,0,0,0,287
11/07/2021,PIT,PA,AEA,CE,Combined TRACON& Tower with Radar,282,46,13,6,347,0,0,2,0,2,282,46,15,6,349,0,0,0,349
11/08/2021,PIT,PA,AEA,CE,Combined TRACON& Tower with Radar,296,62,30,2,390,0,1,10,0,11,296,63,40,2,401,0,0,0,401
11/09/2021,PIT,PA,AEA,CE,Combined TRACON& Tower with Radar,249,79,39,37,404,0,0,2,0,2,249,79,41,37,406,0,0,0,406
11/10/2021,PIT,PA,AEA,CE,Combined TRACON& Tower with Radar,261,74,38,40,413,0,0,0,0,0,261,74,38,40,413,0,0,0,413
11/11/2021,PIT,PA,AEA,CE,Combined TRACON& Tower with Radar,308,55,27,3,393,0,0,0,2,2,308,55,27,5,395,0,14,14,409
11/12/2021,PIT,PA,AEA,CE,Combined TRACON& Tower with Radar,293,70,22,6,391,0,2,0,2,4,293,72,22,8,395,0,0,0,395
11/13/2021,PIT,PA,AEA,CE,Combined TRACON& Tower with Radar,224,45,14,9,292,0,0,2,0,2,224,45,16,9,294,0,0,0,294
11/14/2021,PIT,PA,AEA,CE,Combined TRACON& Tower with Radar,281,52,20,2,355,0,0,0,0,0,281,52,20,2,355,0,0,0,355
11/15/2021,PIT,PA,AEA,CE,Combined TRACON& Tower with Radar,290,68,19,1,378,0,0,1,0,1,290,68,20,1,379,0,0,0,379
11/16/2021,PIT,PA,AEA,CE,Combined TRACON& Tower with Radar,257,61,27,34,379,0,0,4,0,4,257,61,31,34,383,0,0,0,383
11/17/2021,PIT,PA,AEA,CE,Combined TRACON& Tower with Radar,266,60,28,19,373,0,2,2,0,4,266,62,30,19,377,0,0,0,377
11/18/2021,PIT,PA,AEA,CE,Combined TRACON& Tower with Radar,303,64,22,18,407,0,0,1,0,1,303,64,23,18,408,0,0,0,408
11/19/2021,PIT,PA,AEA,CE,Combined TRACON& Tower with Radar,293,84,28,29,434,0,0,4,0,4,293,84,32,29,438,0,0,0,438
11/20/2021,PIT,PA,AEA,CE,Combined TRACON& Tower with Radar,233,48,12,3,296,0,0,5,0,5,233,48,17,3,301,0,0,0,301
11/21/2021,PIT,PA,AEA,CE,Combined TRACON& Tower with Radar,275,56,26,3,360,0,0,0,0,0,275,56,26,3,360,0,0,0,360
11/22/2021,PIT,PA,AEA,CE,Combined TRACON& Tower with Radar,270,63,9,1,343,0,0,6,0,6,270,63,15,1,349,0,0,0,349
11/23/2021,PIT,PA,AEA,CE,Combined TRACON& Tower with Radar,305,80,18,55,458,0,0,3,0,3,305,80,21,55,461,0,12,12,473
11/24/2021,PIT,PA,AEA,CE,Combined TRACON& Tower with Radar,315,72,24,21,432,0,0,2,0,2,315,72,26,21,434,0,0,0,434
11/25/2021,PIT,PA,AEA,CE,Combined TRACON& Tower with Radar,149,31,2,3,185,0,0,0,0,0,149,31,2,3,185,0,0,0,185
11/26/2021,PIT,PA,AEA,CE,Combined TRACON& Tower with Radar,191,60,9,2,262,0,0,0,0,0,191,60,9,2,262,0,0,0,262
11/27/2021,PIT,PA,AEA,CE,Combined TRACON& Tower with Radar,254,63,10,2,329,0,0,0,0,0,254,63,10,2,329,0,0,0,329
11/28/2021,PIT,PA,AEA,CE,Combined TRACON& Tower with Radar,301,61,19,0,381,0,0,0,0,0,301,61,19,0,381,0,0,0,381
11/29/2021,PIT,PA,AEA,CE,Combined TRACON& Tower with Radar,306,74,16,2,398,0,0,0,0,0,306,74,16,2,398,0,0,0,398
11/30/2021,PIT,PA,AEA,CE,Combined TRACON& Tower with Radar,272,65,19,49,405,0,0,0,0,0,272,65,19,49,405,0,0,0,405
12/01/2021,PIT,PA,AEA,CE,Combined TRACON& Tower with Radar,259,68,13,12,352,0,0,4,0,4,259,68,17,12,356,0,0,0,356
12/02/2021,PIT,PA,AEA,CE,Combined TRACON& Tower with Radar,294,71,30,16,411,0,0,0,0,0,294,71,30,16,411,0,0,0,411
12/03/2021,PIT,PA,AEA,CE,Combined TRACON& Tower with Radar,290,64,20,2,376,0,0,3,0,3,290,64,23,2,379,0,0,0,379
12/04/2021,PIT,PA,AEA,CE,Combined TRACON& Tower with Radar,206,62,10,5,283,0,0,3,2,5,206,62,13,7,288,0,0,0,288
12/05/2021,PIT,PA,AEA,CE,Combined TRACON& Tower with Radar,278,82,22,0,382,0,0,0,0,0,278,82,22,0,382,0,0,0,382
12/06/2021,PIT,PA,AEA,CE,Combined TRACON& Tower with Radar,263,68,16,5,352,0,0,2,0,2,263,68,18,5,354,0,0,0,354
12/07/2021,PIT,PA,AEA,CE,Combined TRACON& Tower with Radar,248,84,29,31,392,0,2,1,0,3,248,86,30,31,395,0,0,0,395
12/08/2021,PIT,PA,AEA,CE,Combined TRACON& Tower with Radar,243,76,31,32,382,0,0,2,0,2,243,76,33,32,384,0,0,0,384
12/09/2021,PIT,PA,AEA,CE,Combined TRACON& Tower with Radar,294,93,18,24,429,0,2,3,0,5,294,95,21,24,434,0,0,0,434
12/10/2021,PIT,PA,AEA,CE,Combined TRACON& Tower with Radar,279,77,25,7,388,0,0,6,0,6,279,77,31,7,394,0,0,0,394
12/11/2021,PIT,PA,AEA,CE,Combined TRACON& Tower with Radar,217,45,5,0,267,0,2,0,0,2,217,47,5,0,269,0,0,0,269
12/12/2021,PIT,PA,AEA,CE,Combined TRACON& Tower with Radar,266,60,4,5,335,0,2,2,0,4,266,62,6,5,339,0,0,0,339
12/13/2021,PIT,PA,AEA,CE,Combined TRACON& Tower with Radar,272,60,22,4,358,0,0,0,0,0,272,60,22,4,358,0,8,8,366
12/14/2021,PIT,PA,AEA,CE,Combined TRACON& Tower with Radar,246,60,23,27,356,0,0,2,0,2,246,60,25,27,358,0,0,0,358
12/15/2021,PIT,PA,AEA,CE,Combined TRACON& Tower with Radar,251,74,30,34,389,0,0,0,0,0,251,74,30,34,389,0,0,0,389
12/16/2021,PIT,PA,AEA,CE,Combined TRACON& Tower with Radar,280,68,27,15,390,0,0,2,0,2,280,68,29,15,392,0,0,0,392
12/17/2021,PIT,PA,AEA,CE,Combined TRACON& Tower with Radar,301,71,27,7,406,0,0,0,1,1,301,71,27,8,407,0,0,0,407
12/18/2021,PIT,PA,AEA,CE,Combined TRACON& Tower with Radar,240,57,10,0,307,0,0,0,0,0,240,57,10,0,307,0,0,0,307
12/19/2021,PIT,PA,AEA,CE,Combined TRACON& Tower with Radar,269,61,13,4,347,0,0,0,2,2,269,61,13,6,349,0,0,0,349
12/20/2021,PIT,PA,AEA,CE,Combined TRACON& Tower with Radar,271,56,42,0,369,0,2,2,0,4,271,58,44,0,373,0,0,0,373
12/21/2021,PIT,PA,AEA,CE,Combined TRACON& Tower with Radar,261,63,24,31,379,0,0,15,2,17,261,63,39,33,396,0,0,0,396
12/22/2021,PIT,PA,AEA,CE,Combined TRACON& Tower with Radar,275,68,24,22,389,0,0,3,1,4,275,68,27,23,393,0,0,0,393
12/23/2021,PIT,PA,AEA,CE,Combined TRACON& Tower with Radar,291,64,10,18,383,0,0,4,0,4,291,64,14,18,387,0,0,0,387
12/24/2021,PIT,PA,AEA,CE,Combined TRACON& Tower with Radar,196,47,4,0,247,0,0,2,0,2,196,47,6,0,249,0,0,0,249
12/25/2021,PIT,PA,AEA,CE,Combined TRACON& Tower with Radar,175,24,3,1,203,0,0,0,0,0,175,24,3,1,203,0,0,0,203
12/26/2021,PIT,PA,AEA,CE,Combined TRACON& Tower with Radar,230,66,14,1,311,0,4,4,0,8,230,70,18,1,319,0,0,0,319
12/27/2021,PIT,PA,AEA,CE,Combined TRACON& Tower with Radar,235,58,15,2,310,0,0,0,0,0,235,58,15,2,310,0,0,0,310
12/28/2021,PIT,PA,AEA,CE,Combined TRACON& Tower with Radar,243,61,8,26,338,0,0,2,2,4,243,61,10,28,342,0,0,0,342
12/29/2021,PIT,PA,AEA,CE,Combined TRACON& Tower with Radar,255,59,13,20,347,0,0,0,0,0,255,59,13,20,347,0,0,0,347
12/30/2021,PIT,PA,AEA,CE,Combined TRACON& Tower with Radar,265,57,5,5,332,0,0,1,0,1,265,57,6,5,333,0,0,0,333
12/31/2021,PIT,PA,AEA,CE,Combined TRACON& Tower with Radar,193,56,12,2,263,0,0,0,0,0,193,56,12,2,263,0,0,0,263
01/01/2022,PIT,PA,AEA,CE,Combined TRACON& Tower with Radar,186,20,8,2,216,0,0,0,0,0,186,20,8,2,216,0,0,0,216
01/02/2022,PIT,PA,AEA,CE,Combined TRACON& Tower with Radar,242,47,8,5,302,0,0,0,0,0,242,47,8,5,302,0,0,0,302
01/03/2022,PIT,PA,AEA,CE,Combined TRACON& Tower with Radar,248,66,29,5,348,0,0,0,0,0,248,66,29,5,348,0,0,0,348
01/04/2022,PIT,PA,AEA,CE,Combined TRACON& Tower with Radar,236,60,26,44,366,0,2,7,0,9,236,62,33,44,375,0,18,18,393
01/05/2022,PIT,PA,AEA,CE,Combined TRACON& Tower with Radar,217,60,3,5,285,0,0,2,0,2,217,60,5,5,287,0,0,0,287
01/06/2022,PIT,PA,AEA,CE,Combined TRACON& Tower with Radar,249,66,6,30,351,0,0,0,0,0,249,66,6,30,351,0,0,0,351
01/07/2022,PIT,PA,AEA,CE,Combined TRACON& Tower with Radar,216,42,5,12,275,0,0,0,0,0,216,42,5,12,275,0,0,0,275
01/08/2022,PIT,PA,AEA,CE,Combined TRACON& Tower with Radar,192,34,12,8,246,0,0,4,5,9,192,34,16,13,255,0,0,0,255
01/09/2022,PIT,PA,AEA,CE,Combined TRACON& Tower with Radar,245,36,10,4,295,0,0,0,0,0,245,36,10,4,295,0,0,0,295
01/10/2022,PIT,PA,AEA,CE,Combined TRACON& Tower with Radar,232,58,8,5,303,0,0,0,0,0,232,58,8,5,303,0,0,0,303
01/11/2022,PIT,PA,AEA,CE,Combined TRACON& Tower with Radar,229,55,13,45,342,0,0,0,0,0,229,55,13,45,342,0,0,0,342
01/12/2022,PIT,PA,AEA,CE,Combined TRACON& Tower with Radar,226,59,17,18,320,0,2,1,0,3,226,61,18,18,323,0,0,0,323
01/13/2022,PIT,PA,AEA,CE,Combined TRACON& Tower with Radar,263,62,11,31,367,0,0,0,3,3,263,62,11,34,370,0,0,0,370
01/14/2022,PIT,PA,AEA,CE,Combined TRACON& Tower with Radar,261,48,11,1,321,0,2,0,0,2,261,50,11,1,323,0,0,0,323
01/15/2022,PIT,PA,AEA,CE,Combined TRACON& Tower with Radar,200,43,5,3,251,0,0,2,0,2,200,43,7,3,253,0,0,0,253
01/16/2022,PIT,PA,AEA,CE,Combined TRACON& Tower with Radar,145,27,8,0,180,0,0,2,0,2,145,27,10,0,182,0,0,0,182
01/17/2022,PIT,PA,AEA,CE,Combined TRACON& Tower with Radar,181,30,9,0,220,0,0,0,0,0,181,30,9,0,220,0,0,0,220
01/18/2022,PIT,PA,AEA,CE,Combined TRACON& Tower with Radar,224,49,18,11,302,0,0,1,0,1,224,49,19,11,303,0,0,0,303
01/19/2022,PIT,PA,AEA,CE,Combined TRACON& Tower with Radar,237,56,18,21,332,0,4,0,0,4,237,60,18,21,336,0,0,0,336
01/20/2022,PIT,PA,AEA,CE,Combined TRACON& Tower with Radar,261,40,20,13,334,0,0,1,0,1,261,40,21,13,335,0,0,0,335
01/21/2022,PIT,PA,AEA,CE,Combined TRACON& Tower with Radar,254,49,18,10,331,0,0,3,0,3,254,49,21,10,334,0,0,0,334
01/22/2022,PIT,PA,AEA,CE,Combined TRACON& Tower with Radar,191,35,5,1,232,0,0,2,0,2,191,35,7,1,234,0,0,0,234
01/23/2022,PIT,PA,AEA,CE,Combined TRACON& Tower with Radar,236,43,7,0,286,0,0,0,0,0,236,43,7,0,286,0,0,0,286
01/24/2022,PIT,PA,AEA,CE,Combined TRACON& Tower with Radar,248,51,21,2,322,0,0,0,0,0,248,51,21,2,322,0,0,0,322
01/25/2022,PIT,PA,AEA,CE,Combined TRACON& Tower with Radar,227,52,16,13,308,0,2,2,0,4,227,54,18,13,312,0,0,0,312
01/26/2022,PIT,PA,AEA,CE,Combined TRACON& Tower with Radar,232,57,15,36,340,0,1,0,2,3,232,58,15,38,343,0,0,0,343
01/27/2022,PIT,PA,AEA,CE,Combined TRACON& Tower with Radar,265,59,14,49,387,0,2,0,0,2,265,61,14,49,389,0,0,0,389
01/28/2022,PIT,PA,AEA,CE,Combined TRACON& Tower with Radar,243,69,18,6,336,0,0,0,0,0,243,69,18,6,336,0,0,0,336
01/29/2022,PIT,PA,AEA,CE,Combined TRACON& Tower with Radar,168,44,18,2,232,0,0,2,0,2,168,44,20,2,234,0,0,0,234
01/30/2022,PIT,PA,AEA,CE,Combined TRACON& Tower with Radar,215,43,7,3,268,0,0,0,0,0,215,43,7,3,268,0,0,0,268
01/31/2022,PIT,PA,AEA,CE,Combined TRACON& Tower with Radar,244,59,22,2,327,0,1,1,0,2,244,60,23,2,329,0,0,0,329
02/01/2022,PIT,PA,AEA,CE,Combined TRACON& Tower with Radar,236,57,18,25,336,0,0,7,1,8,236,57,25,26,344,0,0,0,344
02/02/2022,PIT,PA,AEA,CE,Combined TRACON& Tower with Radar,227,60,23,19,329,0,0,11,0,11,227,60,34,19,340,0,0,0,340
02/03/2022,PIT,PA,AEA,CE,Combined TRACON& Tower with Radar,168,25,7,0,200,0,0,0,0,0,168,25,7,0,200,0,0,0,200
02/04/2022,PIT,PA,AEA,CE,Combined TRACON& Tower with Radar,172,38,11,6,227,0,0,0,0,0,172,38,11,6,227,0,0,0,227
02/05/2022,PIT,PA,AEA,CE,Combined TRACON& Tower with Radar,204,29,19,3,255,0,0,1,0,1,204,29,20,3,256,0,0,0,256
02/06/2022,PIT,PA,AEA,CE,Combined TRACON& Tower with Radar,234,34,9,0,277,0,0,5,0,5,234,34,14,0,282,0,0,0,282
02/07/2022,PIT,PA,AEA,CE,Combined TRACON& Tower with Radar,251,54,16,2,323,0,2,1,0,3,251,56,17,2,326,0,0,0,326
02/08/2022,PIT,PA,AEA,CE,Combined TRACON& Tower with Radar,235,63,12,17,327,0,0,0,0,0,235,63,12,17,327,0,0,0,327
02/09/2022,PIT,PA,AEA,CE,Combined TRACON& Tower with Radar,236,64,16,25,341,0,0,0,0,0,236,64,16,25,341,0,0,0,341
02/10/2022,PIT,PA,AEA,CE,Combined TRACON& Tower with Radar,269,45,14,27,355,0,0,2,0,2,269,45,16,27,357,0,0,0,357
02/11/2022,PIT,PA,AEA,CE,Combined TRACON& Tower with Radar,267,59,8,5,339,0,0,0,0,0,267,59,8,5,339,0,0,0,339
02/12/2022,PIT,PA,AEA,CE,Combined TRACON& Tower with Radar,205,30,23,1,259,0,0,0,0,0,205,30,23,1,259,0,0,0,259
02/13/2022,PIT,PA,AEA,CE,Combined TRACON& Tower with Radar,220,31,7,5,263,0,0,0,0,0,220,31,7,5,263,0,0,0,263
02/14/2022,PIT,PA,AEA,CE,Combined TRACON& Tower with Radar,247,39,8,4,298,0,0,3,0,3,247,39,11,4,301,0,0,0,301
02/15/2022,PIT,PA,AEA,CE,Combined TRACON& Tower with Radar,234,69,13,28,344,0,2,4,1,7,234,71,17,29,351,0,0,0,351
02/16/2022,PIT,PA,AEA,CE,Combined TRACON& Tower with Radar,238,71,13,11,333,0,0,0,2,2,238,71,13,13,335,0,0,0,335
02/17/2022,PIT,PA,AEA,CE,Combined TRACON& Tower with Radar,265,60,10,10,345,0,0,0,0,0,265,60,10,10,345,0,0,0,345
02/18/2022,PIT,PA,AEA,CE,Combined TRACON& Tower with Radar,272,65,27,4,368,0,0,0,0,0,272,65,27,4,368,0,0,0,368
02/19/2022,PIT,PA,AEA,CE,Combined TRACON& Tower with Radar,217,29,4,0,250,0,0,2,0,2,217,29,6,0,252,0,0,0,252
02/20/2022,PIT,PA,AEA,CE,Combined TRACON& Tower with Radar,227,38,18,2,285,0,2,0,0,2,227,40,18,2,287,0,0,0,287
02/21/2022,PIT,PA,AEA,CE,Combined TRACON& Tower with Radar,260,57,16,0,333,0,0,3,0,3,260,57,19,0,336,0,0,0,336
02/22/2022,PIT,PA,AEA,CE,Combined TRACON& Tower with Radar,220,63,16,12,311,0,0,0,0,0,220,63,16,12,311,0,0,0,311
02/23/2022,PIT,PA,AEA,CE,Combined TRACON& Tower with Radar,244,62,18,11,335,0,0,0,0,0,244,62,18,11,335,0,0,0,335
02/24/2022,PIT,PA,AEA,CE,Combined TRACON& Tower with Radar,258,72,15,16,361,0,2,0,0,2,258,74,15,16,363,0,0,0,363
02/25/2022,PIT,PA,AEA,CE,Combined TRACON& Tower with Radar,256,60,14,13,343,0,0,0,0,0,256,60,14,13,343,0,0,0,343
02/26/2022,PIT,PA,AEA,CE,Combined TRACON& Tower with Radar,207,39,15,6,267,0,0,1,0,1,207,39,16,6,268,0,0,0,268
02/27/2022,PIT,PA,AEA,CE,Combined TRACON& Tower with Radar,244,48,13,3,308,0,0,1,0,1,244,48,14,3,309,0,0,0,309
02/28/2022,PIT,PA,AEA,CE,Combined TRACON& Tower with Radar,257,66,10,2,335,0,0,0,0,0,257,66,10,2,335,0,0,0,335
03/01/2022,PIT,PA,AEA,CE,Combined TRACON& Tower with Radar,237,65,20,24,346,0,0,1,0,1,237,65,21,24,347,0,0,0,347
03/02/2022,PIT,PA,AEA,CE,Combined TRACON& Tower with Radar,244,64,23,38,369,0,2,0,0,2,244,66,23,38,371,0,0,0,371
03/03/2022,PIT,PA,AEA,CE,Combined TRACON& Tower with Radar,261,63,13,45,382,0,0,7,0,7,261,63,20,45,389,0,0,0,389
03/04/2022,PIT,PA,AEA,CE,Combined TRACON& Tower with Radar,253,76,15,21,365,0,3,3,1,7,253,79,18,22,372,0,0,0,372
03/05/2022,PIT,PA,AEA,CE,Combined TRACON& Tower with Radar,199,49,5,12,265,0,0,2,0,2,199,49,7,12,267,0,0,0,267
03/06/2022,PIT,PA,AEA,CE,Combined TRACON& Tower with Radar,239,52,20,2,313,0,0,0,0,0,239,52,20,2,313,0,0,0,313
03/07/2022,PIT,PA,AEA,CE,Combined TRACON& Tower with Radar,256,51,30,4,341,0,0,0,0,0,256,51,30,4,341,0,0,0,341
03/08/2022,PIT,PA,AEA,CE,Combined TRACON& Tower with Radar,230,69,41,34,374,0,3,2,0,5,230,72,43,34,379,0,0,0,379
03/09/2022,PIT,PA,AEA,CE,Combined TRACON& Tower with Radar,227,72,26,22,347,0,0,1,0,1,227,72,27,22,348,0,0,0,348
03/10/2022,PIT,PA,AEA,CE,Combined TRACON& Tower with Radar,273,71,35,46,425,0,1,4,1,6,273,72,39,47,431,0,0,0,431
03/11/2022,PIT,PA,AEA,CE,Combined TRACON& Tower with Radar,263,64,19,11,357,0,0,6,0,6,263,64,25,11,363,0,0,0,363
03/12/2022,PIT,PA,AEA,CE,Combined TRACON& Tower with Radar,205,41,5,0,251,0,0,0,0,0,205,41,5,0,251,0,0,0,251
03/13/2022,PIT,PA,AEA,CE,Combined TRACON& Tower with Radar,233,48,10,0,291,0,0,2,0,2,233,48,12,0,293,0,0,0,293
03/14/2022,PIT,PA,AEA,CE,Combined TRACON& Tower with Radar,262,58,8,6,334,0,0,2,0,2,262,58,10,6,336,0,0,0,336
03/15/2022,PIT,PA,AEA,CE,Combined TRACON& Tower with Radar,256,54,17,19,346,0,0,5,1,6,256,54,22,20,352,0,0,0,352
03/16/2022,PIT,PA,AEA,CE,Combined TRACON& Tower with Radar,267,70,12,33,382,0,1,1,0,2,267,71,13,33,384,0,10,10,394
03/17/2022,PIT,PA,AEA,CE,Combined TRACON& Tower with Radar,272,58,19,19,368,0,3,1,0,4,272,61,20,19,372,0,0,0,372
03/18/2022,PIT,PA,AEA,CE,Combined TRACON& Tower with Radar,286,63,22,15,386,1,2,4,0,7,287,65,26,15,393,0,6,6,399
03/19/2022,PIT,PA,AEA,CE,Combined TRACON& Tower with Radar,230,44,11,2,287,0,0,0,0,0,230,44,11,2,287,0,0,0,287
03/20/2022,PIT,PA,AEA,CE,Combined TRACON& Tower with Radar,261,47,19,3,330,0,0,0,0,0,261,47,19,3,330,0,0,0,330
03/21/2022,PIT,PA,AEA,CE,Combined TRACON& Tower with Radar,266,66,16,1,349,0,0,1,0,1,266,66,17,1,350,0,0,0,350
03/22/2022,PIT,PA,AEA,CE,Combined TRACON& Tower with Radar,241,59,19,35,354,0,0,2,2,4,241,59,21,37,358,0,6,6,364
03/23/2022,PIT,PA,AEA,CE,Combined TRACON& Tower with Radar,244,76,27,12,359,0,0,1,0,1,244,76,28,12,360,0,0,0,360
03/24/2022,PIT,PA,AEA,CE,Combined TRACON& Tower with Radar,269,74,16,31,390,0,0,2,0,2,269,74,18,31,392,0,8,8,400
03/25/2022,PIT,PA,AEA,CE,Combined TRACON& Tower with Radar,276,68,18,21,383,0,0,1,0,1,276,68,19,21,384,0,8,8,392
03/26/2022,PIT,PA,AEA,CE,Combined TRACON& Tower with Radar,218,49,10,0,277,0,0,0,0,0,218,49,10,0,277,0,0,0,277
03/27/2022,PIT,PA,AEA,CE,Combined TRACON& Tower with Radar,252,48,11,1,312,0,0,0,0,0,252,48,11,1,312,0,0,0,312
03/28/2022,PIT,PA,AEA,CE,Combined TRACON& Tower with Radar,276,53,19,0,348,0,2,0,0,2,276,55,19,0,350,0,0,0,350
03/29/2022,PIT,PA,AEA,CE,Combined TRACON& Tower with Radar,248,61,24,22,355,0,1,3,1,5,248,62,27,23,360,0,0,0,360
03/30/2022,PIT,PA,AEA,CE,Combined TRACON& Tower with Radar,249,51,24,18,342,0,0,3,0,3,249,51,27,18,345,0,10,10,355
03/31/2022,PIT,PA,AEA,CE,Combined TRACON& Tower with Radar,279,67,24,12,382,0,0,0,7,7,279,67,24,19,389,0,0,0,389
04/01/2022,PIT,PA,AEA,CE,Combined TRACON& Tower with Radar,253,72,24,5,354,0,0,0,1,1,253,72,24,6,355,0,0,0,355
04/02/2022,PIT,PA,AEA,CE,Combined TRACON& Tower with Radar,189,36,7,4,236,0,0,0,0,0,189,36,7,4,236,0,0,0,236
04/03/2022,PIT,PA,AEA,CE,Combined TRACON& Tower with Radar,225,48,11,8,292,0,1,0,0,1,225,49,11,8,293,0,0,0,293
04/04/2022,PIT,PA,AEA,CE,Combined TRACON& Tower with Radar,248,63,13,4,328,0,1,2,0,3,248,64,15,4,331,0,0,0,331
04/05/2022,PIT,PA,AEA,CE,Combined TRACON& Tower with Radar,248,68,17,12,345,0,1,1,0,2,248,69,18,12,347,0,0,0,347
04/06/2022,PIT,PA,AEA,CE,Combined TRACON& Tower with Radar,260,64,29,12,365,0,0,0,0,0,260,64,29,12,365,0,0,0,365
04/07/2022,PIT,PA,AEA,CE,Combined TRACON& Tower with Radar,277,74,14,20,385,0,1,2,3,6,277,75,16,23,391,0,0,0,391
04/08/2022,PIT,PA,AEA,CE,Combined TRACON& Tower with Radar,279,81,19,22,401,0,0,0,1,1,279,81,19,23,402,0,14,14,416
04/09/2022,PIT,PA,AEA,CE,Combined TRACON& Tower with Radar,205,46,13,1,265,0,0,0,0,0,205,46,13,1,265,0,0,0,265
04/10/2022,PIT,PA,AEA,CE,Combined TRACON& Tower with Radar,252,53,9,2,316,0,0,0,0,0,252,53,9,2,316,0,0,0,316
04/11/2022,PIT,PA,AEA,CE,Combined TRACON& Tower with Radar,268,54,21,2,345,0,1,0,0,1,268,55,21,2,346,0,0,0,346
04/12/2022,PIT,PA,AEA,CE,Combined TRACON& Tower with Radar,256,56,25,27,364,0,2,1,1,4,256,58,26,28,368,0,8,8,376
04/13/2022,PIT,PA,AEA,CE,Combined TRACON& Tower with Radar,268,59,22,8,357,0,0,6,4,10,268,59,28,12,367,0,0,0,367
04/14/2022,PIT,PA,AEA,CE,Combined TRACON& Tower with Radar,269,63,24,11,367,0,0,8,0,8,269,63,32,11,375,0,0,0,375
04/15/2022,PIT,PA,AEA,CE,Combined TRACON& Tower with Radar,265,69,12,4,350,0,1,6,1,8,265,70,18,5,358,0,0,0,358
04/16/2022,PIT,PA,AEA,CE,Combined TRACON& Tower with Radar,218,37,9,1,265,0,0,0,0,0,218,37,9,1,265,0,0,0,265
04/17/2022,PIT,PA,AEA,CE,Combined TRACON& Tower with Radar,252,39,6,2,299,0,2,0,0,2,252,41,6,2,301,0,0,0,301
04/18/2022,PIT,PA,AEA,CE,Combined TRACON& Tower with Radar,254,50,19,1,324,0,0,0,0,0,254,50,19,1,324,0,0,0,324
04/19/2022,PIT,PA,AEA,CE,Combined TRACON& Tower with Radar,262,45,31,19,357,0,0,0,0,0,262,45,31,19,357,0,0,0,357
04/20/2022,PIT,PA,AEA,CE,Combined TRACON& Tower with Radar,264,88,15,19,386,0,3,2,0,5,264,91,17,19,391,0,6,6,397
04/21/2022,PIT,PA,AEA,CE,Combined TRACON& Tower with Radar,277,82,32,16,407,0,0,0,0,0,277,82,32,16,407,0,2,2,409
04/22/2022,PIT,PA,AEA,CE,Combined TRACON& Tower with Radar,271,66,16,28,381,0,4,5,0,9,271,70,21,28,390,0,6,6,396
04/23/2022,PIT,PA,AEA,CE,Combined TRACON& Tower with Radar,208,57,6,9,280,0,0,0,0,0,208,57,6,9,280,0,0,0,280
04/24/2022,PIT,PA,AEA,CE,Combined TRACON& Tower with Radar,251,54,13,2,320,0,3,2,0,5,251,57,15,2,325,0,0,0,325
04/25/2022,PIT,PA,AEA,CE,Combined TRACON& Tower with Radar,259,60,19,8,346,0,0,0,0,0,259,60,19,8,346,0,0,0,346
04/26/2022,PIT,PA,AEA,CE,Combined TRACON& Tower with Radar,267,65,21,31,384,0,2,0,1,3,267,67,21,32,387,0,0,0,387
04/27/2022,PIT,PA,AEA,CE,Combined TRACON& Tower with Radar,259,73,21,17,370,0,0,1,0,1,259,73,22,17,371,0,4,4,375
04/28/2022,PIT,PA,AEA,CE,Combined TRACON& Tower with Radar,286,73,26,17,402,0,0,0,0,0,286,73,26,17,402,0,2,2,404
04/29/2022,PIT,PA,AEA,CE,Combined TRACON& Tower with Radar,265,71,19,19,374,0,4,5,0,9,265,75,24,19,383,0,8,8,391
04/30/2022,PIT,PA,AEA,CE,Combined TRACON& Tower with Radar,212,38,21,0,271,0,0,1,0,1,212,38,22,0,272,0,0,0,272
05/01/2022,PIT,PA,AEA,CE,Combined TRACON& Tower with Radar,252,47,11,2,312,0,0,1,0,1,252,47,12,2,313,0,0,0,313
05/02/2022,PIT,PA,AEA,CE,Combined TRACON& Tower with Radar,261,56,13,4,334,0,1,7,0,8,261,57,20,4,342,0,0,0,342
05/03/2022,PIT,PA,AEA,CE,Combined TRACON& Tower with Radar,254,65,23,15,357,0,0,1,0,1,254,65,24,15,358,0,0,0,358
05/04/2022,PIT,PA,AEA,CE,Combined TRACON& Tower with Radar,260,76,24,18,378,0,0,2,0,2,260,76,26,18,380,0,0,0,380
05/05/2022,PIT,PA,AEA,CE,Combined TRACON& Tower with Radar,278,81,22,36,417,0,0,2,0,2,278,81,24,36,419,0,10,10,429
05/06/2022,PIT,PA,AEA,CE,Combined TRACON& Tower with Radar,263,66,26,2,357,0,0,0,0,0,263,66,26,2,357,0,0,0,357
05/07/2022,PIT,PA,AEA,CE,Combined TRACON& Tower with Radar,214,39,8,6,267,0,4,0,0,4,214,43,8,6,271,0,0,0,271
05/08/2022,PIT,PA,AEA,CE,Combined TRACON& Tower with Radar,250,59,3,2,314,0,2,1,0,3,250,61,4,2,317,0,0,0,317
05/09/2022,PIT,PA,AEA,CE,Combined TRACON& Tower with Radar,256,62,17,5,340,0,0,2,0,2,256,62,19,5,342,0,0,0,342
05/10/2022,PIT,PA,AEA,CE,Combined TRACON& Tower with Radar,255,63,18,51,387,0,0,1,2,3,255,63,19,53,390,0,4,4,394
05/11/2022,PIT,PA,AEA,CE,Combined TRACON& Tower with Radar,258,77,29,25,389,0,2,1,0,3,258,79,30,25,392,0,0,0,392
05/12/2022,PIT,PA,AEA,CE,Combined TRACON& Tower with Radar,282,97,36,12,427,0,5,2,1,8,282,102,38,13,435,0,0,0,435
05/13/2022,PIT,PA,AEA,CE,Combined TRACON& Tower with Radar,254,74,22,1,351,0,3,3,0,6,254,77,25,1,357,0,0,0,357
05/14/2022,PIT,PA,AEA,CE,Combined TRACON& Tower with Radar,209,60,17,2,288,0,4,1,0,5,209,64,18,2,293,0,0,0,293
05/15/2022,PIT,PA,AEA,CE,Combined TRACON& Tower with Radar,258,57,18,0,333,0,2,5,0,7,258,59,23,0,340,0,0,0,340
05/16/2022,PIT,PA,AEA,CE,Combined TRACON& Tower with Radar,244,67,23,1,335,0,0,1,0,1,244,67,24,1,336,0,0,0,336
05/17/2022,PIT,PA,AEA,CE,Combined TRACON& Tower with Radar,251,81,32,33,397,0,2,4,0,6,251,83,36,33,403,0,0,0,403
05/18/2022,PIT,PA,AEA,CE,Combined TRACON& Tower with Radar,256,76,31,10,373,0,0,5,0,5,256,76,36,10,378,0,0,0,378
05/19/2022,PIT,PA,AEA,CE,Combined TRACON& Tower with Radar,280,80,35,30,425,0,0,0,0,0,280,80,35,30,425,0,0,0,425
05/20/2022,PIT,PA,AEA,CE,Combined TRACON& Tower with Radar,266,73,19,2,360,0,0,4,0,4,266,73,23,2,364,0,0,0,364
05/21/2022,PIT,PA,AEA,CE,Combined TRACON& Tower with Radar,206,36,19,0,261,0,0,0,0,0,206,36,19,0,261,0,0,0,261
05/22/2022,PIT,PA,AEA,CE,Combined TRACON& Tower with Radar,245,52,22,1,320,0,0,1,0,1,245,52,23,1,321,0,0,0,321
05/23/2022,PIT,PA,AEA,CE,Combined TRACON& Tower with Radar,248,55,32,1,336,0,4,11,0,15,248,59,43,1,351,0,0,0,351
05/24/2022,PIT,PA,AEA,CE,Combined TRACON& Tower with Radar,251,76,45,5,377,0,0,1,0,1,251,76,46,5,378,0,0,0,378
05/25/2022,PIT,PA,AEA,CE,Combined TRACON& Tower with Radar,258,76,20,41,395,0,0,6,11,17,258,76,26,52,412,0,0,0,412
05/26/2022,PIT,PA,AEA,CE,Combined TRACON& Tower with Radar,281,82,27,39,429,0,0,4,2,6,281,82,31,41,435,0,0,0,435
05/27/2022,PIT,PA,AEA,CE,Combined TRACON& Tower with Radar,264,64,20,3,351,0,0,2,0,2,264,64,22,3,353,0,0,0,353
05/28/2022,PIT,PA,AEA,CE,Combined TRACON& Tower with Radar,192,47,15,2,256,0,0,0,0,0,192,47,15,2,256,0,0,0,256
05/29/2022,PIT,PA,AEA,CE,Combined TRACON& Tower with Radar,231,43,8,2,284,0,0,1,0,1,231,43,9,2,285,0,0,0,285
05/30/2022,PIT,PA,AEA,CE,Combined TRACON& Tower with Radar,259,56,14,2,331,0,0,6,2,8,259,56,20,4,339,0,0,0,339
05/31/2022,PIT,PA,AEA,CE,Combined TRACON& Tower with Radar,250,73,21,17,361,0,0,9,0,9,250,73,30,17,370,0,0,0,370
06/01/2022,PIT,PA,AEA,CE,Combined TRACON& Tower with Radar,239,60,20,27,346,0,0,9,0,9,239,60,29,27,355,0,0,0,355
06/02/2022,PIT,PA,AEA,CE,Combined TRACON& Tower with Radar,272,68,38,38,416,0,1,0,0,1,272,69,38,38,417,0,0,0,417
06/03/2022,PIT,PA,AEA,CE,Combined TRACON& Tower with Radar,254,74,22,13,363,0,1,8,1,10,254,75,30,14,373,0,0,0,373
06/04/2022,PIT,PA,AEA,CE,Combined TRACON& Tower with Radar,219,46,10,1,276,0,6,3,0,9,219,52,13,1,285,0,0,0,285
06/05/2022,PIT,PA,AEA,CE,Combined TRACON& Tower with Radar,246,61,20,3,330,0,0,2,3,5,246,61,22,6,335,0,0,0,335
06/06/2022,PIT,PA,AEA,CE,Combined TRACON& Tower with Radar,239,66,31,4,340,0,0,3,0,3,239,66,34,4,343,0,0,0,343
06/07/2022,PIT,PA,AEA,CE,Combined TRACON& Tower with Radar,238,64,26,19,347,0,0,0,0,0,238,64,26,19,347,0,0,0,347
06/08/2022,PIT,PA,AEA,CE,Combined TRACON& Tower with Radar,227,82,35,34,378,0,0,4,0,4,227,82,39,34,382,0,0,0,382
06/09/2022,PIT,PA,AEA,CE,Combined TRACON& Tower with Radar,270,76,20,64,430,0,0,0,1,1,270,76,20,65,431,0,0,0,431
06/10/2022,PIT,PA,AEA,CE,Combined TRACON& Tower with Radar,250,73,16,13,352,0,0,0,2,2,250,73,16,15,354,0,0,0,354
06/11/2022,PIT,PA,AEA,CE,Combined TRACON& Tower with Radar,235,42,16,10,303,0,0,2,0,2,235,42,18,10,305,0,0,0,305
06/12/2022,PIT,PA,AEA,CE,Combined TRACON& Tower with Radar,252,58,30,4,344,0,0,0,0,0,252,58,30,4,344,0,0,0,344
06/13/2022,PIT,PA,AEA,CE,Combined TRACON& Tower with Radar,245,66,31,1,343,0,0,5,4,9,245,66,36,5,352,0,0,0,352
06/14/2022,PIT,PA,AEA,CE,Combined TRACON& Tower with Radar,244,59,22,32,357,0,2,7,0,9,244,61,29,32,366,0,0,0,366
06/15/2022,PIT,PA,AEA,CE,Combined TRACON& Tower with Radar,235,73,24,23,355,0,2,0,0,2,235,75,24,23,357,0,6,6,363
06/16/2022,PIT,PA,AEA,CE,Combined TRACON& Tower with Radar,257,75,15,16,363,0,1,2,0,3,257,76,17,16,366,0,0,0,366
06/17/2022,PIT,PA,AEA,CE,Combined TRACON& Tower with Radar,252,72,18,14,356,0,3,3,0,6,252,75,21,14,362,0,0,0,362
06/18/2022,PIT,PA,AEA,CE,Combined TRACON& Tower with Radar,231,45,2,2,280,0,0,2,0,2,231,45,4,2,282,0,0,0,282
06/19/2022,PIT,PA,AEA,CE,Combined TRACON& Tower with Radar,237,49,14,3,303,0,0,1,1,2,237,49,15,4,305,0,0,0,305
06/20/2022,PIT,PA,AEA,CE,Combined TRACON& Tower with Radar,252,64,27,4,347,0,0,2,0,2,252,64,29,4,349,0,0,0,349
06/21/2022,PIT,PA,AEA,CE,Combined TRACON& Tower with Radar,242,75,28,30,375,0,0,10,0,10,242,75,38,30,385,0,0,0,385
06/22/2022,PIT,PA,AEA,CE,Combined TRACON& Tower with Radar,213,58,22,21,314,0,0,9,0,9,213,58,31,21,323,0,18,18,341
06/23/2022,PIT,PA,AEA,CE,Combined TRACON& Tower with Radar,270,76,44,41,431,0,0,9,2,11,270,76,53,43,442,0,0,0,442
06/24/2022,PIT,PA,AEA,CE,Combined TRACON& Tower with Radar,248,77,11,10,346,0,0,0,0,0,248,77,11,10,346,0,0,0,346
06/25/2022,PIT,PA,AEA,CE,Combined TRACON& Tower with Radar,223,62,9,3,297,0,2,4,1,7,223,64,13,4,304,0,0,0,304
06/26/2022,PIT,PA,AEA,CE,Combined TRACON& Tower with Radar,230,60,20,5,315,0,0,1,0,1,230,60,21,5,316,0,0,0,316
06/27/2022,PIT,PA,AEA,CE,Combined TRACON& Tower with Radar,238,67,34,1,340,0,2,3,0,5,238,69,37,1,345,0,0,0,345
06/28/2022,PIT,PA,AEA,CE,Combined TRACON& Tower with Radar,234,64,26,33,357,0,1,1,0,2,234,65,27,33,359,0,0,0,359
06/29/2022,PIT,PA,AEA,CE,Combined TRACON& Tower with Radar,241,79,16,29,365,0,3,2,0,5,241,82,18,29,370,0,18,18,388
06/30/2022,PIT,PA,AEA,CE,Combined TRACON& Tower with Radar,264,86,23,29,402,0,0,0,0,0,264,86,23,29,402,0,0,0,402
07/01/2022,PIT,PA,AEA,CE,Combined TRACON& Tower with Radar,250,60,13,5,328,0,0,1,0,1,250,60,14,5,329,0,10,10,339
07/02/2022,PIT,PA,AEA,CE,Combined TRACON& Tower with Radar,245,52,13,5,315,0,2,0,0,2,245,54,13,5,317,0,0,0,317
07/03/2022,PIT,PA,AEA,CE,Combined TRACON& Tower with Radar,233,39,10,2,284,0,1,0,0,1,233,40,10,2,285,0,0,0,285
07/04/2022,PIT,PA,AEA,CE,Combined TRACON& Tower with Radar,235,47,6,2,290,0,1,0,2,3,235,48,6,4,293,0,0,0,293
07/05/2022,PIT,PA,AEA,CE,Combined TRACON& Tower with Radar,234,56,15,13,318,0,0,0,0,0,234,56,15,13,318,0,0,0,318
07/06/2022,PIT,PA,AEA,CE,Combined TRACON& Tower with Radar,247,66,17,14,344,0,0,2,0,2,247,66,19,14,346,0,0,0,346
07/07/2022,PIT,PA,AEA,CE,Combined TRACON& Tower with Radar,277,72,20,35,404,0,0,4,0,4,277,72,24,35,408,0,6,6,414
07/08/2022,PIT,PA,AEA,CE,Combined TRACON& Tower with Radar,268,64,14,11,357,0,0,4,0,4,268,64,18,11,361,4,0,4,365
07/09/2022,PIT,PA,AEA,CE,Combined TRACON& Tower with Radar,243,46,12,5,306,0,1,1,0,2,243,47,13,5,308,0,0,0,308
07/10/2022,PIT,PA,AEA,CE,Combined TRACON& Tower with Radar,251,47,11,5,314,0,0,4,0,4,251,47,15,5,318,0,0,0,318
07/11/2022,PIT,PA,AEA,CE,Combined TRACON& Tower with Radar,259,53,32,1,345,0,1,1,0,2,259,54,33,1,347,0,0,0,347
07/12/2022,PIT,PA,AEA,CE,Combined TRACON& Tower with Radar,230,74,31,22,357,0,0,2,0,2,230,74,33,22,359,0,4,4,363
07/13/2022,PIT,PA,AEA,CE,Combined TRACON& Tower with Radar,244,67,24,20,355,0,0,0,0,0,244,67,24,20,355,0,0,0,355
07/14/2022,PIT,PA,AEA,CE,Combined TRACON& Tower with Radar,276,78,32,25,411,0,0,2,3,5,276,78,34,28,416,0,6,6,422
07/15/2022,PIT,PA,AEA,CE,Combined TRACON& Tower with Radar,269,63,15,26,373,0,0,1,2,3,269,63,16,28,376,0,14,14,390
07/16/2022,PIT,PA,AEA,CE,Combined TRACON& Tower with Radar,238,35,13,6,292,0,0,8,0,8,238,35,21,6,300,0,0,0,300
07/17/2022,PIT,PA,AEA,CE,Combined TRACON& Tower with Radar,249,47,26,0,322,0,0,0,0,0,249,47,26,0,322,0,0,0,322
07/18/2022,PIT,PA,AEA,CE,Combined TRACON& Tower with Radar,259,55,25,2,341,0,2,0,2,4,259,57,25,4,345,0,0,0,345
07/19/2022,PIT,PA,AEA,CE,Combined TRACON& Tower with Radar,249,69,31,19,368,0,0,5,0,5,249,69,36,19,373,0,8,8,381
07/20/2022,PIT,PA,AEA,CE,Combined TRACON& Tower with Radar,237,70,33,14,354,0,0,0,0,0,237,70,33,14,354,0,0,0,354
07/21/2022,PIT,PA,AEA,CE,Combined TRACON& Tower with Radar,279,64,25,11,379,0,1,2,0,3,279,65,27,11,382,0,0,0,382
07/22/2022,PIT,PA,AEA,CE,Combined TRACON& Tower with Radar,280,59,12,11,362,0,0,0,1,1,280,59,12,12,363,0,8,8,371
07/23/2022,PIT,PA,AEA,CE,Combined TRACON& Tower with Radar,243,38,12,8,301,0,0,3,0,3,243,38,15,8,304,0,0,0,304
07/24/2022,PIT,PA,AEA,CE,Combined TRACON& Tower with Radar,235,39,13,2,289,0,0,0,0,0,235,39,13,2,289,0,0,0,289
07/25/2022,PIT,PA,AEA,CE,Combined TRACON& Tower with Radar,244,62,26,1,333,0,0,0,0,0,244,62,26,1,333,0,0,0,333
07/26/2022,PIT,PA,AEA,CE,Combined TRACON& Tower with Radar,245,68,28,17,358,0,0,3,0,3,245,68,31,17,361,0,0,0,361
07/27/2022,PIT,PA,AEA,CE,Combined TRACON& Tower with Radar,245,82,41,13,381,0,0,0,0,0,245,82,41,13,381,0,0,0,381
07/28/2022,PIT,PA,AEA,CE,Combined TRACON& Tower with Radar,261,67,23,12,363,0,7,0,0,7,261,74,23,12,370,0,0,0,370
07/29/2022,PIT,PA,AEA,CE,Combined TRACON& Tower with Radar,261,67,12,11,351,0,0,0,0,0,261,67,12,11,351,0,0,0,351
07/30/2022,PIT,PA,AEA,CE,Combined TRACON& Tower with Radar,243,39,16,0,298,0,4,1,0,5,243,43,17,0,303,0,0,0,303
07/31/2022,PIT,PA,AEA,CE,Combined TRACON& Tower with Radar,254,45,17,0,316,0,0,4,0,4,254,45,21,0,320,0,0,0,320
08/01/2022,PIT,PA,AEA,CE,Combined TRACON& Tower with Radar,250,55,30,1,336,0,0,0,0,0,250,55,30,1,336,0,0,0,336
08/02/2022,PIT,PA,AEA,CE,Combined TRACON& Tower with Radar,240,73,10,45,368,0,0,4,3,7,240,73,14,48,375,0,14,14,389
08/03/2022,PIT,PA,AEA,CE,Combined TRACON& Tower with Radar,225,60,13,19,317,0,0,3,1,4,225,60,16,20,321,0,4,4,325
08/04/2022,PIT,PA,AEA,CE,Combined TRACON& Tower with Radar,252,59,21,19,351,0,0,0,0,0,252,59,21,19,351,0,0,0,351
08/05/2022,PIT,PA,AEA,CE,Combined TRACON& Tower with Radar,236,66,10,8,320,0,0,0,0,0,236,66,10,8,320,0,6,6,326
08/06/2022,PIT,PA,AEA,CE,Combined TRACON& Tower with Radar,234,47,12,4,297,0,0,0,0,0,234,47,12,4,297,0,0,0,297
08/07/2022,PIT,PA,AEA,CE,Combined TRACON& Tower with Radar,228,55,11,1,295,0,5,0,0,5,228,60,11,1,300,0,0,0,300
08/08/2022,PIT,PA,AEA,CE,Combined TRACON& Tower with Radar,238,63,23,2,326,0,0,0,0,0,238,63,23,2,326,0,0,0,326
08/09/2022,PIT,PA,AEA,CE,Combined TRACON& Tower with Radar,236,78,22,21,357,0,0,0,0,0,236,78,22,21,357,0,0,0,357
08/10/2022,PIT,PA,AEA,CE,Combined TRACON& Tower with Radar,236,69,41,41,387,0,2,1,0,3,236,71,42,41,390,8,12,20,410
08/11/2022,PIT,PA,AEA,CE,Combined TRACON& Tower with Radar,263,63,40,25,391,0,0,1,1,2,263,63,41,26,393,0,0,0,393
08/12/2022,PIT,PA,AEA,CE,Combined TRACON& Tower with Radar,255,71,17,7,350,0,0,5,4,9,255,71,22,11,359,0,0,0,359
08/13/2022,PIT,PA,AEA,CE,Combined TRACON& Tower with Radar,229,43,6,0,278,0,0,0,0,0,229,43,6,0,278,0,0,0,278
08/14/2022,PIT,PA,AEA,CE,Combined TRACON& Tower with Radar,244,69,21,2,336,0,0,0,0,0,244,69,21,2,336,0,0,0,336
08/15/2022,PIT,PA,AEA,CE,Combined TRACON& Tower with Radar,243,72,18,0,333,0,0,1,0,1,243,72,19,0,334,0,4,4,338
08/16/2022,PIT,PA,AEA,CE,Combined TRACON& Tower with Radar,238,58,18,19,333,0,0,3,0,3,238,58,21,19,336,0,0,0,336
08/17/2022,PIT,PA,AEA,CE,Combined TRACON& Tower with Radar,237,60,22,33,352,0,0,1,0,1,237,60,23,33,353,0,0,0,353
08/18/2022,PIT,PA,AEA,CE,Combined TRACON& Tower with Radar,263,64,22,28,377,0,0,5,8,13,263,64,27,36,390,0,0,0,390
08/19/2022,PIT,PA,AEA,CE,Combined TRACON& Tower with Radar,248,63,22,15,348,0,2,1,0,3,248,65,23,15,351,0,0,0,351
08/20/2022,PIT,PA,AEA,CE,Combined TRACON& Tower with Radar,221,47,9,6,283,0,0,3,0,3,221,47,12,6,286,0,0,0,286
08/21/2022,PIT,PA,AEA,CE,Combined TRACON& Tower with Radar,235,43,18,3,299,0,0,2,0,2,235,43,20,3,301,0,0,0,301
08/22/2022,PIT,PA,AEA,CE,Combined TRACON& Tower with Radar,227,62,26,6,321,0,0,0,0,0,227,62,26,6,321,0,0,0,321
08/23/2022,PIT,PA,AEA,CE,Combined TRACON& Tower with Radar,235,73,16,39,363,0,0,5,0,5,235,73,21,39,368,0,0,0,368
08/24/2022,PIT,PA,AEA,CE,Combined TRACON& Tower with Radar,234,61,24,6,325,0,2,2,0,4,234,63,26,6,329,0,0,0,329
08/25/2022,PIT,PA,AEA,CE,Combined TRACON& Tower with Radar,256,63,16,10,345,0,1,26,0,27,256,64,42,10,372,0,0,0,372
08/26/2022,PIT,PA,AEA,CE,Combined TRACON& Tower with Radar,247,70,19,2,338,0,0,9,0,9,247,70,28,2,347,0,0,0,347
08/27/2022,PIT,PA,AEA,CE,Combined TRACON& Tower with Radar,220,42,2,3,267,0,0,2,0,2,220,42,4,3,269,0,0,0,269
08/28/2022,PIT,PA,AEA,CE,Combined TRACON& Tower with Radar,244,60,8,2,314,0,3,16,0,19,244,63,24,2,333,0,0,0,333
08/29/2022,PIT,PA,AEA,CE,Combined TRACON& Tower with Radar,224,53,20,2,299,0,2,1,0,3,224,55,21,2,302,0,0,0,302
08/30/2022,PIT,PA,AEA,CE,Combined TRACON& Tower with Radar,222,62,23,5,312,0,0,0,1,1,222,62,23,6,313,10,0,10,323
08/31/2022,PIT,PA,AEA,CE,Combined TRACON& Tower with Radar,233,57,28,15,333,0,2,3,0,5,233,59,31,15,338,0,0,0,338
09/01/2022,PIT,PA,AEA,CE,Combined TRACON& Tower with Radar,257,76,25,24,382,0,0,5,2,7,257,76,30,26,389,2,0,2,391
09/02/2022,PIT,PA,AEA,CE,Combined TRACON& Tower with Radar,249,66,15,6,336,0,4,2,4,10,249,70,17,10,346,0,0,0,346
09/03/2022,PIT,PA,AEA,CE,Combined TRACON& Tower with Radar,207,45,11,4,267,0,0,5,0,5,207,45,16,4,272,0,0,0,272
09/04/2022,PIT,PA,AEA,CE,Combined TRACON& Tower with Radar,204,40,6,4,254,0,0,0,0,0,204,40,6,4,254,0,0,0,254
09/05/2022,PIT,PA,AEA,CE,Combined TRACON& Tower with Radar,241,47,13,6,307,0,0,0,0,0,241,47,13,6,307,0,0,0,307
09/06/2022,PIT,PA,AEA,CE,Combined TRACON& Tower with Radar,223,57,30,44,354,0,0,0,1,1,223,57,30,45,355,0,0,0,355
09/07/2022,PIT,PA,AEA,CE,Combined TRACON& Tower with Radar,223,72,29,27,351,0,0,1,0,1,223,72,30,27,352,0,0,0,352
09/08/2022,PIT,PA,AEA,CE,Combined TRACON& Tower with Radar,248,73,20,18,359,0,0,1,0,1,248,73,21,18,360,0,2,2,362
09/09/2022,PIT,PA,AEA,CE,Combined TRACON& Tower with Radar,241,62,21,30,354,0,0,1,0,1,241,62,22,30,355,0,8,8,363
09/10/2022,PIT,PA,AEA,CE,Combined TRACON& Tower with Radar,207,56,25,1,289,0,0,0,0,0,207,56,25,1,289,0,0,0,289
09/11/2022,PIT,PA,AEA,CE,Combined TRACON& Tower with Radar,245,52,10,3,310,0,0,0,0,0,245,52,10,3,310,0,0,0,310
09/12/2022,PIT,PA,AEA,CE,Combined TRACON& Tower with Radar,250,72,19,1,342,0,0,5,0,5,250,72,24,1,347,0,0,0,347
09/13/2022,PIT,PA,AEA,CE,Combined TRACON& Tower with Radar,227,64,23,31,345,0,2,5,0,7,227,66,28,31,352,0,0,0,352
09/14/2022,PIT,PA,AEA,CE,Combined TRACON& Tower with Radar,229,79,24,36,368,0,0,9,0,9,229,79,33,36,377,0,0,0,377
09/15/2022,PIT,PA,AEA,CE,Combined TRACON& Tower with Radar,263,84,21,26,394,0,0,0,0,0,263,84,21,26,394,0,0,0,394
09/16/2022,PIT,PA,AEA,CE,Combined TRACON& Tower with Radar,244,89,23,9,365,0,0,2,1,3,244,89,25,10,368,0,0,0,368
09/17/2022,PIT,PA,AEA,CE,Combined TRACON& Tower with Radar,197,66,26,0,289,0,0,4,2,6,197,66,30,2,295,0,0,0,295
09/18/2022,PIT,PA,AEA,CE,Combined TRACON& Tower with Radar,243,71,33,1,348,0,0,2,2,4,243,71,35,3,352,0,0,0,352
09/19/2022,PIT,PA,AEA,CE,Combined TRACON& Tower with Radar,220,83,19,7,329,0,0,2,0,2,220,83,21,7,331,0,0,0,331
09/20/2022,PIT,PA,AEA,CE,Combined TRACON& Tower with Radar,233,72,19,15,339,0,0,2,2,4,233,72,21,17,343,0,0,0,343
09/21/2022,PIT,PA,AEA,CE,Combined TRACON& Tower with Radar,224,81,29,2,336,0,0,4,0,4,224,81,33,2,340,0,0,0,340
09/22/2022,PIT,PA,AEA,CE,Combined TRACON& Tower with Radar,257,88,44,13,402,0,0,1,0,1,257,88,45,13,403,0,0,0,403
09/23/2022,PIT,PA,AEA,CE,Combined TRACON& Tower with Radar,246,77,23,5,351,0,2,2,0,4,246,79,25,5,355,0,6,6,361
09/24/2022,PIT,PA,AEA,CE,Combined TRACON& Tower with Radar,196,49,3,0,248,0,2,8,0,10,196,51,11,0,258,0,0,0,258
09/25/2022,PIT,PA,AEA,CE,Combined TRACON& Tower with Radar,238,45,10,2,295,0,0,0,0,0,238,45,10,2,295,0,0,0,295
09/26/2022,PIT,PA,AEA,CE,Combined TRACON& Tower with Radar,235,76,16,0,327,0,0,1,0,1,235,76,17,0,328,0,0,0,328
09/27/2022,PIT,PA,AEA,CE,Combined TRACON& Tower with Radar,235,64,21,10,330,0,0,1,0,1,235,64,22,10,331,0,0,0,331
09/28/2022,PIT,PA,AEA,CE,Combined TRACON& Tower with Radar,219,70,24,5,318,0,0,0,0,0,219,70,24,5,318,0,0,0,318
09/29/2022,PIT,PA,AEA,CE,Combined TRACON& Tower with Radar,224,62,20,11,317,0,0,0,1,1,224,62,20,12,318,0,0,0,318
09/30/2022,PIT,PA,AEA,CE,Combined TRACON& Tower with Radar,246,68,26,14,354,0,0,2,0,2,246,68,28,14,356,0,6,6,362
10/01/2022,PIT,PA,AEA,CE,Combined TRACON& Tower with Radar,201,53,6,4,264,0,2,0,0,2,201,55,6,4,266,0,0,0,266
10/02/2022,PIT,PA,AEA,CE,Combined TRACON& Tower with Radar,246,51,29,3,329,0,0,0,0,0,246,51,29,3,329,0,0,0,329
10/03/2022,PIT,PA,AEA,CE,Combined TRACON& Tower with Radar,243,51,24,0,318,0,0,2,0,2,243,51,26,0,320,0,0,0,320
10/04/2022,PIT,PA,AEA,CE,Combined TRACON& Tower with Radar,233,56,27,40,356,0,0,8,5,13,233,56,35,45,369,0,0,0,369
10/05/2022,PIT,PA,AEA,CE,Combined TRACON& Tower with Radar,238,61,14,32,345,0,2,3,0,5,238,63,17,32,350,0,0,0,350
10/06/2022,PIT,PA,AEA,CE,Combined TRACON& Tower with Radar,265,67,31,35,398,0,0,1,0,1,265,67,32,35,399,0,10,10,409
10/07/2022,PIT,PA,AEA,CE,Combined TRACON& Tower with Radar,249,59,18,8,334,0,0,0,0,0,249,59,18,8,334,0,0,0,334
10/08/2022,PIT,PA,AEA,CE,Combined TRACON& Tower with Radar,204,34,3,3,244,0,0,0,0,0,204,34,3,3,244,0,0,0,244
10/09/2022,PIT,PA,AEA,CE,Combined TRACON& Tower with Radar,247,47,5,4,303,0,0,1,0,1,247,47,6,4,304,0,0,0,304
10/10/2022,PIT,PA,AEA,CE,Combined TRACON& Tower with Radar,238,63,8,5,314,0,0,3,0,3,238,63,11,5,317,0,0,0,317
10/11/2022,PIT,PA,AEA,CE,Combined TRACON& Tower with Radar,246,70,31,23,370,0,4,3,1,8,246,74,34,24,378,0,0,0,378
10/12/2022,PIT,PA,AEA,CE,Combined TRACON& Tower with Radar,235,60,22,19,336,0,0,1,0,1,235,60,23,19,337,0,0,0,337
10/13/2022,PIT,PA,AEA,CE,Combined TRACON& Tower with Radar,262,68,21,26,377,0,0,2,6,8,262,68,23,32,385,0,0,0,385
10/14/2022,PIT,PA,AEA,CE,Combined TRACON& Tower with Radar,255,67,28,14,364,0,0,4,1,5,255,67,32,15,369,0,0,0,369
10/15/2022,PIT,PA,AEA,CE,Combined TRACON& Tower with Radar,210,50,10,2,272,0,4,1,0,5,210,54,11,2,277,0,0,0,277
10/16/2022,PIT,PA,AEA,CE,Combined TRACON& Tower with Radar,251,80,30,5,366,0,0,5,2,7,251,80,35,7,373,0,0,0,373
10/17/2022,PIT,PA,AEA,CE,Combined TRACON& Tower with Radar,241,62,28,0,331,0,0,2,0,2,241,62,30,0,333,0,0,0,333
10/18/2022,PIT,PA,AEA,CE,Combined TRACON& Tower with Radar,242,77,16,20,355,0,1,0,0,1,242,78,16,20,356,0,0,0,356
10/19/2022,PIT,PA,AEA,CE,Combined TRACON& Tower with Radar,239,76,25,15,355,0,0,0,0,0,239,76,25,15,355,0,0,0,355
10/20/2022,PIT,PA,AEA,CE,Combined TRACON& Tower with Radar,268,60,56,32,416,0,0,8,0,8,268,60,64,32,424,0,0,0,424
10/21/2022,PIT,PA,AEA,CE,Combined TRACON& Tower with Radar,259,73,21,6,359,0,0,7,1,8,259,73,28,7,367,0,0,0,367
10/22/2022,PIT,PA,AEA,CE,Combined TRACON& Tower with Radar,203,38,16,2,259,0,0,2,0,2,203,38,18,2,261,0,0,0,261
10/23/2022,PIT,PA,AEA,CE,Combined TRACON& Tower with Radar,245,43,22,2,312,0,0,5,0,5,245,43,27,2,317,0,0,0,317
10/24/2022,PIT,PA,AEA,CE,Combined TRACON& Tower with Radar,243,51,29,3,326,0,2,5,0,7,243,53,34,3,333,0,0,0,333
10/25/2022,PIT,PA,AEA,CE,Combined TRACON& Tower with Radar,233,69,21,48,371,0,0,3,0,3,233,69,24,48,374,0,14,14,388
10/26/2022,PIT,PA,AEA,CE,Combined TRACON& Tower with Radar,239,67,11,41,358,0,0,0,0,0,239,67,11,41,358,0,0,0,358
10/27/2022,PIT,PA,AEA,CE,Combined TRACON& Tower with Radar,264,80,23,40,407,0,0,1,0,1,264,80,24,40,408,0,0,0,408
10/28/2022,PIT,PA,AEA,CE,Combined TRACON& Tower with Radar,251,61,16,8,336,0,0,3,6,9,251,61,19,14,345,0,14,14,359
10/29/2022,PIT,PA,AEA,CE,Combined TRACON& Tower with Radar,201,40,5,1,247,0,0,2,0,2,201,40,7,1,249,0,0,0,249
10/30/2022,PIT,PA,AEA,CE,Combined TRACON& Tower with Radar,243,42,10,0,295,0,0,5,0,5,243,42,15,0,300,0,0,0,300
10/31/2022,PIT,PA,AEA,CE,Combined TRACON& Tower with Radar,225,45,11,1,282,0,0,0,0,0,225,45,11,1,282,0,0,0,282
11/01/2022,PIT,PA,AEA,CE,Combined TRACON& Tower with Radar,245,54,13,28,340,0,0,0,0,0,245,54,13,28,340,0,0,0,340
11/02/2022,PIT,PA,AEA,CE,Combined TRACON& Tower with Radar,242,60,12,18,332,4,0,0,0,4,246,60,12,18,336,0,0,0,336
11/03/2022,PIT,PA,AEA,CE,Combined TRACON& Tower with Radar,254,59,24,33,370,0,0,1,0,1,254,59,25,33,371,0,0,0,371
11/04/2022,PIT,PA,AEA,CE,Combined TRACON& Tower with Radar,255,59,13,23,350,0,0,0,0,0,255,59,13,23,350,0,0,0,350
11/05/2022,PIT,PA,AEA,CE,Combined TRACON& Tower with Radar,187,31,13,9,240,0,0,0,1,1,187,31,13,10,241,0,0,0,241
11/06/2022,PIT,PA,AEA,CE,Combined TRACON& Tower with Radar,235,32,13,5,285,0,0,2,0,2,235,32,15,5,287,0,0,0,287
11/07/2022,PIT,PA,AEA,CE,Combined TRACON& Tower with Radar,231,46,30,1,308,0,2,3,0,5,231,48,33,1,313,0,0,0,313
11/08/2022,PIT,PA,AEA,CE,Combined TRACON& Tower with Radar,234,58,25,33,350,0,0,4,0,4,234,58,29,33,354,0,8,8,362
11/09/2022,PIT,PA,AEA,CE,Combined TRACON& Tower with Radar,227,47,31,31,336,0,0,4,0,4,227,47,35,31,340,0,0,0,340
11/10/2022,PIT,PA,AEA,CE,Combined TRACON& Tower with Radar,248,48,18,17,331,0,0,7,1,8,248,48,25,18,339,0,0,0,339
11/11/2022,PIT,PA,AEA,CE,Combined TRACON& Tower with Radar,245,51,19,2,317,0,0,0,0,0,245,51,19,2,317,0,0,0,317
11/12/2022,PIT,PA,AEA,CE,Combined TRACON& Tower with Radar,211,36,10,0,257,0,0,0,0,0,211,36,10,0,257,0,0,0,257
11/13/2022,PIT,PA,AEA,CE,Combined TRACON& Tower with Radar,247,43,18,0,308,0,0,0,0,0,247,43,18,0,308,0,0,0,308
11/14/2022,PIT,PA,AEA,CE,Combined TRACON& Tower with Radar,244,51,17,0,312,0,0,1,0,1,244,51,18,0,313,0,0,0,313
11/15/2022,PIT,PA,AEA,CE,Combined TRACON& Tower with Radar,245,46,17,7,315,0,0,0,0,0,245,46,17,7,315,0,0,0,315
11/16/2022,PIT,PA,AEA,CE,Combined TRACON& Tower with Radar,240,55,28,26,349,0,0,1,0,1,240,55,29,26,350,0,10,10,360
11/17/2022,PIT,PA,AEA,CE,Combined TRACON& Tower with Radar,250,54,20,13,337,0,0,0,2,2,250,54,20,15,339,0,0,0,339
11/18/2022,PIT,PA,AEA,CE,Combined TRACON& Tower with Radar,270,50,24,14,358,0,0,0,0,0,270,50,24,14,358,0,0,0,358
11/19/2022,PIT,PA,AEA,CE,Combined TRACON& Tower with Radar,215,41,12,0,268,0,0,1,0,1,215,41,13,0,269,0,0,0,269
11/20/2022,PIT,PA,AEA,CE,Combined TRACON& Tower with Radar,237,58,19,2,316,0,0,1,0,1,237,58,20,2,317,0,0,0,317
11/21/2022,PIT,PA,AEA,CE,Combined TRACON& Tower with Radar,245,51,15,6,317,0,0,3,0,3,245,51,18,6,320,0,0,0,320
11/22/2022,PIT,PA,AEA,CE,Combined TRACON& Tower with Radar,269,56,17,20,362,0,0,1,0,1,269,56,18,20,363,0,4,4,367
11/23/2022,PIT,PA,AEA,CE,Combined TRACON& Tower with Radar,284,46,14,35,379,0,2,3,0,5,284,48,17,35,384,0,0,0,384
11/24/2022,PIT,PA,AEA,CE,Combined TRACON& Tower with Radar,142,11,2,0,155,0,0,0,0,0,142,11,2,0,155,0,0,0,155
11/25/2022,PIT,PA,AEA,CE,Combined TRACON& Tower with Radar,185,42,3,2,232,0,0,0,0,0,185,42,3,2,232,0,0,0,232
11/26/2022,PIT,PA,AEA,CE,Combined TRACON& Tower with Radar,230,35,12,0,277,0,0,1,0,1,230,35,13,0,278,0,0,0,278
11/27/2022,PIT,PA,AEA,CE,Combined TRACON& Tower with Radar,285,44,16,2,347,0,0,1,0,1,285,44,17,2,348,0,0,0,348
11/28/2022,PIT,PA,AEA,CE,Combined TRACON& Tower with Radar,264,18,25,0,307,0,0,0,0,0,264,18,25,0,307,0,0,0,307
11/29/2022,PIT,PA,AEA,CE,Combined TRACON& Tower with Radar,247,54,26,29,356,0,0,3,0,3,247,54,29,29,359,0,0,0,359
11/30/2022,PIT,PA,AEA,CE,Combined TRACON& Tower with Radar,247,59,6,9,321,0,0,2,0,2,247,59,8,9,323,0,0,0,323
12/01/2022,PIT,PA,AEA,CE,Combined TRACON& Tower with Radar,258,46,19,37,360,0,1,1,3,5,258,47,20,40,365,0,6,6,371
12/02/2022,PIT,PA,AEA,CE,Combined TRACON& Tower with Radar,257,50,13,23,343,0,0,0,0,0,257,50,13,23,343,0,20,20,363
12/03/2022,PIT,PA,AEA,CE,Combined TRACON& Tower with Radar,214,39,7,9,269,0,0,0,0,0,214,39,7,9,269,0,0,0,269
12/04/2022,PIT,PA,AEA,CE,Combined TRACON& Tower with Radar,239,39,14,3,295,0,0,4,0,4,239,39,18,3,299,0,0,0,299
12/05/2022,PIT,PA,AEA,CE,Combined TRACON& Tower with Radar,245,50,14,0,309,0,0,7,0,7,245,50,21,0,316,0,0,0,316
12/06/2022,PIT,PA,AEA,CE,Combined TRACON& Tower with Radar,248,41,15,17,321,0,0,0,0,0,248,41,15,17,321,0,0,0,321
12/07/2022,PIT,PA,AEA,CE,Combined TRACON& Tower with Radar,248,67,28,39,382,0,0,0,0,0,248,67,28,39,382,0,0,0,382
12/08/2022,PIT,PA,AEA,CE,Combined TRACON& Tower with Radar,257,45,21,23,346,0,0,0,0,0,257,45,21,23,346,0,0,0,346
12/09/2022,PIT,PA,AEA,CE,Combined TRACON& Tower with Radar,258,61,16,32,367,0,0,3,7,10,258,61,19,39,377,24,42,66,443
12/10/2022,PIT,PA,AEA,CE,Combined TRACON& Tower with Radar,211,38,12,0,261,0,0,0,0,0,211,38,12,0,261,0,0,0,261
12/11/2022,PIT,PA,AEA,CE,Combined TRACON& Tower with Radar,236,52,13,1,302,0,0,0,0,0,236,52,13,1,302,0,0,0,302
12/12/2022,PIT,PA,AEA,CE,Combined TRACON& Tower with Radar,248,51,15,2,316,0,0,2,0,2,248,51,17,2,318,0,0,0,318
12/13/2022,PIT,PA,AEA,CE,Combined TRACON& Tower with Radar,244,47,25,27,343,0,0,0,1,1,244,47,25,28,344,0,0,0,344
12/14/2022,PIT,PA,AEA,CE,Combined TRACON& Tower with Radar,240,66,15,36,357,0,0,5,1,6,240,66,20,37,363,0,10,10,373
12/15/2022,PIT,PA,AEA,CE,Combined TRACON& Tower with Radar,249,33,21,8,311,0,0,0,0,0,249,33,21,8,311,0,2,2,313
12/16/2022,PIT,PA,AEA,CE,Combined TRACON& Tower with Radar,257,38,12,2,309,0,0,0,0,0,257,38,12,2,309,0,0,0,309
12/17/2022,PIT,PA,AEA,CE,Combined TRACON& Tower with Radar,241,36,2,0,279,0,0,0,0,0,241,36,2,0,279,8,0,8,287
12/18/2022,PIT,PA,AEA,CE,Combined TRACON& Tower with Radar,242,40,12,3,297,0,0,0,0,0,242,40,12,3,297,0,0,0,297
12/19/2022,PIT,PA,AEA,CE,Combined TRACON& Tower with Radar,253,49,18,2,322,0,0,0,0,0,253,49,18,2,322,0,0,0,322
12/20/2022,PIT,PA,AEA,CE,Combined TRACON& Tower with Radar,262,50,12,27,351,0,0,2,0,2,262,50,14,27,353,0,4,4,357
12/21/2022,PIT,PA,AEA,CE,Combined TRACON& Tower with Radar,271,53,10,35,369,0,0,4,0,4,271,53,14,35,373,0,2,2,375
12/22/2022,PIT,PA,AEA,CE,Combined TRACON& Tower with Radar,247,76,13,5,341,0,0,0,0,0,247,76,13,5,341,0,0,0,341
12/23/2022,PIT,PA,AEA,CE,Combined TRACON& Tower with Radar,185,30,2,0,217,0,0,0,0,0,185,30,2,0,217,0,0,0,217
12/24/2022,PIT,PA,AEA,CE,Combined TRACON& Tower with Radar,166,26,10,0,202,0,0,0,0,0,166,26,10,0,202,0,0,0,202
12/25/2022,PIT,PA,AEA,CE,Combined TRACON& Tower with Radar,141,27,9,0,177,0,2,0,0,2,141,29,9,0,179,0,0,0,179
12/26/2022,PIT,PA,AEA,CE,Combined TRACON& Tower with Radar,176,55,19,0,250,0,1,1,0,2,176,56,20,0,252,0,0,0,252
12/27/2022,PIT,PA,AEA,CE,Combined TRACON& Tower with Radar,190,62,21,8,281,0,0,0,0,0,190,62,21,8,281,0,0,0,281
12/28/2022,PIT,PA,AEA,CE,Combined TRACON& Tower with Radar,209,52,20,25,306,0,0,1,0,1,209,52,21,25,307,0,14,14,321
12/29/2022,PIT,PA,AEA,CE,Combined TRACON& Tower with Radar,205,48,8,42,303,0,0,0,0,0,205,48,8,42,303,0,0,0,303
12/30/2022,PIT,PA,AEA,CE,Combined TRACON& Tower with Radar,238,47,6,12,303,0,2,3,0,5,238,49,9,12,308,0,0,0,308
12/31/2022,PIT,PA,AEA,CE,Combined TRACON& Tower with Radar,217,33,8,1,259,0,0,0,0,0,217,33,8,1,259,0,0,0,259
01/01/2023,PIT,PA,AEA,CE,Combined TRACON& Tower with Radar,186,43,13,0,242,0,0,0,0,0,186,43,13,0,242,0,0,0,242
01/02/2023,PIT,PA,AEA,CE,Combined TRACON& Tower with Radar,223,44,16,2,285,0,0,0,0,0,223,44,16,2,285,0,0,0,285
01/03/2023,PIT,PA,AEA,CE,Combined TRACON& Tower with Radar,229,55,14,21,319,0,0,0,0,0,229,55,14,21,319,0,0,0,319
01/04/2023,PIT,PA,AEA,CE,Combined TRACON& Tower with Radar,212,45,25,19,301,0,0,1,0,1,212,45,26,19,302,0,4,4,306
01/05/2023,PIT,PA,AEA,CE,Combined TRACON& Tower with Radar,221,45,21,52,339,0,0,3,0,3,221,45,24,52,342,0,6,6,348
01/06/2023,PIT,PA,AEA,CE,Combined TRACON& Tower with Radar,218,44,18,1,281,0,0,0,0,0,218,44,18,1,281,0,0,0,281
01/07/2023,PIT,PA,AEA,CE,Combined TRACON& Tower with Radar,199,26,8,20,253,0,0,0,0,0,199,26,8,20,253,0,0,0,253
01/08/2023,PIT,PA,AEA,CE,Combined TRACON& Tower with Radar,245,46,26,1,318,0,0,2,0,2,245,46,28,1,320,0,0,0,320
01/09/2023,PIT,PA,AEA,CE,Combined TRACON& Tower with Radar,247,41,15,1,304,0,0,0,0,0,247,41,15,1,304,0,0,0,304
01/10/2023,PIT,PA,AEA,CE,Combined TRACON& Tower with Radar,251,52,21,21,345,0,0,6,0,6,251,52,27,21,351,0,4,4,355
01/11/2023,PIT,PA,AEA,CE,Combined TRACON& Tower with Radar,230,53,15,29,327,0,2,0,0,2,230,55,15,29,329,0,30,30,359
01/12/2023,PIT,PA,AEA,CE,Combined TRACON& Tower with Radar,268,49,10,5,332,0,0,0,0,0,268,49,10,5,332,0,0,0,332
01/13/2023,PIT,PA,AEA,CE,Combined TRACON& Tower with Radar,267,38,14,8,327,0,0,0,0,0,267,38,14,8,327,0,0,0,327
01/14/2023,PIT,PA,AEA,CE,Combined TRACON& Tower with Radar,208,34,5,1,248,0,0,0,0,0,208,34,5,1,248,0,0,0,248
01/15/2023,PIT,PA,AEA,CE,Combined TRACON& Tower with Radar,236,23,6,1,266,0,0,3,0,3,236,23,9,1,269,0,0,0,269
01/16/2023,PIT,PA,AEA,CE,Combined TRACON& Tower with Radar,248,45,10,4,307,0,0,2,0,2,248,45,12,4,309,6,0,6,315
01/17/2023,PIT,PA,AEA,CE,Combined TRACON& Tower with Radar,252,42,22,27,343,0,0,0,1,1,252,42,22,28,344,0,8,8,352
01/18/2023,PIT,PA,AEA,CE,Combined TRACON& Tower with Radar,250,45,6,24,325,0,0,0,0,0,250,45,6,24,325,0,0,0,325
01/19/2023,PIT,PA,AEA,CE,Combined TRACON& Tower with Radar,259,38,12,10,319,0,0,0,0,0,259,38,12,10,319,0,0,0,319
01/20/2023,PIT,PA,AEA,CE,Combined TRACON& Tower with Radar,273,47,24,15,359,0,0,0,0,0,273,47,24,15,359,0,0,0,359
01/21/2023,PIT,PA,AEA,CE,Combined TRACON& Tower with Radar,206,33,7,3,249,0,0,0,0,0,206,33,7,3,249,0,0,0,249
01/22/2023,PIT,PA,AEA,CE,Combined TRACON& Tower with Radar,257,48,7,1,313,0,0,0,0,0,257,48,7,1,313,0,0,0,313
01/23/2023,PIT,PA,AEA,CE,Combined TRACON& Tower with Radar,241,35,24,3,303,0,0,0,0,0,241,35,24,3,303,0,0,0,303
01/24/2023,PIT,PA,AEA,CE,Combined TRACON& Tower with Radar,251,61,17,41,370,0,0,1,0,1,251,61,18,41,371,0,2,2,373
01/25/2023,PIT,PA,AEA,CE,Combined TRACON& Tower with Radar,243,39,17,1,300,0,0,0,0,0,243,39,17,1,300,0,6,6,306
01/26/2023,PIT,PA,AEA,CE,Combined TRACON& Tower with Radar,265,47,9,21,342,0,0,0,0,0,265,47,9,21,342,0,0,0,342
01/27/2023,PIT,PA,AEA,CE,Combined TRACON& Tower with Radar,269,52,11,17,349,0,0,3,0,3,269,52,14,17,352,0,0,0,352
01/28/2023,PIT,PA,AEA,CE,Combined TRACON& Tower with Radar,206,40,8,1,255,0,0,3,0,3,206,40,11,1,258,4,0,4,262
01/29/2023,PIT,PA,AEA,CE,Combined TRACON& Tower with Radar,250,23,17,2,292,0,0,0,0,0,250,23,17,2,292,0,0,0,292
01/30/2023,PIT,PA,AEA,CE,Combined TRACON& Tower with Radar,253,17,14,3,287,0,0,0,0,0,253,17,14,3,287,0,0,0,287
01/31/2023,PIT,PA,AEA,CE,Combined TRACON& Tower with Radar,240,42,14,32,328,0,0,1,0,1,240,42,15,32,329,2,8,10,339
02/01/2023,PIT,PA,AEA,CE,Combined TRACON& Tower with Radar,236,43,14,39,332,0,0,2,0,2,236,43,16,39,334,0,30,30,364
02/02/2023,PIT,PA,AEA,CE,Combined TRACON& Tower with Radar,254,57,22,54,387,0,0,6,0,6,254,57,28,54,393,0,4,4,397
02/03/2023,PIT,PA,AEA,CE,Combined TRACON& Tower with Radar,245,42,12,8,307,0,0,0,0,0,245,42,12,8,307,0,0,0,307
02/04/2023,PIT,PA,AEA,CE,Combined TRACON& Tower with Radar,207,37,14,10,268,0,2,2,0,4,207,39,16,10,272,0,4,4,276
02/05/2023,PIT,PA,AEA,CE,Combined TRACON& Tower with Radar,249,39,9,8,305,0,0,0,1,1,249,39,9,9,306,0,2,2,308
02/06/2023,PIT,PA,AEA,CE,Combined TRACON& Tower with Radar,254,52,19,4,329,0,6,7,0,13,254,58,26,4,342,6,0,6,348
02/07/2023,PIT,PA,AEA,CE,Combined TRACON& Tower with Radar,252,57,25,17,351,0,0,5,0,5,252,57,30,17,356,0,0,0,356
02/08/2023,PIT,PA,AEA,CE,Combined TRACON& Tower with Radar,245,56,21,39,361,0,0,2,0,2,245,56,23,39,363,0,4,4,367
02/09/2023,PIT,PA,AEA,CE,Combined TRACON& Tower with Radar,256,58,22,5,341,0,0,0,0,0,256,58,22,5,341,0,0,0,341
02/10/2023,PIT,PA,AEA,CE,Combined TRACON& Tower with Radar,261,58,15,26,360,0,0,0,0,0,261,58,15,26,360,0,6,6,366
02/11/2023,PIT,PA,AEA,CE,Combined TRACON& Tower with Radar,206,38,11,2,257,0,0,6,0,6,206,38,17,2,263,12,0,12,275
02/12/2023,PIT,PA,AEA,CE,Combined TRACON& Tower with Radar,255,31,12,2,300,0,0,1,0,1,255,31,13,2,301,0,0,0,301
02/13/2023,PIT,PA,AEA,CE,Combined TRACON& Tower with Radar,248,44,8,5,305,0,0,2,0,2,248,44,10,5,307,0,0,0,307
02/14/2023,PIT,PA,AEA,CE,Combined TRACON& Tower with Radar,249,60,14,9,332,0,0,1,0,1,249,60,15,9,333,0,0,0,333
02/15/2023,PIT,PA,AEA,CE,Combined TRACON& Tower with Radar,255,54,27,3,339,0,0,1,0,1,255,54,28,3,340,0,0,0,340
02/16/2023,PIT,PA,AEA,CE,Combined TRACON& Tower with Radar,254,70,28,27,379,0,0,0,0,0,254,70,28,27,379,0,0,0,379
02/17/2023,PIT,PA,AEA,CE,Combined TRACON& Tower with Radar,267,41,16,2,326,0,2,0,0,2,267,43,16,2,328,0,0,0,328
02/18/2023,PIT,PA,AEA,CE,Combined TRACON& Tower with Radar,215,49,13,0,277,0,0,2,0,2,215,49,15,0,279,4,0,4,283
02/19/2023,PIT,PA,AEA,CE,Combined TRACON& Tower with Radar,250,31,8,0,289,0,0,0,0,0,250,31,8,0,289,0,0,0,289
02/20/2023,PIT,PA,AEA,CE,Combined TRACON& Tower with Radar,257,61,17,5,340,0,0,2,0,2,257,61,19,5,342,0,6,6,348
02/21/2023,PIT,PA,AEA,CE,Combined TRACON& Tower with Radar,247,58,21,27,353,0,0,4,0,4,247,58,25,27,357,4,2,6,363
02/22/2023,PIT,PA,AEA,CE,Combined TRACON& Tower with Radar,239,61,26,4,330,0,0,0,0,0,239,61,26,4,330,0,0,0,330
02/23/2023,PIT,PA,AEA,CE,Combined TRACON& Tower with Radar,257,64,25,21,367,0,0,1,0,1,257,64,26,21,368,4,16,20,388
02/24/2023,PIT,PA,AEA,CE,Combined TRACON& Tower with Radar,263,54,24,15,356,0,1,1,0,2,263,55,25,15,358,0,2,2,360
02/25/2023,PIT,PA,AEA,CE,Combined TRACON& Tower with Radar,206,37,7,3,253,0,0,0,0,0,206,37,7,3,253,0,0,0,253
02/26/2023,PIT,PA,AEA,CE,Combined TRACON& Tower with Radar,256,40,26,3,325,0,0,0,0,0,256,40,26,3,325,0,0,0,325
02/27/2023,PIT,PA,AEA,CE,Combined TRACON& Tower with Radar,257,35,27,3,322,0,1,0,0,1,257,36,27,3,323,0,0,0,323
02/28/2023,PIT,PA,AEA,CE,Combined TRACON& Tower with Radar,244,36,23,45,348,0,0,0,0,0,244,36,23,45,348,0,8,8,356
03/01/2023,PIT,PA,AEA,CE,Combined TRACON& Tower with Radar,246,47,23,26,342,0,4,3,0,7,246,51,26,26,349,2,12,14,363
03/02/2023,PIT,PA,AEA,CE,Combined TRACON& Tower with Radar,258,57,15,43,373,0,1,3,0,4,258,58,18,43,377,0,6,6,383
03/03/2023,PIT,PA,AEA,CE,Combined TRACON& Tower with Radar,271,39,20,28,358,0,0,0,0,0,271,39,20,28,358,0,12,12,370
03/04/2023,PIT,PA,AEA,CE,Combined TRACON& Tower with Radar,215,30,13,4,262,0,0,0,0,0,215,30,13,4,262,0,0,0,262
03/05/2023,PIT,PA,AEA,CE,Combined TRACON& Tower with Radar,259,36,9,4,308,0,0,3,0,3,259,36,12,4,311,0,0,0,311
03/06/2023,PIT,PA,AEA,CE,Combined TRACON& Tower with Radar,258,42,16,2,318,0,2,4,0,6,258,44,20,2,324,0,0,0,324
03/07/2023,PIT,PA,AEA,CE,Combined TRACON& Tower with Radar,253,53,12,18,336,0,0,4,0,4,253,53,16,18,340,0,0,0,340
03/08/2023,PIT,PA,AEA,CE,Combined TRACON& Tower with Radar,245,47,21,19,332,0,1,4,0,5,245,48,25,19,337,0,0,0,337
03/09/2023,PIT,PA,AEA,CE,Combined TRACON& Tower with Radar,274,64,22,8,368,0,0,6,1,7,274,64,28,9,375,0,0,0,375
03/10/2023,PIT,PA,AEA,CE,Combined TRACON& Tower with Radar,275,28,6,7,316,0,0,0,0,0,275,28,6,7,316,0,0,0,316
03/11/2023,PIT,PA,AEA,CE,Combined TRACON& Tower with Radar,212,33,6,2,253,0,0,2,0,2,212,33,8,2,255,0,0,0,255
03/12/2023,PIT,PA,AEA,CE,Combined TRACON& Tower with Radar,246,37,5,6,294,0,0,0,0,0,246,37,5,6,294,0,0,0,294
03/13/2023,PIT,PA,AEA,CE,Combined TRACON& Tower with Radar,267,46,14,2,329,0,0,0,0,0,267,46,14,2,329,0,0,0,329
03/14/2023,PIT,PA,AEA,CE,Combined TRACON& Tower with Radar,251,46,22,54,373,0,0,0,0,0,251,46,22,54,373,0,2,2,375
03/15/2023,PIT,PA,AEA,CE,Combined TRACON& Tower with Radar,255,57,15,39,366,0,2,0,4,6,255,59,15,43,372,0,32,32,404
03/16/2023,PIT,PA,AEA,CE,Combined TRACON& Tower with Radar,283,56,24,41,404,0,0,2,0,2,283,56,26,41,406,0,8,8,414
03/17/2023,PIT,PA,AEA,CE,Combined TRACON& Tower with Radar,276,38,10,4,328,0,0,0,0,0,276,38,10,4,328,0,0,0,328
03/18/2023,PIT,PA,AEA,CE,Combined TRACON& Tower with Radar,212,25,4,0,241,0,2,2,0,4,212,27,6,0,245,0,0,0,245
03/19/2023,PIT,PA,AEA,CE,Combined TRACON& Tower with Radar,265,44,3,1,313,0,0,0,0,0,265,44,3,1,313,0,0,0,313
03/20/2023,PIT,PA,AEA,CE,Combined TRACON& Tower with Radar,270,62,19,0,351,0,1,1,0,2,270,63,20,0,353,4,0,4,357
03/21/2023,PIT,PA,AEA,CE,Combined TRACON& Tower with Radar,253,56,9,42,360,0,1,2,0,3,253,57,11,42,363,0,20,20,383
03/22/2023,PIT,PA,AEA,CE,Combined TRACON& Tower with Radar,255,60,14,29,358,0,0,0,0,0,255,60,14,29,358,0,12,12,370
03/23/2023,PIT,PA,AEA,CE,Combined TRACON& Tower with Radar,272,75,15,14,376,0,0,0,0,0,272,75,15,14,376,0,0,0,376
03/24/2023,PIT,PA,AEA,CE,Combined TRACON& Tower with Radar,281,49,15,22,367,0,0,0,0,0,281,49,15,22,367,0,0,0,367
03/25/2023,PIT,PA,AEA,CE,Combined TRACON& Tower with Radar,218,24,9,0,251,0,0,0,0,0,218,24,9,0,251,0,0,0,251
03/26/2023,PIT,PA,AEA,CE,Combined TRACON& Tower with Radar,251,42,15,7,315,0,0,1,0,1,251,42,16,7,316,0,0,0,316
03/27/2023,PIT,PA,AEA,CE,Combined TRACON& Tower with Radar,268,40,11,0,319,0,0,2,0,2,268,40,13,0,321,0,0,0,321
03/28/2023,PIT,PA,AEA,CE,Combined TRACON& Tower with Radar,254,51,14,25,344,0,0,0,0,0,254,51,14,25,344,0,20,20,364
03/29/2023,PIT,PA,AEA,CE,Combined TRACON& Tower with Radar,264,63,15,15,357,0,0,1,1,2,264,63,16,16,359,0,10,10,369
03/30/2023,PIT,PA,AEA,CE,Combined TRACON& Tower with Radar,275,58,23,39,395,0,3,3,2,8,275,61,26,41,403,2,4,6,409
03/31/2023,PIT,PA,AEA,CE,Combined TRACON& Tower with Radar,268,43,13,16,340,0,0,0,0,0,268,43,13,16,340,0,0,0,340
04/01/2023,PIT,PA,AEA,CE,Combined TRACON& Tower with Radar,252,22,2,6,282,0,0,1,0,1,252,22,3,6,283,0,0,0,283
04/02/2023,PIT,PA,AEA,CE,Combined TRACON& Tower with Radar,256,56,16,3,331,0,0,5,0,5,256,56,21,3,336,0,0,0,336
04/03/2023,PIT,PA,AEA,CE,Combined TRACON& Tower with Radar,276,40,14,5,335,0,0,12,0,12,276,40,26,5,347,6,0,6,353
04/04/2023,PIT,PA,AEA,CE,Combined TRACON& Tower with Radar,255,58,16,43,372,0,0,2,0,2,255,58,18,43,374,6,36,42,416
04/05/2023,PIT,PA,AEA,CE,Combined TRACON& Tower with Radar,260,53,18,25,356,0,2,2,9,13,260,55,20,34,369,0,4,4,373
04/06/2023,PIT,PA,AEA,CE,Combined TRACON& Tower with Radar,281,59,21,34,395,0,0,1,0,1,281,59,22,34,396,0,2,2,398
04/07/2023,PIT,PA,AEA,CE,Combined TRACON& Tower with Radar,284,51,14,25,374,0,1,2,0,3,284,52,16,25,377,0,22,22,399
04/08/2023,PIT,PA,AEA,CE,Combined TRACON& Tower with Radar,233,45,10,1,289,0,0,2,0,2,233,45,12,1,291,0,0,0,291
04/09/2023,PIT,PA,AEA,CE,Combined TRACON& Tower with Radar,249,28,4,1,282,0,0,4,0,4,249,28,8,1,286,0,0,0,286
04/10/2023,PIT,PA,AEA,CE,Combined TRACON& Tower with Radar,274,59,26,1,360,0,0,0,0,0,274,59,26,1,360,0,0,0,360
04/11/2023,PIT,PA,AEA,CE,Combined TRACON& Tower with Radar,253,65,29,41,388,0,0,6,2,8,253,65,35,43,396,0,16,16,412
04/12/2023,PIT,PA,AEA,CE,Combined TRACON& Tower with Radar,256,51,38,65,410,0,0,10,0,10,256,51,48,65,420,0,16,16,436
04/13/2023,PIT,PA,AEA,CE,Combined TRACON& Tower with Radar,267,63,22,46,398,0,0,4,6,10,267,63,26,52,408,0,26,26,434
04/14/2023,PIT,PA,AEA,CE,Combined TRACON& Tower with Radar,286,44,14,17,361,0,2,0,0,2,286,46,14,17,363,4,0,4,367
04/15/2023,PIT,PA,AEA,CE,Combined TRACON& Tower with Radar,238,32,11,16,297,0,0,3,1,4,238,32,14,17,301,0,4,4,305
04/16/2023,PIT,PA,AEA,CE,Combined TRACON& Tower with Radar,260,50,10,15,335,0,0,1,0,1,260,50,11,15,336,0,6,6,342
04/17/2023,PIT,PA,AEA,CE,Combined TRACON& Tower with Radar,269,30,16,1,316,0,0,0,0,0,269,30,16,1,316,0,0,0,316
04/18/2023,PIT,PA,AEA,CE,Combined TRACON& Tower with Radar,251,47,13,36,347,0,1,0,2,3,251,48,13,38,350,0,10,10,360
04/19/2023,PIT,PA,AEA,CE,Combined TRACON& Tower with Radar,257,60,10,24,351,0,0,2,2,4,257,60,12,26,355,0,16,16,371
04/20/2023,PIT,PA,AEA,CE,Combined TRACON& Tower with Radar,273,57,17,24,371,0,0,3,5,8,273,57,20,29,379,0,10,10,389
04/21/2023,PIT,PA,AEA,CE,Combined TRACON& Tower with Radar,279,57,14,22,372,0,0,3,0,3,279,57,17,22,375,0,0,0,375
04/22/2023,PIT,PA,AEA,CE,Combined TRACON& Tower with Radar,262,23,5,0,290,0,0,0,0,0,262,23,5,0,290,0,0,0,290
04/23/2023,PIT,PA,AEA,CE,Combined TRACON& Tower with Radar,255,34,8,2,299,0,0,1,0,1,255,34,9,2,300,0,0,0,300
04/24/2023,PIT,PA,AEA,CE,Combined TRACON& Tower with Radar,284,53,11,2,350,0,0,2,0,2,284,53,13,2,352,0,0,0,352
04/25/2023,PIT,PA,AEA,CE,Combined TRACON& Tower with Radar,252,58,16,49,375,0,0,0,2,2,252,58,16,51,377,0,16,16,393
04/26/2023,PIT,PA,AEA,CE,Combined TRACON& Tower with Radar,260,53,20,30,363,0,0,0,0,0,260,53,20,30,363,0,24,24,387
04/27/2023,PIT,PA,AEA,CE,Combined TRACON& Tower with Radar,274,62,19,51,406,0,0,2,0,2,274,62,21,51,408,0,4,4,412
04/28/2023,PIT,PA,AEA,CE,Combined TRACON& Tower with Radar,282,52,8,25,367,0,0,0,0,0,282,52,8,25,367,0,0,0,367
04/29/2023,PIT,PA,AEA,CE,Combined TRACON& Tower with Radar,231,40,6,3,280,0,0,4,0,4,231,40,10,3,284,0,0,0,284
04/30/2023,PIT,PA,AEA,CE,Combined TRACON& Tower with Radar,261,53,9,2,325,0,0,1,0,1,261,53,10,2,326,0,0,0,326
05/01/2023,PIT,PA,AEA,CE,Combined TRACON& Tower with Radar,274,38,14,2,328,0,1,0,0,1,274,39,14,2,329,0,0,0,329
05/02/2023,PIT,PA,AEA,CE,Combined TRACON& Tower with Radar,259,70,23,20,372,0,0,0,0,0,259,70,23,20,372,0,0,0,372
05/03/2023,PIT,PA,AEA,CE,Combined TRACON& Tower with Radar,251,60,24,3,338,0,0,0,0,0,251,60,24,3,338,0,0,0,338
05/04/2023,PIT,PA,AEA,CE,Combined TRACON& Tower with Radar,272,57,23,37,389,0,0,1,1,2,272,57,24,38,391,0,6,6,397
05/05/2023,PIT,PA,AEA,CE,Combined TRACON& Tower with Radar,275,68,16,23,382,0,4,5,2,11,275,72,21,25,393,0,6,6,399
05/06/2023,PIT,PA,AEA,CE,Combined TRACON& Tower with Radar,226,42,15,5,288,0,0,1,1,2,226,42,16,6,290,0,0,0,290
05/07/2023,PIT,PA,AEA,CE,Combined TRACON& Tower with Radar,259,54,20,0,333,0,0,1,0,1,259,54,21,0,334,0,0,0,334
05/08/2023,PIT,PA,AEA,CE,Combined TRACON& Tower with Radar,273,63,16,2,354,0,0,3,0,3,273,63,19,2,357,0,0,0,357
05/09/2023,PIT,PA,AEA,CE,Combined TRACON& Tower with Radar,251,66,16,28,361,0,0,1,4,5,251,66,17,32,366,0,8,8,374
05/10/2023,PIT,PA,AEA,CE,Combined TRACON& Tower with Radar,259,64,14,44,381,0,2,4,1,7,259,66,18,45,388,0,6,6,394
05/11/2023,PIT,PA,AEA,CE,Combined TRACON& Tower with Radar,277,72,23,39,411,0,0,5,7,12,277,72,28,46,423,2,22,24,447
05/12/2023,PIT,PA,AEA,CE,Combined TRACON& Tower with Radar,277,62,8,14,361,0,0,7,1,8,277,62,15,15,369,0,14,14,383
05/13/2023,PIT,PA,AEA,CE,Combined TRACON& Tower with Radar,222,45,9,1,277,0,2,0,0,2,222,47,9,1,279,0,0,0,279
05/14/2023,PIT,PA,AEA,CE,Combined TRACON& Tower with Radar,255,54,12,0,321,0,0,1,0,1,255,54,13,0,322,0,0,0,322
05/15/2023,PIT,PA,AEA,CE,Combined TRACON& Tower with Radar,267,47,23,1,338,0,0,2,0,2,267,47,25,1,340,0,0,0,340
05/16/2023,PIT,PA,AEA,CE,Combined TRACON& Tower with Radar,257,54,30,44,385,0,0,5,0,5,257,54,35,44,390,0,20,20,410
05/17/2023,PIT,PA,AEA,CE,Combined TRACON& Tower with Radar,256,60,22,41,379,0,0,0,1,1,256,60,22,42,380,0,6,6,386
05/18/2023,PIT,PA,AEA,CE,Combined TRACON& Tower with Radar,286,71,19,25,401,0,0,1,0,1,286,71,20,25,402,0,4,4,406
05/19/2023,PIT,PA,AEA,CE,Combined TRACON& Tower with Radar,278,65,14,39,396,0,0,3,0,3,278,65,17,39,399,0,6,6,405
05/20/2023,PIT,PA,AEA,CE,Combined TRACON& Tower with Radar,221,39,1,0,261,0,1,0,0,1,221,40,1,0,262,0,0,0,262
05/21/2023,PIT,PA,AEA,CE,Combined TRACON& Tower with Radar,281,43,14,3,341,0,0,5,0,5,281,43,19,3,346,0,0,0,346
05/22/2023,PIT,PA,AEA,CE,Combined TRACON& Tower with Radar,270,58,11,5,344,0,0,0,0,0,270,58,11,5,344,4,0,4,348
05/23/2023,PIT,PA,AEA,CE,Combined TRACON& Tower with Radar,262,74,22,42,400,0,0,5,0,5,262,74,27,42,405,0,18,18,423
05/24/2023,PIT,PA,AEA,CE,Combined TRACON& Tower with Radar,257,71,19,32,379,0,0,8,0,8,257,71,27,32,387,0,8,8,395
05/25/2023,PIT,PA,AEA,CE,Combined TRACON& Tower with Radar,290,71,32,39,432,0,0,5,0,5,290,71,37,39,437,0,6,6,443
05/26/2023,PIT,PA,AEA,CE,Combined TRACON& Tower with Radar,277,54,6,2,339,0,0,0,0,0,277,54,6,2,339,0,0,0,339
05/27/2023,PIT,PA,AEA,CE,Combined TRACON& Tower with Radar,223,29,6,0,258,0,2,4,0,6,223,31,10,0,264,0,0,0,264
05/28/2023,PIT,PA,AEA,CE,Combined TRACON& Tower with Radar,259,34,6,0,299,0,0,1,2,3,259,34,7,2,302,0,0,0,302
05/29/2023,PIT,PA,AEA,CE,Combined TRACON& Tower with Radar,271,48,7,0,326,0,0,1,2,3,271,48,8,2,329,0,0,0,329
05/30/2023,PIT,PA,AEA,CE,Combined TRACON& Tower with Radar,255,62,11,35,363,0,0,3,1,4,255,62,14,36,367,0,8,8,375
05/31/2023,PIT,PA,AEA,CE,Combined TRACON& Tower with Radar,257,53,19,59,388,0,0,5,0,5,257,53,24,59,393,0,6,6,399
06/01/2023,PIT,PA,AEA,CE,Combined TRACON& Tower with Radar,284,66,20,62,432,0,0,10,0,10,284,66,30,62,442,0,24,24,466
06/02/2023,PIT,PA,AEA,CE,Combined TRACON& Tower with Radar,280,57,9,36,382,0,0,5,0,5,280,57,14,36,387,0,0,0,387
06/03/2023,PIT,PA,AEA,CE,Combined TRACON& Tower with Radar,229,40,8,7,284,0,1,4,3,8,229,41,12,10,292,0,0,0,292
06/04/2023,PIT,PA,AEA,CE,Combined TRACON& Tower with Radar,266,42,9,0,317,0,0,0,0,0,266,42,9,0,317,0,0,0,317
06/05/2023,PIT,PA,AEA,CE,Combined TRACON& Tower with Radar,276,61,23,4,364,0,0,2,0,2,276,61,25,4,366,0,0,0,366
06/06/2023,PIT,PA,AEA,CE,Combined TRACON& Tower with Radar,251,61,26,39,377,0,2,0,1,3,251,63,26,40,380,0,4,4,384
06/07/2023,PIT,PA,AEA,CE,Combined TRACON& Tower with Radar,255,66,23,29,373,0,1,2,0,3,255,67,25,29,376,6,10,16,392
06/08/2023,PIT,PA,AEA,CE,Combined TRACON& Tower with Radar,285,67,26,33,411,0,0,6,0,6,285,67,32,33,417,0,0,0,417
06/09/2023,PIT,PA,AEA,CE,Combined TRACON& Tower with Radar,283,57,15,25,380,0,4,2,1,7,283,61,17,26,387,0,0,0,387
06/10/2023,PIT,PA,AEA,CE,Combined TRACON& Tower with Radar,253,46,8,8,315,0,4,6,0,10,253,50,14,8,325,2,0,2,327
06/11/2023,PIT,PA,AEA,CE,Combined TRACON& Tower with Radar,270,47,14,0,331,0,2,1,0,3,270,49,15,0,334,0,0,0,334
06/12/2023,PIT,PA,AEA,CE,Combined TRACON& Tower with Radar,269,55,16,3,343,0,0,3,0,3,269,55,19,3,346,0,0,0,346
06/13/2023,PIT,PA,AEA,CE,Combined TRACON& Tower with Radar,261,50,15,24,350,0,2,8,0,10,261,52,23,24,360,0,0,0,360
06/14/2023,PIT,PA,AEA,CE,Combined TRACON& Tower with Radar,259,53,22,26,360,0,2,2,1,5,259,55,24,27,365,0,12,12,377
06/15/2023,PIT,PA,AEA,CE,Combined TRACON& Tower with Radar,282,76,36,28,422,0,1,2,2,5,282,77,38,30,427,0,8,8,435
06/16/2023,PIT,PA,AEA,CE,Combined TRACON& Tower with Radar,283,81,28,3,395,0,0,0,0,0,283,81,28,3,395,0,0,0,395
06/17/2023,PIT,PA,AEA,CE,Combined TRACON& Tower with Radar,257,65,36,0,358,0,3,0,0,3,257,68,36,0,361,0,0,0,361
06/18/2023,PIT,PA,AEA,CE,Combined TRACON& Tower with Radar,277,49,23,1,350,0,0,0,0,0,277,49,23,1,350,0,0,0,350
06/19/2023,PIT,PA,AEA,CE,Combined TRACON& Tower with Radar,264,65,10,1,340,0,0,6,0,6,264,65,16,1,346,0,0,0,346
06/20/2023,PIT,PA,AEA,CE,Combined TRACON& Tower with Radar,256,51,21,41,369,0,1,3,0,4,256,52,24,41,373,0,6,6,379
06/21/2023,PIT,PA,AEA,CE,Combined TRACON& Tower with Radar,253,44,17,42,356,0,0,5,0,5,253,44,22,42,361,0,0,0,361
06/22/2023,PIT,PA,AEA,CE,Combined TRACON& Tower with Radar,274,83,21,33,411,0,0,5,0,5,274,83,26,33,416,0,2,2,418
06/23/2023,PIT,PA,AEA,CE,Combined TRACON& Tower with Radar,276,60,25,33,394,0,0,1,0,1,276,60,26,33,395,0,0,0,395
06/24/2023,PIT,PA,AEA,CE,Combined TRACON& Tower with Radar,253,47,14,1,315,0,2,0,1,3,253,49,14,2,318,0,0,0,318
06/25/2023,PIT,PA,AEA,CE,Combined TRACON& Tower with Radar,307,44,7,5,363,0,0,0,1,1,307,44,7,6,364,0,0,0,364
06/26/2023,PIT,PA,AEA,CE,Combined TRACON& Tower with Radar,242,50,23,8,323,0,0,1,0,1,242,50,24,8,324,0,0,0,324
06/27/2023,PIT,PA,AEA,CE,Combined TRACON& Tower with Radar,247,65,24,27,363,0,0,0,0,0,247,65,24,27,363,0,0,0,363
06/28/2023,PIT,PA,AEA,CE,Combined TRACON& Tower with Radar,249,63,18,23,353,0,0,0,0,0,249,63,18,23,353,0,0,0,353
06/29/2023,PIT,PA,AEA,CE,Combined TRACON& Tower with Radar,281,76,36,11,404,0,0,0,0,0,281,76,36,11,404,0,0,0,404
06/30/2023,PIT,PA,AEA,CE,Combined TRACON& Tower with Radar,289,49,20,17,375,0,2,3,0,5,289,51,23,17,380,0,10,10,390
07/01/2023,PIT,PA,AEA,CE,Combined TRACON& Tower with Radar,253,54,13,3,323,0,0,2,0,2,253,54,15,3,325,0,0,0,325
07/02/2023,PIT,PA,AEA,CE,Combined TRACON& Tower with Radar,253,44,11,2,310,1,0,0,0,1,254,44,11,2,311,0,0,0,311
07/03/2023,PIT,PA,AEA,CE,Combined TRACON& Tower with Radar,231,30,6,1,268,0,0,1,0,1,231,30,7,1,269,0,0,0,269
07/04/2023,PIT,PA,AEA,CE,Combined TRACON& Tower with Radar,182,35,7,3,227,0,3,1,0,4,182,38,8,3,231,0,0,0,231
07/05/2023,PIT,PA,AEA,CE,Combined TRACON& Tower with Radar,237,58,22,37,354,0,1,3,0,4,237,59,25,37,358,0,30,30,388
07/06/2023,PIT,PA,AEA,CE,Combined TRACON& Tower with Radar,279,45,28,32,384,0,2,9,0,11,279,47,37,32,395,0,0,0,395
07/07/2023,PIT,PA,AEA,CE,Combined TRACON& Tower with Radar,272,50,22,12,356,0,0,2,2,4,272,50,24,14,360,0,12,12,372
07/08/2023,PIT,PA,AEA,CE,Combined TRACON& Tower with Radar,255,45,13,0,313,0,0,1,0,1,255,45,14,0,314,4,0,4,318
07/09/2023,PIT,PA,AEA,CE,Combined TRACON& Tower with Radar,258,38,9,3,308,0,0,0,0,0,258,38,9,3,308,0,0,0,308
07/10/2023,PIT,PA,AEA,CE,Combined TRACON& Tower with Radar,266,51,14,4,335,0,0,6,0,6,266,51,20,4,341,0,0,0,341
07/11/2023,PIT,PA,AEA,CE,Combined TRACON& Tower with Radar,278,54,17,42,391,0,2,13,0,15,278,56,30,42,406,0,8,8,414
07/12/2023,PIT,PA,AEA,CE,Combined TRACON& Tower with Radar,257,52,34,42,385,0,2,12,0,14,257,54,46,42,399,12,12,24,423
07/13/2023,PIT,PA,AEA,CE,Combined TRACON& Tower with Radar,294,61,21,43,419,0,0,0,0,0,294,61,21,43,419,0,10,10,429
07/14/2023,PIT,PA,AEA,CE,Combined TRACON& Tower with Radar,286,51,15,13,365,0,0,1,0,1,286,51,16,13,366,0,2,2,368
07/15/2023,PIT,PA,AEA,CE,Combined TRACON& Tower with Radar,251,51,17,3,322,0,0,0,0,0,251,51,17,3,322,6,0,6,328
07/16/2023,PIT,PA,AEA,CE,Combined TRACON& Tower with Radar,270,43,11,2,326,0,0,2,0,2,270,43,13,2,328,0,0,0,328
07/17/2023,PIT,PA,AEA,CE,Combined TRACON& Tower with Radar,278,56,21,3,358,0,0,0,0,0,278,56,21,3,358,0,0,0,358
07/18/2023,PIT,PA,AEA,CE,Combined TRACON& Tower with Radar,265,64,10,32,371,0,0,0,3,3,265,64,10,35,374,0,22,22,396
07/19/2023,PIT,PA,AEA,CE,Combined TRACON& Tower with Radar,260,67,31,38,396,0,0,6,0,6,260,67,37,38,402,0,0,0,402
07/20/2023,PIT,PA,AEA,CE,Combined TRACON& Tower with Radar,288,76,16,69,449,0,0,1,0,1,288,76,17,69,450,0,4,4,454
07/21/2023,PIT,PA,AEA,CE,Combined TRACON& Tower with Radar,287,53,17,32,389,0,0,2,3,5,287,53,19,35,394,0,16,16,410
07/22/2023,PIT,PA,AEA,CE,Combined TRACON& Tower with Radar,257,51,12,2,322,0,1,1,0,2,257,52,13,2,324,0,0,0,324
07/23/2023,PIT,PA,AEA,CE,Combined TRACON& Tower with Radar,273,52,17,3,345,0,1,3,0,4,273,53,20,3,349,0,0,0,349
07/24/2023,PIT,PA,AEA,CE,Combined TRACON& Tower with Radar,278,54,26,5,363,0,0,7,1,8,278,54,33,6,371,6,12,18,389
07/25/2023,PIT,PA,AEA,CE,Combined TRACON& Tower with Radar,274,56,28,31,389,0,0,5,1,6,274,56,33,32,395,0,4,4,399
07/26/2023,PIT,PA,AEA,CE,Combined TRACON& Tower with Radar,248,51,13,52,364,0,0,2,0,2,248,51,15,52,366,0,14,14,380
07/27/2023,PIT,PA,AEA,CE,Combined TRACON& Tower with Radar,302,57,21,38,418,0,0,2,3,5,302,57,23,41,423,0,4,4,427
07/28/2023,PIT,PA,AEA,CE,Combined TRACON& Tower with Radar,280,56,17,30,383,0,0,0,0,0,280,56,17,30,383,0,24,24,407
07/29/2023,PIT,PA,AEA,CE,Combined TRACON& Tower with Radar,267,61,8,4,340,0,0,2,0,2,267,61,10,4,342,0,0,0,342
07/30/2023,PIT,PA,AEA,CE,Combined TRACON& Tower with Radar,274,43,10,1,328,0,1,0,0,1,274,44,10,1,329,0,0,0,329
07/31/2023,PIT,PA,AEA,CE,Combined TRACON& Tower with Radar,280,53,23,12,368,0,1,2,0,3,280,54,25,12,371,0,0,0,371
08/01/2023,PIT,PA,AEA,CE,Combined TRACON& Tower with Radar,262,65,15,42,384,0,2,1,1,4,262,67,16,43,388,0,2,2,390
08/02/2023,PIT,PA,AEA,CE,Combined TRACON& Tower with Radar,260,62,23,57,402,0,2,6,0,8,260,64,29,57,410,0,14,14,424
08/03/2023,PIT,PA,AEA,CE,Combined TRACON& Tower with Radar,289,51,33,39,412,0,0,5,0,5,289,51,38,39,417,20,10,30,447
08/04/2023,PIT,PA,AEA,CE,Combined TRACON& Tower with Radar,283,56,19,24,382,0,2,0,1,3,283,58,19,25,385,0,12,12,397
08/05/2023,PIT,PA,AEA,CE,Combined TRACON& Tower with Radar,248,48,13,14,323,0,3,0,5,8,248,51,13,19,331,0,0,0,331
08/06/2023,PIT,PA,AEA,CE,Combined TRACON& Tower with Radar,276,41,18,5,340,0,0,3,0,3,276,41,21,5,343,0,0,0,343
08/07/2023,PIT,PA,AEA,CE,Combined TRACON& Tower with Radar,270,52,17,4,343,0,0,1,0,1,270,52,18,4,344,0,0,0,344
08/08/2023,PIT,PA,AEA,CE,Combined TRACON& Tower with Radar,270,51,27,36,384,0,0,5,0,5,270,51,32,36,389,0,0,0,389
08/09/2023,PIT,PA,AEA,CE,Combined TRACON& Tower with Radar,260,57,22,43,382,0,1,4,1,6,260,58,26,44,388,0,0,0,388
08/10/2023,PIT,PA,AEA,CE,Combined TRACON& Tower with Radar,298,67,20,62,447,0,1,0,0,1,298,68,20,62,448,0,4,4,452
08/11/2023,PIT,PA,AEA,CE,Combined TRACON& Tower with Radar,287,49,15,23,374,0,0,2,0,2,287,49,17,23,376,0,10,10,386
08/12/2023,PIT,PA,AEA,CE,Combined TRACON& Tower with Radar,243,41,3,3,290,0,0,16,0,16,243,41,19,3,306,0,0,0,306
08/13/2023,PIT,PA,AEA,CE,Combined TRACON& Tower with Radar,284,47,13,4,348,0,0,33,0,33,284,47,46,4,381,0,0,0,381
08/14/2023,PIT,PA,AEA,CE,Combined TRACON& Tower with Radar,272,58,16,1,347,0,0,0,0,0,272,58,16,1,347,0,0,0,347
08/15/2023,PIT,PA,AEA,CE,Combined TRACON& Tower with Radar,260,52,21,35,368,0,0,2,0,2,260,52,23,35,370,0,20,20,390
08/16/2023,PIT,PA,AEA,CE,Combined TRACON& Tower with Radar,256,65,16,28,365,0,0,1,0,1,256,65,17,28,366,0,0,0,366
08/17/2023,PIT,PA,AEA,CE,Combined TRACON& Tower with Radar,277,56,11,44,388,0,0,0,0,0,277,56,11,44,388,0,8,8,396
08/18/2023,PIT,PA,AEA,CE,Combined TRACON& Tower with Radar,283,57,8,30,378,0,0,2,0,2,283,57,10,30,380,0,16,16,396
08/19/2023,PIT,PA,AEA,CE,Combined TRACON& Tower with Radar,227,42,12,2,283,0,0,0,0,0,227,42,12,2,283,0,0,0,283
08/20/2023,PIT,PA,AEA,CE,Combined TRACON& Tower with Radar,264,48,15,1,328,0,0,6,0,6,264,48,21,1,334,0,0,0,334
08/21/2023,PIT,PA,AEA,CE,Combined TRACON& Tower with Radar,263,62,28,0,353,0,1,1,0,2,263,63,29,0,355,0,0,0,355
08/22/2023,PIT,PA,AEA,CE,Combined TRACON& Tower with Radar,254,61,24,25,364,0,0,1,0,1,254,61,25,25,365,0,10,10,375
08/23/2023,PIT,PA,AEA,CE,Combined TRACON& Tower with Radar,260,50,20,19,349,0,0,0,12,12,260,50,20,31,361,0,34,34,395
08/24/2023,PIT,PA,AEA,CE,Combined TRACON& Tower with Radar,283,68,29,36,416,0,0,2,0,2,283,68,31,36,418,0,0,0,418
08/25/2023,PIT,PA,AEA,CE,Combined TRACON& Tower with Radar,272,52,18,19,361,0,1,0,0,1,272,53,18,19,362,0,10,10,372
08/26/2023,PIT,PA,AEA,CE,Combined TRACON& Tower with Radar,231,40,5,6,282,0,0,1,0,1,231,40,6,6,283,0,0,0,283
08/27/2023,PIT,PA,AEA,CE,Combined TRACON& Tower with Radar,263,30,9,0,302,0,0,0,0,0,263,30,9,0,302,4,0,4,306
08/28/2023,PIT,PA,AEA,CE,Combined TRACON& Tower with Radar,260,56,14,2,332,0,0,3,0,3,260,56,17,2,335,0,0,0,335
08/29/2023,PIT,PA,AEA,CE,Combined TRACON& Tower with Radar,250,59,23,24,356,0,0,1,0,1,250,59,24,24,357,0,0,0,357
08/30/2023,PIT,PA,AEA,CE,Combined TRACON& Tower with Radar,244,75,20,19,358,0,2,1,2,5,244,77,21,21,363,0,18,18,381
08/31/2023,PIT,PA,AEA,CE,Combined TRACON& Tower with Radar,286,66,21,26,399,0,0,4,1,5,286,66,25,27,404,0,6,6,410
