04/01/2002,SWO,OK,ASW,CE,Federal Contract Tower,0,0,1,0,1,0,0,38,0,38,0,0,39,0,39,28,0,28,67
04/02/2002,SWO,OK,ASW,CE,Federal Contract Tower,0,0,4,0,4,0,0,5,0,5,0,0,9,0,9,0,0,0,9
04/03/2002,SWO,OK,ASW,CE,Federal Contract Tower,0,0,8,0,8,0,0,138,0,138,0,0,146,0,146,201,0,201,347
04/04/2002,SWO,OK,ASW,CE,Federal Contract Tower,0,0,7,0,7,0,1,121,2,124,0,1,128,2,131,157,0,157,288
04/05/2002,SWO,OK,ASW,CE,Federal Contract Tower,0,0,3,0,3,0,0,128,0,128,0,0,131,0,131,268,0,268,399
04/06/2002,SWO,OK,ASW,CE,Federal Contract Tower,0,0,7,0,7,0,0,25,0,25,0,0,32,0,32,64,0,64,96
04/07/2002,SWO,OK,ASW,CE,Federal Contract Tower,0,0,0,0,0,0,0,0,0,0,0,0,0,0,0,0,0,0,0
04/08/2002,SWO,OK,ASW,CE,Federal Contract Tower,0,0,4,0,4,0,0,3,0,3,0,0,7,0,7,32,0,32,39
04/09/2002,SWO,OK,ASW,CE,Federal Contract Tower,0,0,6,0,6,0,0,106,0,106,0,0,112,0,112,164,0,164,276
04/10/2002,SWO,OK,ASW,CE,Federal Contract Tower,0,0,11,0,11,0,0,83,2,85,0,0,94,2,96,57,2,59,155
04/11/2002,SWO,OK,ASW,CE,Federal Contract Tower,0,0,4,0,4,0,0,73,0,73,0,0,77,0,77,36,0,36,113
04/12/2002,SWO,OK,ASW,CE,Federal Contract Tower,0,0,5,0,5,0,0,25,0,25,0,0,30,0,30,78,0,78,108
04/13/2002,SWO,OK,ASW,CE,Federal Contract Tower,0,0,1,0,1,0,0,22,0,22,0,0,23,0,23,4,0,4,27
04/14/2002,SWO,OK,ASW,CE,Federal Contract Tower,0,0,1,0,1,0,0,84,0,84,0,0,85,0,85,58,14,72,157
04/15/2002,SWO,OK,ASW,CE,Federal Contract Tower,0,0,3,0,3,0,0,47,0,47,0,0,50,0,50,40,0,40,90
04/16/2002,SWO,OK,ASW,CE,Federal Contract Tower,0,0,2,0,2,0,0,2,0,2,0,0,4,0,4,0,0,0,4
04/17/2002,SWO,OK,ASW,CE,Federal Contract Tower,0,0,11,0,11,0,0,82,0,82,0,0,93,0,93,126,0,126,219
04/18/2002,SWO,OK,ASW,CE,Federal Contract Tower,0,0,12,0,12,0,0,56,0,56,0,0,68,0,68,30,0,30,98
04/19/2002,SWO,OK,ASW,CE,Federal Contract Tower,0,0,10,0,10,0,0,37,0,37,0,0,47,0,47,64,0,64,111
04/20/2002,SWO,OK,ASW,CE,Federal Contract Tower,0,0,5,0,5,0,0,0,0,0,0,0,5,0,5,0,0,0,5
04/21/2002,SWO,OK,ASW,CE,Federal Contract Tower,0,0,7,0,7,0,0,43,0,43,0,0,50,0,50,54,0,54,104
04/22/2002,SWO,OK,ASW,CE,Federal Contract Tower,0,0,5,0,5,0,0,158,0,158,0,0,163,0,163,214,0,214,377
04/23/2002,SWO,OK,ASW,CE,Federal Contract Tower,0,0,10,0,10,0,0,5,0,5,0,0,15,0,15,6,0,6,21
04/24/2002,SWO,OK,ASW,CE,Federal Contract Tower,0,0,6,0,6,0,0,32,0,32,0,0,38,0,38,16,0,16,54
04/25/2002,SWO,OK,ASW,CE,Federal Contract Tower,0,0,11,0,11,0,0,97,0,97,0,0,108,0,108,110,0,110,218
04/26/2002,SWO,OK,ASW,CE,Federal Contract Tower,0,1,21,0,22,0,1,0,0,1,0,2,21,0,23,0,0,0,23
04/27/2002,SWO,OK,ASW,CE,Federal Contract Tower,0,1,3,0,4,0,1,0,0,1,0,2,3,0,5,0,0,0,5
04/28/2002,SWO,OK,ASW,CE,Federal Contract Tower,0,0,2,0,2,0,0,84,0,84,0,0,86,0,86,154,0,154,240
04/29/2002,SWO,OK,ASW,CE,Federal Contract Tower,0,0,4,0,4,0,0,126,0,126,0,0,130,0,130,210,0,210,340
04/30/2002,SWO,OK,ASW,CE,Federal Contract Tower,0,3,18,0,21,0,2,9,0,11,0,5,27,0,32,0,0,0,32
05/01/2002,SWO,OK,ASW,CE,Federal Contract Tower,0,0,4,0,4,0,0,96,0,96,0,0,100,0,100,148,0,148,248
05/02/2002,SWO,OK,ASW,CE,Federal Contract Tower,0,0,7,0,7,0,0,77,0,77,0,0,84,0,84,102,0,102,186
05/03/2002,SWO,OK,ASW,CE,Federal Contract Tower,0,0,10,0,10,0,0,24,0,24,0,0,34,0,34,60,0,60,94
05/04/2002,SWO,OK,ASW,CE,Federal Contract Tower,0,0,3,0,3,0,3,64,0,67,0,3,67,0,70,42,0,42,112
05/05/2002,SWO,OK,ASW,CE,Federal Contract Tower,0,0,1,0,1,0,0,49,0,49,0,0,50,0,50,44,0,44,94
05/06/2002,SWO,OK,ASW,CE,Federal Contract Tower,0,0,3,0,3,0,0,37,0,37,0,0,40,0,40,58,0,58,98
05/07/2002,SWO,OK,ASW,CE,Federal Contract Tower,0,0,4,0,4,0,0,61,0,61,0,0,65,0,65,44,0,44,109
05/08/2002,SWO,OK,ASW,CE,Federal Contract Tower,0,0,8,0,8,0,0,29,0,29,0,0,37,0,37,28,0,28,65
05/09/2002,SWO,OK,ASW,CE,Federal Contract Tower,0,0,3,0,3,0,0,113,0,113,0,0,116,0,116,104,0,104,220
05/10/2002,SWO,OK,ASW,CE,Federal Contract Tower,0,2,8,0,10,0,0,32,0,32,0,2,40,0,42,54,0,54,96
05/11/2002,SWO,OK,ASW,CE,Federal Contract Tower,0,6,4,0,10,0,2,4,0,6,0,8,8,0,16,0,0,0,16
05/12/2002,SWO,OK,ASW,CE,Federal Contract Tower,0,0,5,0,5,0,0,0,0,0,0,0,5,0,5,0,0,0,5
05/13/2002,SWO,OK,ASW,CE,Federal Contract Tower,0,0,0,0,0,0,0,128,0,128,0,0,128,0,128,100,0,100,228
05/14/2002,SWO,OK,ASW,CE,Federal Contract Tower,0,3,13,0,16,0,0,117,0,117,0,3,130,0,133,64,0,64,197
05/15/2002,SWO,OK,ASW,CE,Federal Contract Tower,0,4,3,0,7,0,0,27,0,27,0,4,30,0,34,8,0,8,42
05/16/2002,SWO,OK,ASW,CE,Federal Contract Tower,0,0,16,0,16,0,0,41,0,41,0,0,57,0,57,88,0,88,145
05/17/2002,SWO,OK,ASW,CE,Federal Contract Tower,0,2,2,0,4,0,0,18,0,18,0,2,20,0,22,2,0,2,24
05/18/2002,SWO,OK,ASW,CE,Federal Contract Tower,0,2,3,0,5,0,0,63,0,63,0,2,66,0,68,76,0,76,144
05/19/2002,SWO,OK,ASW,CE,Federal Contract Tower,0,0,4,0,4,0,0,46,0,46,0,0,50,0,50,22,0,22,72
05/20/2002,SWO,OK,ASW,CE,Federal Contract Tower,0,0,9,0,9,0,0,69,0,69,0,0,78,0,78,34,0,34,112
05/21/2002,SWO,OK,ASW,CE,Federal Contract Tower,0,0,7,0,7,0,0,83,0,83,0,0,90,0,90,60,0,60,150
05/22/2002,SWO,OK,ASW,CE,Federal Contract Tower,0,0,1,0,1,0,0,10,0,10,0,0,11,0,11,0,0,0,11
05/23/2002,SWO,OK,ASW,CE,Federal Contract Tower,0,0,2,0,2,0,0,11,0,11,0,0,13,0,13,10,0,10,23
05/24/2002,SWO,OK,ASW,CE,Federal Contract Tower,0,0,2,0,2,0,0,5,0,5,0,0,7,0,7,26,0,26,33
05/25/2002,SWO,OK,ASW,CE,Federal Contract Tower,0,2,4,0,6,0,0,19,0,19,0,2,23,0,25,4,0,4,29
05/26/2002,SWO,OK,ASW,CE,Federal Contract Tower,0,0,4,0,4,0,0,35,0,35,0,0,39,0,39,18,0,18,57
05/27/2002,SWO,OK,ASW,CE,Federal Contract Tower,0,0,6,0,6,0,0,14,0,14,0,0,20,0,20,18,0,18,38
05/28/2002,SWO,OK,ASW,CE,Federal Contract Tower,0,0,6,0,6,0,0,0,0,0,0,0,6,0,6,0,0,0,6
05/29/2002,SWO,OK,ASW,CE,Federal Contract Tower,0,2,15,0,17,0,0,24,0,24,0,2,39,0,41,46,0,46,87
05/30/2002,SWO,OK,ASW,CE,Federal Contract Tower,0,0,4,0,4,0,0,84,0,84,0,0,88,0,88,64,0,64,152
05/31/2002,SWO,OK,ASW,CE,Federal Contract Tower,0,0,1,0,1,0,0,82,0,82,0,0,83,0,83,56,0,56,139
06/01/2002,SWO,OK,ASW,CE,Federal Contract Tower,0,1,0,0,1,2,59,0,0,61,2,60,0,0,62,14,0,14,76
06/02/2002,SWO,OK,ASW,CE,Federal Contract Tower,0,0,0,0,0,0,38,0,0,38,0,38,0,0,38,12,0,12,50
06/03/2002,SWO,OK,ASW,CE,Federal Contract Tower,0,0,0,0,0,0,26,0,0,26,0,26,0,0,26,12,0,12,38
06/04/2002,SWO,OK,ASW,CE,Federal Contract Tower,0,2,6,0,8,0,0,54,0,54,0,2,60,0,62,26,0,26,88
06/05/2002,SWO,OK,ASW,CE,Federal Contract Tower,0,0,10,0,10,0,0,12,2,14,0,0,22,2,24,2,0,2,26
06/06/2002,SWO,OK,ASW,CE,Federal Contract Tower,0,2,6,0,8,0,0,229,0,229,0,2,235,0,237,80,0,80,317
06/07/2002,SWO,OK,ASW,CE,Federal Contract Tower,0,2,3,0,5,0,0,215,0,215,0,2,218,0,220,80,0,80,300
06/08/2002,SWO,OK,ASW,CE,Federal Contract Tower,0,3,7,0,10,0,0,150,0,150,0,3,157,0,160,30,0,30,190
06/09/2002,SWO,OK,ASW,CE,Federal Contract Tower,0,1,1,0,2,0,0,44,0,44,0,1,45,0,46,16,0,16,62
06/10/2002,SWO,OK,ASW,CE,Federal Contract Tower,0,0,10,0,10,0,0,22,0,22,0,0,32,0,32,8,0,8,40
06/11/2002,SWO,OK,ASW,CE,Federal Contract Tower,0,0,2,0,2,0,2,81,0,83,0,2,83,0,85,36,0,36,121
06/12/2002,SWO,OK,ASW,CE,Federal Contract Tower,0,2,4,0,6,0,0,58,0,58,0,2,62,0,64,38,0,38,102
06/13/2002,SWO,OK,ASW,CE,Federal Contract Tower,0,0,1,0,1,0,0,23,0,23,0,0,24,0,24,34,0,34,58
06/14/2002,SWO,OK,ASW,CE,Federal Contract Tower,0,0,12,0,12,0,0,80,0,80,0,0,92,0,92,64,0,64,156
06/15/2002,SWO,OK,ASW,CE,Federal Contract Tower,0,2,1,0,3,0,0,55,0,55,0,2,56,0,58,64,0,64,122
06/16/2002,SWO,OK,ASW,CE,Federal Contract Tower,0,1,3,0,4,0,0,29,0,29,0,1,32,0,33,10,0,10,43
06/17/2002,SWO,OK,ASW,CE,Federal Contract Tower,0,3,2,0,5,0,0,76,0,76,0,3,78,0,81,92,0,92,173
06/18/2002,SWO,OK,ASW,CE,Federal Contract Tower,0,0,0,0,0,0,0,31,0,31,0,0,31,0,31,26,0,26,57
06/19/2002,SWO,OK,ASW,CE,Federal Contract Tower,0,2,6,0,8,0,0,67,0,67,0,2,73,0,75,46,0,46,121
06/20/2002,SWO,OK,ASW,CE,Federal Contract Tower,0,0,3,0,3,0,0,87,0,87,0,0,90,0,90,98,0,98,188
06/21/2002,SWO,OK,ASW,CE,Federal Contract Tower,0,0,6,0,6,0,0,74,0,74,0,0,80,0,80,102,0,102,182
06/22/2002,SWO,OK,ASW,CE,Federal Contract Tower,0,2,0,0,2,0,0,46,0,46,0,2,46,0,48,14,0,14,62
06/23/2002,SWO,OK,ASW,CE,Federal Contract Tower,0,0,2,0,2,0,0,31,0,31,0,0,33,0,33,2,0,2,35
06/24/2002,SWO,OK,ASW,CE,Federal Contract Tower,0,0,1,0,1,0,0,62,0,62,0,0,63,0,63,120,0,120,183
06/25/2002,SWO,OK,ASW,CE,Federal Contract Tower,0,0,3,0,3,0,0,73,3,76,0,0,76,3,79,100,0,100,179
06/26/2002,SWO,OK,ASW,CE,Federal Contract Tower,0,1,7,0,8,0,0,84,3,87,0,1,91,3,95,110,0,110,205
06/27/2002,SWO,OK,ASW,CE,Federal Contract Tower,0,0,4,0,4,0,0,84,0,84,0,0,88,0,88,116,0,116,204
06/28/2002,SWO,OK,ASW,CE,Federal Contract Tower,0,0,3,0,3,0,0,77,0,77,0,0,80,0,80,134,0,134,214
06/29/2002,SWO,OK,ASW,CE,Federal Contract Tower,0,2,3,0,5,0,0,54,0,54,0,2,57,0,59,44,0,44,103
06/30/2002,SWO,OK,ASW,CE,Federal Contract Tower,0,0,4,0,4,0,0,15,1,16,0,0,19,1,20,2,0,2,22
07/01/2002,SWO,OK,ASW,CE,Federal Contract Tower,0,0,14,0,14,0,0,6,0,6,0,0,20,0,20,0,0,0,20
07/02/2002,SWO,OK,ASW,CE,Federal Contract Tower,0,0,3,0,3,0,0,1,0,1,0,0,4,0,4,0,0,0,4
07/03/2002,SWO,OK,ASW,CE,Federal Contract Tower,0,0,2,0,2,0,0,16,0,16,0,0,18,0,18,6,0,6,24
07/04/2002,SWO,OK,ASW,CE,Federal Contract Tower,0,0,0,0,0,0,0,27,0,27,0,0,27,0,27,14,0,14,41
07/05/2002,SWO,OK,ASW,CE,Federal Contract Tower,0,0,0,0,0,0,0,36,0,36,0,0,36,0,36,46,0,46,82
07/06/2002,SWO,OK,ASW,CE,Federal Contract Tower,0,2,4,0,6,0,0,58,0,58,0,2,62,0,64,54,0,54,118
07/07/2002,SWO,OK,ASW,CE,Federal Contract Tower,0,0,5,0,5,0,2,24,0,26,0,2,29,0,31,38,0,38,69
07/08/2002,SWO,OK,ASW,CE,Federal Contract Tower,0,2,2,0,4,0,0,66,0,66,0,2,68,0,70,80,0,80,150
07/09/2002,SWO,OK,ASW,CE,Federal Contract Tower,0,1,2,0,3,0,0,81,0,81,0,1,83,0,84,66,0,66,150
07/10/2002,SWO,OK,ASW,CE,Federal Contract Tower,0,2,4,0,6,0,0,72,0,72,0,2,76,0,78,110,0,110,188
07/11/2002,SWO,OK,ASW,CE,Federal Contract Tower,0,0,2,0,2,0,0,30,0,30,0,0,32,0,32,22,0,22,54
07/12/2002,SWO,OK,ASW,CE,Federal Contract Tower,0,2,5,0,7,0,0,39,0,39,0,2,44,0,46,40,0,40,86
07/13/2002,SWO,OK,ASW,CE,Federal Contract Tower,0,2,5,0,7,0,0,24,0,24,0,2,29,0,31,6,0,6,37
07/14/2002,SWO,OK,ASW,CE,Federal Contract Tower,0,0,8,0,8,0,0,28,0,28,0,0,36,0,36,12,0,12,48
07/15/2002,SWO,OK,ASW,CE,Federal Contract Tower,0,0,5,0,5,0,0,67,0,67,0,0,72,0,72,56,0,56,128
07/16/2002,SWO,OK,ASW,CE,Federal Contract Tower,0,0,2,0,2,0,2,74,0,76,0,2,76,0,78,64,0,64,142
07/17/2002,SWO,OK,ASW,CE,Federal Contract Tower,0,0,11,0,11,0,0,25,0,25,0,0,36,0,36,30,0,30,66
07/18/2002,SWO,OK,ASW,CE,Federal Contract Tower,0,0,10,0,10,0,0,87,0,87,0,0,97,0,97,92,0,92,189
07/19/2002,SWO,OK,ASW,CE,Federal Contract Tower,0,0,4,0,4,0,0,72,0,72,0,0,76,0,76,56,0,56,132
07/20/2002,SWO,OK,ASW,CE,Federal Contract Tower,0,2,3,4,9,0,0,57,0,57,0,2,60,4,66,50,0,50,116
07/21/2002,SWO,OK,ASW,CE,Federal Contract Tower,0,0,3,0,3,0,0,24,0,24,0,0,27,0,27,30,0,30,57
07/22/2002,SWO,OK,ASW,CE,Federal Contract Tower,0,0,0,0,0,0,0,49,0,49,0,0,49,0,49,28,0,28,77
07/23/2002,SWO,OK,ASW,CE,Federal Contract Tower,0,0,4,0,4,0,0,53,0,53,0,0,57,0,57,94,0,94,151
07/24/2002,SWO,OK,ASW,CE,Federal Contract Tower,0,0,8,0,8,0,0,70,2,72,0,0,78,2,80,46,2,48,128
07/25/2002,SWO,OK,ASW,CE,Federal Contract Tower,0,0,2,0,2,0,0,64,2,66,0,0,66,2,68,64,4,68,136
07/26/2002,SWO,OK,ASW,CE,Federal Contract Tower,0,0,3,0,3,0,0,63,0,63,0,0,66,0,66,22,0,22,88
07/27/2002,SWO,OK,ASW,CE,Federal Contract Tower,0,2,3,0,5,0,0,40,0,40,0,2,43,0,45,16,0,16,61
07/28/2002,SWO,OK,ASW,CE,Federal Contract Tower,0,0,5,0,5,0,0,22,0,22,0,0,27,0,27,8,0,8,35
07/29/2002,SWO,OK,ASW,CE,Federal Contract Tower,0,0,7,0,7,0,0,39,0,39,0,0,46,0,46,30,0,30,76
07/30/2002,SWO,OK,ASW,CE,Federal Contract Tower,0,0,4,0,4,0,0,76,0,76,0,0,80,0,80,54,0,54,134
07/31/2002,SWO,OK,ASW,CE,Federal Contract Tower,0,2,4,0,6,0,0,61,0,61,0,2,65,0,67,50,0,50,117
08/01/2002,SWO,OK,ASW,CE,Federal Contract Tower,0,0,7,0,7,0,0,55,0,55,0,0,62,0,62,38,0,38,100
08/02/2002,SWO,OK,ASW,CE,Federal Contract Tower,0,0,6,0,6,0,0,64,0,64,0,0,70,0,70,46,0,46,116
08/03/2002,SWO,OK,ASW,CE,Federal Contract Tower,0,2,1,0,3,0,0,65,0,65,0,2,66,0,68,52,0,52,120
08/04/2002,SWO,OK,ASW,CE,Federal Contract Tower,0,0,2,0,2,0,0,56,0,56,0,0,58,0,58,10,0,10,68
08/05/2002,SWO,OK,ASW,CE,Federal Contract Tower,0,0,2,0,2,0,0,51,0,51,0,0,53,0,53,48,0,48,101
08/06/2002,SWO,OK,ASW,CE,Federal Contract Tower,0,0,3,0,3,0,2,74,0,76,0,2,77,0,79,88,0,88,167
08/07/2002,SWO,OK,ASW,CE,Federal Contract Tower,0,0,1,0,1,0,0,41,0,41,0,0,42,0,42,76,0,76,118
08/08/2002,SWO,OK,ASW,CE,Federal Contract Tower,0,0,5,0,5,0,2,63,2,67,0,2,68,2,72,112,0,112,184
08/09/2002,SWO,OK,ASW,CE,Federal Contract Tower,0,0,4,0,4,0,0,67,0,67,0,0,71,0,71,66,0,66,137
08/10/2002,SWO,OK,ASW,CE,Federal Contract Tower,0,2,1,0,3,0,0,36,0,36,0,2,37,0,39,46,0,46,85
08/11/2002,SWO,OK,ASW,CE,Federal Contract Tower,0,0,4,0,4,0,0,30,0,30,0,0,34,0,34,0,0,0,34
08/12/2002,SWO,OK,ASW,CE,Federal Contract Tower,0,0,6,0,6,0,0,28,0,28,0,0,34,0,34,36,0,36,70
08/13/2002,SWO,OK,ASW,CE,Federal Contract Tower,0,0,5,0,5,0,0,1,0,1,0,0,6,0,6,0,0,0,6
08/14/2002,SWO,OK,ASW,CE,Federal Contract Tower,0,0,8,0,8,0,0,55,0,55,0,0,63,0,63,86,0,86,149
08/15/2002,SWO,OK,ASW,CE,Federal Contract Tower,0,0,10,0,10,0,0,37,0,37,0,0,47,0,47,84,0,84,131
08/16/2002,SWO,OK,ASW,CE,Federal Contract Tower,0,0,13,0,13,0,2,36,0,38,0,2,49,0,51,50,0,50,101
08/17/2002,SWO,OK,ASW,CE,Federal Contract Tower,0,2,5,0,7,0,0,18,0,18,0,2,23,0,25,24,0,24,49
08/18/2002,SWO,OK,ASW,CE,Federal Contract Tower,0,0,0,0,0,0,0,54,0,54,0,0,54,0,54,8,0,8,62
08/19/2002,SWO,OK,ASW,CE,Federal Contract Tower,0,0,7,0,7,0,0,77,0,77,0,0,84,0,84,102,0,102,186
08/20/2002,SWO,OK,ASW,CE,Federal Contract Tower,0,0,9,2,11,0,0,71,0,71,0,0,80,2,82,86,6,92,174
08/21/2002,SWO,OK,ASW,CE,Federal Contract Tower,0,0,5,0,5,0,0,57,0,57,0,0,62,0,62,68,0,68,130
08/22/2002,SWO,OK,ASW,CE,Federal Contract Tower,0,0,9,0,9,0,0,92,0,92,0,0,101,0,101,100,0,100,201
08/23/2002,SWO,OK,ASW,CE,Federal Contract Tower,0,0,5,0,5,0,0,81,0,81,0,0,86,0,86,116,0,116,202
08/24/2002,SWO,OK,ASW,CE,Federal Contract Tower,0,2,4,0,6,0,0,22,0,22,0,2,26,0,28,14,0,14,42
08/25/2002,SWO,OK,ASW,CE,Federal Contract Tower,0,0,2,0,2,0,0,28,0,28,0,0,30,0,30,6,0,6,36
08/26/2002,SWO,OK,ASW,CE,Federal Contract Tower,0,0,3,0,3,0,0,97,0,97,0,0,100,0,100,116,0,116,216
08/27/2002,SWO,OK,ASW,CE,Federal Contract Tower,0,0,2,0,2,0,0,79,2,81,0,0,81,2,83,90,0,90,173
08/28/2002,SWO,OK,ASW,CE,Federal Contract Tower,0,0,1,0,1,0,0,115,2,117,0,0,116,2,118,162,0,162,280
08/29/2002,SWO,OK,ASW,CE,Federal Contract Tower,0,0,5,1,6,0,0,113,2,115,0,0,118,3,121,140,12,152,273
08/30/2002,SWO,OK,ASW,CE,Federal Contract Tower,0,2,6,0,8,0,0,102,0,102,0,2,108,0,110,114,0,114,224
08/31/2002,SWO,OK,ASW,CE,Federal Contract Tower,0,2,6,0,8,0,0,61,0,61,0,2,67,0,69,28,0,28,97
09/01/2002,SWO,OK,ASW,CE,Federal Contract Tower,0,0,3,0,3,0,0,33,0,33,0,0,36,0,36,30,0,30,66
09/02/2002,SWO,OK,ASW,CE,Federal Contract Tower,0,0,4,0,4,0,0,66,0,66,0,0,70,0,70,50,0,50,120
09/03/2002,SWO,OK,ASW,CE,Federal Contract Tower,0,0,3,0,3,0,0,103,0,103,0,0,106,0,106,126,0,126,232
09/04/2002,SWO,OK,ASW,CE,Federal Contract Tower,0,0,2,0,2,0,0,111,2,113,0,0,113,2,115,116,6,122,237
09/05/2002,SWO,OK,ASW,CE,Federal Contract Tower,0,0,4,0,4,0,0,122,0,122,0,0,126,0,126,130,0,130,256
09/06/2002,SWO,OK,ASW,CE,Federal Contract Tower,0,0,8,0,8,0,0,90,2,92,0,0,98,2,100,146,6,152,252
09/07/2002,SWO,OK,ASW,CE,Federal Contract Tower,0,3,4,0,7,0,0,76,0,76,0,3,80,0,83,68,0,68,151
09/08/2002,SWO,OK,ASW,CE,Federal Contract Tower,0,0,9,0,9,0,0,7,0,7,0,0,16,0,16,0,0,0,16
09/09/2002,SWO,OK,ASW,CE,Federal Contract Tower,0,2,6,0,8,0,0,53,0,53,0,2,59,0,61,60,0,60,121
09/10/2002,SWO,OK,ASW,CE,Federal Contract Tower,0,1,5,0,6,0,0,116,0,116,0,1,121,0,122,168,0,168,290
09/11/2002,SWO,OK,ASW,CE,Federal Contract Tower,0,0,5,0,5,0,4,105,0,109,0,4,110,0,114,160,0,160,274
09/12/2002,SWO,OK,ASW,CE,Federal Contract Tower,0,0,3,0,3,0,0,110,0,110,0,0,113,0,113,242,0,242,355
09/13/2002,SWO,OK,ASW,CE,Federal Contract Tower,0,2,10,0,12,0,0,77,0,77,0,2,87,0,89,166,0,166,255
09/14/2002,SWO,OK,ASW,CE,Federal Contract Tower,0,3,3,0,6,0,0,12,0,12,0,3,15,0,18,14,0,14,32
09/15/2002,SWO,OK,ASW,CE,Federal Contract Tower,0,3,5,0,8,0,0,36,0,36,0,3,41,0,44,102,0,102,146
09/16/2002,SWO,OK,ASW,CE,Federal Contract Tower,0,0,7,0,7,0,0,129,0,129,0,0,136,0,136,210,0,210,346
09/17/2002,SWO,OK,ASW,CE,Federal Contract Tower,0,3,6,0,9,0,0,121,0,121,0,3,127,0,130,238,0,238,368
09/18/2002,SWO,OK,ASW,CE,Federal Contract Tower,0,0,5,0,5,0,2,56,0,58,0,2,61,0,63,96,0,96,159
09/19/2002,SWO,OK,ASW,CE,Federal Contract Tower,0,0,18,0,18,0,0,10,0,10,0,0,28,0,28,34,0,34,62
09/20/2002,SWO,OK,ASW,CE,Federal Contract Tower,0,0,10,0,10,0,0,153,0,153,0,0,163,0,163,272,0,272,435
09/21/2002,SWO,OK,ASW,CE,Federal Contract Tower,0,2,5,0,7,0,0,126,0,126,0,2,131,0,133,188,0,188,321
09/22/2002,SWO,OK,ASW,CE,Federal Contract Tower,0,0,8,0,8,0,0,74,0,74,0,0,82,0,82,46,0,46,128
09/23/2002,SWO,OK,ASW,CE,Federal Contract Tower,0,0,0,0,0,0,0,118,0,118,0,0,118,0,118,284,0,284,402
09/24/2002,SWO,OK,ASW,CE,Federal Contract Tower,0,0,2,0,2,0,0,100,0,100,0,0,102,0,102,218,0,218,320
09/25/2002,SWO,OK,ASW,CE,Federal Contract Tower,0,0,3,0,3,0,0,139,2,141,0,0,142,2,144,310,4,314,458
09/26/2002,SWO,OK,ASW,CE,Federal Contract Tower,0,0,9,0,9,0,2,138,2,142,0,2,147,2,151,282,0,282,433
09/27/2002,SWO,OK,ASW,CE,Federal Contract Tower,0,0,8,0,8,0,0,102,0,102,0,0,110,0,110,210,0,210,320
09/28/2002,SWO,OK,ASW,CE,Federal Contract Tower,0,3,6,0,9,0,0,96,0,96,0,3,102,0,105,160,0,160,265
09/29/2002,SWO,OK,ASW,CE,Federal Contract Tower,0,3,3,0,6,0,0,61,0,61,0,3,64,0,67,32,0,32,99
09/30/2002,SWO,OK,ASW,CE,Federal Contract Tower,0,0,2,0,2,0,0,85,0,85,0,0,87,0,87,188,0,188,275
10/01/2002,SWO,OK,ASW,CE,Federal Contract Tower,0,2,4,0,6,0,0,91,0,91,0,2,95,0,97,234,0,234,331
10/02/2002,SWO,OK,ASW,CE,Federal Contract Tower,0,0,11,0,11,0,0,74,0,74,0,0,85,0,85,180,0,180,265
10/03/2002,SWO,OK,ASW,CE,Federal Contract Tower,0,0,2,0,2,0,0,65,0,65,0,0,67,0,67,204,0,204,271
10/04/2002,SWO,OK,ASW,CE,Federal Contract Tower,0,1,2,0,3,0,0,73,0,73,0,1,75,0,76,50,0,50,126
10/05/2002,SWO,OK,ASW,CE,Federal Contract Tower,0,4,2,0,6,0,0,62,0,62,0,4,64,0,68,34,0,34,102
10/06/2002,SWO,OK,ASW,CE,Federal Contract Tower,0,3,2,0,5,0,1,25,0,26,0,4,27,0,31,64,0,64,95
10/07/2002,SWO,OK,ASW,CE,Federal Contract Tower,0,0,0,0,0,0,0,63,0,63,0,0,63,0,63,68,0,68,131
10/08/2002,SWO,OK,ASW,CE,Federal Contract Tower,0,0,11,0,11,0,0,2,0,2,0,0,13,0,13,18,0,18,31
10/09/2002,SWO,OK,ASW,CE,Federal Contract Tower,0,0,10,0,10,0,0,24,0,24,0,0,34,0,34,64,0,64,98
10/10/2002,SWO,OK,ASW,CE,Federal Contract Tower,0,0,24,0,24,0,0,22,0,22,0,0,46,0,46,84,0,84,130
10/11/2002,SWO,OK,ASW,CE,Federal Contract Tower,0,0,20,0,20,0,0,51,0,51,0,0,71,0,71,190,0,190,261
10/12/2002,SWO,OK,ASW,CE,Federal Contract Tower,0,2,18,0,20,0,0,3,0,3,0,2,21,0,23,4,0,4,27
10/13/2002,SWO,OK,ASW,CE,Federal Contract Tower,0,0,5,0,5,0,0,79,0,79,0,0,84,0,84,120,0,120,204
10/14/2002,SWO,OK,ASW,CE,Federal Contract Tower,0,0,5,0,5,0,0,125,0,125,0,0,130,0,130,218,0,218,348
10/15/2002,SWO,OK,ASW,CE,Federal Contract Tower,0,0,6,0,6,0,0,141,0,141,0,0,147,0,147,258,0,258,405
10/16/2002,SWO,OK,ASW,CE,Federal Contract Tower,0,0,5,0,5,0,0,138,0,138,0,0,143,0,143,226,0,226,369
10/17/2002,SWO,OK,ASW,CE,Federal Contract Tower,0,0,6,0,6,0,0,134,0,134,0,0,140,0,140,282,0,282,422
10/18/2002,SWO,OK,ASW,CE,Federal Contract Tower,0,2,12,0,14,0,0,47,0,47,0,2,59,0,61,54,0,54,115
10/19/2002,SWO,OK,ASW,CE,Federal Contract Tower,0,4,16,0,20,0,1,7,0,8,0,5,23,0,28,6,0,6,34
10/20/2002,SWO,OK,ASW,CE,Federal Contract Tower,0,0,9,0,9,0,0,128,0,128,0,0,137,0,137,126,0,126,263
10/21/2002,SWO,OK,ASW,CE,Federal Contract Tower,0,2,22,0,24,0,1,51,0,52,0,3,73,0,76,132,0,132,208
10/22/2002,SWO,OK,ASW,CE,Federal Contract Tower,0,1,6,0,7,0,0,27,0,27,0,1,33,0,34,64,0,64,98
10/23/2002,SWO,OK,ASW,CE,Federal Contract Tower,0,2,14,0,16,0,0,0,0,0,0,2,14,0,16,8,0,8,24
10/24/2002,SWO,OK,ASW,CE,Federal Contract Tower,0,0,7,0,7,0,0,0,0,0,0,0,7,0,7,0,0,0,7
10/25/2002,SWO,OK,ASW,CE,Federal Contract Tower,0,1,21,0,22,0,0,5,0,5,0,1,26,0,27,42,0,42,69
10/26/2002,SWO,OK,ASW,CE,Federal Contract Tower,0,2,4,0,6,0,0,66,0,66,0,2,70,0,72,60,0,60,132
10/27/2002,SWO,OK,ASW,CE,Federal Contract Tower,0,0,10,0,10,0,0,0,0,0,0,0,10,0,10,0,0,0,10
10/28/2002,SWO,OK,ASW,CE,Federal Contract Tower,0,1,15,0,16,0,0,0,0,0,0,1,15,0,16,8,0,8,24
10/29/2002,SWO,OK,ASW,CE,Federal Contract Tower,0,0,15,0,15,0,0,0,0,0,0,0,15,0,15,0,0,0,15
10/30/2002,SWO,OK,ASW,CE,Federal Contract Tower,0,0,15,0,15,0,0,34,2,36,0,0,49,2,51,112,0,112,163
10/31/2002,SWO,OK,ASW,CE,Federal Contract Tower,0,0,13,0,13,0,4,39,0,43,0,4,52,0,56,146,0,146,202
11/01/2002,SWO,OK,ASW,CE,Federal Contract Tower,0,2,7,0,9,0,0,27,0,27,0,2,34,0,36,84,0,84,120
11/02/2002,SWO,OK,ASW,CE,Federal Contract Tower,0,4,4,0,8,0,0,1,0,1,0,4,5,0,9,0,0,0,9
11/03/2002,SWO,OK,ASW,CE,Federal Contract Tower,0,3,3,0,6,0,0,18,0,18,0,3,21,0,24,42,0,42,66
11/04/2002,SWO,OK,ASW,CE,Federal Contract Tower,0,0,1,0,1,0,2,122,2,126,0,2,123,2,127,240,2,242,369
11/05/2002,SWO,OK,ASW,CE,Federal Contract Tower,0,0,15,0,15,0,0,32,0,32,0,0,47,0,47,76,0,76,123
11/06/2002,SWO,OK,ASW,CE,Federal Contract Tower,0,2,0,0,2,0,0,173,0,173,0,2,173,0,175,238,0,238,413
11/07/2002,SWO,OK,ASW,CE,Federal Contract Tower,0,1,5,0,6,0,2,165,2,169,0,3,170,2,175,162,0,162,337
11/08/2002,SWO,OK,ASW,CE,Federal Contract Tower,0,1,6,0,7,0,0,115,0,115,0,1,121,0,122,128,0,128,250
11/09/2002,SWO,OK,ASW,CE,Federal Contract Tower,0,2,0,0,2,0,0,100,0,100,0,2,100,0,102,98,0,98,200
11/10/2002,SWO,OK,ASW,CE,Federal Contract Tower,0,0,2,0,2,0,0,77,0,77,0,0,79,0,79,30,0,30,109
11/11/2002,SWO,OK,ASW,CE,Federal Contract Tower,0,1,0,0,1,0,0,151,0,151,0,1,151,0,152,258,0,258,410
11/12/2002,SWO,OK,ASW,CE,Federal Contract Tower,0,0,4,0,4,0,0,146,0,146,0,0,150,0,150,250,0,250,400
11/13/2002,SWO,OK,ASW,CE,Federal Contract Tower,0,0,7,0,7,0,0,104,0,104,0,0,111,0,111,156,0,156,267
11/14/2002,SWO,OK,ASW,CE,Federal Contract Tower,0,0,8,0,8,0,1,128,0,129,0,1,136,0,137,138,0,138,275
11/15/2002,SWO,OK,ASW,CE,Federal Contract Tower,0,0,8,0,8,0,0,47,0,47,0,0,55,0,55,52,0,52,107
11/16/2002,SWO,OK,ASW,CE,Federal Contract Tower,0,0,8,0,8,0,0,87,0,87,0,0,95,0,95,80,0,80,175
11/17/2002,SWO,OK,ASW,CE,Federal Contract Tower,0,0,2,0,2,0,0,96,0,96,0,0,98,0,98,52,0,52,150
11/18/2002,SWO,OK,ASW,CE,Federal Contract Tower,0,1,0,0,1,0,0,69,0,69,0,1,69,0,70,46,0,46,116
11/19/2002,SWO,OK,ASW,CE,Federal Contract Tower,0,0,7,0,7,0,0,127,0,127,0,0,134,0,134,206,0,206,340
11/20/2002,SWO,OK,ASW,CE,Federal Contract Tower,0,0,9,0,9,0,2,123,0,125,0,2,132,0,134,130,0,130,264
11/21/2002,SWO,OK,ASW,CE,Federal Contract Tower,0,0,3,0,3,0,0,126,0,126,0,0,129,0,129,84,0,84,213
11/22/2002,SWO,OK,ASW,CE,Federal Contract Tower,0,0,11,0,11,0,0,173,0,173,0,0,184,0,184,165,0,165,349
11/23/2002,SWO,OK,ASW,CE,Federal Contract Tower,0,4,2,0,6,0,0,121,0,121,0,4,123,0,127,106,0,106,233
11/24/2002,SWO,OK,ASW,CE,Federal Contract Tower,0,0,9,0,9,0,0,43,0,43,0,0,52,0,52,22,0,22,74
11/25/2002,SWO,OK,ASW,CE,Federal Contract Tower,0,3,5,0,8,0,0,106,0,106,0,3,111,0,114,172,0,172,286
11/26/2002,SWO,OK,ASW,CE,Federal Contract Tower,0,2,6,0,8,0,0,36,0,36,0,2,42,0,44,16,0,16,60
11/27/2002,SWO,OK,ASW,CE,Federal Contract Tower,0,0,6,0,6,0,2,96,0,98,0,2,102,0,104,158,0,158,262
11/28/2002,SWO,OK,ASW,CE,Federal Contract Tower,0,0,2,4,6,0,0,18,0,18,0,0,20,4,24,0,0,0,24
11/29/2002,SWO,OK,ASW,CE,Federal Contract Tower,0,0,0,0,0,0,0,36,0,36,0,0,36,0,36,18,0,18,54
11/30/2002,SWO,OK,ASW,CE,Federal Contract Tower,0,0,11,0,11,0,0,75,0,75,0,0,86,0,86,6,0,6,92
12/01/2002,SWO,OK,ASW,CE,Federal Contract Tower,0,0,4,0,4,0,0,35,0,35,0,0,39,0,39,2,0,2,41
12/02/2002,SWO,OK,ASW,CE,Federal Contract Tower,0,1,4,0,5,0,1,100,0,101,0,2,104,0,106,178,0,178,284
12/03/2002,SWO,OK,ASW,CE,Federal Contract Tower,0,0,2,0,2,0,0,2,0,2,0,0,4,0,4,0,0,0,4
12/04/2002,SWO,OK,ASW,CE,Federal Contract Tower,0,0,2,1,3,0,0,0,1,1,0,0,2,2,4,0,0,0,4
12/05/2002,SWO,OK,ASW,CE,Federal Contract Tower,0,0,3,0,3,0,0,70,0,70,0,0,73,0,73,264,0,264,337
12/06/2002,SWO,OK,ASW,CE,Federal Contract Tower,0,0,8,0,8,0,0,66,0,66,0,0,74,0,74,126,0,126,200
12/07/2002,SWO,OK,ASW,CE,Federal Contract Tower,0,1,4,0,5,0,1,79,0,80,0,2,83,0,85,144,0,144,229
12/08/2002,SWO,OK,ASW,CE,Federal Contract Tower,0,2,5,0,7,0,0,19,0,19,0,2,24,0,26,30,0,30,56
12/09/2002,SWO,OK,ASW,CE,Federal Contract Tower,0,0,5,0,5,0,2,33,0,35,0,2,38,0,40,274,0,274,314
12/10/2002,SWO,OK,ASW,CE,Federal Contract Tower,0,0,19,0,19,0,0,3,0,3,0,0,22,0,22,50,0,50,72
12/11/2002,SWO,OK,ASW,CE,Federal Contract Tower,0,0,17,2,19,0,2,27,0,29,0,2,44,2,48,86,0,86,134
12/12/2002,SWO,OK,ASW,CE,Federal Contract Tower,0,0,6,0,6,0,0,2,0,2,0,0,8,0,8,14,0,14,22
12/13/2002,SWO,OK,ASW,CE,Federal Contract Tower,0,0,7,0,7,0,0,81,0,81,0,0,88,0,88,118,0,118,206
12/14/2002,SWO,OK,ASW,CE,Federal Contract Tower,0,2,2,0,4,0,0,100,0,100,0,2,102,0,104,102,0,102,206
12/15/2002,SWO,OK,ASW,CE,Federal Contract Tower,0,0,5,0,5,0,0,63,0,63,0,0,68,0,68,60,0,60,128
12/16/2002,SWO,OK,ASW,CE,Federal Contract Tower,0,0,6,0,6,0,0,98,0,98,0,0,104,0,104,150,0,150,254
12/17/2002,SWO,OK,ASW,CE,Federal Contract Tower,0,0,8,0,8,0,0,69,0,69,0,0,77,0,77,54,0,54,131
12/18/2002,SWO,OK,ASW,CE,Federal Contract Tower,0,0,6,0,6,0,0,93,0,93,0,0,99,0,99,110,0,110,209
12/19/2002,SWO,OK,ASW,CE,Federal Contract Tower,0,0,3,0,3,0,0,79,0,79,0,0,82,0,82,112,0,112,194
12/20/2002,SWO,OK,ASW,CE,Federal Contract Tower,0,0,1,0,1,0,0,83,0,83,0,0,84,0,84,128,0,128,212
12/21/2002,SWO,OK,ASW,CE,Federal Contract Tower,0,2,7,0,9,0,0,38,0,38,0,2,45,0,47,24,0,24,71
12/22/2002,SWO,OK,ASW,CE,Federal Contract Tower,0,2,0,0,2,0,0,39,0,39,0,2,39,0,41,48,0,48,89
12/23/2002,SWO,OK,ASW,CE,Federal Contract Tower,0,0,4,0,4,0,0,0,0,0,0,0,4,0,4,0,0,0,4
12/24/2002,SWO,OK,ASW,CE,Federal Contract Tower,0,0,0,0,0,0,0,1,0,1,0,0,1,0,1,0,0,0,1
12/25/2002,SWO,OK,ASW,CE,Federal Contract Tower,0,1,0,0,1,0,0,5,0,5,0,1,5,0,6,0,0,0,6
12/26/2002,SWO,OK,ASW,CE,Federal Contract Tower,0,1,3,0,4,0,0,10,0,10,0,1,13,0,14,0,0,0,14
12/27/2002,SWO,OK,ASW,CE,Federal Contract Tower,0,0,3,0,3,0,0,24,0,24,0,0,27,0,27,20,0,20,47
12/28/2002,SWO,OK,ASW,CE,Federal Contract Tower,0,2,5,0,7,0,0,48,0,48,0,2,53,0,55,18,0,18,73
12/29/2002,SWO,OK,ASW,CE,Federal Contract Tower,0,0,2,0,2,0,0,22,0,22,0,0,24,0,24,18,0,18,42
12/30/2002,SWO,OK,ASW,CE,Federal Contract Tower,0,0,4,0,4,0,0,23,0,23,0,0,27,0,27,26,0,26,53
12/31/2002,SWO,OK,ASW,CE,Federal Contract Tower,0,0,2,0,2,0,0,48,0,48,0,0,50,0,50,46,0,46,96
01/01/2003,SWO,OK,ASW,CE,Federal Contract Tower,0,0,0,0,0,0,0,8,0,8,0,0,8,0,8,20,0,20,28
01/02/2003,SWO,OK,ASW,CE,Federal Contract Tower,0,1,0,0,1,0,1,23,0,24,0,2,23,0,25,24,0,24,49
01/03/2003,SWO,OK,ASW,CE,Federal Contract Tower,0,0,5,0,5,0,0,36,0,36,0,0,41,0,41,74,0,74,115
01/04/2003,SWO,OK,ASW,CE,Federal Contract Tower,0,2,0,0,2,0,0,61,0,61,0,2,61,0,63,20,0,20,83
01/05/2003,SWO,OK,ASW,CE,Federal Contract Tower,0,1,0,0,1,0,0,37,0,37,0,1,37,0,38,32,0,32,70
01/06/2003,SWO,OK,ASW,CE,Federal Contract Tower,0,1,4,0,5,0,0,23,0,23,0,1,27,0,28,66,0,66,94
01/07/2003,SWO,OK,ASW,CE,Federal Contract Tower,0,0,0,0,0,0,0,103,0,103,0,0,103,0,103,64,0,64,167
01/08/2003,SWO,OK,ASW,CE,Federal Contract Tower,0,2,6,0,8,0,0,93,0,93,0,2,99,0,101,90,0,90,191
01/09/2003,SWO,OK,ASW,CE,Federal Contract Tower,0,0,5,0,5,0,0,26,0,26,0,0,31,0,31,2,0,2,33
01/10/2003,SWO,OK,ASW,CE,Federal Contract Tower,0,4,6,0,10,0,0,83,0,83,0,4,89,0,93,80,0,80,173
01/11/2003,SWO,OK,ASW,CE,Federal Contract Tower,0,3,0,0,3,0,0,81,0,81,0,3,81,0,84,74,0,74,158
01/12/2003,SWO,OK,ASW,CE,Federal Contract Tower,0,2,7,0,9,0,0,11,0,11,0,2,18,0,20,0,0,0,20
01/13/2003,SWO,OK,ASW,CE,Federal Contract Tower,0,0,5,0,5,0,0,40,0,40,0,0,45,0,45,38,0,38,83
01/14/2003,SWO,OK,ASW,CE,Federal Contract Tower,0,2,2,0,4,0,0,76,0,76,0,2,78,0,80,120,0,120,200
01/15/2003,SWO,OK,ASW,CE,Federal Contract Tower,0,0,6,2,8,0,0,20,0,20,0,0,26,2,28,44,4,48,76
01/16/2003,SWO,OK,ASW,CE,Federal Contract Tower,0,4,4,0,8,0,0,3,0,3,0,4,7,0,11,26,0,26,37
01/17/2003,SWO,OK,ASW,CE,Federal Contract Tower,0,0,4,0,4,0,0,81,0,81,0,0,85,0,85,114,0,114,199
01/18/2003,SWO,OK,ASW,CE,Federal Contract Tower,0,4,14,0,18,0,0,82,0,82,0,4,96,0,100,40,0,40,140
01/19/2003,SWO,OK,ASW,CE,Federal Contract Tower,0,0,4,0,4,0,2,74,0,76,0,2,78,0,80,96,0,96,176
01/20/2003,SWO,OK,ASW,CE,Federal Contract Tower,0,2,1,0,3,0,0,152,0,152,0,2,153,0,155,178,0,178,333
01/21/2003,SWO,OK,ASW,CE,Federal Contract Tower,0,0,2,0,2,0,0,88,0,88,0,0,90,0,90,108,0,108,198
01/22/2003,SWO,OK,ASW,CE,Federal Contract Tower,0,0,2,0,2,0,0,62,0,62,0,0,64,0,64,110,0,110,174
01/23/2003,SWO,OK,ASW,CE,Federal Contract Tower,0,0,6,0,6,0,0,74,0,74,0,0,80,0,80,98,0,98,178
01/24/2003,SWO,OK,ASW,CE,Federal Contract Tower,0,0,3,0,3,0,0,123,2,125,0,0,126,2,128,150,0,150,278
01/25/2003,SWO,OK,ASW,CE,Federal Contract Tower,0,8,3,0,11,0,2,140,0,142,0,10,143,0,153,268,0,268,421
01/26/2003,SWO,OK,ASW,CE,Federal Contract Tower,0,2,4,0,6,0,0,19,0,19,0,2,23,0,25,18,0,18,43
01/27/2003,SWO,OK,ASW,CE,Federal Contract Tower,0,3,3,0,6,0,0,65,0,65,0,3,68,0,71,70,0,70,141
01/28/2003,SWO,OK,ASW,CE,Federal Contract Tower,0,0,2,0,2,0,0,89,2,91,0,0,91,2,93,92,0,92,185
01/29/2003,SWO,OK,ASW,CE,Federal Contract Tower,0,1,5,0,6,0,0,52,0,52,0,1,57,0,58,90,0,90,148
01/30/2003,SWO,OK,ASW,CE,Federal Contract Tower,0,0,3,0,3,0,0,47,0,47,0,0,50,0,50,70,0,70,120
01/31/2003,SWO,OK,ASW,CE,Federal Contract Tower,0,3,11,0,14,0,0,96,0,96,0,3,107,0,110,56,0,56,166
02/01/2003,SWO,OK,ASW,CE,Federal Contract Tower,0,2,3,0,5,0,3,96,0,99,0,5,99,0,104,114,0,114,218
02/02/2003,SWO,OK,ASW,CE,Federal Contract Tower,0,0,5,0,5,0,2,39,0,41,0,2,44,0,46,28,0,28,74
02/03/2003,SWO,OK,ASW,CE,Federal Contract Tower,0,0,8,0,8,0,0,6,0,6,0,0,14,0,14,4,0,4,18
02/04/2003,SWO,OK,ASW,CE,Federal Contract Tower,0,0,2,0,2,0,0,114,0,114,0,0,116,0,116,222,0,222,338
02/05/2003,SWO,OK,ASW,CE,Federal Contract Tower,0,1,5,0,6,0,1,91,0,92,0,2,96,0,98,132,0,132,230
02/06/2003,SWO,OK,ASW,CE,Federal Contract Tower,0,0,2,0,2,0,0,0,0,0,0,0,2,0,2,0,0,0,2
02/07/2003,SWO,OK,ASW,CE,Federal Contract Tower,0,1,5,0,6,0,0,80,0,80,0,1,85,0,86,150,0,150,236
02/08/2003,SWO,OK,ASW,CE,Federal Contract Tower,0,2,5,0,7,0,0,109,0,109,0,2,114,0,116,158,0,158,274
02/09/2003,SWO,OK,ASW,CE,Federal Contract Tower,0,0,0,0,0,0,0,0,0,0,0,0,0,0,0,0,0,0,0
02/10/2003,SWO,OK,ASW,CE,Federal Contract Tower,0,0,5,0,5,0,2,108,0,110,0,2,113,0,115,152,0,152,267
02/11/2003,SWO,OK,ASW,CE,Federal Contract Tower,0,4,2,0,6,0,0,134,0,134,0,4,136,0,140,136,0,136,276
02/12/2003,SWO,OK,ASW,CE,Federal Contract Tower,0,2,8,0,10,0,2,155,0,157,0,4,163,0,167,190,0,190,357
02/13/2003,SWO,OK,ASW,CE,Federal Contract Tower,0,0,3,0,3,0,0,12,0,12,0,0,15,0,15,40,0,40,55
02/14/2003,SWO,OK,ASW,CE,Federal Contract Tower,0,0,2,0,2,0,2,22,0,24,0,2,24,0,26,2,0,2,28
02/15/2003,SWO,OK,ASW,CE,Federal Contract Tower,0,2,2,0,4,0,0,5,0,5,0,2,7,0,9,0,0,0,9
02/16/2003,SWO,OK,ASW,CE,Federal Contract Tower,0,0,1,0,1,0,4,19,0,23,0,4,20,0,24,14,0,14,38
02/17/2003,SWO,OK,ASW,CE,Federal Contract Tower,0,0,7,0,7,0,0,161,0,161,0,0,168,0,168,154,0,154,322
02/18/2003,SWO,OK,ASW,CE,Federal Contract Tower,0,3,1,0,4,0,0,70,0,70,0,3,71,0,74,144,0,144,218
02/19/2003,SWO,OK,ASW,CE,Federal Contract Tower,0,2,7,0,9,0,0,93,0,93,0,2,100,0,102,198,0,198,300
02/20/2003,SWO,OK,ASW,CE,Federal Contract Tower,0,2,12,0,14,0,0,124,0,124,0,2,136,0,138,206,0,206,344
02/21/2003,SWO,OK,ASW,CE,Federal Contract Tower,0,2,15,0,17,0,0,2,0,2,0,2,17,0,19,22,0,22,41
02/22/2003,SWO,OK,ASW,CE,Federal Contract Tower,0,7,3,0,10,0,0,61,0,61,0,7,64,0,71,76,0,76,147
02/23/2003,SWO,OK,ASW,CE,Federal Contract Tower,0,0,0,0,0,0,0,0,0,0,0,0,0,0,0,0,0,0,0
02/24/2003,SWO,OK,ASW,CE,Federal Contract Tower,0,0,0,0,0,0,0,2,2,4,0,0,2,2,4,0,0,0,4
02/25/2003,SWO,OK,ASW,CE,Federal Contract Tower,0,0,8,0,8,0,2,6,0,8,0,2,14,0,16,2,0,2,18
02/26/2003,SWO,OK,ASW,CE,Federal Contract Tower,0,0,2,0,2,0,0,0,0,0,0,0,2,0,2,0,0,0,2
02/27/2003,SWO,OK,ASW,CE,Federal Contract Tower,0,0,0,0,0,0,2,2,0,4,0,2,2,0,4,26,0,26,30
02/28/2003,SWO,OK,ASW,CE,Federal Contract Tower,0,0,4,0,4,0,2,0,0,2,0,2,4,0,6,4,0,4,10
03/01/2003,SWO,OK,ASW,CE,Federal Contract Tower,0,2,2,0,4,0,0,12,0,12,0,2,14,0,16,12,0,12,28
03/02/2003,SWO,OK,ASW,CE,Federal Contract Tower,0,0,2,0,2,0,0,14,0,14,0,0,16,0,16,50,0,50,66
03/03/2003,SWO,OK,ASW,CE,Federal Contract Tower,0,0,6,0,6,0,0,132,0,132,0,0,138,0,138,220,0,220,358
03/04/2003,SWO,OK,ASW,CE,Federal Contract Tower,0,0,7,0,7,0,0,47,0,47,0,0,54,0,54,36,0,36,90
03/05/2003,SWO,OK,ASW,CE,Federal Contract Tower,0,2,1,0,3,0,0,16,0,16,0,2,17,0,19,48,0,48,67
03/06/2003,SWO,OK,ASW,CE,Federal Contract Tower,0,0,6,0,6,0,2,149,0,151,0,2,155,0,157,164,0,164,321
03/07/2003,SWO,OK,ASW,CE,Federal Contract Tower,0,3,7,0,10,0,3,174,0,177,0,6,181,0,187,230,0,230,417
03/08/2003,SWO,OK,ASW,CE,Federal Contract Tower,0,6,2,0,8,0,0,99,0,99,0,6,101,0,107,96,0,96,203
03/09/2003,SWO,OK,ASW,CE,Federal Contract Tower,0,0,5,0,5,0,0,86,0,86,0,0,91,0,91,70,0,70,161
03/10/2003,SWO,OK,ASW,CE,Federal Contract Tower,0,1,6,0,7,0,0,113,0,113,0,1,119,0,120,162,0,162,282
03/11/2003,SWO,OK,ASW,CE,Federal Contract Tower,0,0,11,0,11,0,0,81,0,81,0,0,92,0,92,134,0,134,226
03/12/2003,SWO,OK,ASW,CE,Federal Contract Tower,0,4,7,0,11,0,0,81,0,81,0,4,88,0,92,210,0,210,302
03/13/2003,SWO,OK,ASW,CE,Federal Contract Tower,0,0,18,0,18,0,0,74,0,74,0,0,92,0,92,100,0,100,192
03/14/2003,SWO,OK,ASW,CE,Federal Contract Tower,0,0,4,0,4,0,4,100,0,104,0,4,104,0,108,140,0,140,248
03/15/2003,SWO,OK,ASW,CE,Federal Contract Tower,0,3,4,0,7,0,1,114,0,115,0,4,118,0,122,54,0,54,176
03/16/2003,SWO,OK,ASW,CE,Federal Contract Tower,0,0,1,0,1,0,0,29,0,29,0,0,30,0,30,22,0,22,52
03/17/2003,SWO,OK,ASW,CE,Federal Contract Tower,0,0,3,0,3,0,0,17,0,17,0,0,20,0,20,14,0,14,34
03/18/2003,SWO,OK,ASW,CE,Federal Contract Tower,0,0,2,0,2,0,0,6,0,6,0,0,8,0,8,0,0,0,8
03/19/2003,SWO,OK,ASW,CE,Federal Contract Tower,0,0,3,0,3,0,0,4,0,4,0,0,7,0,7,18,0,18,25
03/20/2003,SWO,OK,ASW,CE,Federal Contract Tower,0,0,17,0,17,0,0,10,0,10,0,0,27,0,27,4,0,4,31
03/21/2003,SWO,OK,ASW,CE,Federal Contract Tower,0,0,7,0,7,0,0,88,0,88,0,0,95,0,95,80,0,80,175
03/22/2003,SWO,OK,ASW,CE,Federal Contract Tower,0,2,0,0,2,0,0,56,0,56,0,2,56,0,58,54,0,54,112
03/23/2003,SWO,OK,ASW,CE,Federal Contract Tower,0,2,5,0,7,0,0,67,0,67,0,2,72,0,74,40,0,40,114
03/24/2003,SWO,OK,ASW,CE,Federal Contract Tower,0,0,8,0,8,0,0,94,0,94,0,0,102,0,102,86,0,86,188
03/25/2003,SWO,OK,ASW,CE,Federal Contract Tower,0,1,2,0,3,0,2,80,0,82,0,3,82,0,85,100,0,100,185
03/26/2003,SWO,OK,ASW,CE,Federal Contract Tower,0,0,4,0,4,0,0,130,0,130,0,0,134,0,134,122,0,122,256
03/27/2003,SWO,OK,ASW,CE,Federal Contract Tower,0,0,0,0,0,0,2,35,0,37,0,2,35,0,37,8,0,8,45
03/28/2003,SWO,OK,ASW,CE,Federal Contract Tower,0,0,2,0,2,0,1,71,2,74,0,1,73,2,76,76,2,78,154
03/29/2003,SWO,OK,ASW,CE,Federal Contract Tower,0,2,1,0,3,0,0,78,0,78,0,2,79,0,81,50,0,50,131
03/30/2003,SWO,OK,ASW,CE,Federal Contract Tower,0,0,5,0,5,0,0,90,0,90,0,0,95,0,95,68,0,68,163
03/31/2003,SWO,OK,ASW,CE,Federal Contract Tower,0,1,4,0,5,0,0,123,0,123,0,1,127,0,128,208,0,208,336
04/01/2003,SWO,OK,ASW,CE,Federal Contract Tower,0,5,2,0,7,0,0,58,0,58,0,5,60,0,65,54,0,54,119
04/02/2003,SWO,OK,ASW,CE,Federal Contract Tower,0,4,5,0,9,0,0,77,0,77,0,4,82,0,86,60,0,60,146
04/03/2003,SWO,OK,ASW,CE,Federal Contract Tower,0,2,2,0,4,0,1,55,0,56,0,3,57,0,60,122,0,122,182
04/04/2003,SWO,OK,ASW,CE,Federal Contract Tower,0,1,3,0,4,0,0,95,0,95,0,1,98,0,99,48,0,48,147
04/05/2003,SWO,OK,ASW,CE,Federal Contract Tower,0,2,2,0,4,0,0,103,2,105,0,2,105,2,109,116,0,116,225
04/06/2003,SWO,OK,ASW,CE,Federal Contract Tower,0,1,4,0,5,0,0,9,0,9,0,1,13,0,14,2,0,2,16
04/07/2003,SWO,OK,ASW,CE,Federal Contract Tower,0,2,3,0,5,0,0,145,0,145,0,2,148,0,150,126,0,126,276
04/08/2003,SWO,OK,ASW,CE,Federal Contract Tower,0,0,5,0,5,0,0,46,0,46,0,0,51,0,51,78,0,78,129
04/09/2003,SWO,OK,ASW,CE,Federal Contract Tower,0,0,4,0,4,0,0,142,0,142,0,0,146,0,146,218,0,218,364
04/10/2003,SWO,OK,ASW,CE,Federal Contract Tower,0,1,8,0,9,0,0,124,0,124,0,1,132,0,133,172,0,172,305
04/11/2003,SWO,OK,ASW,CE,Federal Contract Tower,0,1,15,0,16,0,0,177,0,177,0,1,192,0,193,164,0,164,357
04/12/2003,SWO,OK,ASW,CE,Federal Contract Tower,0,3,2,0,5,0,0,111,0,111,0,3,113,0,116,256,0,256,372
04/13/2003,SWO,OK,ASW,CE,Federal Contract Tower,0,1,7,0,8,0,0,76,0,76,0,1,83,0,84,56,0,56,140
04/14/2003,SWO,OK,ASW,CE,Federal Contract Tower,0,1,0,0,1,0,0,75,0,75,0,1,75,0,76,60,0,60,136
04/15/2003,SWO,OK,ASW,CE,Federal Contract Tower,0,0,0,0,0,0,0,16,0,16,0,0,16,0,16,12,0,12,28
04/16/2003,SWO,OK,ASW,CE,Federal Contract Tower,0,0,3,0,3,0,2,11,0,13,0,2,14,0,16,0,0,0,16
04/17/2003,SWO,OK,ASW,CE,Federal Contract Tower,0,2,9,0,11,0,0,163,0,163,0,2,172,0,174,238,0,238,412
04/18/2003,SWO,OK,ASW,CE,Federal Contract Tower,0,2,8,0,10,0,1,99,0,100,0,3,107,0,110,180,0,180,290
04/19/2003,SWO,OK,ASW,CE,Federal Contract Tower,0,3,1,0,4,0,0,5,2,7,0,3,6,2,11,24,0,24,35
04/20/2003,SWO,OK,ASW,CE,Federal Contract Tower,0,1,6,0,7,0,0,42,2,44,0,1,48,2,51,34,0,34,85
04/21/2003,SWO,OK,ASW,CE,Federal Contract Tower,0,1,3,0,4,0,0,147,0,147,0,1,150,0,151,226,0,226,377
04/22/2003,SWO,OK,ASW,CE,Federal Contract Tower,0,0,5,0,5,0,0,127,0,127,0,0,132,0,132,232,0,232,364
04/23/2003,SWO,OK,ASW,CE,Federal Contract Tower,0,0,3,0,3,0,0,12,0,12,0,0,15,0,15,14,0,14,29
04/24/2003,SWO,OK,ASW,CE,Federal Contract Tower,0,0,1,0,1,0,0,76,0,76,0,0,77,0,77,106,0,106,183
04/25/2003,SWO,OK,ASW,CE,Federal Contract Tower,0,3,10,0,13,0,0,71,0,71,0,3,81,0,84,176,0,176,260
04/26/2003,SWO,OK,ASW,CE,Federal Contract Tower,0,3,1,0,4,0,0,124,0,124,0,3,125,0,128,210,0,210,338
04/27/2003,SWO,OK,ASW,CE,Federal Contract Tower,0,0,5,0,5,0,0,60,0,60,0,0,65,0,65,30,0,30,95
04/28/2003,SWO,OK,ASW,CE,Federal Contract Tower,0,2,5,0,7,0,0,126,0,126,0,2,131,0,133,280,0,280,413
04/29/2003,SWO,OK,ASW,CE,Federal Contract Tower,0,0,5,1,6,0,0,142,1,143,0,0,147,2,149,212,2,214,363
04/30/2003,SWO,OK,ASW,CE,Federal Contract Tower,0,0,3,0,3,0,0,79,0,79,0,0,82,0,82,122,0,122,204
05/01/2003,SWO,OK,ASW,CE,Federal Contract Tower,0,0,6,0,6,0,0,41,0,41,0,0,47,0,47,254,0,254,301
05/02/2003,SWO,OK,ASW,CE,Federal Contract Tower,0,0,8,0,8,0,0,123,0,123,0,0,131,0,131,214,0,214,345
05/03/2003,SWO,OK,ASW,CE,Federal Contract Tower,0,2,5,0,7,0,0,79,0,79,0,2,84,0,86,240,0,240,326
05/04/2003,SWO,OK,ASW,CE,Federal Contract Tower,0,0,1,0,1,0,0,14,0,14,0,0,15,0,15,6,0,6,21
05/05/2003,SWO,OK,ASW,CE,Federal Contract Tower,0,0,7,0,7,0,0,129,0,129,0,0,136,0,136,128,0,128,264
05/06/2003,SWO,OK,ASW,CE,Federal Contract Tower,0,0,4,0,4,0,0,79,0,79,0,0,83,0,83,122,0,122,205
05/07/2003,SWO,OK,ASW,CE,Federal Contract Tower,0,0,5,0,5,0,0,162,0,162,0,0,167,0,167,196,0,196,363
05/08/2003,SWO,OK,ASW,CE,Federal Contract Tower,0,0,13,0,13,0,0,0,0,0,0,0,13,0,13,0,0,0,13
05/09/2003,SWO,OK,ASW,CE,Federal Contract Tower,0,0,12,0,12,0,0,79,0,79,0,0,91,0,91,156,0,156,247
05/10/2003,SWO,OK,ASW,CE,Federal Contract Tower,0,3,6,0,9,0,0,18,0,18,0,3,24,0,27,6,0,6,33
05/11/2003,SWO,OK,ASW,CE,Federal Contract Tower,0,0,3,0,3,0,0,44,0,44,0,0,47,0,47,28,0,28,75
05/12/2003,SWO,OK,ASW,CE,Federal Contract Tower,0,0,2,0,2,0,0,98,0,98,0,0,100,0,100,176,0,176,276
05/13/2003,SWO,OK,ASW,CE,Federal Contract Tower,0,0,6,0,6,0,0,33,0,33,0,0,39,0,39,100,0,100,139
05/14/2003,SWO,OK,ASW,CE,Federal Contract Tower,0,0,2,0,2,0,0,96,0,96,0,0,98,0,98,176,0,176,274
05/15/2003,SWO,OK,ASW,CE,Federal Contract Tower,0,0,8,0,8,0,0,25,0,25,0,0,33,0,33,114,0,114,147
05/16/2003,SWO,OK,ASW,CE,Federal Contract Tower,0,0,6,0,6,0,0,2,0,2,0,0,8,0,8,2,0,2,10
05/17/2003,SWO,OK,ASW,CE,Federal Contract Tower,0,3,4,0,7,0,0,20,0,20,0,3,24,0,27,62,0,62,89
05/18/2003,SWO,OK,ASW,CE,Federal Contract Tower,0,0,1,0,1,0,0,55,0,55,0,0,56,0,56,46,0,46,102
05/19/2003,SWO,OK,ASW,CE,Federal Contract Tower,0,0,5,0,5,0,0,58,0,58,0,0,63,0,63,76,0,76,139
05/20/2003,SWO,OK,ASW,CE,Federal Contract Tower,0,0,6,0,6,0,0,63,0,63,0,0,69,0,69,80,0,80,149
05/21/2003,SWO,OK,ASW,CE,Federal Contract Tower,0,0,2,0,2,0,0,100,0,100,0,0,102,0,102,166,0,166,268
05/22/2003,SWO,OK,ASW,CE,Federal Contract Tower,0,2,7,0,9,0,0,85,0,85,0,2,92,0,94,106,0,106,200
05/23/2003,SWO,OK,ASW,CE,Federal Contract Tower,0,0,4,0,4,0,0,22,0,22,0,0,26,0,26,22,0,22,48
05/24/2003,SWO,OK,ASW,CE,Federal Contract Tower,0,2,1,0,3,0,0,35,0,35,0,2,36,0,38,28,0,28,66
05/25/2003,SWO,OK,ASW,CE,Federal Contract Tower,0,0,1,0,1,0,0,18,0,18,0,0,19,0,19,46,0,46,65
05/26/2003,SWO,OK,ASW,CE,Federal Contract Tower,0,1,4,0,5,0,0,76,0,76,0,1,80,0,81,54,0,54,135
05/27/2003,SWO,OK,ASW,CE,Federal Contract Tower,0,2,3,0,5,0,0,86,0,86,0,2,89,0,91,122,0,122,213
05/28/2003,SWO,OK,ASW,CE,Federal Contract Tower,0,0,3,0,3,0,0,112,0,112,0,0,115,0,115,122,0,122,237
05/29/2003,SWO,OK,ASW,CE,Federal Contract Tower,0,0,3,0,3,0,0,116,0,116,0,0,119,0,119,186,0,186,305
05/30/2003,SWO,OK,ASW,CE,Federal Contract Tower,0,2,7,0,9,0,0,74,0,74,0,2,81,0,83,82,0,82,165
05/31/2003,SWO,OK,ASW,CE,Federal Contract Tower,0,4,7,0,11,0,1,59,0,60,0,5,66,0,71,46,0,46,117
06/01/2003,SWO,OK,ASW,CE,Federal Contract Tower,0,0,6,0,6,0,0,41,0,41,0,0,47,0,47,54,0,54,101
06/02/2003,SWO,OK,ASW,CE,Federal Contract Tower,0,0,4,0,4,0,0,30,0,30,0,0,34,0,34,32,0,32,66
06/03/2003,SWO,OK,ASW,CE,Federal Contract Tower,0,0,13,0,13,0,0,15,0,15,0,0,28,0,28,58,0,58,86
06/04/2003,SWO,OK,ASW,CE,Federal Contract Tower,0,0,0,0,0,0,0,69,0,69,0,0,69,0,69,142,0,142,211
06/05/2003,SWO,OK,ASW,CE,Federal Contract Tower,0,0,16,0,16,0,0,2,0,2,0,0,18,0,18,0,0,0,18
06/06/2003,SWO,OK,ASW,CE,Federal Contract Tower,0,0,10,0,10,0,0,56,0,56,0,0,66,0,66,80,0,80,146
06/07/2003,SWO,OK,ASW,CE,Federal Contract Tower,0,2,5,0,7,0,2,90,0,92,0,4,95,0,99,110,0,110,209
06/08/2003,SWO,OK,ASW,CE,Federal Contract Tower,0,0,3,0,3,0,0,76,0,76,0,0,79,0,79,32,0,32,111
06/09/2003,SWO,OK,ASW,CE,Federal Contract Tower,0,0,5,0,5,0,2,62,0,64,0,2,67,0,69,100,0,100,169
06/10/2003,SWO,OK,ASW,CE,Federal Contract Tower,0,0,4,0,4,0,0,91,0,91,0,0,95,0,95,166,0,166,261
06/11/2003,SWO,OK,ASW,CE,Federal Contract Tower,0,0,7,0,7,0,0,96,0,96,0,0,103,0,103,98,0,98,201
06/12/2003,SWO,OK,ASW,CE,Federal Contract Tower,0,0,8,0,8,0,0,121,2,123,0,0,129,2,131,110,0,110,241
06/13/2003,SWO,OK,ASW,CE,Federal Contract Tower,0,0,6,0,6,0,0,43,0,43,0,0,49,0,49,62,0,62,111
06/14/2003,SWO,OK,ASW,CE,Federal Contract Tower,0,2,0,0,2,0,2,70,0,72,0,4,70,0,74,40,0,40,114
06/15/2003,SWO,OK,ASW,CE,Federal Contract Tower,0,0,5,0,5,0,2,39,0,41,0,2,44,0,46,12,0,12,58
06/16/2003,SWO,OK,ASW,CE,Federal Contract Tower,0,0,6,0,6,0,0,94,0,94,0,0,100,0,100,86,0,86,186
06/17/2003,SWO,OK,ASW,CE,Federal Contract Tower,0,2,13,0,15,0,0,131,0,131,0,2,144,0,146,100,0,100,246
06/18/2003,SWO,OK,ASW,CE,Federal Contract Tower,0,0,7,0,7,0,0,96,0,96,0,0,103,0,103,168,0,168,271
06/19/2003,SWO,OK,ASW,CE,Federal Contract Tower,0,0,10,0,10,0,0,87,0,87,0,0,97,0,97,136,0,136,233
06/20/2003,SWO,OK,ASW,CE,Federal Contract Tower,0,0,4,0,4,0,0,83,0,83,0,0,87,0,87,162,0,162,249
06/21/2003,SWO,OK,ASW,CE,Federal Contract Tower,0,2,3,0,5,0,1,29,0,30,0,3,32,0,35,26,0,26,61
06/22/2003,SWO,OK,ASW,CE,Federal Contract Tower,0,0,4,0,4,0,0,29,0,29,0,0,33,0,33,56,0,56,89
06/23/2003,SWO,OK,ASW,CE,Federal Contract Tower,0,0,6,0,6,0,0,46,0,46,0,0,52,0,52,48,0,48,100
06/24/2003,SWO,OK,ASW,CE,Federal Contract Tower,0,0,4,0,4,0,0,53,0,53,0,0,57,0,57,76,0,76,133
06/25/2003,SWO,OK,ASW,CE,Federal Contract Tower,0,0,4,1,5,0,0,49,0,49,0,0,53,1,54,50,2,52,106
06/26/2003,SWO,OK,ASW,CE,Federal Contract Tower,0,0,3,0,3,0,2,89,0,91,0,2,92,0,94,156,0,156,250
06/27/2003,SWO,OK,ASW,CE,Federal Contract Tower,0,0,3,0,3,0,0,102,0,102,0,0,105,0,105,116,0,116,221
06/28/2003,SWO,OK,ASW,CE,Federal Contract Tower,0,2,2,0,4,0,2,60,0,62,0,4,62,0,66,46,0,46,112
06/29/2003,SWO,OK,ASW,CE,Federal Contract Tower,0,0,2,0,2,0,0,40,0,40,0,0,42,0,42,30,0,30,72
06/30/2003,SWO,OK,ASW,CE,Federal Contract Tower,0,0,0,0,0,0,0,0,0,0,0,0,0,0,0,114,0,114,114
07/01/2003,SWO,OK,ASW,CE,Federal Contract Tower,0,0,0,0,0,0,0,69,0,69,0,0,69,0,69,188,0,188,257
07/02/2003,SWO,OK,ASW,CE,Federal Contract Tower,0,0,3,0,3,0,0,72,0,72,0,0,75,0,75,90,0,90,165
07/03/2003,SWO,OK,ASW,CE,Federal Contract Tower,0,2,0,0,2,0,6,62,0,68,0,8,62,0,70,44,0,44,114
07/04/2003,SWO,OK,ASW,CE,Federal Contract Tower,0,3,2,0,5,0,0,24,0,24,0,3,26,0,29,26,0,26,55
07/05/2003,SWO,OK,ASW,CE,Federal Contract Tower,0,4,1,0,5,0,0,49,0,49,0,4,50,0,54,12,0,12,66
07/06/2003,SWO,OK,ASW,CE,Federal Contract Tower,0,1,1,0,2,0,4,27,0,31,0,5,28,0,33,14,0,14,47
07/07/2003,SWO,OK,ASW,CE,Federal Contract Tower,0,0,5,0,5,0,0,48,0,48,0,0,53,0,53,46,0,46,99
07/08/2003,SWO,OK,ASW,CE,Federal Contract Tower,0,0,4,0,4,0,0,77,0,77,0,0,81,0,81,38,0,38,119
07/09/2003,SWO,OK,ASW,CE,Federal Contract Tower,0,0,3,0,3,0,0,70,0,70,0,0,73,0,73,66,0,66,139
07/10/2003,SWO,OK,ASW,CE,Federal Contract Tower,0,2,2,0,4,0,0,85,0,85,0,2,87,0,89,94,0,94,183
07/11/2003,SWO,OK,ASW,CE,Federal Contract Tower,0,0,7,0,7,0,1,75,0,76,0,1,82,0,83,64,0,64,147
07/12/2003,SWO,OK,ASW,CE,Federal Contract Tower,0,2,2,0,4,0,0,45,0,45,0,2,47,0,49,52,0,52,101
07/13/2003,SWO,OK,ASW,CE,Federal Contract Tower,0,0,0,0,0,0,0,27,0,27,0,0,27,0,27,16,0,16,43
07/14/2003,SWO,OK,ASW,CE,Federal Contract Tower,0,0,2,0,2,0,0,62,0,62,0,0,64,0,64,56,0,56,120
07/15/2003,SWO,OK,ASW,CE,Federal Contract Tower,0,0,4,0,4,0,0,83,0,83,0,0,87,0,87,90,0,90,177
07/16/2003,SWO,OK,ASW,CE,Federal Contract Tower,0,2,9,0,11,0,0,86,0,86,0,2,95,0,97,68,0,68,165
07/17/2003,SWO,OK,ASW,CE,Federal Contract Tower,0,1,4,0,5,0,0,73,0,73,0,1,77,0,78,82,0,82,160
07/18/2003,SWO,OK,ASW,CE,Federal Contract Tower,0,2,6,0,8,0,0,71,0,71,0,2,77,0,79,54,0,54,133
07/19/2003,SWO,OK,ASW,CE,Federal Contract Tower,0,2,1,0,3,0,2,41,0,43,0,4,42,0,46,52,0,52,98
07/20/2003,SWO,OK,ASW,CE,Federal Contract Tower,0,0,0,0,0,0,2,21,0,23,0,2,21,0,23,22,0,22,45
07/21/2003,SWO,OK,ASW,CE,Federal Contract Tower,0,0,4,0,4,0,0,72,0,72,0,0,76,0,76,34,0,34,110
07/22/2003,SWO,OK,ASW,CE,Federal Contract Tower,0,0,8,0,8,0,2,56,0,58,0,2,64,0,66,92,0,92,158
07/23/2003,SWO,OK,ASW,CE,Federal Contract Tower,0,0,6,0,6,0,0,60,0,60,0,0,66,0,66,138,0,138,204
07/24/2003,SWO,OK,ASW,CE,Federal Contract Tower,0,0,7,0,7,0,0,66,0,66,0,0,73,0,73,94,0,94,167
07/25/2003,SWO,OK,ASW,CE,Federal Contract Tower,0,0,8,0,8,0,1,56,0,57,0,1,64,0,65,54,0,54,119
07/26/2003,SWO,OK,ASW,CE,Federal Contract Tower,0,2,1,0,3,0,0,37,0,37,0,2,38,0,40,0,0,0,40
07/27/2003,SWO,OK,ASW,CE,Federal Contract Tower,0,0,4,0,4,0,0,28,0,28,0,0,32,0,32,0,0,0,32
07/28/2003,SWO,OK,ASW,CE,Federal Contract Tower,0,0,4,0,4,0,0,55,0,55,0,0,59,0,59,92,0,92,151
07/29/2003,SWO,OK,ASW,CE,Federal Contract Tower,0,0,4,0,4,0,0,66,0,66,0,0,70,0,70,64,0,64,134
07/30/2003,SWO,OK,ASW,CE,Federal Contract Tower,0,0,5,0,5,0,0,50,0,50,0,0,55,0,55,94,0,94,149
07/31/2003,SWO,OK,ASW,CE,Federal Contract Tower,0,0,6,0,6,0,0,98,0,98,0,0,104,0,104,100,0,100,204
08/01/2003,SWO,OK,ASW,CE,Federal Contract Tower,0,0,5,0,5,0,4,54,0,58,0,4,59,0,63,90,0,90,153
08/02/2003,SWO,OK,ASW,CE,Federal Contract Tower,0,2,3,0,5,0,6,52,0,58,0,8,55,0,63,78,0,78,141
08/03/2003,SWO,OK,ASW,CE,Federal Contract Tower,0,0,2,0,2,0,0,29,0,29,0,0,31,0,31,20,0,20,51
08/04/2003,SWO,OK,ASW,CE,Federal Contract Tower,0,0,6,0,6,0,0,42,0,42,0,0,48,0,48,88,0,88,136
08/05/2003,SWO,OK,ASW,CE,Federal Contract Tower,0,0,5,0,5,0,2,48,0,50,0,2,53,0,55,44,0,44,99
08/06/2003,SWO,OK,ASW,CE,Federal Contract Tower,0,0,7,0,7,0,0,73,0,73,0,0,80,0,80,60,0,60,140
08/07/2003,SWO,OK,ASW,CE,Federal Contract Tower,0,3,4,0,7,0,0,55,0,55,0,3,59,0,62,84,0,84,146
08/08/2003,SWO,OK,ASW,CE,Federal Contract Tower,0,0,5,0,5,0,0,77,0,77,0,0,82,0,82,72,0,72,154
08/09/2003,SWO,OK,ASW,CE,Federal Contract Tower,0,2,2,0,4,0,0,29,0,29,0,2,31,0,33,34,0,34,67
08/10/2003,SWO,OK,ASW,CE,Federal Contract Tower,0,0,1,0,1,0,0,24,0,24,0,0,25,0,25,8,0,8,33
08/11/2003,SWO,OK,ASW,CE,Federal Contract Tower,0,0,5,0,5,0,0,62,0,62,0,0,67,0,67,138,0,138,205
08/12/2003,SWO,OK,ASW,CE,Federal Contract Tower,0,1,8,0,9,0,2,73,0,75,0,3,81,0,84,104,0,104,188
08/13/2003,SWO,OK,ASW,CE,Federal Contract Tower,0,1,2,0,3,0,0,47,0,47,0,1,49,0,50,124,0,124,174
08/14/2003,SWO,OK,ASW,CE,Federal Contract Tower,0,0,1,0,1,0,2,49,0,51,0,2,50,0,52,146,0,146,198
08/15/2003,SWO,OK,ASW,CE,Federal Contract Tower,0,0,9,0,9,0,0,65,0,65,0,0,74,0,74,99,0,99,173
08/16/2003,SWO,OK,ASW,CE,Federal Contract Tower,0,2,1,0,3,0,0,49,0,49,0,2,50,0,52,48,0,48,100
08/17/2003,SWO,OK,ASW,CE,Federal Contract Tower,0,0,4,0,4,0,0,46,0,46,0,0,50,0,50,44,0,44,94
08/18/2003,SWO,OK,ASW,CE,Federal Contract Tower,0,0,3,0,3,0,1,76,0,77,0,1,79,0,80,62,0,62,142
08/19/2003,SWO,OK,ASW,CE,Federal Contract Tower,0,2,4,0,6,0,0,78,0,78,0,2,82,0,84,62,0,62,146
08/20/2003,SWO,OK,ASW,CE,Federal Contract Tower,0,2,1,0,3,0,7,56,0,63,0,9,57,0,66,80,0,80,146
08/21/2003,SWO,OK,ASW,CE,Federal Contract Tower,0,0,5,0,5,0,1,73,0,74,0,1,78,0,79,40,0,40,119
08/22/2003,SWO,OK,ASW,CE,Federal Contract Tower,0,2,10,0,12,0,0,84,0,84,0,2,94,0,96,106,0,106,202
08/23/2003,SWO,OK,ASW,CE,Federal Contract Tower,0,2,0,0,2,0,0,72,0,72,0,2,72,0,74,72,0,72,146
08/24/2003,SWO,OK,ASW,CE,Federal Contract Tower,0,1,1,0,2,0,0,49,0,49,0,1,50,0,51,8,0,8,59
08/25/2003,SWO,OK,ASW,CE,Federal Contract Tower,0,1,0,0,1,0,2,93,0,95,0,3,93,0,96,116,0,116,212
08/26/2003,SWO,OK,ASW,CE,Federal Contract Tower,0,2,10,0,12,0,0,106,0,106,0,2,116,0,118,90,0,90,208
08/27/2003,SWO,OK,ASW,CE,Federal Contract Tower,0,0,4,0,4,0,0,95,0,95,0,0,99,0,99,160,0,160,259
08/28/2003,SWO,OK,ASW,CE,Federal Contract Tower,0,0,3,0,3,0,0,109,0,109,0,0,112,0,112,126,0,126,238
08/29/2003,SWO,OK,ASW,CE,Federal Contract Tower,0,0,8,0,8,0,0,6,0,6,0,0,14,0,14,0,0,0,14
08/30/2003,SWO,OK,ASW,CE,Federal Contract Tower,0,2,3,0,5,0,0,6,0,6,0,2,9,0,11,0,0,0,11
08/31/2003,SWO,OK,ASW,CE,Federal Contract Tower,0,0,0,0,0,0,0,6,0,6,0,0,6,0,6,0,0,0,6
09/01/2003,SWO,OK,ASW,CE,Federal Contract Tower,0,0,8,0,8,0,0,8,0,8,0,0,16,0,16,16,0,16,32
09/02/2003,SWO,OK,ASW,CE,Federal Contract Tower,0,0,17,0,17,0,0,22,0,22,0,0,39,0,39,74,0,74,113
09/03/2003,SWO,OK,ASW,CE,Federal Contract Tower,0,0,8,0,8,0,2,68,0,70,0,2,76,0,78,62,0,62,140
09/04/2003,SWO,OK,ASW,CE,Federal Contract Tower,0,0,0,0,0,0,1,140,0,141,0,1,140,0,141,126,0,126,267
09/05/2003,SWO,OK,ASW,CE,Federal Contract Tower,0,3,6,0,9,0,5,141,2,148,0,8,147,2,157,146,0,146,303
09/06/2003,SWO,OK,ASW,CE,Federal Contract Tower,0,3,6,0,9,0,0,135,0,135,0,3,141,0,144,150,0,150,294
09/07/2003,SWO,OK,ASW,CE,Federal Contract Tower,0,0,7,0,7,0,0,88,0,88,0,0,95,0,95,88,0,88,183
09/08/2003,SWO,OK,ASW,CE,Federal Contract Tower,0,0,1,0,1,0,2,131,4,137,0,2,132,4,138,138,0,138,276
09/09/2003,SWO,OK,ASW,CE,Federal Contract Tower,0,0,2,0,2,0,2,141,2,145,0,2,143,2,147,112,0,112,259
09/10/2003,SWO,OK,ASW,CE,Federal Contract Tower,0,0,2,0,2,0,0,116,2,118,0,0,118,2,120,102,0,102,222
09/11/2003,SWO,OK,ASW,CE,Federal Contract Tower,0,0,13,0,13,0,0,1,0,1,0,0,14,0,14,0,0,0,14
09/12/2003,SWO,OK,ASW,CE,Federal Contract Tower,0,3,9,0,12,0,0,98,0,98,0,3,107,0,110,96,0,96,206
09/13/2003,SWO,OK,ASW,CE,Federal Contract Tower,0,3,7,0,10,0,0,34,0,34,0,3,41,0,44,74,0,74,118
09/14/2003,SWO,OK,ASW,CE,Federal Contract Tower,0,1,8,0,9,0,0,74,0,74,0,1,82,0,83,92,0,92,175
09/15/2003,SWO,OK,ASW,CE,Federal Contract Tower,0,0,0,0,0,0,0,0,0,0,0,0,0,0,0,0,0,0,0
09/16/2003,SWO,OK,ASW,CE,Federal Contract Tower,0,0,12,0,12,0,2,145,0,147,0,2,157,0,159,242,0,242,401
09/17/2003,SWO,OK,ASW,CE,Federal Contract Tower,0,0,9,0,9,0,0,84,0,84,0,0,93,0,93,80,0,80,173
09/18/2003,SWO,OK,ASW,CE,Federal Contract Tower,0,0,7,0,7,0,2,54,0,56,0,2,61,0,63,86,0,86,149
09/19/2003,SWO,OK,ASW,CE,Federal Contract Tower,0,0,1,0,1,0,0,160,0,160,0,0,161,0,161,261,0,261,422
09/20/2003,SWO,OK,ASW,CE,Federal Contract Tower,0,3,0,0,3,0,0,140,0,140,0,3,140,0,143,208,0,208,351
09/21/2003,SWO,OK,ASW,CE,Federal Contract Tower,0,0,2,0,2,0,2,15,0,17,0,2,17,0,19,48,0,48,67
09/22/2003,SWO,OK,ASW,CE,Federal Contract Tower,0,0,6,0,6,0,0,132,0,132,0,0,138,0,138,254,0,254,392
09/23/2003,SWO,OK,ASW,CE,Federal Contract Tower,0,4,0,0,4,0,0,142,0,142,0,4,142,0,146,232,0,232,378
09/24/2003,SWO,OK,ASW,CE,Federal Contract Tower,0,0,7,0,7,0,0,132,0,132,0,0,139,0,139,216,0,216,355
09/25/2003,SWO,OK,ASW,CE,Federal Contract Tower,0,0,5,0,5,0,0,121,0,121,0,0,126,0,126,228,0,228,354
09/26/2003,SWO,OK,ASW,CE,Federal Contract Tower,0,0,4,0,4,0,0,106,0,106,0,0,110,0,110,220,0,220,330
09/27/2003,SWO,OK,ASW,CE,Federal Contract Tower,0,2,2,0,4,0,0,67,0,67,0,2,69,0,71,72,0,72,143
09/28/2003,SWO,OK,ASW,CE,Federal Contract Tower,0,0,3,0,3,0,0,47,0,47,0,0,50,0,50,40,0,40,90
09/29/2003,SWO,OK,ASW,CE,Federal Contract Tower,0,0,3,0,3,0,0,22,0,22,0,0,25,0,25,58,0,58,83
09/30/2003,SWO,OK,ASW,CE,Federal Contract Tower,0,0,0,0,0,0,0,38,0,38,0,0,38,0,38,112,0,112,150
10/01/2003,SWO,OK,ASW,CE,Federal Contract Tower,0,0,6,0,6,0,2,73,0,75,0,2,79,0,81,140,0,140,221
10/02/2003,SWO,OK,ASW,CE,Federal Contract Tower,0,0,9,0,9,0,0,109,0,109,0,0,118,0,118,182,2,184,302
10/03/2003,SWO,OK,ASW,CE,Federal Contract Tower,1,5,8,0,14,0,0,127,0,127,1,5,135,0,141,250,0,250,391
10/04/2003,SWO,OK,ASW,CE,Federal Contract Tower,0,3,2,0,5,0,0,56,0,56,0,3,58,0,61,86,0,86,147
10/05/2003,SWO,OK,ASW,CE,Federal Contract Tower,0,4,11,0,15,0,0,55,0,55,0,4,66,0,70,106,0,106,176
10/06/2003,SWO,OK,ASW,CE,Federal Contract Tower,0,0,3,7,10,0,2,95,1,98,0,2,98,8,108,276,8,284,392
10/07/2003,SWO,OK,ASW,CE,Federal Contract Tower,0,3,1,0,4,0,0,108,0,108,0,3,109,0,112,152,0,152,264
10/08/2003,SWO,OK,ASW,CE,Federal Contract Tower,0,0,19,0,19,0,5,96,0,101,0,5,115,0,120,190,2,192,312
10/09/2003,SWO,OK,ASW,CE,Federal Contract Tower,0,0,9,2,11,0,1,99,0,100,0,1,108,2,111,212,4,216,327
10/10/2003,SWO,OK,ASW,CE,Federal Contract Tower,2,6,18,0,26,0,0,139,0,139,2,6,157,0,165,270,0,270,435
10/11/2003,SWO,OK,ASW,CE,Federal Contract Tower,2,12,23,0,37,0,0,52,0,52,2,12,75,0,89,130,0,130,219
10/12/2003,SWO,OK,ASW,CE,Federal Contract Tower,0,0,5,0,5,0,2,96,0,98,0,2,101,0,103,148,0,148,251
10/13/2003,SWO,OK,ASW,CE,Federal Contract Tower,0,2,5,0,7,0,0,85,0,85,0,2,90,0,92,214,0,214,306
10/14/2003,SWO,OK,ASW,CE,Federal Contract Tower,0,2,5,1,8,0,2,129,2,133,0,4,134,3,141,184,0,184,325
10/15/2003,SWO,OK,ASW,CE,Federal Contract Tower,0,0,3,2,5,0,0,139,1,140,0,0,142,3,145,232,42,274,419
10/16/2003,SWO,OK,ASW,CE,Federal Contract Tower,0,0,5,3,8,0,0,144,3,147,0,0,149,6,155,156,0,156,311
10/17/2003,SWO,OK,ASW,CE,Federal Contract Tower,2,0,13,2,17,0,0,169,0,169,2,0,182,2,186,164,4,168,354
10/18/2003,SWO,OK,ASW,CE,Federal Contract Tower,1,3,11,2,17,0,0,78,0,78,1,3,89,2,95,56,6,62,157
10/19/2003,SWO,OK,ASW,CE,Federal Contract Tower,0,4,6,0,10,0,2,100,0,102,0,6,106,0,112,104,0,104,216
10/20/2003,SWO,OK,ASW,CE,Federal Contract Tower,0,0,2,0,2,0,0,128,0,128,0,0,130,0,130,188,0,188,318
10/21/2003,SWO,OK,ASW,CE,Federal Contract Tower,0,0,4,0,4,0,3,149,0,152,0,3,153,0,156,242,0,242,398
10/22/2003,SWO,OK,ASW,CE,Federal Contract Tower,0,2,5,0,7,0,0,154,0,154,0,2,159,0,161,282,0,282,443
10/23/2003,SWO,OK,ASW,CE,Federal Contract Tower,0,0,5,0,5,0,0,139,0,139,0,0,144,0,144,212,0,212,356
10/24/2003,SWO,OK,ASW,CE,Federal Contract Tower,3,0,7,0,10,0,0,150,0,150,3,0,157,0,160,188,0,188,348
10/25/2003,SWO,OK,ASW,CE,Federal Contract Tower,0,2,3,0,5,0,0,17,0,17,0,2,20,0,22,16,0,16,38
10/26/2003,SWO,OK,ASW,CE,Federal Contract Tower,0,2,3,0,5,0,2,59,0,61,0,4,62,0,66,54,0,54,120
10/27/2003,SWO,OK,ASW,CE,Federal Contract Tower,0,0,1,0,1,0,2,131,0,133,0,2,132,0,134,260,0,260,394
10/28/2003,SWO,OK,ASW,CE,Federal Contract Tower,0,0,6,0,6,0,0,127,0,127,0,0,133,0,133,210,0,210,343
10/29/2003,SWO,OK,ASW,CE,Federal Contract Tower,0,0,5,0,5,0,0,92,0,92,0,0,97,0,97,92,0,92,189
10/30/2003,SWO,OK,ASW,CE,Federal Contract Tower,0,0,8,0,8,0,0,77,0,77,0,0,85,0,85,96,0,96,181
10/31/2003,SWO,OK,ASW,CE,Federal Contract Tower,0,0,14,2,16,0,0,63,0,63,0,0,77,2,79,180,0,180,259
11/01/2003,SWO,OK,ASW,CE,Federal Contract Tower,0,2,2,0,4,0,0,0,0,0,0,2,2,0,4,0,0,0,4
11/02/2003,SWO,OK,ASW,CE,Federal Contract Tower,0,0,3,0,3,0,2,55,0,57,0,2,58,0,60,82,0,82,142
11/03/2003,SWO,OK,ASW,CE,Federal Contract Tower,0,0,6,0,6,0,0,49,0,49,0,0,55,0,55,100,0,100,155
11/04/2003,SWO,OK,ASW,CE,Federal Contract Tower,0,4,31,0,35,0,2,30,0,32,0,6,61,0,67,54,0,54,121
11/05/2003,SWO,OK,ASW,CE,Federal Contract Tower,0,2,14,0,16,0,7,7,0,14,0,9,21,0,30,34,0,34,64
11/06/2003,SWO,OK,ASW,CE,Federal Contract Tower,0,0,9,0,9,0,0,9,0,9,0,0,18,0,18,28,0,28,46
11/07/2003,SWO,OK,ASW,CE,Federal Contract Tower,0,2,7,0,9,0,0,77,0,77,0,2,84,0,86,234,0,234,320
11/08/2003,SWO,OK,ASW,CE,Federal Contract Tower,2,8,27,0,37,0,0,0,0,0,2,8,27,0,37,0,0,0,37
11/09/2003,SWO,OK,ASW,CE,Federal Contract Tower,0,3,22,0,25,0,0,9,0,9,0,3,31,0,34,24,0,24,58
11/10/2003,SWO,OK,ASW,CE,Federal Contract Tower,0,0,36,0,36,0,0,1,0,1,0,0,37,0,37,10,0,10,47
11/11/2003,SWO,OK,ASW,CE,Federal Contract Tower,0,1,12,0,13,0,1,55,0,56,0,2,67,0,69,98,0,98,167
11/12/2003,SWO,OK,ASW,CE,Federal Contract Tower,0,2,5,2,9,0,0,103,2,105,0,2,108,4,114,112,0,112,226
11/13/2003,SWO,OK,ASW,CE,Federal Contract Tower,0,0,8,8,16,0,1,87,1,89,0,1,95,9,105,90,12,102,207
11/14/2003,SWO,OK,ASW,CE,Federal Contract Tower,0,2,24,5,31,0,0,9,3,12,0,2,33,8,43,34,0,34,77
11/15/2003,SWO,OK,ASW,CE,Federal Contract Tower,0,4,43,0,47,0,0,2,0,2,0,4,45,0,49,0,0,0,49
11/16/2003,SWO,OK,ASW,CE,Federal Contract Tower,0,2,4,0,6,0,0,74,0,74,0,2,78,0,80,70,0,70,150
11/17/2003,SWO,OK,ASW,CE,Federal Contract Tower,0,0,1,4,5,0,0,7,0,7,0,0,8,4,12,8,0,8,20
11/18/2003,SWO,OK,ASW,CE,Federal Contract Tower,0,0,2,2,4,0,0,31,0,31,0,0,33,2,35,40,0,40,75
11/19/2003,SWO,OK,ASW,CE,Federal Contract Tower,0,0,3,18,21,0,0,167,0,167,0,0,170,18,188,268,10,278,466
11/20/2003,SWO,OK,ASW,CE,Federal Contract Tower,0,0,6,6,12,0,2,99,0,101,0,2,105,6,113,134,0,134,247
11/21/2003,SWO,OK,ASW,CE,Federal Contract Tower,2,0,1,2,5,0,0,164,2,166,2,0,165,4,171,268,0,268,439
11/22/2003,SWO,OK,ASW,CE,Federal Contract Tower,2,4,6,0,12,0,2,65,0,67,2,6,71,0,79,118,0,118,197
11/23/2003,SWO,OK,ASW,CE,Federal Contract Tower,0,2,5,0,7,0,2,16,0,18,0,4,21,0,25,10,0,10,35
11/24/2003,SWO,OK,ASW,CE,Federal Contract Tower,0,4,5,4,13,0,0,143,0,143,0,4,148,4,156,246,0,246,402
11/25/2003,SWO,OK,ASW,CE,Federal Contract Tower,0,1,4,1,6,0,0,164,3,167,0,1,168,4,173,204,20,224,397
11/26/2003,SWO,OK,ASW,CE,Federal Contract Tower,0,3,4,2,9,0,0,87,1,88,0,3,91,3,97,92,0,92,189
11/27/2003,SWO,OK,ASW,CE,Federal Contract Tower,0,0,3,0,3,0,0,18,0,18,0,0,21,0,21,2,0,2,23
11/28/2003,SWO,OK,ASW,CE,Federal Contract Tower,0,0,6,0,6,0,0,82,0,82,0,0,88,0,88,78,0,78,166
11/29/2003,SWO,OK,ASW,CE,Federal Contract Tower,0,2,6,0,8,0,2,27,0,29,0,4,33,0,37,16,0,16,53
11/30/2003,SWO,OK,ASW,CE,Federal Contract Tower,0,0,7,0,7,0,0,55,0,55,0,0,62,0,62,34,0,34,96
12/01/2003,SWO,OK,ASW,CE,Federal Contract Tower,0,2,4,4,10,0,0,102,0,102,0,2,106,4,112,170,12,182,294
12/02/2003,SWO,OK,ASW,CE,Federal Contract Tower,0,0,3,0,3,0,0,45,0,45,0,0,48,0,48,58,0,58,106
12/03/2003,SWO,OK,ASW,CE,Federal Contract Tower,0,0,9,2,11,0,0,23,0,23,0,0,32,2,34,66,0,66,100
12/04/2003,SWO,OK,ASW,CE,Federal Contract Tower,0,0,3,0,3,0,0,114,0,114,0,0,117,0,117,176,0,176,293
12/05/2003,SWO,OK,ASW,CE,Federal Contract Tower,0,0,4,4,8,0,0,76,0,76,0,0,80,4,84,90,8,98,182
12/06/2003,SWO,OK,ASW,CE,Federal Contract Tower,0,2,2,0,4,0,0,94,0,94,0,2,96,0,98,66,0,66,164
12/07/2003,SWO,OK,ASW,CE,Federal Contract Tower,0,0,3,0,3,0,0,53,0,53,0,0,56,0,56,26,0,26,82
12/08/2003,SWO,OK,ASW,CE,Federal Contract Tower,0,0,2,0,2,0,0,98,0,98,0,0,100,0,100,140,0,140,240
12/09/2003,SWO,OK,ASW,CE,Federal Contract Tower,0,0,3,0,3,0,0,0,0,0,0,0,3,0,3,0,0,0,3
12/10/2003,SWO,OK,ASW,CE,Federal Contract Tower,0,0,7,0,7,0,0,42,2,44,0,0,49,2,51,44,6,50,101
12/11/2003,SWO,OK,ASW,CE,Federal Contract Tower,0,0,4,4,8,0,0,106,0,106,0,0,110,4,114,126,0,126,240
12/12/2003,SWO,OK,ASW,CE,Federal Contract Tower,0,0,3,0,3,0,0,23,0,23,0,0,26,0,26,10,0,10,36
12/13/2003,SWO,OK,ASW,CE,Federal Contract Tower,0,0,0,0,0,0,0,1,0,1,0,0,1,0,1,0,0,0,1
12/14/2003,SWO,OK,ASW,CE,Federal Contract Tower,0,0,1,0,1,0,0,21,0,21,0,0,22,0,22,0,0,0,22
12/15/2003,SWO,OK,ASW,CE,Federal Contract Tower,0,0,5,0,5,0,0,25,0,25,0,0,30,0,30,18,0,18,48
12/16/2003,SWO,OK,ASW,CE,Federal Contract Tower,0,0,17,4,21,0,2,19,0,21,0,2,36,4,42,12,0,12,54
12/17/2003,SWO,OK,ASW,CE,Federal Contract Tower,0,0,12,0,12,0,0,196,0,196,0,0,208,0,208,130,0,130,338
12/18/2003,SWO,OK,ASW,CE,Federal Contract Tower,0,0,6,0,6,0,0,66,0,66,0,0,72,0,72,64,0,64,136
12/19/2003,SWO,OK,ASW,CE,Federal Contract Tower,0,0,13,4,17,0,2,90,0,92,0,2,103,4,109,112,6,118,227
12/20/2003,SWO,OK,ASW,CE,Federal Contract Tower,0,4,1,0,5,0,0,72,0,72,0,4,73,0,77,76,0,76,153
12/21/2003,SWO,OK,ASW,CE,Federal Contract Tower,0,0,0,0,0,0,0,16,0,16,0,0,16,0,16,6,0,6,22
12/22/2003,SWO,OK,ASW,CE,Federal Contract Tower,0,2,2,0,4,0,0,13,0,13,0,2,15,0,17,4,0,4,21
12/23/2003,SWO,OK,ASW,CE,Federal Contract Tower,0,0,0,0,0,0,0,46,0,46,0,0,46,0,46,12,0,12,58
12/24/2003,SWO,OK,ASW,CE,Federal Contract Tower,0,0,0,0,0,0,0,26,0,26,0,0,26,0,26,4,0,4,30
12/25/2003,SWO,OK,ASW,CE,Federal Contract Tower,0,0,0,0,0,0,0,3,0,3,0,0,3,0,3,0,0,0,3
12/26/2003,SWO,OK,ASW,CE,Federal Contract Tower,0,2,5,0,7,0,0,11,0,11,0,2,16,0,18,0,0,0,18
12/27/2003,SWO,OK,ASW,CE,Federal Contract Tower,0,2,5,0,7,0,4,4,0,8,0,6,9,0,15,6,0,6,21
12/28/2003,SWO,OK,ASW,CE,Federal Contract Tower,0,2,2,0,4,0,0,45,0,45,0,2,47,0,49,36,0,36,85
12/29/2003,SWO,OK,ASW,CE,Federal Contract Tower,0,0,1,0,1,0,0,55,0,55,0,0,56,0,56,74,0,74,130
12/30/2003,SWO,OK,ASW,CE,Federal Contract Tower,0,1,2,0,3,0,0,28,0,28,0,1,30,0,31,16,0,16,47
12/31/2003,SWO,OK,ASW,CE,Federal Contract Tower,0,1,0,0,1,0,0,42,0,42,0,1,42,0,43,32,0,32,75
01/01/2004,SWO,OK,ASW,CE,Federal Contract Tower,0,0,1,0,1,0,2,3,0,5,0,2,4,0,6,0,0,0,6
01/02/2004,SWO,OK,ASW,CE,Federal Contract Tower,0,0,2,0,2,0,2,19,0,21,0,2,21,0,23,2,0,2,25
01/03/2004,SWO,OK,ASW,CE,Federal Contract Tower,0,4,2,0,6,0,0,34,0,34,0,4,36,0,40,20,0,20,60
01/04/2004,SWO,OK,ASW,CE,Federal Contract Tower,0,2,5,0,7,0,2,0,0,2,0,4,5,0,9,0,0,0,9
01/05/2004,SWO,OK,ASW,CE,Federal Contract Tower,0,0,2,0,2,0,2,11,0,13,0,2,13,0,15,8,0,8,23
01/06/2004,SWO,OK,ASW,CE,Federal Contract Tower,2,0,7,0,9,0,0,38,0,38,2,0,45,0,47,26,0,26,73
01/07/2004,SWO,OK,ASW,CE,Federal Contract Tower,0,0,4,0,4,0,0,32,0,32,0,0,36,0,36,14,0,14,50
01/08/2004,SWO,OK,ASW,CE,Federal Contract Tower,0,0,6,6,12,0,0,53,0,53,0,0,59,6,65,62,0,62,127
01/09/2004,SWO,OK,ASW,CE,Federal Contract Tower,4,1,9,0,14,0,0,59,0,59,4,1,68,0,73,46,0,46,119
01/10/2004,SWO,OK,ASW,CE,Federal Contract Tower,0,2,1,0,3,0,0,65,0,65,0,2,66,0,68,52,0,52,120
01/11/2004,SWO,OK,ASW,CE,Federal Contract Tower,0,0,0,2,2,0,1,39,0,40,0,1,39,2,42,24,0,24,66
01/12/2004,SWO,OK,ASW,CE,Federal Contract Tower,0,2,8,2,12,0,1,51,0,52,0,3,59,2,64,70,0,70,134
01/13/2004,SWO,OK,ASW,CE,Federal Contract Tower,0,1,3,4,8,0,0,84,0,84,0,1,87,4,92,132,0,132,224
01/14/2004,SWO,OK,ASW,CE,Federal Contract Tower,0,0,9,0,9,0,0,79,0,79,0,0,88,0,88,114,0,114,202
01/15/2004,SWO,OK,ASW,CE,Federal Contract Tower,0,2,1,0,3,0,2,70,2,74,0,4,71,2,77,106,0,106,183
01/16/2004,SWO,OK,ASW,CE,Federal Contract Tower,0,0,0,0,0,0,0,0,0,0,0,0,0,0,0,0,0,0,0
01/17/2004,SWO,OK,ASW,CE,Federal Contract Tower,0,2,0,0,2,0,0,0,0,0,0,2,0,0,2,0,0,0,2
01/18/2004,SWO,OK,ASW,CE,Federal Contract Tower,0,0,0,0,0,0,0,11,0,11,0,0,11,0,11,0,0,0,11
01/19/2004,SWO,OK,ASW,CE,Federal Contract Tower,0,0,10,0,10,0,0,104,0,104,0,0,114,0,114,134,0,134,248
01/20/2004,SWO,OK,ASW,CE,Federal Contract Tower,3,0,4,0,7,0,0,78,0,78,3,0,82,0,85,98,0,98,183
01/21/2004,SWO,OK,ASW,CE,Federal Contract Tower,0,1,3,0,4,0,0,127,0,127,0,1,130,0,131,144,0,144,275
01/22/2004,SWO,OK,ASW,CE,Federal Contract Tower,0,1,6,0,7,0,0,96,0,96,0,1,102,0,103,136,0,136,239
01/23/2004,SWO,OK,ASW,CE,Federal Contract Tower,3,2,8,0,13,0,0,103,0,103,3,2,111,0,116,98,0,98,214
01/24/2004,SWO,OK,ASW,CE,Federal Contract Tower,0,2,24,0,26,0,0,0,0,0,0,2,24,0,26,0,0,0,26
01/25/2004,SWO,OK,ASW,CE,Federal Contract Tower,0,0,0,0,0,0,0,0,0,0,0,0,0,0,0,0,0,0,0
01/26/2004,SWO,OK,ASW,CE,Federal Contract Tower,0,0,2,0,2,0,0,0,0,0,0,0,2,0,2,0,0,0,2
01/27/2004,SWO,OK,ASW,CE,Federal Contract Tower,0,0,5,0,5,0,3,54,2,59,0,3,59,2,64,86,6,92,156
01/28/2004,SWO,OK,ASW,CE,Federal Contract Tower,0,0,2,0,2,0,2,129,0,131,0,2,131,0,133,164,0,164,297
01/29/2004,SWO,OK,ASW,CE,Federal Contract Tower,0,0,6,0,6,0,0,9,0,9,0,0,15,0,15,38,0,38,53
01/30/2004,SWO,OK,ASW,CE,Federal Contract Tower,0,4,9,0,13,0,0,109,0,109,0,4,118,0,122,114,0,114,236
01/31/2004,SWO,OK,ASW,CE,Federal Contract Tower,0,2,11,0,13,0,0,5,0,5,0,2,16,0,18,36,0,36,54
02/01/2004,SWO,OK,ASW,CE,Federal Contract Tower,0,0,2,0,2,0,0,0,0,0,0,0,2,0,2,0,0,0,2
02/02/2004,SWO,OK,ASW,CE,Federal Contract Tower,0,2,3,0,5,0,0,38,1,39,0,2,41,1,44,28,0,28,72
02/03/2004,SWO,OK,ASW,CE,Federal Contract Tower,0,5,10,0,15,0,2,128,0,130,0,7,138,0,145,172,0,172,317
02/04/2004,SWO,OK,ASW,CE,Federal Contract Tower,0,0,1,0,1,0,0,2,0,2,0,0,3,0,3,32,0,32,35
02/05/2004,SWO,OK,ASW,CE,Federal Contract Tower,0,0,1,0,1,0,0,0,0,0,0,0,1,0,1,0,0,0,1
02/06/2004,SWO,OK,ASW,CE,Federal Contract Tower,2,0,3,0,5,0,0,18,0,18,2,0,21,0,23,44,0,44,67
02/07/2004,SWO,OK,ASW,CE,Federal Contract Tower,0,5,4,0,9,0,0,93,2,95,0,5,97,2,104,182,0,182,286
02/08/2004,SWO,OK,ASW,CE,Federal Contract Tower,0,1,2,0,3,0,0,27,0,27,0,1,29,0,30,20,0,20,50
02/09/2004,SWO,OK,ASW,CE,Federal Contract Tower,0,0,8,0,8,0,0,79,0,79,0,0,87,0,87,92,0,92,179
02/10/2004,SWO,OK,ASW,CE,Federal Contract Tower,0,2,0,2,4,0,0,149,0,149,0,2,149,2,153,174,0,174,327
02/11/2004,SWO,OK,ASW,CE,Federal Contract Tower,0,0,1,0,1,0,2,133,0,135,0,2,134,0,136,260,0,260,396
02/12/2004,SWO,OK,ASW,CE,Federal Contract Tower,0,1,2,0,3,0,0,68,0,68,0,1,70,0,71,110,0,110,181
02/13/2004,SWO,OK,ASW,CE,Federal Contract Tower,0,2,2,0,4,0,0,120,0,120,0,2,122,0,124,184,0,184,308
02/14/2004,SWO,OK,ASW,CE,Federal Contract Tower,0,2,8,0,10,0,0,115,0,115,0,2,123,0,125,142,0,142,267
02/15/2004,SWO,OK,ASW,CE,Federal Contract Tower,0,4,3,0,7,0,4,62,0,66,0,8,65,0,73,48,0,48,121
02/16/2004,SWO,OK,ASW,CE,Federal Contract Tower,0,0,1,0,1,0,2,139,0,141,0,2,140,0,142,238,0,238,380
02/17/2004,SWO,OK,ASW,CE,Federal Contract Tower,0,2,5,0,7,0,0,119,0,119,0,2,124,0,126,252,0,252,378
02/18/2004,SWO,OK,ASW,CE,Federal Contract Tower,0,2,6,0,8,0,2,92,0,94,0,4,98,0,102,68,0,68,170
02/19/2004,SWO,OK,ASW,CE,Federal Contract Tower,0,0,4,0,4,0,3,12,0,15,0,3,16,0,19,4,0,4,23
02/20/2004,SWO,OK,ASW,CE,Federal Contract Tower,0,0,7,0,7,0,0,86,0,86,0,0,93,0,93,106,0,106,199
02/21/2004,SWO,OK,ASW,CE,Federal Contract Tower,0,2,9,0,11,0,0,176,0,176,0,2,185,0,187,290,0,290,477
02/22/2004,SWO,OK,ASW,CE,Federal Contract Tower,0,0,9,0,9,0,0,55,0,55,0,0,64,0,64,34,0,34,98
02/23/2004,SWO,OK,ASW,CE,Federal Contract Tower,0,2,32,0,34,0,2,25,0,27,0,4,57,0,61,56,0,56,117
02/24/2004,SWO,OK,ASW,CE,Federal Contract Tower,0,0,7,0,7,0,0,9,0,9,0,0,16,0,16,12,0,12,28
02/25/2004,SWO,OK,ASW,CE,Federal Contract Tower,0,1,14,0,15,0,2,105,0,107,0,3,119,0,122,168,0,168,290
02/26/2004,SWO,OK,ASW,CE,Federal Contract Tower,0,2,3,0,5,0,1,149,0,150,0,3,152,0,155,234,0,234,389
02/27/2004,SWO,OK,ASW,CE,Federal Contract Tower,0,1,9,0,10,0,1,137,0,138,0,2,146,0,148,76,0,76,224
02/28/2004,SWO,OK,ASW,CE,Federal Contract Tower,0,3,7,0,10,0,0,33,0,33,0,3,40,0,43,60,0,60,103
02/29/2004,SWO,OK,ASW,CE,Federal Contract Tower,0,2,1,0,3,0,0,9,0,9,0,2,10,0,12,6,0,6,18
03/01/2004,SWO,OK,ASW,CE,Federal Contract Tower,0,5,10,0,15,0,0,44,2,46,0,5,54,2,61,40,2,42,103
03/02/2004,SWO,OK,ASW,CE,Federal Contract Tower,0,1,0,0,1,0,0,152,0,152,0,1,152,0,153,226,0,226,379
03/03/2004,SWO,OK,ASW,CE,Federal Contract Tower,0,0,5,0,5,0,0,0,0,0,0,0,5,0,5,0,0,0,5
03/04/2004,SWO,OK,ASW,CE,Federal Contract Tower,0,0,3,0,3,0,0,0,0,0,0,0,3,0,3,0,0,0,3
03/05/2004,SWO,OK,ASW,CE,Federal Contract Tower,0,0,15,0,15,0,0,42,0,42,0,0,57,0,57,180,0,180,237
03/06/2004,SWO,OK,ASW,CE,Federal Contract Tower,0,2,5,0,7,0,0,171,0,171,0,2,176,0,178,190,0,190,368
03/07/2004,SWO,OK,ASW,CE,Federal Contract Tower,0,0,1,0,1,0,0,59,0,59,0,0,60,0,60,84,0,84,144
03/08/2004,SWO,OK,ASW,CE,Federal Contract Tower,0,0,2,2,4,0,0,152,0,152,0,0,154,2,156,238,0,238,394
03/09/2004,SWO,OK,ASW,CE,Federal Contract Tower,0,0,1,0,1,0,0,152,0,152,0,0,153,0,153,170,0,170,323
03/10/2004,SWO,OK,ASW,CE,Federal Contract Tower,0,0,4,0,4,0,4,55,0,59,0,4,59,0,63,78,0,78,141
03/11/2004,SWO,OK,ASW,CE,Federal Contract Tower,0,0,4,0,4,0,0,134,0,134,0,0,138,0,138,196,0,196,334
03/12/2004,SWO,OK,ASW,CE,Federal Contract Tower,0,2,0,4,6,0,0,117,0,117,0,2,117,4,123,152,0,152,275
03/13/2004,SWO,OK,ASW,CE,Federal Contract Tower,0,4,5,0,9,0,0,2,0,2,0,4,7,0,11,0,0,0,11
03/14/2004,SWO,OK,ASW,CE,Federal Contract Tower,0,1,4,0,5,0,0,23,0,23,0,1,27,0,28,12,0,12,40
03/15/2004,SWO,OK,ASW,CE,Federal Contract Tower,0,1,6,0,7,0,0,18,0,18,0,1,24,0,25,40,0,40,65
03/16/2004,SWO,OK,ASW,CE,Federal Contract Tower,0,0,7,4,11,0,2,79,0,81,0,2,86,4,92,88,6,94,186
03/17/2004,SWO,OK,ASW,CE,Federal Contract Tower,0,2,9,6,17,0,0,76,0,76,0,2,85,6,93,108,10,118,211
03/18/2004,SWO,OK,ASW,CE,Federal Contract Tower,0,1,1,0,2,0,0,88,0,88,0,1,89,0,90,118,0,118,208
03/19/2004,SWO,OK,ASW,CE,Federal Contract Tower,0,1,13,0,14,0,1,18,0,19,0,2,31,0,33,16,0,16,49
03/20/2004,SWO,OK,ASW,CE,Federal Contract Tower,0,2,1,0,3,0,0,18,0,18,0,2,19,0,21,4,0,4,25
03/21/2004,SWO,OK,ASW,CE,Federal Contract Tower,0,3,5,0,8,0,2,50,0,52,0,5,55,0,60,18,0,18,78
03/22/2004,SWO,OK,ASW,CE,Federal Contract Tower,0,0,6,0,6,0,1,114,2,117,0,1,120,2,123,220,8,228,351
03/23/2004,SWO,OK,ASW,CE,Federal Contract Tower,2,1,4,0,7,0,0,39,0,39,2,1,43,0,46,18,0,18,64
03/24/2004,SWO,OK,ASW,CE,Federal Contract Tower,0,0,34,0,34,0,2,18,0,20,0,2,52,0,54,70,0,70,124
03/25/2004,SWO,OK,ASW,CE,Federal Contract Tower,0,1,15,0,16,0,1,17,0,18,0,2,32,0,34,42,0,42,76
03/26/2004,SWO,OK,ASW,CE,Federal Contract Tower,0,0,12,0,12,0,1,52,0,53,0,1,64,0,65,54,0,54,119
03/27/2004,SWO,OK,ASW,CE,Federal Contract Tower,0,1,0,0,1,0,2,0,0,2,0,3,0,0,3,0,0,0,3
03/28/2004,SWO,OK,ASW,CE,Federal Contract Tower,2,0,5,0,7,0,0,59,0,59,2,0,64,0,66,98,0,98,164
03/29/2004,SWO,OK,ASW,CE,Federal Contract Tower,0,0,5,1,6,0,2,167,1,170,0,2,172,2,176,280,0,280,456
03/30/2004,SWO,OK,ASW,CE,Federal Contract Tower,0,2,5,0,7,0,0,126,0,126,0,2,131,0,133,122,0,122,255
03/31/2004,SWO,OK,ASW,CE,Federal Contract Tower,0,0,4,0,4,0,0,186,0,186,0,0,190,0,190,360,0,360,550
04/01/2004,SWO,OK,ASW,CE,Federal Contract Tower,2,0,8,0,10,0,0,145,0,145,2,0,153,0,155,190,0,190,345
04/02/2004,SWO,OK,ASW,CE,Federal Contract Tower,0,3,16,0,19,0,2,128,0,130,0,5,144,0,149,170,0,170,319
04/03/2004,SWO,OK,ASW,CE,Federal Contract Tower,0,2,3,0,5,0,0,73,0,73,0,2,76,0,78,100,0,100,178
04/04/2004,SWO,OK,ASW,CE,Federal Contract Tower,0,1,4,0,5,0,2,62,0,64,0,3,66,0,69,104,0,104,173
04/05/2004,SWO,OK,ASW,CE,Federal Contract Tower,0,0,6,0,6,0,4,142,0,146,0,4,148,0,152,192,0,192,344
04/06/2004,SWO,OK,ASW,CE,Federal Contract Tower,2,0,5,0,7,0,0,89,0,89,2,0,94,0,96,188,0,188,284
04/07/2004,SWO,OK,ASW,CE,Federal Contract Tower,0,0,6,0,6,0,1,136,2,139,0,1,142,2,145,286,2,288,433
04/08/2004,SWO,OK,ASW,CE,Federal Contract Tower,0,3,3,0,6,0,2,131,0,133,0,5,134,0,139,228,0,228,367
04/09/2004,SWO,OK,ASW,CE,Federal Contract Tower,0,4,3,0,7,0,4,9,0,13,0,8,12,0,20,0,0,0,20
04/10/2004,SWO,OK,ASW,CE,Federal Contract Tower,0,1,5,0,6,0,0,0,0,0,0,1,5,0,6,0,0,0,6
04/11/2004,SWO,OK,ASW,CE,Federal Contract Tower,0,2,3,0,5,0,0,33,0,33,0,2,36,0,38,16,0,16,54
04/12/2004,SWO,OK,ASW,CE,Federal Contract Tower,0,1,9,0,10,0,0,128,0,128,0,1,137,0,138,168,0,168,306
04/13/2004,SWO,OK,ASW,CE,Federal Contract Tower,0,1,9,0,10,0,0,112,0,112,0,1,121,0,122,200,0,200,322
04/14/2004,SWO,OK,ASW,CE,Federal Contract Tower,0,0,8,0,8,0,0,141,0,141,0,0,149,0,149,192,0,192,341
04/15/2004,SWO,OK,ASW,CE,Federal Contract Tower,0,4,12,2,18,0,0,52,0,52,0,4,64,2,70,56,0,56,126
04/16/2004,SWO,OK,ASW,CE,Federal Contract Tower,0,1,5,0,6,0,1,129,0,130,0,2,134,0,136,124,0,124,260
04/17/2004,SWO,OK,ASW,CE,Federal Contract Tower,0,0,5,0,5,0,2,29,0,31,0,2,34,0,36,108,0,108,144
04/18/2004,SWO,OK,ASW,CE,Federal Contract Tower,0,0,0,0,0,0,0,17,0,17,0,0,17,0,17,0,0,0,17
04/19/2004,SWO,OK,ASW,CE,Federal Contract Tower,0,3,8,0,11,0,2,96,0,98,0,5,104,0,109,238,0,238,347
04/20/2004,SWO,OK,ASW,CE,Federal Contract Tower,2,0,10,0,12,0,2,23,0,25,2,2,33,0,37,72,0,72,109
04/21/2004,SWO,OK,ASW,CE,Federal Contract Tower,0,0,8,0,8,0,2,75,0,77,0,2,83,0,85,64,0,64,149
04/22/2004,SWO,OK,ASW,CE,Federal Contract Tower,0,4,13,0,17,0,2,47,0,49,0,6,60,0,66,76,0,76,142
04/23/2004,SWO,OK,ASW,CE,Federal Contract Tower,0,5,4,0,9,0,1,0,0,1,0,6,4,0,10,0,0,0,10
04/24/2004,SWO,OK,ASW,CE,Federal Contract Tower,0,3,17,0,20,0,4,18,0,22,0,7,35,0,42,14,0,14,56
04/25/2004,SWO,OK,ASW,CE,Federal Contract Tower,0,0,5,0,5,0,0,86,0,86,0,0,91,0,91,100,0,100,191
04/26/2004,SWO,OK,ASW,CE,Federal Contract Tower,0,0,6,0,6,0,0,99,0,99,0,0,105,0,105,112,0,112,217
04/27/2004,SWO,OK,ASW,CE,Federal Contract Tower,0,2,5,0,7,0,0,126,0,126,0,2,131,0,133,180,0,180,313
04/28/2004,SWO,OK,ASW,CE,Federal Contract Tower,0,0,6,0,6,0,4,23,0,27,0,4,29,0,33,12,0,12,45
04/29/2004,SWO,OK,ASW,CE,Federal Contract Tower,0,2,6,0,8,0,0,40,0,40,0,2,46,0,48,78,0,78,126
04/30/2004,SWO,OK,ASW,CE,Federal Contract Tower,0,0,7,2,9,0,2,15,2,19,0,2,22,4,28,32,0,32,60
05/01/2004,SWO,OK,ASW,CE,Federal Contract Tower,0,2,5,1,8,0,0,0,1,1,0,2,5,2,9,0,0,0,9
05/02/2004,SWO,OK,ASW,CE,Federal Contract Tower,0,2,2,0,4,0,0,61,0,61,0,2,63,0,65,26,0,26,91
05/03/2004,SWO,OK,ASW,CE,Federal Contract Tower,0,0,7,0,7,0,0,95,0,95,0,0,102,0,102,102,0,102,204
05/04/2004,SWO,OK,ASW,CE,Federal Contract Tower,0,1,9,0,10,0,0,64,0,64,0,1,73,0,74,90,0,90,164
05/05/2004,SWO,OK,ASW,CE,Federal Contract Tower,0,0,7,2,9,0,0,111,0,111,0,0,118,2,120,142,0,142,262
05/06/2004,SWO,OK,ASW,CE,Federal Contract Tower,0,0,6,0,6,0,0,120,0,120,0,0,126,0,126,110,0,110,236
05/07/2004,SWO,OK,ASW,CE,Federal Contract Tower,0,7,6,0,13,0,0,78,0,78,0,7,84,0,91,98,0,98,189
05/08/2004,SWO,OK,ASW,CE,Federal Contract Tower,0,0,5,0,5,0,2,76,0,78,0,2,81,0,83,28,0,28,111
05/09/2004,SWO,OK,ASW,CE,Federal Contract Tower,0,0,9,0,9,0,0,24,0,24,0,0,33,0,33,18,0,18,51
05/10/2004,SWO,OK,ASW,CE,Federal Contract Tower,0,0,6,0,6,0,0,61,0,61,0,0,67,0,67,84,0,84,151
05/11/2004,SWO,OK,ASW,CE,Federal Contract Tower,0,2,10,0,12,0,0,41,2,43,0,2,51,2,55,48,2,50,105
05/12/2004,SWO,OK,ASW,CE,Federal Contract Tower,0,0,11,0,11,0,2,39,0,41,0,2,50,0,52,28,0,28,80
05/13/2004,SWO,OK,ASW,CE,Federal Contract Tower,0,2,4,0,6,0,0,4,0,4,0,2,8,0,10,12,0,12,22
05/14/2004,SWO,OK,ASW,CE,Federal Contract Tower,0,0,29,2,31,0,2,25,0,27,0,2,54,2,58,30,0,30,88
05/15/2004,SWO,OK,ASW,CE,Federal Contract Tower,0,1,6,0,7,0,2,79,0,81,0,3,85,0,88,92,0,92,180
05/16/2004,SWO,OK,ASW,CE,Federal Contract Tower,0,0,3,0,3,0,0,33,0,33,0,0,36,0,36,52,0,52,88
05/17/2004,SWO,OK,ASW,CE,Federal Contract Tower,0,0,12,0,12,0,2,79,0,81,0,2,91,0,93,66,0,66,159
05/18/2004,SWO,OK,ASW,CE,Federal Contract Tower,0,2,9,0,11,0,0,50,0,50,0,2,59,0,61,82,0,82,143
05/19/2004,SWO,OK,ASW,CE,Federal Contract Tower,0,0,6,0,6,0,2,80,0,82,0,2,86,0,88,34,0,34,122
05/20/2004,SWO,OK,ASW,CE,Federal Contract Tower,0,0,6,0,6,0,0,84,0,84,0,0,90,0,90,66,0,66,156
05/21/2004,SWO,OK,ASW,CE,Federal Contract Tower,0,0,5,2,7,0,0,76,2,78,0,0,81,4,85,76,4,80,165
05/22/2004,SWO,OK,ASW,CE,Federal Contract Tower,0,3,8,0,11,0,0,29,0,29,0,3,37,0,40,6,0,6,46
05/23/2004,SWO,OK,ASW,CE,Federal Contract Tower,0,0,3,0,3,0,0,26,2,28,0,0,29,2,31,40,0,40,71
05/24/2004,SWO,OK,ASW,CE,Federal Contract Tower,0,2,11,0,13,0,0,59,0,59,0,2,70,0,72,60,0,60,132
05/25/2004,SWO,OK,ASW,CE,Federal Contract Tower,0,0,14,0,14,0,0,5,0,5,0,0,19,0,19,12,0,12,31
05/26/2004,SWO,OK,ASW,CE,Federal Contract Tower,0,0,3,0,3,0,0,42,0,42,0,0,45,0,45,70,0,70,115
05/27/2004,SWO,OK,ASW,CE,Federal Contract Tower,0,0,4,0,4,0,0,76,0,76,0,0,80,0,80,96,0,96,176
05/28/2004,SWO,OK,ASW,CE,Federal Contract Tower,0,0,4,0,4,0,2,94,2,98,0,2,98,2,102,80,0,80,182
05/29/2004,SWO,OK,ASW,CE,Federal Contract Tower,0,4,6,0,10,0,0,6,0,6,0,4,12,0,16,8,0,8,24
05/30/2004,SWO,OK,ASW,CE,Federal Contract Tower,0,0,0,0,0,0,2,13,0,15,0,2,13,0,15,2,0,2,17
05/31/2004,SWO,OK,ASW,CE,Federal Contract Tower,0,0,0,0,0,0,2,73,0,75,0,2,73,0,75,86,0,86,161
06/01/2004,SWO,OK,ASW,CE,Federal Contract Tower,0,1,9,0,10,0,0,114,2,116,0,1,123,2,126,100,0,100,226
06/02/2004,SWO,OK,ASW,CE,Federal Contract Tower,0,1,3,0,4,0,1,73,0,74,0,2,76,0,78,70,0,70,148
06/03/2004,SWO,OK,ASW,CE,Federal Contract Tower,0,0,1,0,1,0,0,105,0,105,0,0,106,0,106,92,0,92,198
06/04/2004,SWO,OK,ASW,CE,Federal Contract Tower,0,0,4,0,4,0,0,49,0,49,0,0,53,0,53,12,0,12,65
06/05/2004,SWO,OK,ASW,CE,Federal Contract Tower,0,2,10,0,12,0,3,15,0,18,0,5,25,0,30,6,0,6,36
06/06/2004,SWO,OK,ASW,CE,Federal Contract Tower,0,0,0,0,0,0,0,30,0,30,0,0,30,0,30,14,0,14,44
06/07/2004,SWO,OK,ASW,CE,Federal Contract Tower,0,1,10,0,11,0,5,28,2,35,0,6,38,2,46,46,4,50,96
06/08/2004,SWO,OK,ASW,CE,Federal Contract Tower,0,0,10,0,10,0,0,38,0,38,0,0,48,0,48,16,0,16,64
06/09/2004,SWO,OK,ASW,CE,Federal Contract Tower,0,0,6,0,6,0,0,1,0,1,0,0,7,0,7,0,0,0,7
06/10/2004,SWO,OK,ASW,CE,Federal Contract Tower,0,2,12,0,14,0,4,11,0,15,0,6,23,0,29,6,0,6,35
06/11/2004,SWO,OK,ASW,CE,Federal Contract Tower,0,1,4,0,5,0,1,52,0,53,0,2,56,0,58,60,0,60,118
06/12/2004,SWO,OK,ASW,CE,Federal Contract Tower,0,1,5,0,6,0,3,41,0,44,0,4,46,0,50,50,0,50,100
06/13/2004,SWO,OK,ASW,CE,Federal Contract Tower,0,0,1,0,1,0,0,57,0,57,0,0,58,0,58,32,0,32,90
06/14/2004,SWO,OK,ASW,CE,Federal Contract Tower,0,0,0,0,0,0,2,68,0,70,0,2,68,0,70,88,0,88,158
06/15/2004,SWO,OK,ASW,CE,Federal Contract Tower,0,0,1,0,1,0,0,98,0,98,0,0,99,0,99,134,0,134,233
06/16/2004,SWO,OK,ASW,CE,Federal Contract Tower,0,0,6,0,6,0,2,91,0,93,0,2,97,0,99,120,0,120,219
06/17/2004,SWO,OK,ASW,CE,Federal Contract Tower,0,0,5,0,5,0,2,64,0,66,0,2,69,0,71,100,0,100,171
06/18/2004,SWO,OK,ASW,CE,Federal Contract Tower,0,0,6,0,6,0,0,37,0,37,0,0,43,0,43,28,0,28,71
06/19/2004,SWO,OK,ASW,CE,Federal Contract Tower,0,0,6,0,6,0,0,4,0,4,0,0,10,0,10,16,0,16,26
06/20/2004,SWO,OK,ASW,CE,Federal Contract Tower,0,0,9,0,9,0,2,8,0,10,0,2,17,0,19,24,0,24,43
06/21/2004,SWO,OK,ASW,CE,Federal Contract Tower,0,0,9,0,9,0,2,47,0,49,0,2,56,0,58,42,0,42,100
06/22/2004,SWO,OK,ASW,CE,Federal Contract Tower,0,0,11,0,11,0,0,73,0,73,0,0,84,0,84,102,0,102,186
06/23/2004,SWO,OK,ASW,CE,Federal Contract Tower,0,0,4,0,4,0,0,109,0,109,0,0,113,0,113,74,0,74,187
06/24/2004,SWO,OK,ASW,CE,Federal Contract Tower,0,0,8,0,8,0,2,81,0,83,0,2,89,0,91,116,0,116,207
06/25/2004,SWO,OK,ASW,CE,Federal Contract Tower,0,1,13,0,14,0,3,77,0,80,0,4,90,0,94,106,0,106,200
06/26/2004,SWO,OK,ASW,CE,Federal Contract Tower,0,0,7,0,7,0,0,54,0,54,0,0,61,0,61,40,0,40,101
06/27/2004,SWO,OK,ASW,CE,Federal Contract Tower,0,0,4,0,4,0,6,28,2,36,0,6,32,2,40,0,0,0,40
06/28/2004,SWO,OK,ASW,CE,Federal Contract Tower,0,0,10,0,10,0,2,35,0,37,0,2,45,0,47,30,0,30,77
06/29/2004,SWO,OK,ASW,CE,Federal Contract Tower,0,0,4,0,4,0,0,83,0,83,0,0,87,0,87,114,0,114,201
06/30/2004,SWO,OK,ASW,CE,Federal Contract Tower,0,2,20,0,22,0,2,5,0,7,0,4,25,0,29,22,0,22,51
07/01/2004,SWO,OK,ASW,CE,Federal Contract Tower,0,0,2,0,2,0,0,56,0,56,0,0,58,0,58,44,0,44,102
07/02/2004,SWO,OK,ASW,CE,Federal Contract Tower,0,0,6,0,6,0,0,55,1,56,0,0,61,1,62,56,0,56,118
07/03/2004,SWO,OK,ASW,CE,Federal Contract Tower,0,1,6,0,7,0,1,36,1,38,0,2,42,1,45,32,0,32,77
07/04/2004,SWO,OK,ASW,CE,Federal Contract Tower,0,0,0,0,0,0,0,16,0,16,0,0,16,0,16,0,0,0,16
07/05/2004,SWO,OK,ASW,CE,Federal Contract Tower,0,0,2,0,2,0,0,37,0,37,0,0,39,0,39,8,0,8,47
07/06/2004,SWO,OK,ASW,CE,Federal Contract Tower,0,0,3,0,3,0,0,66,0,66,0,0,69,0,69,42,0,42,111
07/07/2004,SWO,OK,ASW,CE,Federal Contract Tower,0,0,6,0,6,0,0,89,0,89,0,0,95,0,95,78,0,78,173
07/08/2004,SWO,OK,ASW,CE,Federal Contract Tower,0,0,1,0,1,0,0,73,4,77,0,0,74,4,78,32,0,32,110
07/09/2004,SWO,OK,ASW,CE,Federal Contract Tower,0,1,4,0,5,0,1,33,0,34,0,2,37,0,39,40,0,40,79
07/10/2004,SWO,OK,ASW,CE,Federal Contract Tower,0,1,5,0,6,0,2,46,0,48,0,3,51,0,54,56,0,56,110
07/11/2004,SWO,OK,ASW,CE,Federal Contract Tower,0,0,0,0,0,0,0,47,0,47,0,0,47,0,47,20,0,20,67
07/12/2004,SWO,OK,ASW,CE,Federal Contract Tower,0,0,2,0,2,0,0,82,0,82,0,0,84,0,84,72,0,72,156
07/13/2004,SWO,OK,ASW,CE,Federal Contract Tower,0,1,1,0,2,0,0,79,0,79,0,1,80,0,81,58,0,58,139
07/14/2004,SWO,OK,ASW,CE,Federal Contract Tower,0,0,6,0,6,0,0,84,2,86,0,0,90,2,92,42,0,42,134
07/15/2004,SWO,OK,ASW,CE,Federal Contract Tower,0,0,7,0,7,0,0,68,0,68,0,0,75,0,75,20,0,20,95
07/16/2004,SWO,OK,ASW,CE,Federal Contract Tower,0,0,5,0,5,0,2,45,0,47,0,2,50,0,52,42,0,42,94
07/17/2004,SWO,OK,ASW,CE,Federal Contract Tower,0,0,7,0,7,0,2,51,0,53,0,2,58,0,60,14,0,14,74
07/18/2004,SWO,OK,ASW,CE,Federal Contract Tower,0,0,2,0,2,0,0,38,0,38,0,0,40,0,40,16,0,16,56
07/19/2004,SWO,OK,ASW,CE,Federal Contract Tower,0,0,2,0,2,0,0,50,0,50,0,0,52,0,52,30,0,30,82
07/20/2004,SWO,OK,ASW,CE,Federal Contract Tower,0,0,4,0,4,0,0,48,2,50,0,0,52,2,54,16,0,16,70
07/21/2004,SWO,OK,ASW,CE,Federal Contract Tower,0,0,2,0,2,0,0,54,0,54,0,0,56,0,56,24,0,24,80
07/22/2004,SWO,OK,ASW,CE,Federal Contract Tower,0,0,3,0,3,0,1,60,0,61,0,1,63,0,64,24,0,24,88
07/23/2004,SWO,OK,ASW,CE,Federal Contract Tower,0,0,2,0,2,0,2,32,0,34,0,2,34,0,36,36,0,36,72
07/24/2004,SWO,OK,ASW,CE,Federal Contract Tower,0,0,8,0,8,0,2,0,0,2,0,2,8,0,10,0,0,0,10
07/25/2004,SWO,OK,ASW,CE,Federal Contract Tower,0,1,8,0,9,0,1,9,0,10,0,2,17,0,19,0,0,0,19
07/26/2004,SWO,OK,ASW,CE,Federal Contract Tower,0,0,1,0,1,0,0,69,0,69,0,0,70,0,70,30,0,30,100
07/27/2004,SWO,OK,ASW,CE,Federal Contract Tower,0,0,4,0,4,0,0,61,0,61,0,0,65,0,65,38,0,38,103
07/28/2004,SWO,OK,ASW,CE,Federal Contract Tower,0,0,7,0,7,0,0,5,0,5,0,0,12,0,12,0,0,0,12
07/29/2004,SWO,OK,ASW,CE,Federal Contract Tower,0,0,8,0,8,0,0,1,0,1,0,0,9,0,9,2,0,2,11
07/30/2004,SWO,OK,ASW,CE,Federal Contract Tower,0,1,11,0,12,0,1,34,0,35,0,2,45,0,47,10,0,10,57
07/31/2004,SWO,OK,ASW,CE,Federal Contract Tower,0,0,5,0,5,0,2,54,0,56,0,2,59,0,61,4,0,4,65
08/01/2004,SWO,OK,ASW,CE,Federal Contract Tower,0,1,6,0,7,0,1,35,4,40,0,2,41,4,47,14,0,14,61
08/02/2004,SWO,OK,ASW,CE,Federal Contract Tower,0,0,2,0,2,0,0,48,4,52,0,0,50,4,54,40,0,40,94
08/03/2004,SWO,OK,ASW,CE,Federal Contract Tower,0,0,0,0,0,0,2,69,0,71,0,2,69,0,71,60,0,60,131
08/04/2004,SWO,OK,ASW,CE,Federal Contract Tower,0,1,7,0,8,0,1,74,0,75,0,2,81,0,83,48,0,48,131
08/05/2004,SWO,OK,ASW,CE,Federal Contract Tower,0,1,6,0,7,0,3,33,0,36,0,4,39,0,43,28,0,28,71
08/06/2004,SWO,OK,ASW,CE,Federal Contract Tower,0,0,3,0,3,0,0,50,0,50,0,0,53,0,53,14,0,14,67
08/07/2004,SWO,OK,ASW,CE,Federal Contract Tower,0,0,1,0,1,0,0,52,0,52,0,0,53,0,53,22,0,22,75
08/08/2004,SWO,OK,ASW,CE,Federal Contract Tower,0,0,2,0,2,0,0,20,0,20,0,0,22,0,22,6,0,6,28
08/09/2004,SWO,OK,ASW,CE,Federal Contract Tower,0,0,3,0,3,0,0,49,0,49,0,0,52,0,52,60,0,60,112
08/10/2004,SWO,OK,ASW,CE,Federal Contract Tower,0,0,1,0,1,0,0,61,0,61,0,0,62,0,62,108,0,108,170
08/11/2004,SWO,OK,ASW,CE,Federal Contract Tower,0,0,8,0,8,0,0,45,0,45,0,0,53,0,53,52,0,52,105
08/12/2004,SWO,OK,ASW,CE,Federal Contract Tower,0,0,1,0,1,0,0,58,0,58,0,0,59,0,59,28,0,28,87
08/13/2004,SWO,OK,ASW,CE,Federal Contract Tower,0,0,3,0,3,0,0,86,0,86,0,0,89,0,89,74,0,74,163
08/14/2004,SWO,OK,ASW,CE,Federal Contract Tower,0,0,2,0,2,0,0,55,0,55,0,0,57,0,57,12,0,12,69
08/15/2004,SWO,OK,ASW,CE,Federal Contract Tower,0,0,6,0,6,0,0,21,0,21,0,0,27,0,27,10,0,10,37
08/16/2004,SWO,OK,ASW,CE,Federal Contract Tower,0,0,2,0,2,0,0,59,0,59,0,0,61,0,61,88,0,88,149
08/17/2004,SWO,OK,ASW,CE,Federal Contract Tower,0,0,0,0,0,0,0,83,0,83,0,0,83,0,83,104,0,104,187
08/18/2004,SWO,OK,ASW,CE,Federal Contract Tower,0,0,3,0,3,0,0,96,0,96,0,0,99,0,99,106,0,106,205
08/19/2004,SWO,OK,ASW,CE,Federal Contract Tower,0,0,1,0,1,0,2,32,0,34,0,2,33,0,35,86,0,86,121
08/20/2004,SWO,OK,ASW,CE,Federal Contract Tower,0,0,10,0,10,0,2,11,0,13,0,2,21,0,23,10,0,10,33
08/21/2004,SWO,OK,ASW,CE,Federal Contract Tower,0,0,5,0,5,0,2,66,0,68,0,2,71,0,73,40,0,40,113
08/22/2004,SWO,OK,ASW,CE,Federal Contract Tower,0,0,11,0,11,0,0,42,0,42,0,0,53,0,53,18,0,18,71
08/23/2004,SWO,OK,ASW,CE,Federal Contract Tower,0,0,8,0,8,0,0,51,0,51,0,0,59,0,59,58,0,58,117
08/24/2004,SWO,OK,ASW,CE,Federal Contract Tower,0,0,7,0,7,0,0,63,0,63,0,0,70,0,70,30,0,30,100
08/25/2004,SWO,OK,ASW,CE,Federal Contract Tower,0,0,11,0,11,0,0,98,0,98,0,0,109,0,109,92,0,92,201
08/26/2004,SWO,OK,ASW,CE,Federal Contract Tower,0,0,2,0,2,0,0,70,4,74,0,0,72,4,76,56,0,56,132
08/27/2004,SWO,OK,ASW,CE,Federal Contract Tower,0,0,6,0,6,0,0,83,4,87,0,0,89,4,93,78,0,78,171
08/28/2004,SWO,OK,ASW,CE,Federal Contract Tower,0,0,11,0,11,0,1,53,0,54,0,1,64,0,65,78,0,78,143
08/29/2004,SWO,OK,ASW,CE,Federal Contract Tower,0,0,9,0,9,0,4,80,2,86,0,4,89,2,95,50,0,50,145
08/30/2004,SWO,OK,ASW,CE,Federal Contract Tower,0,0,5,0,5,0,2,147,0,149,0,2,152,0,154,206,0,206,360
08/31/2004,SWO,OK,ASW,CE,Federal Contract Tower,0,0,11,0,11,0,1,140,0,141,0,1,151,0,152,132,0,132,284
09/01/2004,SWO,OK,ASW,CE,Federal Contract Tower,0,0,2,0,2,0,0,145,0,145,0,0,147,0,147,182,0,182,329
09/02/2004,SWO,OK,ASW,CE,Federal Contract Tower,0,0,2,0,2,0,0,150,0,150,0,0,152,0,152,100,0,100,252
09/03/2004,SWO,OK,ASW,CE,Federal Contract Tower,0,0,12,1,13,0,0,129,3,132,0,0,141,4,145,108,0,108,253
09/04/2004,SWO,OK,ASW,CE,Federal Contract Tower,0,0,0,0,0,0,0,62,0,62,0,0,62,0,62,44,0,44,106
09/05/2004,SWO,OK,ASW,CE,Federal Contract Tower,0,0,4,0,4,0,0,24,0,24,0,0,28,0,28,0,0,0,28
09/06/2004,SWO,OK,ASW,CE,Federal Contract Tower,0,0,6,0,6,0,0,67,0,67,0,0,73,0,73,40,0,40,113
09/07/2004,SWO,OK,ASW,CE,Federal Contract Tower,0,1,0,0,1,0,3,140,0,143,0,4,140,0,144,150,0,150,294
09/08/2004,SWO,OK,ASW,CE,Federal Contract Tower,0,1,1,0,2,0,1,143,0,144,0,2,144,0,146,165,0,165,311
09/09/2004,SWO,OK,ASW,CE,Federal Contract Tower,0,0,1,0,1,0,2,157,0,159,0,2,158,0,160,232,0,232,392
09/10/2004,SWO,OK,ASW,CE,Federal Contract Tower,0,2,9,0,11,0,2,138,0,140,0,4,147,0,151,116,0,116,267
09/11/2004,SWO,OK,ASW,CE,Federal Contract Tower,0,0,6,0,6,0,0,139,0,139,0,0,145,0,145,226,0,226,371
09/12/2004,SWO,OK,ASW,CE,Federal Contract Tower,0,3,12,0,15,0,8,71,0,79,0,11,83,0,94,58,0,58,152
09/13/2004,SWO,OK,ASW,CE,Federal Contract Tower,0,0,0,0,0,0,1,139,0,140,0,1,139,0,140,176,0,176,316
09/14/2004,SWO,OK,ASW,CE,Federal Contract Tower,0,0,4,0,4,0,5,126,0,131,0,5,130,0,135,122,0,122,257
09/15/2004,SWO,OK,ASW,CE,Federal Contract Tower,0,2,14,0,16,0,0,119,0,119,0,2,133,0,135,219,0,219,354
09/16/2004,SWO,OK,ASW,CE,Federal Contract Tower,0,0,4,0,4,0,1,180,0,181,0,1,184,0,185,326,0,326,511
09/17/2004,SWO,OK,ASW,CE,Federal Contract Tower,0,0,5,1,6,0,0,143,3,146,0,0,148,4,152,196,0,196,348
09/18/2004,SWO,OK,ASW,CE,Federal Contract Tower,0,4,16,0,20,0,1,98,0,99,0,5,114,0,119,160,0,160,279
09/19/2004,SWO,OK,ASW,CE,Federal Contract Tower,0,0,4,0,4,0,2,53,0,55,0,2,57,0,59,36,0,36,95
09/20/2004,SWO,OK,ASW,CE,Federal Contract Tower,0,0,2,0,2,0,3,141,0,144,0,3,143,0,146,208,0,208,354
09/21/2004,SWO,OK,ASW,CE,Federal Contract Tower,0,2,11,1,14,0,0,149,6,155,0,2,160,7,169,218,4,222,391
09/22/2004,SWO,OK,ASW,CE,Federal Contract Tower,0,2,10,0,12,0,2,159,4,165,0,4,169,4,177,252,0,252,429
09/23/2004,SWO,OK,ASW,CE,Federal Contract Tower,0,1,8,0,9,0,0,63,0,63,0,1,71,0,72,58,0,58,130
09/24/2004,SWO,OK,ASW,CE,Federal Contract Tower,0,0,8,0,8,0,0,146,0,146,0,0,154,0,154,236,0,236,390
09/25/2004,SWO,OK,ASW,CE,Federal Contract Tower,0,0,6,0,6,0,0,136,0,136,0,0,142,0,142,238,0,238,380
09/26/2004,SWO,OK,ASW,CE,Federal Contract Tower,0,0,3,0,3,0,0,69,0,69,0,0,72,0,72,30,0,30,102
09/27/2004,SWO,OK,ASW,CE,Federal Contract Tower,0,2,8,0,10,0,0,153,2,155,0,2,161,2,165,192,2,194,359
09/28/2004,SWO,OK,ASW,CE,Federal Contract Tower,0,0,3,0,3,0,0,170,0,170,0,0,173,0,173,334,0,334,507
09/29/2004,SWO,OK,ASW,CE,Federal Contract Tower,0,2,7,0,9,0,0,159,0,159,0,2,166,0,168,216,0,216,384
09/30/2004,SWO,OK,ASW,CE,Federal Contract Tower,0,0,6,0,6,0,5,117,0,122,0,5,123,0,128,178,0,178,306
10/01/2004,SWO,OK,ASW,CE,Federal Contract Tower,0,1,13,0,14,0,6,46,0,52,0,7,59,0,66,200,0,200,266
10/02/2004,SWO,OK,ASW,CE,Federal Contract Tower,0,1,13,0,14,0,2,140,0,142,0,3,153,0,156,128,0,128,284
10/03/2004,SWO,OK,ASW,CE,Federal Contract Tower,0,1,8,0,9,0,0,59,0,59,0,1,67,0,68,78,0,78,146
10/04/2004,SWO,OK,ASW,CE,Federal Contract Tower,0,0,4,0,4,0,0,160,0,160,0,0,164,0,164,277,0,277,441
10/05/2004,SWO,OK,ASW,CE,Federal Contract Tower,0,0,8,0,8,0,12,171,0,183,0,12,179,0,191,254,0,254,445
10/06/2004,SWO,OK,ASW,CE,Federal Contract Tower,0,0,10,0,10,0,8,101,0,109,0,8,111,0,119,132,0,132,251
10/07/2004,SWO,OK,ASW,CE,Federal Contract Tower,0,0,8,0,8,0,1,30,0,31,0,1,38,0,39,100,0,100,139
10/08/2004,SWO,OK,ASW,CE,Federal Contract Tower,0,0,3,0,3,0,2,92,0,94,0,2,95,0,97,176,0,176,273
10/09/2004,SWO,OK,ASW,CE,Federal Contract Tower,0,0,3,0,3,0,2,92,0,94,0,2,95,0,97,176,0,176,273
10/10/2004,SWO,OK,ASW,CE,Federal Contract Tower,0,0,7,0,7,0,0,0,0,0,0,0,7,0,7,0,0,0,7
10/11/2004,SWO,OK,ASW,CE,Federal Contract Tower,0,0,11,0,11,0,0,0,0,0,0,0,11,0,11,0,0,0,11
10/12/2004,SWO,OK,ASW,CE,Federal Contract Tower,0,1,5,0,6,0,0,130,2,132,0,1,135,2,138,196,0,196,334
10/13/2004,SWO,OK,ASW,CE,Federal Contract Tower,0,2,4,0,6,0,4,129,0,133,0,6,133,0,139,128,0,128,267
10/14/2004,SWO,OK,ASW,CE,Federal Contract Tower,0,0,5,0,5,0,2,122,0,124,0,2,127,0,129,96,0,96,225
10/15/2004,SWO,OK,ASW,CE,Federal Contract Tower,0,0,11,0,11,0,0,161,0,161,0,0,172,0,172,182,0,182,354
10/16/2004,SWO,OK,ASW,CE,Federal Contract Tower,0,2,17,0,19,0,2,92,0,94,0,4,109,0,113,90,0,90,203
10/17/2004,SWO,OK,ASW,CE,Federal Contract Tower,0,2,11,2,15,0,2,81,0,83,0,4,92,2,98,40,0,40,138
10/18/2004,SWO,OK,ASW,CE,Federal Contract Tower,0,0,14,0,14,0,0,138,0,138,0,0,152,0,152,220,0,220,372
10/19/2004,SWO,OK,ASW,CE,Federal Contract Tower,0,0,7,0,7,0,0,1,0,1,0,0,8,0,8,0,0,0,8
10/20/2004,SWO,OK,ASW,CE,Federal Contract Tower,0,0,8,0,8,0,4,97,0,101,0,4,105,0,109,108,0,108,217
10/21/2004,SWO,OK,ASW,CE,Federal Contract Tower,0,1,7,0,8,0,0,106,0,106,0,1,113,0,114,142,0,142,256
10/22/2004,SWO,OK,ASW,CE,Federal Contract Tower,0,1,7,0,8,0,0,10,0,10,0,1,17,0,18,48,0,48,66
10/23/2004,SWO,OK,ASW,CE,Federal Contract Tower,0,0,3,0,3,0,2,81,0,83,0,2,84,0,86,82,0,82,168
10/24/2004,SWO,OK,ASW,CE,Federal Contract Tower,0,0,1,0,1,0,0,60,0,60,0,0,61,0,61,12,0,12,73
10/25/2004,SWO,OK,ASW,CE,Federal Contract Tower,0,2,15,2,19,0,2,21,0,23,0,4,36,2,42,62,0,62,104
10/26/2004,SWO,OK,ASW,CE,Federal Contract Tower,0,1,8,0,9,0,2,6,0,8,0,3,14,0,17,20,0,20,37
10/27/2004,SWO,OK,ASW,CE,Federal Contract Tower,0,1,3,0,4,0,0,0,0,0,0,1,3,0,4,0,0,0,4
10/28/2004,SWO,OK,ASW,CE,Federal Contract Tower,0,2,20,0,22,0,4,48,0,52,0,6,68,0,74,172,0,172,246
10/29/2004,SWO,OK,ASW,CE,Federal Contract Tower,0,1,10,0,11,0,0,37,0,37,0,1,47,0,48,72,0,72,120
10/30/2004,SWO,OK,ASW,CE,Federal Contract Tower,0,4,39,0,43,0,2,146,0,148,0,6,185,0,191,34,0,34,225
10/31/2004,SWO,OK,ASW,CE,Federal Contract Tower,0,2,3,0,5,0,0,4,0,4,0,2,7,0,9,24,0,24,33
11/01/2004,SWO,OK,ASW,CE,Federal Contract Tower,0,0,17,1,18,0,0,57,11,68,0,0,74,12,86,106,0,106,192
11/02/2004,SWO,OK,ASW,CE,Federal Contract Tower,0,0,10,0,10,0,2,8,0,10,0,2,18,0,20,10,0,10,30
11/03/2004,SWO,OK,ASW,CE,Federal Contract Tower,0,0,10,0,10,0,0,1,0,1,0,0,11,0,11,0,0,0,11
11/04/2004,SWO,OK,ASW,CE,Federal Contract Tower,0,0,7,0,7,0,2,180,0,182,0,2,187,0,189,268,0,268,457
11/05/2004,SWO,OK,ASW,CE,Federal Contract Tower,0,0,9,0,9,0,0,181,0,181,0,0,190,0,190,266,0,266,456
11/06/2004,SWO,OK,ASW,CE,Federal Contract Tower,0,0,3,0,3,0,2,159,0,161,0,2,162,0,164,152,0,152,316
11/07/2004,SWO,OK,ASW,CE,Federal Contract Tower,0,0,11,0,11,0,2,114,0,116,0,2,125,0,127,110,0,110,237
11/08/2004,SWO,OK,ASW,CE,Federal Contract Tower,0,0,8,0,8,0,0,172,0,172,0,0,180,0,180,254,0,254,434
11/09/2004,SWO,OK,ASW,CE,Federal Contract Tower,0,0,3,0,3,0,2,160,0,162,0,2,163,0,165,256,0,256,421
11/10/2004,SWO,OK,ASW,CE,Federal Contract Tower,0,2,4,0,6,0,0,7,0,7,0,2,11,0,13,4,0,4,17
11/11/2004,SWO,OK,ASW,CE,Federal Contract Tower,0,0,8,0,8,0,2,18,0,20,0,2,26,0,28,42,0,42,70
11/12/2004,SWO,OK,ASW,CE,Federal Contract Tower,0,2,17,0,19,0,0,158,0,158,0,2,175,0,177,308,0,308,485
11/13/2004,SWO,OK,ASW,CE,Federal Contract Tower,0,2,16,0,18,0,5,110,0,115,0,7,126,0,133,98,0,98,231
11/14/2004,SWO,OK,ASW,CE,Federal Contract Tower,0,0,9,0,9,0,2,63,0,65,0,2,72,0,74,80,0,80,154
11/15/2004,SWO,OK,ASW,CE,Federal Contract Tower,0,0,9,0,9,0,0,0,0,0,0,0,9,0,9,0,0,0,9
11/16/2004,SWO,OK,ASW,CE,Federal Contract Tower,0,0,22,0,22,0,0,0,0,0,0,0,22,0,22,0,0,0,22
11/17/2004,SWO,OK,ASW,CE,Federal Contract Tower,0,0,11,0,11,0,2,39,0,41,0,2,50,0,52,96,0,96,148
11/18/2004,SWO,OK,ASW,CE,Federal Contract Tower,0,0,20,0,20,0,0,31,0,31,0,0,51,0,51,24,0,24,75
11/19/2004,SWO,OK,ASW,CE,Federal Contract Tower,0,0,13,0,13,0,0,53,0,53,0,0,66,0,66,136,0,136,202
11/20/2004,SWO,OK,ASW,CE,Federal Contract Tower,0,0,7,1,8,0,0,119,3,122,0,0,126,4,130,132,0,132,262
11/21/2004,SWO,OK,ASW,CE,Federal Contract Tower,0,0,16,0,16,0,0,0,0,0,0,0,16,0,16,0,0,0,16
11/22/2004,SWO,OK,ASW,CE,Federal Contract Tower,0,0,1,2,3,0,0,1,0,1,0,0,2,2,4,0,0,0,4
11/23/2004,SWO,OK,ASW,CE,Federal Contract Tower,0,2,7,0,9,0,0,0,0,0,0,2,7,0,9,0,0,0,9
11/24/2004,SWO,OK,ASW,CE,Federal Contract Tower,0,0,2,0,2,0,0,39,0,39,0,0,41,0,41,6,0,6,47
11/25/2004,SWO,OK,ASW,CE,Federal Contract Tower,0,0,2,0,2,0,0,20,0,20,0,0,22,0,22,2,0,2,24
11/26/2004,SWO,OK,ASW,CE,Federal Contract Tower,0,0,2,0,2,0,4,14,0,18,0,4,16,0,20,10,0,10,30
11/27/2004,SWO,OK,ASW,CE,Federal Contract Tower,0,5,10,0,15,0,1,29,0,30,0,6,39,0,45,0,0,0,45
11/28/2004,SWO,OK,ASW,CE,Federal Contract Tower,0,3,8,0,11,0,2,12,0,14,0,5,20,0,25,0,0,0,25
11/29/2004,SWO,OK,ASW,CE,Federal Contract Tower,0,0,2,0,2,0,0,0,0,0,0,0,2,0,2,0,0,0,2
11/30/2004,SWO,OK,ASW,CE,Federal Contract Tower,0,0,3,0,3,0,0,70,0,70,0,0,73,0,73,56,0,56,129
12/01/2004,SWO,OK,ASW,CE,Federal Contract Tower,0,0,7,0,7,0,2,185,0,187,0,2,192,0,194,222,0,222,416
12/02/2004,SWO,OK,ASW,CE,Federal Contract Tower,0,0,4,0,4,0,0,189,0,189,0,0,193,0,193,254,0,254,447
12/03/2004,SWO,OK,ASW,CE,Federal Contract Tower,0,0,11,0,11,0,3,153,0,156,0,3,164,0,167,142,0,142,309
12/04/2004,SWO,OK,ASW,CE,Federal Contract Tower,0,0,13,0,13,0,0,146,0,146,0,0,159,0,159,144,0,144,303
12/05/2004,SWO,OK,ASW,CE,Federal Contract Tower,0,1,10,0,11,0,0,6,0,6,0,1,16,0,17,26,0,26,43
12/06/2004,SWO,OK,ASW,CE,Federal Contract Tower,0,2,4,0,6,0,0,61,0,61,0,2,65,0,67,122,0,122,189
12/07/2004,SWO,OK,ASW,CE,Federal Contract Tower,0,0,6,0,6,0,0,151,0,151,0,0,157,0,157,218,0,218,375
12/08/2004,SWO,OK,ASW,CE,Federal Contract Tower,0,0,5,0,5,0,0,95,0,95,0,0,100,0,100,78,0,78,178
12/09/2004,SWO,OK,ASW,CE,Federal Contract Tower,0,1,8,0,9,0,0,170,0,170,0,1,178,0,179,160,0,160,339
12/10/2004,SWO,OK,ASW,CE,Federal Contract Tower,0,2,4,0,6,0,2,23,0,25,0,4,27,0,31,4,0,4,35
12/11/2004,SWO,OK,ASW,CE,Federal Contract Tower,0,0,1,0,1,0,0,132,0,132,0,0,133,0,133,124,0,124,257
12/12/2004,SWO,OK,ASW,CE,Federal Contract Tower,0,0,3,0,3,0,0,46,0,46,0,0,49,0,49,18,0,18,67
12/13/2004,SWO,OK,ASW,CE,Federal Contract Tower,0,0,4,0,4,0,0,64,0,64,0,0,68,0,68,42,0,42,110
12/14/2004,SWO,OK,ASW,CE,Federal Contract Tower,0,2,4,0,6,0,0,126,0,126,0,2,130,0,132,192,0,192,324
12/15/2004,SWO,OK,ASW,CE,Federal Contract Tower,0,0,6,0,6,0,2,79,0,81,0,2,85,0,87,52,0,52,139
12/16/2004,SWO,OK,ASW,CE,Federal Contract Tower,0,0,6,0,6,0,2,107,0,109,0,2,113,0,115,212,0,212,327
12/17/2004,SWO,OK,ASW,CE,Federal Contract Tower,0,0,3,0,3,0,1,126,0,127,0,1,129,0,130,192,0,192,322
12/18/2004,SWO,OK,ASW,CE,Federal Contract Tower,0,0,3,0,3,0,0,70,0,70,0,0,73,0,73,58,0,58,131
12/19/2004,SWO,OK,ASW,CE,Federal Contract Tower,0,0,1,0,1,0,0,43,0,43,0,0,44,0,44,14,0,14,58
12/20/2004,SWO,OK,ASW,CE,Federal Contract Tower,0,0,0,0,0,0,1,68,0,69,0,1,68,0,69,64,0,64,133
12/21/2004,SWO,OK,ASW,CE,Federal Contract Tower,0,0,2,0,2,0,3,65,0,68,0,3,67,0,70,66,0,66,136
12/22/2004,SWO,OK,ASW,CE,Federal Contract Tower,0,0,2,0,2,0,3,3,0,6,0,3,5,0,8,0,0,0,8
12/23/2004,SWO,OK,ASW,CE,Federal Contract Tower,0,2,2,0,4,0,2,26,0,28,0,4,28,0,32,0,0,0,32
12/24/2004,SWO,OK,ASW,CE,Federal Contract Tower,0,2,2,0,4,0,0,19,0,19,0,2,21,0,23,0,0,0,23
12/25/2004,SWO,OK,ASW,CE,Federal Contract Tower,0,0,0,0,0,0,0,15,0,15,0,0,15,0,15,0,0,0,15
12/26/2004,SWO,OK,ASW,CE,Federal Contract Tower,0,0,1,0,1,0,0,38,0,38,0,0,39,0,39,0,0,0,39
12/27/2004,SWO,OK,ASW,CE,Federal Contract Tower,0,0,2,0,2,0,0,35,0,35,0,0,37,0,37,12,0,12,49
12/28/2004,SWO,OK,ASW,CE,Federal Contract Tower,0,0,3,0,3,0,0,3,0,3,0,0,6,0,6,0,0,0,6
12/29/2004,SWO,OK,ASW,CE,Federal Contract Tower,0,0,1,0,1,0,0,22,2,24,0,0,23,2,25,42,0,42,67
12/30/2004,SWO,OK,ASW,CE,Federal Contract Tower,0,3,13,0,16,0,4,16,0,20,0,7,29,0,36,0,0,0,36
12/31/2004,SWO,OK,ASW,CE,Federal Contract Tower,0,0,8,0,8,0,0,52,0,52,0,0,60,0,60,16,0,16,76
01/01/2005,SWO,OK,ASW,CE,Federal Contract Tower,0,0,0,0,0,0,2,2,0,4,0,2,2,0,4,0,0,0,4
01/02/2005,SWO,OK,ASW,CE,Federal Contract Tower,0,0,3,0,3,0,0,0,0,0,0,0,3,0,3,0,0,0,3
01/03/2005,SWO,OK,ASW,CE,Federal Contract Tower,0,0,4,0,4,0,0,0,0,0,0,0,4,0,4,0,0,0,4
01/04/2005,SWO,OK,ASW,CE,Federal Contract Tower,0,1,3,0,4,0,0,0,0,0,0,1,3,0,4,0,0,0,4
01/05/2005,SWO,OK,ASW,CE,Federal Contract Tower,0,0,0,0,0,0,0,1,0,1,0,0,1,0,1,0,0,0,1
01/06/2005,SWO,OK,ASW,CE,Federal Contract Tower,0,1,2,0,3,0,2,8,0,10,0,3,10,0,13,0,0,0,13
01/07/2005,SWO,OK,ASW,CE,Federal Contract Tower,0,4,7,0,11,0,0,9,0,9,0,4,16,0,20,0,0,0,20
01/08/2005,SWO,OK,ASW,CE,Federal Contract Tower,0,3,4,0,7,0,0,40,0,40,0,3,44,0,47,16,0,16,63
01/09/2005,SWO,OK,ASW,CE,Federal Contract Tower,0,0,7,0,7,0,0,58,0,58,0,0,65,0,65,4,0,4,69
01/10/2005,SWO,OK,ASW,CE,Federal Contract Tower,0,1,12,0,13,0,0,4,0,4,0,1,16,0,17,8,0,8,25
01/11/2005,SWO,OK,ASW,CE,Federal Contract Tower,0,0,0,0,0,0,0,0,0,0,0,0,0,0,0,0,0,0,0
01/12/2005,SWO,OK,ASW,CE,Federal Contract Tower,0,2,5,0,7,0,0,4,0,4,0,2,9,0,11,6,0,6,17
01/13/2005,SWO,OK,ASW,CE,Federal Contract Tower,0,0,5,0,5,0,0,72,0,72,0,0,77,0,77,18,0,18,95
01/14/2005,SWO,OK,ASW,CE,Federal Contract Tower,0,5,7,0,12,0,2,56,0,58,0,7,63,0,70,48,0,48,118
01/15/2005,SWO,OK,ASW,CE,Federal Contract Tower,0,2,13,0,15,0,0,19,0,19,0,2,32,0,34,14,0,14,48
01/16/2005,SWO,OK,ASW,CE,Federal Contract Tower,0,3,14,0,17,0,1,49,0,50,0,4,63,0,67,18,0,18,85
01/17/2005,SWO,OK,ASW,CE,Federal Contract Tower,0,0,3,0,3,0,2,100,0,102,0,2,103,0,105,144,0,144,249
01/18/2005,SWO,OK,ASW,CE,Federal Contract Tower,0,0,2,0,2,0,0,100,0,100,0,0,102,0,102,112,0,112,214
01/19/2005,SWO,OK,ASW,CE,Federal Contract Tower,0,1,5,0,6,0,4,160,0,164,0,5,165,0,170,174,0,174,344
01/20/2005,SWO,OK,ASW,CE,Federal Contract Tower,0,0,2,0,2,0,0,152,0,152,0,0,154,0,154,150,0,150,304
01/21/2005,SWO,OK,ASW,CE,Federal Contract Tower,0,1,5,0,6,0,6,149,0,155,0,7,154,0,161,222,0,222,383
01/22/2005,SWO,OK,ASW,CE,Federal Contract Tower,0,2,7,0,9,0,0,32,0,32,0,2,39,0,41,14,0,14,55
01/23/2005,SWO,OK,ASW,CE,Federal Contract Tower,0,0,5,0,5,0,0,87,0,87,0,0,92,0,92,88,0,88,180
01/24/2005,SWO,OK,ASW,CE,Federal Contract Tower,0,0,5,1,6,0,0,151,1,152,0,0,156,2,158,278,0,278,436
01/25/2005,SWO,OK,ASW,CE,Federal Contract Tower,0,0,3,0,3,0,0,142,0,142,0,0,145,0,145,196,0,196,341
01/26/2005,SWO,OK,ASW,CE,Federal Contract Tower,0,0,12,0,12,0,0,208,0,208,0,0,220,0,220,192,0,192,412
01/27/2005,SWO,OK,ASW,CE,Federal Contract Tower,0,0,8,0,8,0,0,118,0,118,0,0,126,0,126,202,0,202,328
01/28/2005,SWO,OK,ASW,CE,Federal Contract Tower,0,2,1,0,3,0,0,0,0,0,0,2,1,0,3,0,0,0,3
01/29/2005,SWO,OK,ASW,CE,Federal Contract Tower,0,2,1,0,3,0,0,1,0,1,0,2,2,0,4,0,0,0,4
01/30/2005,SWO,OK,ASW,CE,Federal Contract Tower,0,2,3,0,5,0,0,0,0,0,0,2,3,0,5,0,0,0,5
01/31/2005,SWO,OK,ASW,CE,Federal Contract Tower,0,1,0,0,1,0,0,0,0,0,0,1,0,0,1,0,0,0,1
02/01/2005,SWO,OK,ASW,CE,Federal Contract Tower,0,3,2,0,5,0,0,0,0,0,0,3,2,0,5,0,0,0,5
02/02/2005,SWO,OK,ASW,CE,Federal Contract Tower,0,0,6,0,6,0,0,46,2,48,0,0,52,2,54,94,0,94,148
02/03/2005,SWO,OK,ASW,CE,Federal Contract Tower,0,0,10,0,10,0,0,149,2,151,0,0,159,2,161,190,8,198,359
02/04/2005,SWO,OK,ASW,CE,Federal Contract Tower,0,3,0,0,3,0,5,193,0,198,0,8,193,0,201,222,0,222,423
02/05/2005,SWO,OK,ASW,CE,Federal Contract Tower,0,0,6,0,6,0,2,116,0,118,0,2,122,0,124,102,0,102,226
02/06/2005,SWO,OK,ASW,CE,Federal Contract Tower,0,0,9,0,9,0,0,1,0,1,0,0,10,0,10,0,0,0,10
02/07/2005,SWO,OK,ASW,CE,Federal Contract Tower,0,2,16,0,18,0,0,1,0,1,0,2,17,0,19,0,0,0,19
02/08/2005,SWO,OK,ASW,CE,Federal Contract Tower,0,2,1,0,3,0,0,0,0,0,0,2,1,0,3,0,0,0,3
02/09/2005,SWO,OK,ASW,CE,Federal Contract Tower,0,0,6,0,6,0,2,142,0,144,0,2,148,0,150,244,0,244,394
02/10/2005,SWO,OK,ASW,CE,Federal Contract Tower,0,5,1,0,6,0,2,147,0,149,0,7,148,0,155,206,0,206,361
02/11/2005,SWO,OK,ASW,CE,Federal Contract Tower,0,3,8,0,11,0,3,186,0,189,0,6,194,0,200,252,0,252,452
02/12/2005,SWO,OK,ASW,CE,Federal Contract Tower,0,0,15,0,15,0,1,32,0,33,0,1,47,0,48,28,0,28,76
02/13/2005,SWO,OK,ASW,CE,Federal Contract Tower,0,0,4,0,4,0,0,50,0,50,0,0,54,0,54,32,0,32,86
02/14/2005,SWO,OK,ASW,CE,Federal Contract Tower,0,0,2,0,2,0,0,135,0,135,0,0,137,0,137,146,0,146,283
02/15/2005,SWO,OK,ASW,CE,Federal Contract Tower,0,2,2,0,4,0,2,119,0,121,0,4,121,0,125,170,0,170,295
02/16/2005,SWO,OK,ASW,CE,Federal Contract Tower,0,0,3,0,3,0,1,142,0,143,0,1,145,0,146,228,0,228,374
02/17/2005,SWO,OK,ASW,CE,Federal Contract Tower,0,0,6,1,7,0,2,170,1,173,0,2,176,2,180,218,0,218,398
02/18/2005,SWO,OK,ASW,CE,Federal Contract Tower,0,5,8,0,13,0,0,138,0,138,0,5,146,0,151,204,0,204,355
02/19/2005,SWO,OK,ASW,CE,Federal Contract Tower,0,5,14,0,19,0,2,5,0,7,0,7,19,0,26,12,0,12,38
02/20/2005,SWO,OK,ASW,CE,Federal Contract Tower,0,1,8,0,9,0,0,113,0,113,0,1,121,0,122,86,0,86,208
02/21/2005,SWO,OK,ASW,CE,Federal Contract Tower,0,4,17,0,21,0,0,15,0,15,0,4,32,0,36,20,0,20,56
02/22/2005,SWO,OK,ASW,CE,Federal Contract Tower,0,2,12,0,14,0,0,35,0,35,0,2,47,0,49,138,0,138,187
02/23/2005,SWO,OK,ASW,CE,Federal Contract Tower,0,3,14,1,18,0,0,0,0,0,0,3,14,1,18,0,0,0,18
02/24/2005,SWO,OK,ASW,CE,Federal Contract Tower,0,0,9,0,9,0,0,126,14,140,0,0,135,14,149,244,0,244,393
02/25/2005,SWO,OK,ASW,CE,Federal Contract Tower,0,2,9,1,12,0,0,230,0,230,0,2,239,1,242,286,0,286,528
02/26/2005,SWO,OK,ASW,CE,Federal Contract Tower,0,2,13,0,15,0,0,181,0,181,0,2,194,0,196,308,0,308,504
02/27/2005,SWO,OK,ASW,CE,Federal Contract Tower,0,1,16,0,17,0,0,6,0,6,0,1,22,0,23,0,0,0,23
02/28/2005,SWO,OK,ASW,CE,Federal Contract Tower,0,1,0,0,1,0,0,151,0,151,0,1,151,0,152,328,0,328,480
03/01/2005,SWO,OK,ASW,CE,Federal Contract Tower,0,1,14,0,15,0,0,168,6,174,0,1,182,6,189,316,0,316,505
03/02/2005,SWO,OK,ASW,CE,Federal Contract Tower,0,0,11,2,13,0,0,184,0,184,0,0,195,2,197,400,10,410,607
03/03/2005,SWO,OK,ASW,CE,Federal Contract Tower,0,0,8,0,8,0,0,136,0,136,0,0,144,0,144,242,0,242,386
03/04/2005,SWO,OK,ASW,CE,Federal Contract Tower,0,3,10,2,15,0,0,182,0,182,0,3,192,2,197,265,0,265,462
03/05/2005,SWO,OK,ASW,CE,Federal Contract Tower,0,3,5,0,8,0,0,161,0,161,0,3,166,0,169,212,0,212,381
03/06/2005,SWO,OK,ASW,CE,Federal Contract Tower,0,1,8,0,9,0,0,71,0,71,0,1,79,0,80,24,0,24,104
03/07/2005,SWO,OK,ASW,CE,Federal Contract Tower,0,2,2,2,6,0,0,82,2,84,0,2,84,4,90,190,16,206,296
03/08/2005,SWO,OK,ASW,CE,Federal Contract Tower,0,0,1,0,1,0,2,164,0,166,0,2,165,0,167,340,0,340,507
03/09/2005,SWO,OK,ASW,CE,Federal Contract Tower,0,5,9,0,14,0,2,147,0,149,0,7,156,0,163,258,0,258,421
03/10/2005,SWO,OK,ASW,CE,Federal Contract Tower,0,0,6,2,8,0,4,110,0,114,0,4,116,2,122,104,0,104,226
03/11/2005,SWO,OK,ASW,CE,Federal Contract Tower,0,0,4,0,4,0,0,131,0,131,0,0,135,0,135,138,0,138,273
03/12/2005,SWO,OK,ASW,CE,Federal Contract Tower,0,0,2,0,2,0,1,70,0,71,0,1,72,0,73,76,0,76,149
03/13/2005,SWO,OK,ASW,CE,Federal Contract Tower,0,2,6,0,8,0,2,22,0,24,0,4,28,0,32,2,0,2,34
03/14/2005,SWO,OK,ASW,CE,Federal Contract Tower,0,0,7,0,7,0,2,34,0,36,0,2,41,0,43,44,0,44,87
03/15/2005,SWO,OK,ASW,CE,Federal Contract Tower,0,0,4,0,4,0,0,6,0,6,0,0,10,0,10,24,0,24,34
03/16/2005,SWO,OK,ASW,CE,Federal Contract Tower,0,1,3,0,4,0,0,46,2,48,0,1,49,2,52,36,0,36,88
03/17/2005,SWO,OK,ASW,CE,Federal Contract Tower,0,1,0,0,1,0,0,32,0,32,0,1,32,0,33,22,0,22,55
03/18/2005,SWO,OK,ASW,CE,Federal Contract Tower,0,0,1,0,1,0,0,56,0,56,0,0,57,0,57,46,0,46,103
03/19/2005,SWO,OK,ASW,CE,Federal Contract Tower,0,2,4,0,6,0,2,75,0,77,0,4,79,0,83,92,0,92,175
03/20/2005,SWO,OK,ASW,CE,Federal Contract Tower,0,1,6,1,8,0,0,27,1,28,0,1,33,2,36,14,0,14,50
03/21/2005,SWO,OK,ASW,CE,Federal Contract Tower,0,0,0,0,0,0,0,3,0,3,0,0,3,0,3,0,0,0,3
03/22/2005,SWO,OK,ASW,CE,Federal Contract Tower,0,2,13,0,15,0,0,2,0,2,0,2,15,0,17,4,0,4,21
03/23/2005,SWO,OK,ASW,CE,Federal Contract Tower,0,0,20,0,20,0,0,76,0,76,0,0,96,0,96,148,0,148,244
03/24/2005,SWO,OK,ASW,CE,Federal Contract Tower,0,0,10,0,10,0,0,97,0,97,0,0,107,0,107,100,0,100,207
03/25/2005,SWO,OK,ASW,CE,Federal Contract Tower,0,2,26,0,28,0,3,33,0,36,0,5,59,0,64,118,0,118,182
03/26/2005,SWO,OK,ASW,CE,Federal Contract Tower,0,2,11,0,13,0,2,2,0,4,0,4,13,0,17,10,0,10,27
03/27/2005,SWO,OK,ASW,CE,Federal Contract Tower,0,0,7,0,7,0,0,44,0,44,0,0,51,0,51,26,0,26,77
03/28/2005,SWO,OK,ASW,CE,Federal Contract Tower,0,0,7,0,7,0,0,146,0,146,0,0,153,0,153,104,0,104,257
03/29/2005,SWO,OK,ASW,CE,Federal Contract Tower,0,0,3,0,3,0,2,67,0,69,0,2,70,0,72,60,0,60,132
03/30/2005,SWO,OK,ASW,CE,Federal Contract Tower,0,0,7,0,7,0,0,97,0,97,0,0,104,0,104,128,0,128,232
03/31/2005,SWO,OK,ASW,CE,Federal Contract Tower,0,0,2,4,6,0,0,28,0,28,0,0,30,4,34,24,0,24,58
04/01/2005,SWO,OK,ASW,CE,Federal Contract Tower,0,0,6,0,6,0,0,132,0,132,0,0,138,0,138,200,0,200,338
04/02/2005,SWO,OK,ASW,CE,Federal Contract Tower,0,3,2,0,5,0,0,181,0,181,0,3,183,0,186,282,0,282,468
04/03/2005,SWO,OK,ASW,CE,Federal Contract Tower,0,0,5,0,5,0,1,90,0,91,0,1,95,0,96,142,0,142,238
04/04/2005,SWO,OK,ASW,CE,Federal Contract Tower,0,0,5,0,5,0,0,34,0,34,0,0,39,0,39,8,0,8,47
04/05/2005,SWO,OK,ASW,CE,Federal Contract Tower,0,1,1,0,2,0,2,8,0,10,0,3,9,0,12,0,0,0,12
04/06/2005,SWO,OK,ASW,CE,Federal Contract Tower,0,1,8,0,9,0,0,4,0,4,0,1,12,0,13,0,0,0,13
04/07/2005,SWO,OK,ASW,CE,Federal Contract Tower,0,1,14,0,15,0,4,158,2,164,0,5,172,2,179,314,0,314,493
04/08/2005,SWO,OK,ASW,CE,Federal Contract Tower,0,0,14,0,14,0,0,92,0,92,0,0,106,0,106,190,0,190,296
04/09/2005,SWO,OK,ASW,CE,Federal Contract Tower,0,0,8,0,8,0,4,82,0,86,0,4,90,0,94,156,0,156,250
04/10/2005,SWO,OK,ASW,CE,Federal Contract Tower,0,0,13,0,13,0,0,9,0,9,0,0,22,0,22,6,0,6,28
04/11/2005,SWO,OK,ASW,CE,Federal Contract Tower,0,0,10,2,12,0,0,163,1,164,0,0,173,3,176,196,10,206,382
04/12/2005,SWO,OK,ASW,CE,Federal Contract Tower,0,1,2,0,3,0,1,51,0,52,0,2,53,0,55,10,0,10,65
04/13/2005,SWO,OK,ASW,CE,Federal Contract Tower,0,0,12,0,12,0,0,161,0,161,0,0,173,0,173,244,0,244,417
04/14/2005,SWO,OK,ASW,CE,Federal Contract Tower,0,0,6,0,6,0,2,199,2,203,0,2,205,2,209,444,6,450,659
04/15/2005,SWO,OK,ASW,CE,Federal Contract Tower,0,4,8,0,12,0,0,168,0,168,0,4,176,0,180,198,0,198,378
04/16/2005,SWO,OK,ASW,CE,Federal Contract Tower,0,0,7,0,7,0,0,115,0,115,0,0,122,0,122,214,0,214,336
04/17/2005,SWO,OK,ASW,CE,Federal Contract Tower,0,2,8,0,10,0,0,60,0,60,0,2,68,0,70,94,0,94,164
04/18/2005,SWO,OK,ASW,CE,Federal Contract Tower,0,0,9,4,13,0,0,99,0,99,0,0,108,4,112,130,2,132,244
04/19/2005,SWO,OK,ASW,CE,Federal Contract Tower,0,4,12,0,16,0,2,64,0,66,0,6,76,0,82,158,0,158,240
04/20/2005,SWO,OK,ASW,CE,Federal Contract Tower,0,0,8,0,8,0,0,99,0,99,0,0,107,0,107,168,0,168,275
04/21/2005,SWO,OK,ASW,CE,Federal Contract Tower,0,0,2,0,2,0,1,87,0,88,0,1,89,0,90,170,0,170,260
04/22/2005,SWO,OK,ASW,CE,Federal Contract Tower,0,0,7,2,9,0,2,15,0,17,0,2,22,2,26,0,18,18,44
04/23/2005,SWO,OK,ASW,CE,Federal Contract Tower,0,1,1,0,2,0,0,100,0,100,0,1,101,0,102,142,0,142,244
04/24/2005,SWO,OK,ASW,CE,Federal Contract Tower,0,0,3,1,4,0,0,73,1,74,0,0,76,2,78,72,8,80,158
04/25/2005,SWO,OK,ASW,CE,Federal Contract Tower,0,1,7,2,10,0,2,51,0,53,0,3,58,2,63,82,10,92,155
04/26/2005,SWO,OK,ASW,CE,Federal Contract Tower,0,0,5,5,10,0,5,73,7,85,0,5,78,12,95,54,10,64,159
04/27/2005,SWO,OK,ASW,CE,Federal Contract Tower,0,3,6,0,9,0,0,129,0,129,0,3,135,0,138,166,0,166,304
04/28/2005,SWO,OK,ASW,CE,Federal Contract Tower,0,0,11,0,11,0,0,114,2,116,0,0,125,2,127,160,8,168,295
04/29/2005,SWO,OK,ASW,CE,Federal Contract Tower,0,0,21,2,23,0,2,13,2,17,0,2,34,4,40,22,0,22,62
04/30/2005,SWO,OK,ASW,CE,Federal Contract Tower,0,0,3,0,3,0,0,89,0,89,0,0,92,0,92,90,0,90,182
05/01/2005,SWO,OK,ASW,CE,Federal Contract Tower,0,2,0,0,2,0,0,64,0,64,0,2,64,0,66,38,0,38,104
05/02/2005,SWO,OK,ASW,CE,Federal Contract Tower,0,0,3,0,3,0,0,116,4,120,0,0,119,4,123,172,34,206,329
05/03/2005,SWO,OK,ASW,CE,Federal Contract Tower,0,0,5,0,5,0,0,136,0,136,0,0,141,0,141,242,0,242,383
05/04/2005,SWO,OK,ASW,CE,Federal Contract Tower,0,0,7,0,7,0,4,144,0,148,0,4,151,0,155,204,0,204,359
05/05/2005,SWO,OK,ASW,CE,Federal Contract Tower,0,0,15,12,27,0,4,75,0,79,0,4,90,12,106,76,2,78,184
05/06/2005,SWO,OK,ASW,CE,Federal Contract Tower,0,0,14,0,14,0,1,117,0,118,0,1,131,0,132,68,0,68,200
05/07/2005,SWO,OK,ASW,CE,Federal Contract Tower,0,2,4,0,6,0,0,36,0,36,0,2,40,0,42,58,0,58,100
05/08/2005,SWO,OK,ASW,CE,Federal Contract Tower,0,0,6,0,6,0,0,35,0,35,0,0,41,0,41,18,0,18,59
05/09/2005,SWO,OK,ASW,CE,Federal Contract Tower,0,0,6,0,6,0,0,94,0,94,0,0,100,0,100,102,0,102,202
05/10/2005,SWO,OK,ASW,CE,Federal Contract Tower,0,2,18,3,23,0,0,66,7,73,0,2,84,10,96,120,14,134,230
05/11/2005,SWO,OK,ASW,CE,Federal Contract Tower,0,0,6,2,8,0,0,111,2,113,0,0,117,4,121,138,8,146,267
05/12/2005,SWO,OK,ASW,CE,Federal Contract Tower,0,0,8,0,8,0,2,56,0,58,0,2,64,0,66,86,0,86,152
05/13/2005,SWO,OK,ASW,CE,Federal Contract Tower,0,0,6,0,6,0,2,10,0,12,0,2,16,0,18,46,0,46,64
05/14/2005,SWO,OK,ASW,CE,Federal Contract Tower,0,2,6,3,11,0,2,66,1,69,0,4,72,4,80,46,0,46,126
05/15/2005,SWO,OK,ASW,CE,Federal Contract Tower,0,0,6,0,6,0,0,86,0,86,0,0,92,0,92,62,0,62,154
05/16/2005,SWO,OK,ASW,CE,Federal Contract Tower,0,0,5,0,5,0,2,117,10,129,0,2,122,10,134,134,16,150,284
05/17/2005,SWO,OK,ASW,CE,Federal Contract Tower,0,2,4,5,11,0,0,88,5,93,0,2,92,10,104,44,14,58,162
05/18/2005,SWO,OK,ASW,CE,Federal Contract Tower,0,4,12,9,25,0,0,50,5,55,0,4,62,14,80,62,26,88,168
05/19/2005,SWO,OK,ASW,CE,Federal Contract Tower,0,1,15,4,20,0,0,111,7,118,0,1,126,11,138,150,10,160,298
05/20/2005,SWO,OK,ASW,CE,Federal Contract Tower,0,1,16,0,17,0,2,84,0,86,0,3,100,0,103,130,0,130,233
05/21/2005,SWO,OK,ASW,CE,Federal Contract Tower,0,5,2,0,7,0,4,85,0,89,0,9,87,0,96,110,0,110,206
05/22/2005,SWO,OK,ASW,CE,Federal Contract Tower,0,0,7,0,7,0,2,39,0,41,0,2,46,0,48,34,0,34,82
05/23/2005,SWO,OK,ASW,CE,Federal Contract Tower,0,1,4,0,5,0,4,52,2,58,0,5,56,2,63,46,10,56,119
05/24/2005,SWO,OK,ASW,CE,Federal Contract Tower,0,0,9,0,9,0,1,78,0,79,0,1,87,0,88,120,0,120,208
05/25/2005,SWO,OK,ASW,CE,Federal Contract Tower,0,0,4,0,4,0,0,94,0,94,0,0,98,0,98,150,0,150,248
05/26/2005,SWO,OK,ASW,CE,Federal Contract Tower,0,0,8,0,8,0,0,76,0,76,0,0,84,0,84,102,0,102,186
05/27/2005,SWO,OK,ASW,CE,Federal Contract Tower,0,0,5,0,5,0,0,58,0,58,0,0,63,0,63,62,0,62,125
05/28/2005,SWO,OK,ASW,CE,Federal Contract Tower,0,2,0,0,2,0,0,72,0,72,0,2,72,0,74,48,0,48,122
05/29/2005,SWO,OK,ASW,CE,Federal Contract Tower,0,0,2,0,2,0,0,16,0,16,0,0,18,0,18,0,0,0,18
05/30/2005,SWO,OK,ASW,CE,Federal Contract Tower,0,0,8,0,8,0,0,31,0,31,0,0,39,0,39,26,0,26,65
05/31/2005,SWO,OK,ASW,CE,Federal Contract Tower,0,0,3,0,3,0,0,29,0,29,0,0,32,0,32,56,0,56,88
06/01/2005,SWO,OK,ASW,CE,Federal Contract Tower,0,0,8,2,10,0,0,76,2,78,0,0,84,4,88,38,2,40,128
06/02/2005,SWO,OK,ASW,CE,Federal Contract Tower,0,0,7,2,9,0,0,93,0,93,0,0,100,2,102,78,0,78,180
06/03/2005,SWO,OK,ASW,CE,Federal Contract Tower,0,2,12,0,14,0,0,48,2,50,0,2,60,2,64,106,0,106,170
06/04/2005,SWO,OK,ASW,CE,Federal Contract Tower,0,2,8,0,10,0,0,24,0,24,0,2,32,0,34,36,0,36,70
06/05/2005,SWO,OK,ASW,CE,Federal Contract Tower,0,1,12,2,15,0,0,28,0,28,0,1,40,2,43,56,0,56,99
06/06/2005,SWO,OK,ASW,CE,Federal Contract Tower,0,0,10,2,12,0,0,96,0,96,0,0,106,2,108,106,8,114,222
06/07/2005,SWO,OK,ASW,CE,Federal Contract Tower,0,0,8,0,8,0,0,94,0,94,0,0,102,0,102,54,0,54,156
06/08/2005,SWO,OK,ASW,CE,Federal Contract Tower,0,0,3,2,5,0,2,89,2,93,0,2,92,4,98,94,12,106,204
06/09/2005,SWO,OK,ASW,CE,Federal Contract Tower,0,0,5,0,5,0,2,41,0,43,0,2,46,0,48,38,0,38,86
06/10/2005,SWO,OK,ASW,CE,Federal Contract Tower,0,0,0,0,0,0,80,0,0,80,0,80,0,0,80,58,0,58,138
06/11/2005,SWO,OK,ASW,CE,Federal Contract Tower,0,2,12,0,14,0,0,50,0,50,0,2,62,0,64,36,0,36,100
06/12/2005,SWO,OK,ASW,CE,Federal Contract Tower,0,0,7,0,7,0,0,18,0,18,0,0,25,0,25,10,0,10,35
06/13/2005,SWO,OK,ASW,CE,Federal Contract Tower,0,0,4,0,4,0,0,68,0,68,0,0,72,0,72,126,0,126,198
06/14/2005,SWO,OK,ASW,CE,Federal Contract Tower,0,2,7,0,9,0,2,134,0,136,0,4,141,0,145,98,0,98,243
06/15/2005,SWO,OK,ASW,CE,Federal Contract Tower,0,0,8,3,11,0,0,123,6,129,0,0,131,9,140,122,16,138,278
06/16/2005,SWO,OK,ASW,CE,Federal Contract Tower,0,1,12,0,13,0,2,64,0,66,0,3,76,0,79,58,0,58,137
06/17/2005,SWO,OK,ASW,CE,Federal Contract Tower,0,0,6,3,9,0,2,66,5,73,0,2,72,8,82,42,8,50,132
06/18/2005,SWO,OK,ASW,CE,Federal Contract Tower,0,2,7,0,9,0,0,69,3,72,0,2,76,3,81,14,2,16,97
06/19/2005,SWO,OK,ASW,CE,Federal Contract Tower,0,0,5,3,8,0,0,64,3,67,0,0,69,6,75,38,26,64,139
06/20/2005,SWO,OK,ASW,CE,Federal Contract Tower,0,0,3,0,3,0,2,98,2,102,0,2,101,2,105,90,0,90,195
06/21/2005,SWO,OK,ASW,CE,Federal Contract Tower,0,0,9,0,9,0,0,101,0,101,0,0,110,0,110,162,0,162,272
06/22/2005,SWO,OK,ASW,CE,Federal Contract Tower,0,0,9,5,14,0,4,99,1,104,0,4,108,6,118,96,2,98,216
06/23/2005,SWO,OK,ASW,CE,Federal Contract Tower,0,0,3,6,9,0,0,103,4,107,0,0,106,10,116,130,14,144,260
06/24/2005,SWO,OK,ASW,CE,Federal Contract Tower,0,1,9,0,10,0,4,94,0,98,0,5,103,0,108,94,0,94,202
06/25/2005,SWO,OK,ASW,CE,Federal Contract Tower,0,2,3,0,5,0,0,65,0,65,0,2,68,0,70,86,0,86,156
06/26/2005,SWO,OK,ASW,CE,Federal Contract Tower,0,0,6,0,6,0,0,47,2,49,0,0,53,2,55,6,0,6,61
06/27/2005,SWO,OK,ASW,CE,Federal Contract Tower,0,0,3,0,3,0,0,69,0,69,0,0,72,0,72,86,0,86,158
06/28/2005,SWO,OK,ASW,CE,Federal Contract Tower,0,2,2,2,6,0,2,92,3,97,0,4,94,5,103,124,8,132,235
06/29/2005,SWO,OK,ASW,CE,Federal Contract Tower,0,0,7,0,7,0,0,84,0,84,0,0,91,0,91,112,0,112,203
06/30/2005,SWO,OK,ASW,CE,Federal Contract Tower,0,0,8,1,9,0,0,71,1,72,0,0,79,2,81,80,8,88,169
07/01/2005,SWO,OK,ASW,CE,Federal Contract Tower,0,4,3,0,7,0,0,56,0,56,0,4,59,0,63,56,0,56,119
07/02/2005,SWO,OK,ASW,CE,Federal Contract Tower,0,0,4,0,4,0,0,53,0,53,0,0,57,0,57,24,0,24,81
07/03/2005,SWO,OK,ASW,CE,Federal Contract Tower,0,0,1,0,1,0,4,16,0,20,0,4,17,0,21,0,0,0,21
07/04/2005,SWO,OK,ASW,CE,Federal Contract Tower,0,0,1,0,1,0,0,31,0,31,0,0,32,0,32,20,0,20,52
07/05/2005,SWO,OK,ASW,CE,Federal Contract Tower,0,0,5,3,8,0,0,50,1,51,0,0,55,4,59,42,2,44,103
07/06/2005,SWO,OK,ASW,CE,Federal Contract Tower,0,0,2,1,3,0,2,100,6,108,0,2,102,7,111,82,4,86,197
07/07/2005,SWO,OK,ASW,CE,Federal Contract Tower,0,0,7,0,7,0,0,100,0,100,0,0,107,0,107,94,0,94,201
07/08/2005,SWO,OK,ASW,CE,Federal Contract Tower,0,0,7,0,7,0,0,110,0,110,0,0,117,0,117,108,0,108,225
07/09/2005,SWO,OK,ASW,CE,Federal Contract Tower,0,1,4,0,5,0,0,71,0,71,0,1,75,0,76,66,0,66,142
07/10/2005,SWO,OK,ASW,CE,Federal Contract Tower,0,0,5,0,5,0,0,69,0,69,0,0,74,0,74,76,0,76,150
07/11/2005,SWO,OK,ASW,CE,Federal Contract Tower,0,0,14,2,16,0,0,49,0,49,0,0,63,2,65,46,12,58,123
07/12/2005,SWO,OK,ASW,CE,Federal Contract Tower,0,0,8,0,8,0,0,53,0,53,0,0,61,0,61,28,0,28,89
07/13/2005,SWO,OK,ASW,CE,Federal Contract Tower,0,0,5,0,5,0,0,126,0,126,0,0,131,0,131,82,0,82,213
07/14/2005,SWO,OK,ASW,CE,Federal Contract Tower,0,0,7,4,11,0,0,63,0,63,0,0,70,4,74,78,0,78,152
07/15/2005,SWO,OK,ASW,CE,Federal Contract Tower,0,0,2,0,2,0,0,119,0,119,0,0,121,0,121,52,0,52,173
07/16/2005,SWO,OK,ASW,CE,Federal Contract Tower,0,0,3,0,3,0,0,49,0,49,0,0,52,0,52,40,0,40,92
07/17/2005,SWO,OK,ASW,CE,Federal Contract Tower,0,0,0,0,0,0,0,30,0,30,0,0,30,0,30,14,0,14,44
07/18/2005,SWO,OK,ASW,CE,Federal Contract Tower,0,1,8,8,17,0,3,76,0,79,0,4,84,8,96,100,4,104,200
07/19/2005,SWO,OK,ASW,CE,Federal Contract Tower,0,0,6,2,8,0,7,114,2,123,0,7,120,4,131,70,2,72,203
07/20/2005,SWO,OK,ASW,CE,Federal Contract Tower,0,0,5,0,5,0,0,126,0,126,0,0,131,0,131,122,0,122,253
07/21/2005,SWO,OK,ASW,CE,Federal Contract Tower,0,2,4,2,8,0,4,130,0,134,0,6,134,2,142,64,0,64,206
07/22/2005,SWO,OK,ASW,CE,Federal Contract Tower,0,0,6,1,7,0,4,120,2,126,0,4,126,3,133,96,0,96,229
07/23/2005,SWO,OK,ASW,CE,Federal Contract Tower,0,1,4,0,5,0,0,71,0,71,0,1,75,0,76,24,0,24,100
07/24/2005,SWO,OK,ASW,CE,Federal Contract Tower,0,0,3,0,3,0,2,31,0,33,0,2,34,0,36,6,0,6,42
07/25/2005,SWO,OK,ASW,CE,Federal Contract Tower,0,0,2,1,3,0,0,81,1,82,0,0,83,2,85,108,0,108,193
07/26/2005,SWO,OK,ASW,CE,Federal Contract Tower,0,0,7,12,19,0,2,55,2,59,0,2,62,14,78,102,10,112,190
07/27/2005,SWO,OK,ASW,CE,Federal Contract Tower,0,0,13,0,13,0,2,122,0,124,0,2,135,0,137,66,0,66,203
07/28/2005,SWO,OK,ASW,CE,Federal Contract Tower,0,0,2,4,6,0,0,81,4,85,0,0,83,8,91,78,0,78,169
07/29/2005,SWO,OK,ASW,CE,Federal Contract Tower,0,2,2,1,5,0,0,83,3,86,0,2,85,4,91,108,0,108,199
07/30/2005,SWO,OK,ASW,CE,Federal Contract Tower,0,0,2,0,2,0,2,57,0,59,0,2,59,0,61,42,0,42,103
07/31/2005,SWO,OK,ASW,CE,Federal Contract Tower,0,0,3,2,5,0,0,47,0,47,0,0,50,2,52,8,6,14,66
08/01/2005,SWO,OK,ASW,CE,Federal Contract Tower,0,0,0,4,4,0,0,72,0,72,0,0,72,4,76,46,0,46,122
08/02/2005,SWO,OK,ASW,CE,Federal Contract Tower,0,2,9,4,15,0,0,85,0,85,0,2,94,4,100,68,0,68,168
08/03/2005,SWO,OK,ASW,CE,Federal Contract Tower,0,0,13,4,17,0,0,77,0,77,0,0,90,4,94,86,8,94,188
08/04/2005,SWO,OK,ASW,CE,Federal Contract Tower,0,0,10,6,16,0,0,65,4,69,0,0,75,10,85,38,0,38,123
08/05/2005,SWO,OK,ASW,CE,Federal Contract Tower,0,2,3,2,7,0,0,68,0,68,0,2,71,2,75,62,0,62,137
08/06/2005,SWO,OK,ASW,CE,Federal Contract Tower,0,0,8,0,8,0,2,80,0,82,0,2,88,0,90,62,0,62,152
08/07/2005,SWO,OK,ASW,CE,Federal Contract Tower,0,0,6,1,7,0,0,20,0,20,0,0,26,1,27,12,0,12,39
08/08/2005,SWO,OK,ASW,CE,Federal Contract Tower,0,0,4,9,13,0,0,69,6,75,0,0,73,15,88,98,0,98,186
08/09/2005,SWO,OK,ASW,CE,Federal Contract Tower,0,0,6,6,12,0,0,87,0,87,0,0,93,6,99,108,0,108,207
08/10/2005,SWO,OK,ASW,CE,Federal Contract Tower,0,0,2,0,2,0,0,83,2,85,0,0,85,2,87,68,0,68,155
08/11/2005,SWO,OK,ASW,CE,Federal Contract Tower,0,0,5,0,5,0,2,70,0,72,0,2,75,0,77,54,0,54,131
08/12/2005,SWO,OK,ASW,CE,Federal Contract Tower,0,0,3,6,9,0,0,45,0,45,0,0,48,6,54,8,12,20,74
08/13/2005,SWO,OK,ASW,CE,Federal Contract Tower,0,0,5,0,5,0,1,15,0,16,0,1,20,0,21,16,0,16,37
08/14/2005,SWO,OK,ASW,CE,Federal Contract Tower,0,0,5,0,5,0,0,1,0,1,0,0,6,0,6,0,0,0,6
08/15/2005,SWO,OK,ASW,CE,Federal Contract Tower,0,0,13,2,15,0,0,4,0,4,0,0,17,2,19,46,0,46,65
08/16/2005,SWO,OK,ASW,CE,Federal Contract Tower,0,0,9,8,17,0,0,28,0,28,0,0,37,8,45,16,0,16,61
08/17/2005,SWO,OK,ASW,CE,Federal Contract Tower,0,0,9,4,13,0,0,33,0,33,0,0,42,4,46,0,30,30,76
08/18/2005,SWO,OK,ASW,CE,Federal Contract Tower,0,0,5,11,16,0,4,65,5,74,0,4,70,16,90,80,6,86,176
08/19/2005,SWO,OK,ASW,CE,Federal Contract Tower,0,1,12,2,15,0,0,82,0,82,0,1,94,2,97,32,0,32,129
08/20/2005,SWO,OK,ASW,CE,Federal Contract Tower,0,0,6,0,6,0,0,17,0,17,0,0,23,0,23,28,0,28,51
08/21/2005,SWO,OK,ASW,CE,Federal Contract Tower,0,5,8,0,13,0,0,50,0,50,0,5,58,0,63,28,0,28,91
08/22/2005,SWO,OK,ASW,CE,Federal Contract Tower,0,0,9,0,9,0,2,28,5,35,0,2,37,5,44,30,0,30,74
08/23/2005,SWO,OK,ASW,CE,Federal Contract Tower,0,0,2,0,2,0,0,52,8,60,0,0,54,8,62,36,2,38,100
08/24/2005,SWO,OK,ASW,CE,Federal Contract Tower,0,0,7,0,7,0,0,98,7,105,0,0,105,7,112,42,2,44,156
08/25/2005,SWO,OK,ASW,CE,Federal Contract Tower,0,0,4,4,8,0,0,110,5,115,0,0,114,9,123,94,6,100,223
08/26/2005,SWO,OK,ASW,CE,Federal Contract Tower,0,0,8,0,8,0,0,148,7,155,0,0,156,7,163,64,0,64,227
08/27/2005,SWO,OK,ASW,CE,Federal Contract Tower,0,0,3,0,3,0,0,115,0,115,0,0,118,0,118,112,0,112,230
08/28/2005,SWO,OK,ASW,CE,Federal Contract Tower,0,0,6,4,10,0,0,65,0,65,0,0,71,4,75,34,0,34,109
08/29/2005,SWO,OK,ASW,CE,Federal Contract Tower,0,0,6,2,8,0,2,149,6,157,0,2,155,8,165,102,0,102,267
08/30/2005,SWO,OK,ASW,CE,Federal Contract Tower,0,0,3,14,17,0,0,161,0,161,0,0,164,14,178,90,0,90,268
08/31/2005,SWO,OK,ASW,CE,Federal Contract Tower,0,0,3,0,3,0,0,143,0,143,0,0,146,0,146,82,0,82,228
09/01/2005,SWO,OK,ASW,CE,Federal Contract Tower,0,0,7,5,12,0,2,109,1,112,0,2,116,6,124,94,0,94,218
09/02/2005,SWO,OK,ASW,CE,Federal Contract Tower,0,2,7,5,14,0,0,130,1,131,0,2,137,6,145,84,0,84,229
09/03/2005,SWO,OK,ASW,CE,Federal Contract Tower,0,1,16,0,17,0,0,92,0,92,0,1,108,0,109,178,0,178,287
09/04/2005,SWO,OK,ASW,CE,Federal Contract Tower,0,0,7,0,7,0,0,41,0,41,0,0,48,0,48,10,0,10,58
09/05/2005,SWO,OK,ASW,CE,Federal Contract Tower,0,0,9,0,9,0,0,82,0,82,0,0,91,0,91,56,0,56,147
09/06/2005,SWO,OK,ASW,CE,Federal Contract Tower,0,0,17,9,26,0,0,137,1,138,0,0,154,10,164,106,8,114,278
09/07/2005,SWO,OK,ASW,CE,Federal Contract Tower,0,1,2,4,7,0,0,135,2,137,0,1,137,6,144,110,0,110,254
09/08/2005,SWO,OK,ASW,CE,Federal Contract Tower,0,0,5,1,6,0,0,114,1,115,0,0,119,2,121,76,0,76,197
09/09/2005,SWO,OK,ASW,CE,Federal Contract Tower,0,0,11,0,11,0,0,131,0,131,0,0,142,0,142,126,0,126,268
09/10/2005,SWO,OK,ASW,CE,Federal Contract Tower,0,0,1,0,1,0,0,106,0,106,0,0,107,0,107,174,0,174,281
09/11/2005,SWO,OK,ASW,CE,Federal Contract Tower,0,0,5,0,5,0,1,31,0,32,0,1,36,0,37,10,0,10,47
09/12/2005,SWO,OK,ASW,CE,Federal Contract Tower,0,0,7,17,24,0,2,119,1,122,0,2,126,18,146,66,28,94,240
09/13/2005,SWO,OK,ASW,CE,Federal Contract Tower,0,0,4,8,12,0,2,97,0,99,0,2,101,8,111,128,0,128,239
09/14/2005,SWO,OK,ASW,CE,Federal Contract Tower,0,0,13,10,23,0,2,22,0,24,0,2,35,10,47,16,0,16,63
09/15/2005,SWO,OK,ASW,CE,Federal Contract Tower,0,0,18,0,18,0,0,31,0,31,0,0,49,0,49,66,0,66,115
09/16/2005,SWO,OK,ASW,CE,Federal Contract Tower,0,1,8,0,9,0,0,129,0,129,0,1,137,0,138,118,0,118,256
09/17/2005,SWO,OK,ASW,CE,Federal Contract Tower,0,0,10,0,10,0,0,157,0,157,0,0,167,0,167,262,0,262,429
09/18/2005,SWO,OK,ASW,CE,Federal Contract Tower,0,0,9,0,9,0,0,89,0,89,0,0,98,0,98,74,0,74,172
09/19/2005,SWO,OK,ASW,CE,Federal Contract Tower,0,0,4,4,8,0,0,163,0,163,0,0,167,4,171,132,0,132,303
09/20/2005,SWO,OK,ASW,CE,Federal Contract Tower,0,0,6,12,18,0,2,147,2,151,0,2,153,14,169,154,0,154,323
09/21/2005,SWO,OK,ASW,CE,Federal Contract Tower,0,0,12,12,24,0,2,138,6,146,0,2,150,18,170,180,12,192,362
09/22/2005,SWO,OK,ASW,CE,Federal Contract Tower,0,1,7,8,16,0,0,155,0,155,0,1,162,8,171,242,4,246,417
09/23/2005,SWO,OK,ASW,CE,Federal Contract Tower,0,0,3,16,19,0,2,189,4,195,0,2,192,20,214,238,6,244,458
09/24/2005,SWO,OK,ASW,CE,Federal Contract Tower,0,2,0,0,2,0,1,103,0,104,0,3,103,0,106,56,0,56,162
09/25/2005,SWO,OK,ASW,CE,Federal Contract Tower,0,0,7,0,7,0,0,78,0,78,0,0,85,0,85,240,0,240,325
09/26/2005,SWO,OK,ASW,CE,Federal Contract Tower,0,1,7,4,12,0,0,129,0,129,0,1,136,4,141,134,0,134,275
09/27/2005,SWO,OK,ASW,CE,Federal Contract Tower,0,1,3,23,27,0,2,156,6,164,0,3,159,29,191,254,32,286,477
09/28/2005,SWO,OK,ASW,CE,Federal Contract Tower,0,1,0,0,1,0,2,20,9,31,0,3,20,9,32,12,2,14,46
09/29/2005,SWO,OK,ASW,CE,Federal Contract Tower,0,3,7,0,10,0,1,130,6,137,0,4,137,6,147,198,0,198,345
09/30/2005,SWO,OK,ASW,CE,Federal Contract Tower,0,3,19,0,22,0,3,101,4,108,0,6,120,4,130,160,0,160,290
10/01/2005,SWO,OK,ASW,CE,Federal Contract Tower,0,12,14,0,26,0,0,12,0,12,0,12,26,0,38,4,0,4,42
10/02/2005,SWO,OK,ASW,CE,Federal Contract Tower,0,2,7,0,9,0,4,91,0,95,0,6,98,0,104,252,0,252,356
10/03/2005,SWO,OK,ASW,CE,Federal Contract Tower,0,0,7,6,13,0,0,146,4,150,0,0,153,10,163,194,2,196,359
10/04/2005,SWO,OK,ASW,CE,Federal Contract Tower,0,0,5,0,5,0,2,143,10,155,0,2,148,10,160,214,0,214,374
10/05/2005,SWO,OK,ASW,CE,Federal Contract Tower,0,0,8,4,12,0,0,56,0,56,0,0,64,4,68,142,0,142,210
10/06/2005,SWO,OK,ASW,CE,Federal Contract Tower,0,1,7,8,16,0,0,147,2,149,0,1,154,10,165,220,26,246,411
10/07/2005,SWO,OK,ASW,CE,Federal Contract Tower,0,1,13,0,14,0,0,208,0,208,0,1,221,0,222,394,0,394,616
10/08/2005,SWO,OK,ASW,CE,Federal Contract Tower,0,1,14,0,15,0,0,185,0,185,0,1,199,0,200,146,0,146,346
10/09/2005,SWO,OK,ASW,CE,Federal Contract Tower,0,0,6,0,6,0,2,115,4,121,0,2,121,4,127,50,0,50,177
10/10/2005,SWO,OK,ASW,CE,Federal Contract Tower,0,1,3,0,4,0,2,131,0,133,0,3,134,0,137,270,0,270,407
10/11/2005,SWO,OK,ASW,CE,Federal Contract Tower,0,0,17,4,21,0,0,117,0,117,0,0,134,4,138,250,0,250,388
10/12/2005,SWO,OK,ASW,CE,Federal Contract Tower,0,1,10,4,15,0,0,152,6,158,0,1,162,10,173,250,0,250,423
10/13/2005,SWO,OK,ASW,CE,Federal Contract Tower,0,2,5,0,7,0,0,184,14,198,0,2,189,14,205,292,8,300,505
10/14/2005,SWO,OK,ASW,CE,Federal Contract Tower,0,2,5,6,13,0,4,151,0,155,0,6,156,6,168,212,0,212,380
10/15/2005,SWO,OK,ASW,CE,Federal Contract Tower,0,0,2,0,2,0,1,107,0,108,0,1,109,0,110,112,0,112,222
10/16/2005,SWO,OK,ASW,CE,Federal Contract Tower,0,4,8,0,12,0,0,53,0,53,0,4,61,0,65,40,0,40,105
10/17/2005,SWO,OK,ASW,CE,Federal Contract Tower,0,2,7,9,18,0,5,69,0,74,0,7,76,9,92,22,0,22,114
10/18/2005,SWO,OK,ASW,CE,Federal Contract Tower,0,0,6,11,17,0,1,99,2,102,0,1,105,13,119,120,34,154,273
10/19/2005,SWO,OK,ASW,CE,Federal Contract Tower,0,4,2,0,6,0,0,103,0,103,0,4,105,0,109,118,0,118,227
10/20/2005,SWO,OK,ASW,CE,Federal Contract Tower,0,0,21,2,23,0,0,39,0,39,0,0,60,2,62,42,0,42,104
10/21/2005,SWO,OK,ASW,CE,Federal Contract Tower,0,2,12,2,16,0,0,59,0,59,0,2,71,2,75,88,0,88,163
10/22/2005,SWO,OK,ASW,CE,Federal Contract Tower,0,4,2,2,8,0,3,79,0,82,0,7,81,2,90,86,0,86,176
10/23/2005,SWO,OK,ASW,CE,Federal Contract Tower,0,0,5,0,5,0,0,51,0,51,0,0,56,0,56,34,0,34,90
10/24/2005,SWO,OK,ASW,CE,Federal Contract Tower,0,0,5,2,7,0,0,139,0,139,0,0,144,2,146,168,0,168,314
10/25/2005,SWO,OK,ASW,CE,Federal Contract Tower,0,1,11,0,12,0,0,171,15,186,0,1,182,15,198,218,22,240,438
10/26/2005,SWO,OK,ASW,CE,Federal Contract Tower,0,0,5,0,5,0,2,171,2,175,0,2,176,2,180,220,0,220,400
10/27/2005,SWO,OK,ASW,CE,Federal Contract Tower,0,0,2,7,9,0,0,183,9,192,0,0,185,16,201,300,26,326,527
10/28/2005,SWO,OK,ASW,CE,Federal Contract Tower,0,7,6,9,22,0,0,128,3,131,0,7,134,12,153,88,28,116,269
10/29/2005,SWO,OK,ASW,CE,Federal Contract Tower,0,8,17,0,25,0,2,86,0,88,0,10,103,0,113,16,0,16,129
10/30/2005,SWO,OK,ASW,CE,Federal Contract Tower,0,0,18,0,18,0,0,26,0,26,0,0,44,0,44,0,0,0,44
10/31/2005,SWO,OK,ASW,CE,Federal Contract Tower,0,0,10,2,12,0,0,30,2,32,0,0,40,4,44,28,0,28,72
11/01/2005,SWO,OK,ASW,CE,Federal Contract Tower,0,0,15,2,17,0,2,151,2,155,0,2,166,4,172,168,6,174,346
11/02/2005,SWO,OK,ASW,CE,Federal Contract Tower,0,0,8,4,12,0,0,127,5,132,0,0,135,9,144,108,58,166,310
11/03/2005,SWO,OK,ASW,CE,Federal Contract Tower,0,2,6,15,23,0,2,132,0,134,0,4,138,15,157,132,0,132,289
11/04/2005,SWO,OK,ASW,CE,Federal Contract Tower,0,0,6,8,14,0,0,146,0,146,0,0,152,8,160,206,22,228,388
11/05/2005,SWO,OK,ASW,CE,Federal Contract Tower,0,0,5,0,5,0,0,134,0,134,0,0,139,0,139,100,0,100,239
11/06/2005,SWO,OK,ASW,CE,Federal Contract Tower,0,0,5,4,9,0,0,89,2,91,0,0,94,6,100,40,22,62,162
11/07/2005,SWO,OK,ASW,CE,Federal Contract Tower,0,0,4,3,7,0,1,125,1,127,0,1,129,4,134,140,0,140,274
11/08/2005,SWO,OK,ASW,CE,Federal Contract Tower,0,1,6,14,21,0,1,86,0,87,0,2,92,14,108,102,0,102,210
11/09/2005,SWO,OK,ASW,CE,Federal Contract Tower,0,1,10,8,19,0,4,113,4,121,0,5,123,12,140,184,12,196,336
11/10/2005,SWO,OK,ASW,CE,Federal Contract Tower,0,2,3,10,15,0,0,179,1,180,0,2,182,11,195,270,4,274,469
11/11/2005,SWO,OK,ASW,CE,Federal Contract Tower,0,2,12,2,16,0,0,159,0,159,0,2,171,2,175,124,0,124,299
11/12/2005,SWO,OK,ASW,CE,Federal Contract Tower,0,5,28,2,35,0,0,21,0,21,0,5,49,2,56,2,0,2,58
11/13/2005,SWO,OK,ASW,CE,Federal Contract Tower,0,4,8,0,12,0,1,113,0,114,0,5,121,0,126,72,0,72,198
11/14/2005,SWO,OK,ASW,CE,Federal Contract Tower,0,0,2,0,2,0,2,178,0,180,0,2,180,0,182,242,0,242,424
11/15/2005,SWO,OK,ASW,CE,Federal Contract Tower,0,0,3,4,7,0,0,2,0,2,0,0,5,4,9,0,0,0,9
11/16/2005,SWO,OK,ASW,CE,Federal Contract Tower,0,0,2,4,6,0,0,156,2,158,0,0,158,6,164,222,0,222,386
11/17/2005,SWO,OK,ASW,CE,Federal Contract Tower,0,0,3,0,3,0,0,192,0,192,0,0,195,0,195,290,0,290,485
11/18/2005,SWO,OK,ASW,CE,Federal Contract Tower,0,1,5,6,12,0,0,152,0,152,0,1,157,6,164,184,0,184,348
11/19/2005,SWO,OK,ASW,CE,Federal Contract Tower,0,3,2,0,5,0,0,128,0,128,0,3,130,0,133,202,0,202,335
11/20/2005,SWO,OK,ASW,CE,Federal Contract Tower,0,1,13,0,14,0,2,70,0,72,0,3,83,0,86,54,0,54,140
11/21/2005,SWO,OK,ASW,CE,Federal Contract Tower,0,0,4,0,4,0,0,142,0,142,0,0,146,0,146,206,0,206,352
11/22/2005,SWO,OK,ASW,CE,Federal Contract Tower,0,0,10,4,14,0,6,182,4,192,0,6,192,8,206,216,0,216,422
11/23/2005,SWO,OK,ASW,CE,Federal Contract Tower,0,0,7,13,20,0,0,82,3,85,0,0,89,16,105,60,4,64,169
11/24/2005,SWO,OK,ASW,CE,Federal Contract Tower,0,0,0,0,0,0,0,20,0,20,0,0,20,0,20,2,0,2,22
11/25/2005,SWO,OK,ASW,CE,Federal Contract Tower,0,0,4,0,4,0,0,43,0,43,0,0,47,0,47,24,0,24,71
11/26/2005,SWO,OK,ASW,CE,Federal Contract Tower,0,2,7,0,9,0,0,5,0,5,0,2,12,0,14,0,0,0,14
11/27/2005,SWO,OK,ASW,CE,Federal Contract Tower,0,0,4,0,4,0,0,4,0,4,0,0,8,0,8,14,0,14,22
11/28/2005,SWO,OK,ASW,CE,Federal Contract Tower,0,1,1,0,2,0,0,1,0,1,0,1,2,0,3,2,0,2,5
11/29/2005,SWO,OK,ASW,CE,Federal Contract Tower,0,4,3,0,7,0,2,111,0,113,0,6,114,0,120,82,0,82,202
11/30/2005,SWO,OK,ASW,CE,Federal Contract Tower,0,0,6,7,13,0,2,122,1,125,0,2,128,8,138,70,10,80,218
12/01/2005,SWO,OK,ASW,CE,Federal Contract Tower,0,0,3,3,6,0,0,148,3,151,0,0,151,6,157,132,18,150,307
12/02/2005,SWO,OK,ASW,CE,Federal Contract Tower,0,0,7,3,10,0,0,95,0,95,0,0,102,3,105,100,2,102,207
12/03/2005,SWO,OK,ASW,CE,Federal Contract Tower,0,2,4,0,6,0,0,83,0,83,0,2,87,0,89,104,0,104,193
12/04/2005,SWO,OK,ASW,CE,Federal Contract Tower,0,0,4,4,8,0,0,71,0,71,0,0,75,4,79,78,10,88,167
12/05/2005,SWO,OK,ASW,CE,Federal Contract Tower,0,0,7,0,7,0,3,133,0,136,0,3,140,0,143,190,0,190,333
12/06/2005,SWO,OK,ASW,CE,Federal Contract Tower,0,0,3,5,8,0,0,151,2,153,0,0,154,7,161,106,6,112,273
12/07/2005,SWO,OK,ASW,CE,Federal Contract Tower,0,2,2,4,8,0,0,14,0,14,0,2,16,4,22,36,0,36,58
12/08/2005,SWO,OK,ASW,CE,Federal Contract Tower,0,0,2,3,5,0,0,112,0,112,0,0,114,3,117,94,0,94,211
12/09/2005,SWO,OK,ASW,CE,Federal Contract Tower,0,0,4,0,4,0,2,140,0,142,0,2,144,0,146,86,0,86,232
12/10/2005,SWO,OK,ASW,CE,Federal Contract Tower,0,2,5,0,7,0,0,85,0,85,0,2,90,0,92,62,0,62,154
12/11/2005,SWO,OK,ASW,CE,Federal Contract Tower,0,0,2,0,2,0,0,94,0,94,0,0,96,0,96,78,0,78,174
12/12/2005,SWO,OK,ASW,CE,Federal Contract Tower,0,0,6,8,14,0,0,117,2,119,0,0,123,10,133,136,16,152,285
12/13/2005,SWO,OK,ASW,CE,Federal Contract Tower,0,0,4,12,16,0,0,116,2,118,0,0,120,14,134,108,10,118,252
12/14/2005,SWO,OK,ASW,CE,Federal Contract Tower,0,1,11,10,22,0,2,115,2,119,0,3,126,12,141,140,0,140,281
12/15/2005,SWO,OK,ASW,CE,Federal Contract Tower,0,1,7,3,11,0,0,88,3,91,0,1,95,6,102,26,8,34,136
12/16/2005,SWO,OK,ASW,CE,Federal Contract Tower,0,0,12,9,21,0,0,116,7,123,0,0,128,16,144,64,18,82,226
12/17/2005,SWO,OK,ASW,CE,Federal Contract Tower,0,4,5,0,9,0,1,4,0,5,0,5,9,0,14,12,0,12,26
12/18/2005,SWO,OK,ASW,CE,Federal Contract Tower,0,0,6,0,6,0,0,0,0,0,0,0,6,0,6,0,0,0,6
12/19/2005,SWO,OK,ASW,CE,Federal Contract Tower,0,0,4,0,4,0,4,8,0,12,0,4,12,0,16,20,0,20,36
12/20/2005,SWO,OK,ASW,CE,Federal Contract Tower,0,0,2,4,6,0,1,2,0,3,0,1,4,4,9,0,0,0,9
12/21/2005,SWO,OK,ASW,CE,Federal Contract Tower,0,3,6,4,13,0,0,57,0,57,0,3,63,4,70,20,0,20,90
12/22/2005,SWO,OK,ASW,CE,Federal Contract Tower,0,1,3,2,6,0,0,60,2,62,0,1,63,4,68,42,0,42,110
12/23/2005,SWO,OK,ASW,CE,Federal Contract Tower,0,0,2,0,2,0,0,44,0,44,0,0,46,0,46,10,0,10,56
12/24/2005,SWO,OK,ASW,CE,Federal Contract Tower,0,0,0,0,0,0,0,7,0,7,0,0,7,0,7,0,0,0,7
12/25/2005,SWO,OK,ASW,CE,Federal Contract Tower,0,0,0,0,0,0,0,14,0,14,0,0,14,0,14,0,0,0,14
12/26/2005,SWO,OK,ASW,CE,Federal Contract Tower,0,0,1,0,1,0,2,62,0,64,0,2,63,0,65,24,0,24,89
12/27/2005,SWO,OK,ASW,CE,Federal Contract Tower,0,0,4,0,4,0,2,25,0,27,0,2,29,0,31,0,0,0,31
12/28/2005,SWO,OK,ASW,CE,Federal Contract Tower,0,0,4,0,4,0,2,34,0,36,0,2,38,0,40,2,0,2,42
12/29/2005,SWO,OK,ASW,CE,Federal Contract Tower,0,0,7,0,7,0,0,55,0,55,0,0,62,0,62,38,0,38,100
12/30/2005,SWO,OK,ASW,CE,Federal Contract Tower,0,0,6,0,6,0,0,39,0,39,0,0,45,0,45,22,0,22,67
12/31/2005,SWO,OK,ASW,CE,Federal Contract Tower,0,0,3,0,3,0,0,46,0,46,0,0,49,0,49,12,0,12,61
01/01/2006,SWO,OK,ASW,CE,Federal Contract Tower,0,0,1,0,1,0,0,9,0,9,0,0,10,0,10,0,0,0,10
01/02/2006,SWO,OK,ASW,CE,Federal Contract Tower,0,0,1,0,1,0,0,41,0,41,0,0,42,0,42,16,0,16,58
01/03/2006,SWO,OK,ASW,CE,Federal Contract Tower,0,0,4,1,5,0,2,37,3,42,0,2,41,4,47,28,0,28,75
01/04/2006,SWO,OK,ASW,CE,Federal Contract Tower,0,0,0,14,14,0,2,78,0,80,0,2,78,14,94,48,0,48,142
01/05/2006,SWO,OK,ASW,CE,Federal Contract Tower,0,0,8,9,17,0,3,36,1,40,0,3,44,10,57,70,2,72,129
01/06/2006,SWO,OK,ASW,CE,Federal Contract Tower,0,1,4,2,7,0,2,95,2,99,0,3,99,4,106,38,4,42,148
01/07/2006,SWO,OK,ASW,CE,Federal Contract Tower,0,4,3,0,7,0,0,59,0,59,0,4,62,0,66,32,0,32,98
01/08/2006,SWO,OK,ASW,CE,Federal Contract Tower,0,0,1,4,5,0,2,44,7,53,0,2,45,11,58,38,6,44,102
01/09/2006,SWO,OK,ASW,CE,Federal Contract Tower,0,0,1,6,7,0,2,21,0,23,0,2,22,6,30,12,0,12,42
01/10/2006,SWO,OK,ASW,CE,Federal Contract Tower,0,1,8,1,10,0,0,61,1,62,0,1,69,2,72,66,0,66,138
01/11/2006,SWO,OK,ASW,CE,Federal Contract Tower,0,1,3,1,5,0,4,128,1,133,0,5,131,2,138,82,4,86,224
01/12/2006,SWO,OK,ASW,CE,Federal Contract Tower,0,2,6,9,17,0,2,72,1,75,0,4,78,10,92,56,6,62,154
01/13/2006,SWO,OK,ASW,CE,Federal Contract Tower,0,2,6,11,19,0,0,78,7,85,0,2,84,18,104,4,10,14,118
01/14/2006,SWO,OK,ASW,CE,Federal Contract Tower,0,3,0,0,3,0,0,106,0,106,0,3,106,0,109,94,0,94,203
01/15/2006,SWO,OK,ASW,CE,Federal Contract Tower,0,0,3,0,3,0,1,46,0,47,0,1,49,0,50,16,0,16,66
01/16/2006,SWO,OK,ASW,CE,Federal Contract Tower,0,0,6,0,6,0,2,103,0,105,0,2,109,0,111,134,0,134,245
01/17/2006,SWO,OK,ASW,CE,Federal Contract Tower,0,1,1,19,21,0,2,85,3,90,0,3,86,22,111,116,8,124,235
01/18/2006,SWO,OK,ASW,CE,Federal Contract Tower,0,0,4,14,18,0,1,112,2,115,0,1,116,16,133,136,2,138,271
01/19/2006,SWO,OK,ASW,CE,Federal Contract Tower,0,0,7,1,8,0,0,164,1,165,0,0,171,2,173,182,0,182,355
01/20/2006,SWO,OK,ASW,CE,Federal Contract Tower,0,0,20,0,20,0,0,24,0,24,0,0,44,0,44,42,0,42,86
01/21/2006,SWO,OK,ASW,CE,Federal Contract Tower,0,0,8,0,8,0,0,173,0,173,0,0,181,0,181,154,0,154,335
01/22/2006,SWO,OK,ASW,CE,Federal Contract Tower,0,0,7,0,7,0,0,70,0,70,0,0,77,0,77,110,0,110,187
01/23/2006,SWO,OK,ASW,CE,Federal Contract Tower,0,2,5,4,11,0,0,122,0,122,0,2,127,4,133,176,0,176,309
01/24/2006,SWO,OK,ASW,CE,Federal Contract Tower,0,0,7,4,11,0,0,157,0,157,0,0,164,4,168,154,0,154,322
01/25/2006,SWO,OK,ASW,CE,Federal Contract Tower,0,2,11,2,15,0,2,199,0,201,0,4,210,2,216,181,0,181,397
01/26/2006,SWO,OK,ASW,CE,Federal Contract Tower,0,0,6,3,9,0,2,62,3,67,0,2,68,6,76,92,0,92,168
01/27/2006,SWO,OK,ASW,CE,Federal Contract Tower,0,5,15,0,20,0,4,120,0,124,0,9,135,0,144,160,0,160,304
01/28/2006,SWO,OK,ASW,CE,Federal Contract Tower,0,2,24,2,28,0,0,15,0,15,0,2,39,2,43,24,0,24,67
01/29/2006,SWO,OK,ASW,CE,Federal Contract Tower,0,0,5,0,5,0,2,142,0,144,0,2,147,0,149,108,0,108,257
01/30/2006,SWO,OK,ASW,CE,Federal Contract Tower,0,2,1,2,5,0,2,154,2,158,0,4,155,4,163,140,6,146,309
01/31/2006,SWO,OK,ASW,CE,Federal Contract Tower,0,1,5,0,6,0,2,68,0,70,0,3,73,0,76,68,0,68,144
02/01/2006,SWO,OK,ASW,CE,Federal Contract Tower,0,0,9,1,10,0,2,156,1,159,0,2,165,2,169,142,6,148,317
02/02/2006,SWO,OK,ASW,CE,Federal Contract Tower,0,0,10,7,17,0,2,131,0,133,0,2,141,7,150,70,2,72,222
02/03/2006,SWO,OK,ASW,CE,Federal Contract Tower,0,2,1,8,11,0,0,132,1,133,0,2,133,9,144,154,0,154,298
02/04/2006,SWO,OK,ASW,CE,Federal Contract Tower,0,0,5,0,5,0,2,187,0,189,0,2,192,0,194,218,0,218,412
02/05/2006,SWO,OK,ASW,CE,Federal Contract Tower,0,0,2,0,2,0,0,69,0,69,0,0,71,0,71,64,0,64,135
02/06/2006,SWO,OK,ASW,CE,Federal Contract Tower,0,0,1,3,4,0,0,119,0,119,0,0,120,3,123,128,0,128,251
02/07/2006,SWO,OK,ASW,CE,Federal Contract Tower,0,0,8,6,14,0,2,169,0,171,0,2,177,6,185,228,0,228,413
02/08/2006,SWO,OK,ASW,CE,Federal Contract Tower,0,2,10,3,15,0,0,143,1,144,0,2,153,4,159,142,4,146,305
02/09/2006,SWO,OK,ASW,CE,Federal Contract Tower,0,0,4,2,6,0,0,119,4,123,0,0,123,6,129,152,0,152,281
02/10/2006,SWO,OK,ASW,CE,Federal Contract Tower,0,0,8,3,11,0,5,64,0,69,0,5,72,3,80,56,0,56,136
02/11/2006,SWO,OK,ASW,CE,Federal Contract Tower,0,1,10,0,11,0,0,38,0,38,0,1,48,0,49,92,0,92,141
02/12/2006,SWO,OK,ASW,CE,Federal Contract Tower,0,1,2,0,3,0,0,12,0,12,0,1,14,0,15,16,0,16,31
02/13/2006,SWO,OK,ASW,CE,Federal Contract Tower,0,1,9,4,14,0,2,119,3,124,0,3,128,7,138,178,6,184,322
02/14/2006,SWO,OK,ASW,CE,Federal Contract Tower,0,0,4,4,8,0,2,132,0,134,0,2,136,4,142,156,4,160,302
02/15/2006,SWO,OK,ASW,CE,Federal Contract Tower,0,4,5,5,14,0,2,172,0,174,0,6,177,5,188,150,0,150,338
02/16/2006,SWO,OK,ASW,CE,Federal Contract Tower,0,0,8,1,9,0,10,10,1,21,0,10,18,2,30,12,0,12,42
02/17/2006,SWO,OK,ASW,CE,Federal Contract Tower,0,2,7,0,9,0,2,57,0,59,0,4,64,0,68,122,0,122,190
02/18/2006,SWO,OK,ASW,CE,Federal Contract Tower,0,3,0,0,3,0,0,0,0,0,0,3,0,0,3,0,0,0,3
02/19/2006,SWO,OK,ASW,CE,Federal Contract Tower,0,3,5,0,8,0,0,3,0,3,0,3,8,0,11,0,0,0,11
02/20/2006,SWO,OK,ASW,CE,Federal Contract Tower,0,2,11,0,13,0,0,8,0,8,0,2,19,0,21,0,0,0,21
02/21/2006,SWO,OK,ASW,CE,Federal Contract Tower,0,0,11,2,13,0,0,10,2,12,0,0,21,4,25,42,0,42,67
02/22/2006,SWO,OK,ASW,CE,Federal Contract Tower,0,2,6,4,12,0,2,112,6,120,0,4,118,10,132,86,0,86,218
02/23/2006,SWO,OK,ASW,CE,Federal Contract Tower,0,0,9,2,11,0,0,131,0,131,0,0,140,2,142,226,0,226,368
02/24/2006,SWO,OK,ASW,CE,Federal Contract Tower,0,3,8,10,21,0,0,161,1,162,0,3,169,11,183,170,10,180,363
02/25/2006,SWO,OK,ASW,CE,Federal Contract Tower,0,9,10,0,19,0,2,138,0,140,0,11,148,0,159,108,0,108,267
02/26/2006,SWO,OK,ASW,CE,Federal Contract Tower,0,1,7,0,8,0,0,110,0,110,0,1,117,0,118,128,0,128,246
02/27/2006,SWO,OK,ASW,CE,Federal Contract Tower,0,0,2,3,5,0,0,82,5,87,0,0,84,8,92,32,16,48,140
02/28/2006,SWO,OK,ASW,CE,Federal Contract Tower,0,0,10,6,16,0,0,165,0,165,0,0,175,6,181,220,0,220,401
03/01/2006,SWO,OK,ASW,CE,Federal Contract Tower,0,2,1,0,3,0,0,139,16,155,0,2,140,16,158,72,0,72,230
03/02/2006,SWO,OK,ASW,CE,Federal Contract Tower,0,0,7,0,7,0,0,88,4,92,0,0,95,4,99,162,6,168,267
03/03/2006,SWO,OK,ASW,CE,Federal Contract Tower,0,2,11,0,13,0,2,169,0,171,0,4,180,0,184,216,0,216,400
03/04/2006,SWO,OK,ASW,CE,Federal Contract Tower,0,1,6,0,7,0,2,97,0,99,0,3,103,0,106,58,0,58,164
03/05/2006,SWO,OK,ASW,CE,Federal Contract Tower,0,0,4,0,4,0,0,82,0,82,0,0,86,0,86,170,0,170,256
03/06/2006,SWO,OK,ASW,CE,Federal Contract Tower,0,0,4,0,4,0,0,190,2,192,0,0,194,2,196,276,10,286,482
03/07/2006,SWO,OK,ASW,CE,Federal Contract Tower,0,0,6,5,11,0,2,75,4,81,0,2,81,9,92,92,0,92,184
03/08/2006,SWO,OK,ASW,CE,Federal Contract Tower,0,0,1,0,1,0,0,84,0,84,0,0,85,0,85,138,0,138,223
03/09/2006,SWO,OK,ASW,CE,Federal Contract Tower,0,0,20,0,20,0,2,12,0,14,0,2,32,0,34,14,0,14,48
03/10/2006,SWO,OK,ASW,CE,Federal Contract Tower,0,0,6,0,6,0,2,167,0,169,0,2,173,0,175,238,0,238,413
03/11/2006,SWO,OK,ASW,CE,Federal Contract Tower,0,2,5,0,7,0,0,75,0,75,0,2,80,0,82,130,0,130,212
03/12/2006,SWO,OK,ASW,CE,Federal Contract Tower,0,0,11,0,11,0,0,12,0,12,0,0,23,0,23,12,0,12,35
03/13/2006,SWO,OK,ASW,CE,Federal Contract Tower,0,2,3,1,6,0,0,32,1,33,0,2,35,2,39,26,0,26,65
03/14/2006,SWO,OK,ASW,CE,Federal Contract Tower,0,2,8,0,10,0,1,93,0,94,0,3,101,0,104,82,0,82,186
03/15/2006,SWO,OK,ASW,CE,Federal Contract Tower,0,1,13,0,14,0,0,84,0,84,0,1,97,0,98,64,0,64,162
03/16/2006,SWO,OK,ASW,CE,Federal Contract Tower,0,0,8,6,14,0,0,79,2,81,0,0,87,8,95,84,0,84,179
03/17/2006,SWO,OK,ASW,CE,Federal Contract Tower,0,1,12,0,13,0,0,60,0,60,0,1,72,0,73,64,0,64,137
03/18/2006,SWO,OK,ASW,CE,Federal Contract Tower,0,3,12,0,15,0,0,0,0,0,0,3,12,0,15,0,0,0,15
03/19/2006,SWO,OK,ASW,CE,Federal Contract Tower,0,3,7,0,10,0,0,0,0,0,0,3,7,0,10,0,0,0,10
03/20/2006,SWO,OK,ASW,CE,Federal Contract Tower,0,1,13,0,14,0,0,0,0,0,0,1,13,0,14,0,0,0,14
03/21/2006,SWO,OK,ASW,CE,Federal Contract Tower,0,0,2,0,2,0,0,40,0,40,0,0,42,0,42,134,0,134,176
03/22/2006,SWO,OK,ASW,CE,Federal Contract Tower,0,0,4,8,12,0,0,73,2,75,0,0,77,10,87,224,22,246,333
03/23/2006,SWO,OK,ASW,CE,Federal Contract Tower,0,1,6,2,9,0,0,101,0,101,0,1,107,2,110,80,0,80,190
03/24/2006,SWO,OK,ASW,CE,Federal Contract Tower,0,0,9,1,10,0,4,221,1,226,0,4,230,2,236,182,0,182,418
03/25/2006,SWO,OK,ASW,CE,Federal Contract Tower,0,2,3,0,5,0,0,155,0,155,0,2,158,0,160,214,0,214,374
03/26/2006,SWO,OK,ASW,CE,Federal Contract Tower,0,0,2,0,2,0,0,51,0,51,0,0,53,0,53,22,0,22,75
03/27/2006,SWO,OK,ASW,CE,Federal Contract Tower,0,1,6,0,7,0,1,129,0,130,0,2,135,0,137,106,0,106,243
03/28/2006,SWO,OK,ASW,CE,Federal Contract Tower,0,0,4,0,4,0,0,183,0,183,0,0,187,0,187,280,0,280,467
03/29/2006,SWO,OK,ASW,CE,Federal Contract Tower,0,0,9,5,14,0,3,128,0,131,0,3,137,5,145,188,0,188,333
03/30/2006,SWO,OK,ASW,CE,Federal Contract Tower,0,0,3,0,3,0,0,6,0,6,0,0,9,0,9,0,0,0,9
03/31/2006,SWO,OK,ASW,CE,Federal Contract Tower,0,2,11,0,13,0,2,198,0,200,0,4,209,0,213,252,0,252,465
04/01/2006,SWO,OK,ASW,CE,Federal Contract Tower,0,4,5,0,9,0,0,100,0,100,0,4,105,0,109,148,0,148,257
04/02/2006,SWO,OK,ASW,CE,Federal Contract Tower,0,1,3,0,4,0,0,49,0,49,0,1,52,0,53,32,0,32,85
04/03/2006,SWO,OK,ASW,CE,Federal Contract Tower,0,0,4,0,4,0,0,152,2,154,0,0,156,2,158,196,0,196,354
04/04/2006,SWO,OK,ASW,CE,Federal Contract Tower,0,1,2,0,3,0,1,145,0,146,0,2,147,0,149,254,0,254,403
04/05/2006,SWO,OK,ASW,CE,Federal Contract Tower,0,0,5,4,9,0,1,149,3,153,0,1,154,7,162,108,0,108,270
04/06/2006,SWO,OK,ASW,CE,Federal Contract Tower,0,0,3,0,3,0,0,28,0,28,0,0,31,0,31,32,0,32,63
04/07/2006,SWO,OK,ASW,CE,Federal Contract Tower,0,0,5,2,7,0,2,53,5,60,0,2,58,7,67,38,0,38,105
04/08/2006,SWO,OK,ASW,CE,Federal Contract Tower,0,2,11,0,13,0,4,102,0,106,0,6,113,0,119,202,0,202,321
04/09/2006,SWO,OK,ASW,CE,Federal Contract Tower,0,0,1,0,1,0,2,109,0,111,0,2,110,0,112,90,0,90,202
04/10/2006,SWO,OK,ASW,CE,Federal Contract Tower,0,0,4,0,4,0,3,97,2,102,0,3,101,2,106,26,16,42,148
04/11/2006,SWO,OK,ASW,CE,Federal Contract Tower,0,2,3,5,10,0,2,120,3,125,0,4,123,8,135,98,0,98,233
04/12/2006,SWO,OK,ASW,CE,Federal Contract Tower,0,0,4,3,7,0,0,223,0,223,0,0,227,3,230,192,0,192,422
04/13/2006,SWO,OK,ASW,CE,Federal Contract Tower,0,0,6,0,6,0,2,131,0,133,0,2,137,0,139,148,0,148,287
04/14/2006,SWO,OK,ASW,CE,Federal Contract Tower,0,1,7,0,8,0,0,121,2,123,0,1,128,2,131,92,0,92,223
04/15/2006,SWO,OK,ASW,CE,Federal Contract Tower,0,3,3,0,6,0,2,45,0,47,0,5,48,0,53,20,0,20,73
04/16/2006,SWO,OK,ASW,CE,Federal Contract Tower,0,2,3,0,5,0,2,77,0,79,0,4,80,0,84,66,0,66,150
04/17/2006,SWO,OK,ASW,CE,Federal Contract Tower,0,0,8,0,8,0,0,141,0,141,0,0,149,0,149,146,0,146,295
04/18/2006,SWO,OK,ASW,CE,Federal Contract Tower,0,0,10,0,10,0,1,143,0,144,0,1,153,0,154,184,0,184,338
04/19/2006,SWO,OK,ASW,CE,Federal Contract Tower,0,4,8,0,12,0,0,155,0,155,0,4,163,0,167,196,0,196,363
04/20/2006,SWO,OK,ASW,CE,Federal Contract Tower,0,0,17,0,17,0,0,122,0,122,0,0,139,0,139,214,0,214,353
04/21/2006,SWO,OK,ASW,CE,Federal Contract Tower,0,2,14,0,16,0,2,137,2,141,0,4,151,2,157,152,8,160,317
04/22/2006,SWO,OK,ASW,CE,Federal Contract Tower,0,2,4,0,6,0,0,79,0,79,0,2,83,0,85,70,0,70,155
04/23/2006,SWO,OK,ASW,CE,Federal Contract Tower,0,0,3,0,3,0,1,41,0,42,0,1,44,0,45,20,0,20,65
04/24/2006,SWO,OK,ASW,CE,Federal Contract Tower,0,0,4,0,4,0,0,22,0,22,0,0,26,0,26,0,0,0,26
04/25/2006,SWO,OK,ASW,CE,Federal Contract Tower,0,0,22,0,22,0,6,22,0,28,0,6,44,0,50,74,0,74,124
04/26/2006,SWO,OK,ASW,CE,Federal Contract Tower,0,1,25,2,28,0,2,117,1,120,0,3,142,3,148,76,0,76,224
04/27/2006,SWO,OK,ASW,CE,Federal Contract Tower,0,2,8,0,10,0,0,151,2,153,0,2,159,2,163,138,12,150,313
04/28/2006,SWO,OK,ASW,CE,Federal Contract Tower,0,0,6,0,6,0,0,9,0,9,0,0,15,0,15,14,0,14,29
04/29/2006,SWO,OK,ASW,CE,Federal Contract Tower,0,2,3,0,5,0,0,2,0,2,0,2,5,0,7,0,0,0,7
04/30/2006,SWO,OK,ASW,CE,Federal Contract Tower,0,0,2,0,2,0,0,117,0,117,0,0,119,0,119,162,0,162,281
05/01/2006,SWO,OK,ASW,CE,Federal Contract Tower,0,0,7,0,7,0,2,136,0,138,0,2,143,0,145,122,0,122,267
05/02/2006,SWO,OK,ASW,CE,Federal Contract Tower,0,0,0,0,0,0,0,119,0,119,0,0,119,0,119,116,0,116,235
05/03/2006,SWO,OK,ASW,CE,Federal Contract Tower,0,0,5,6,11,0,2,126,3,131,0,2,131,9,142,106,22,128,270
05/04/2006,SWO,OK,ASW,CE,Federal Contract Tower,0,0,31,7,38,0,0,2,1,3,0,0,33,8,41,14,0,14,55
05/05/2006,SWO,OK,ASW,CE,Federal Contract Tower,0,2,9,0,11,0,2,63,0,65,0,4,72,0,76,96,0,96,172
05/06/2006,SWO,OK,ASW,CE,Federal Contract Tower,0,2,19,0,21,0,0,3,10,13,0,2,22,10,34,0,0,0,34
05/07/2006,SWO,OK,ASW,CE,Federal Contract Tower,0,0,15,0,15,0,0,19,0,19,0,0,34,0,34,0,0,0,34
05/08/2006,SWO,OK,ASW,CE,Federal Contract Tower,0,0,14,4,18,0,2,64,0,66,0,2,78,4,84,78,0,78,162
05/09/2006,SWO,OK,ASW,CE,Federal Contract Tower,0,0,8,2,10,0,4,56,0,60,0,4,64,2,70,112,0,112,182
05/10/2006,SWO,OK,ASW,CE,Federal Contract Tower,0,0,4,0,4,0,0,25,2,27,0,0,29,2,31,16,10,26,57
05/11/2006,SWO,OK,ASW,CE,Federal Contract Tower,0,0,10,0,10,0,0,65,0,65,0,0,75,0,75,66,0,66,141
05/12/2006,SWO,OK,ASW,CE,Federal Contract Tower,0,0,10,0,10,0,0,108,0,108,0,0,118,0,118,78,0,78,196
05/13/2006,SWO,OK,ASW,CE,Federal Contract Tower,0,2,1,0,3,0,1,72,2,75,0,3,73,2,78,40,0,40,118
05/14/2006,SWO,OK,ASW,CE,Federal Contract Tower,0,0,1,0,1,0,0,29,0,29,0,0,30,0,30,8,0,8,38
05/15/2006,SWO,OK,ASW,CE,Federal Contract Tower,0,1,3,0,4,0,0,62,0,62,0,1,65,0,66,28,0,28,94
05/16/2006,SWO,OK,ASW,CE,Federal Contract Tower,0,0,4,0,4,0,0,116,0,116,0,0,120,0,120,98,0,98,218
05/17/2006,SWO,OK,ASW,CE,Federal Contract Tower,0,0,2,0,2,0,2,103,0,105,0,2,105,0,107,106,0,106,213
05/18/2006,SWO,OK,ASW,CE,Federal Contract Tower,0,0,11,0,11,0,2,113,14,129,0,2,124,14,140,96,10,106,246
05/19/2006,SWO,OK,ASW,CE,Federal Contract Tower,0,0,7,0,7,0,2,133,0,135,0,2,140,0,142,134,0,134,276
05/20/2006,SWO,OK,ASW,CE,Federal Contract Tower,0,2,1,0,3,0,0,45,2,47,0,2,46,2,50,20,0,20,70
05/21/2006,SWO,OK,ASW,CE,Federal Contract Tower,0,0,6,0,6,0,0,46,0,46,0,0,52,0,52,22,0,22,74
05/22/2006,SWO,OK,ASW,CE,Federal Contract Tower,0,2,2,0,4,0,4,121,0,125,0,6,123,0,129,142,0,142,271
05/23/2006,SWO,OK,ASW,CE,Federal Contract Tower,0,0,3,0,3,0,3,92,0,95,0,3,95,0,98,0,78,78,176
05/24/2006,SWO,OK,ASW,CE,Federal Contract Tower,0,0,6,1,7,0,2,77,3,82,0,2,83,4,89,140,4,144,233
05/25/2006,SWO,OK,ASW,CE,Federal Contract Tower,0,2,11,4,17,0,0,106,2,108,0,2,117,6,125,166,6,172,297
05/26/2006,SWO,OK,ASW,CE,Federal Contract Tower,0,0,10,1,11,0,2,73,5,80,0,2,83,6,91,90,0,90,181
05/27/2006,SWO,OK,ASW,CE,Federal Contract Tower,0,1,4,0,5,0,2,40,0,42,0,3,44,0,47,40,0,40,87
05/28/2006,SWO,OK,ASW,CE,Federal Contract Tower,0,0,3,0,3,0,1,19,0,20,0,1,22,0,23,16,0,16,39
05/29/2006,SWO,OK,ASW,CE,Federal Contract Tower,0,1,3,0,4,0,0,44,0,44,0,1,47,0,48,12,0,12,60
05/30/2006,SWO,OK,ASW,CE,Federal Contract Tower,0,0,2,0,2,0,2,68,2,72,0,2,70,2,74,94,0,94,168
05/31/2006,SWO,OK,ASW,CE,Federal Contract Tower,0,1,5,0,6,0,3,78,0,81,0,4,83,0,87,128,0,128,215
06/01/2006,SWO,OK,ASW,CE,Federal Contract Tower,0,0,5,0,5,0,0,64,0,64,0,0,69,0,69,110,0,110,179
06/02/2006,SWO,OK,ASW,CE,Federal Contract Tower,0,0,5,0,5,0,4,108,1,113,0,4,113,1,118,134,0,134,252
06/03/2006,SWO,OK,ASW,CE,Federal Contract Tower,0,2,5,0,7,0,0,49,0,49,0,2,54,0,56,46,0,46,102
06/04/2006,SWO,OK,ASW,CE,Federal Contract Tower,0,0,2,0,2,0,0,37,0,37,0,0,39,0,39,36,0,36,75
06/05/2006,SWO,OK,ASW,CE,Federal Contract Tower,0,0,5,0,5,0,0,68,2,70,0,0,73,2,75,54,0,54,129
06/06/2006,SWO,OK,ASW,CE,Federal Contract Tower,0,0,3,8,11,0,4,65,6,75,0,4,68,14,86,78,0,78,164
06/07/2006,SWO,OK,ASW,CE,Federal Contract Tower,0,0,16,5,21,0,0,71,2,73,0,0,87,7,94,100,0,100,194
06/08/2006,SWO,OK,ASW,CE,Federal Contract Tower,0,3,3,5,11,0,2,91,0,93,0,5,94,5,104,168,14,182,286
06/09/2006,SWO,OK,ASW,CE,Federal Contract Tower,0,0,3,2,5,0,2,103,3,108,0,2,106,5,113,104,6,110,223
06/10/2006,SWO,OK,ASW,CE,Federal Contract Tower,0,2,0,0,2,0,0,64,0,64,0,2,64,0,66,34,0,34,100
06/11/2006,SWO,OK,ASW,CE,Federal Contract Tower,0,0,11,0,11,0,1,43,0,44,0,1,54,0,55,8,0,8,63
06/12/2006,SWO,OK,ASW,CE,Federal Contract Tower,0,0,5,0,5,0,2,44,0,46,0,2,49,0,51,70,0,70,121
06/13/2006,SWO,OK,ASW,CE,Federal Contract Tower,0,0,7,0,7,0,0,122,0,122,0,0,129,0,129,104,0,104,233
06/14/2006,SWO,OK,ASW,CE,Federal Contract Tower,0,0,5,0,5,0,0,67,0,67,0,0,72,0,72,56,0,56,128
06/15/2006,SWO,OK,ASW,CE,Federal Contract Tower,0,0,9,3,12,0,2,81,1,84,0,2,90,4,96,42,0,42,138
06/16/2006,SWO,OK,ASW,CE,Federal Contract Tower,0,2,5,0,7,0,0,42,0,42,0,2,47,0,49,24,0,24,73
06/17/2006,SWO,OK,ASW,CE,Federal Contract Tower,0,0,1,0,1,0,0,4,0,4,0,0,5,0,5,12,0,12,17
06/18/2006,SWO,OK,ASW,CE,Federal Contract Tower,0,0,8,0,8,0,0,62,0,62,0,0,70,0,70,34,0,34,104
06/19/2006,SWO,OK,ASW,CE,Federal Contract Tower,0,0,8,0,8,0,2,71,0,73,0,2,79,0,81,40,0,40,121
06/20/2006,SWO,OK,ASW,CE,Federal Contract Tower,0,0,6,0,6,0,0,116,0,116,0,0,122,0,122,110,0,110,232
06/21/2006,SWO,OK,ASW,CE,Federal Contract Tower,0,0,4,0,4,0,2,84,0,86,0,2,88,0,90,114,0,114,204
06/22/2006,SWO,OK,ASW,CE,Federal Contract Tower,0,0,7,0,7,0,0,67,0,67,0,0,74,0,74,128,0,128,202
06/23/2006,SWO,OK,ASW,CE,Federal Contract Tower,0,0,6,0,6,0,2,23,0,25,0,2,29,0,31,20,0,20,51
06/24/2006,SWO,OK,ASW,CE,Federal Contract Tower,0,1,2,0,3,0,0,50,0,50,0,1,52,0,53,52,0,52,105
06/25/2006,SWO,OK,ASW,CE,Federal Contract Tower,0,0,4,0,4,0,0,30,0,30,0,0,34,0,34,32,0,32,66
06/26/2006,SWO,OK,ASW,CE,Federal Contract Tower,0,0,2,6,8,0,2,98,0,100,0,2,100,6,108,84,0,84,192
06/27/2006,SWO,OK,ASW,CE,Federal Contract Tower,0,2,9,0,11,0,0,117,0,117,0,2,126,0,128,92,0,92,220
06/28/2006,SWO,OK,ASW,CE,Federal Contract Tower,0,0,9,3,12,0,0,85,1,86,0,0,94,4,98,52,0,52,150
06/29/2006,SWO,OK,ASW,CE,Federal Contract Tower,0,1,3,1,5,0,0,74,1,75,0,1,77,2,80,102,0,102,182
06/30/2006,SWO,OK,ASW,CE,Federal Contract Tower,0,1,7,8,16,0,0,77,0,77,0,1,84,8,93,42,0,42,135
07/01/2006,SWO,OK,ASW,CE,Federal Contract Tower,0,2,3,0,5,0,0,33,0,33,0,2,36,0,38,20,0,20,58
07/02/2006,SWO,OK,ASW,CE,Federal Contract Tower,0,0,5,0,5,0,0,33,0,33,0,0,38,0,38,20,0,20,58
07/03/2006,SWO,OK,ASW,CE,Federal Contract Tower,0,0,0,0,0,0,2,53,0,55,0,2,53,0,55,58,0,58,113
07/04/2006,SWO,OK,ASW,CE,Federal Contract Tower,0,0,2,0,2,0,0,48,0,48,0,0,50,0,50,36,0,36,86
07/05/2006,SWO,OK,ASW,CE,Federal Contract Tower,0,2,6,0,8,0,2,70,0,72,0,4,76,0,80,92,0,92,172
07/06/2006,SWO,OK,ASW,CE,Federal Contract Tower,0,0,7,4,11,0,1,78,0,79,0,1,85,4,90,66,4,70,160
07/07/2006,SWO,OK,ASW,CE,Federal Contract Tower,0,0,2,0,2,0,0,79,2,81,0,0,81,2,83,46,4,50,133
07/08/2006,SWO,OK,ASW,CE,Federal Contract Tower,0,2,3,0,5,0,0,57,0,57,0,2,60,0,62,48,0,48,110
07/09/2006,SWO,OK,ASW,CE,Federal Contract Tower,0,2,2,0,4,0,4,17,0,21,0,6,19,0,25,0,0,0,25
07/10/2006,SWO,OK,ASW,CE,Federal Contract Tower,0,4,0,0,4,0,0,33,0,33,0,4,33,0,37,74,0,74,111
07/11/2006,SWO,OK,ASW,CE,Federal Contract Tower,0,2,3,1,6,0,2,75,1,78,0,4,78,2,84,64,6,70,154
07/12/2006,SWO,OK,ASW,CE,Federal Contract Tower,0,0,3,0,3,0,0,73,0,73,0,0,76,0,76,118,0,118,194
07/13/2006,SWO,OK,ASW,CE,Federal Contract Tower,0,0,7,3,10,0,0,66,1,67,0,0,73,4,77,48,0,48,125
07/14/2006,SWO,OK,ASW,CE,Federal Contract Tower,0,0,12,1,13,0,1,63,1,65,0,1,75,2,78,60,12,72,150
07/15/2006,SWO,OK,ASW,CE,Federal Contract Tower,0,0,1,0,1,0,3,64,0,67,0,3,65,0,68,68,0,68,136
07/16/2006,SWO,OK,ASW,CE,Federal Contract Tower,0,0,4,0,4,0,2,47,0,49,0,2,51,0,53,12,0,12,65
07/17/2006,SWO,OK,ASW,CE,Federal Contract Tower,0,0,5,0,5,0,2,68,0,70,0,2,73,0,75,66,0,66,141
07/18/2006,SWO,OK,ASW,CE,Federal Contract Tower,0,0,5,0,5,0,0,79,0,79,0,0,84,0,84,76,0,76,160
07/19/2006,SWO,OK,ASW,CE,Federal Contract Tower,0,2,6,2,10,0,0,74,0,74,0,2,80,2,84,24,0,24,108
07/20/2006,SWO,OK,ASW,CE,Federal Contract Tower,0,0,7,0,7,0,0,88,0,88,0,0,95,0,95,42,0,42,137
07/21/2006,SWO,OK,ASW,CE,Federal Contract Tower,0,0,4,1,5,0,2,58,2,62,0,2,62,3,67,52,0,52,119
07/22/2006,SWO,OK,ASW,CE,Federal Contract Tower,0,2,1,0,3,0,2,38,0,40,0,4,39,0,43,42,0,42,85
07/23/2006,SWO,OK,ASW,CE,Federal Contract Tower,0,2,4,0,6,0,0,46,0,46,0,2,50,0,52,14,0,14,66
07/24/2006,SWO,OK,ASW,CE,Federal Contract Tower,0,2,6,3,11,0,0,68,0,68,0,2,74,3,79,52,0,52,131
07/25/2006,SWO,OK,ASW,CE,Federal Contract Tower,0,0,7,0,7,0,4,72,0,76,0,4,79,0,83,74,0,74,157
07/26/2006,SWO,OK,ASW,CE,Federal Contract Tower,0,0,6,1,7,0,0,64,1,65,0,0,70,2,72,34,0,34,106
07/27/2006,SWO,OK,ASW,CE,Federal Contract Tower,0,0,2,7,9,0,0,51,0,51,0,0,53,7,60,34,8,42,102
07/28/2006,SWO,OK,ASW,CE,Federal Contract Tower,0,0,6,0,6,0,1,53,0,54,0,1,59,0,60,34,0,34,94
07/29/2006,SWO,OK,ASW,CE,Federal Contract Tower,0,1,2,0,3,0,1,52,0,53,0,2,54,0,56,28,0,28,84
07/30/2006,SWO,OK,ASW,CE,Federal Contract Tower,0,0,0,0,0,0,0,18,0,18,0,0,18,0,18,2,0,2,20
07/31/2006,SWO,OK,ASW,CE,Federal Contract Tower,0,0,5,2,7,0,0,23,3,26,0,0,28,5,33,4,36,40,73
08/01/2006,SWO,OK,ASW,CE,Federal Contract Tower,0,0,3,0,3,0,8,38,0,46,0,8,41,0,49,54,0,54,103
08/02/2006,SWO,OK,ASW,CE,Federal Contract Tower,0,2,6,0,8,0,0,38,0,38,0,2,44,0,46,26,0,26,72
08/03/2006,SWO,OK,ASW,CE,Federal Contract Tower,0,0,3,2,5,0,2,41,2,45,0,2,44,4,50,68,14,82,132
08/04/2006,SWO,OK,ASW,CE,Federal Contract Tower,0,2,9,0,11,0,2,46,0,48,0,4,55,0,59,42,0,42,101
08/05/2006,SWO,OK,ASW,CE,Federal Contract Tower,0,0,3,0,3,0,0,69,0,69,0,0,72,0,72,14,0,14,86
08/06/2006,SWO,OK,ASW,CE,Federal Contract Tower,0,2,3,0,5,0,0,32,0,32,0,2,35,0,37,16,0,16,53
08/07/2006,SWO,OK,ASW,CE,Federal Contract Tower,0,1,3,0,4,0,0,41,3,44,0,1,44,3,48,60,0,60,108
08/08/2006,SWO,OK,ASW,CE,Federal Contract Tower,0,0,10,0,10,0,0,67,4,71,0,0,77,4,81,62,0,62,143
08/09/2006,SWO,OK,ASW,CE,Federal Contract Tower,0,2,1,1,4,0,0,49,9,58,0,2,50,10,62,24,2,26,88
08/10/2006,SWO,OK,ASW,CE,Federal Contract Tower,0,0,5,4,9,0,5,69,10,84,0,5,74,14,93,34,0,34,127
08/11/2006,SWO,OK,ASW,CE,Federal Contract Tower,0,2,5,3,10,0,2,65,0,67,0,4,70,3,77,14,0,14,91
08/12/2006,SWO,OK,ASW,CE,Federal Contract Tower,0,0,4,0,4,0,0,54,0,54,0,0,58,0,58,26,0,26,84
08/13/2006,SWO,OK,ASW,CE,Federal Contract Tower,0,0,2,0,2,0,0,18,2,20,0,0,20,2,22,20,2,22,44
08/14/2006,SWO,OK,ASW,CE,Federal Contract Tower,0,0,2,0,2,0,0,47,0,47,0,0,49,0,49,30,0,30,79
08/15/2006,SWO,OK,ASW,CE,Federal Contract Tower,0,0,3,0,3,0,0,58,0,58,0,0,61,0,61,88,0,88,149
08/16/2006,SWO,OK,ASW,CE,Federal Contract Tower,0,0,5,3,8,0,2,92,0,94,0,2,97,3,102,52,0,52,154
08/17/2006,SWO,OK,ASW,CE,Federal Contract Tower,0,0,4,0,4,0,0,85,0,85,0,0,89,0,89,72,0,72,161
08/18/2006,SWO,OK,ASW,CE,Federal Contract Tower,0,0,7,2,9,0,0,105,3,108,0,0,112,5,117,76,2,78,195
08/19/2006,SWO,OK,ASW,CE,Federal Contract Tower,0,0,2,0,2,0,0,61,0,61,0,0,63,0,63,76,0,76,139
08/20/2006,SWO,OK,ASW,CE,Federal Contract Tower,0,0,5,0,5,0,0,34,0,34,0,0,39,0,39,32,0,32,71
08/21/2006,SWO,OK,ASW,CE,Federal Contract Tower,0,1,6,0,7,0,1,16,0,17,0,2,22,0,24,30,0,30,54
08/22/2006,SWO,OK,ASW,CE,Federal Contract Tower,0,0,4,4,8,0,4,86,4,94,0,4,90,8,102,90,30,120,222
08/23/2006,SWO,OK,ASW,CE,Federal Contract Tower,0,0,12,6,18,0,0,124,4,128,0,0,136,10,146,148,0,148,294
08/24/2006,SWO,OK,ASW,CE,Federal Contract Tower,0,0,7,10,17,0,0,96,0,96,0,0,103,10,113,136,0,136,249
08/25/2006,SWO,OK,ASW,CE,Federal Contract Tower,0,0,7,0,7,0,0,124,0,124,0,0,131,0,131,112,0,112,243
08/26/2006,SWO,OK,ASW,CE,Federal Contract Tower,0,0,3,0,3,0,0,39,0,39,0,0,42,0,42,50,0,50,92
08/27/2006,SWO,OK,ASW,CE,Federal Contract Tower,0,2,5,0,7,0,0,18,0,18,0,2,23,0,25,80,0,80,105
08/28/2006,SWO,OK,ASW,CE,Federal Contract Tower,0,0,12,0,12,0,0,104,0,104,0,0,116,0,116,254,0,254,370
08/29/2006,SWO,OK,ASW,CE,Federal Contract Tower,0,0,1,5,6,0,2,110,0,112,0,2,111,5,118,260,0,260,378
08/30/2006,SWO,OK,ASW,CE,Federal Contract Tower,0,0,4,4,8,0,0,158,2,160,0,0,162,6,168,208,0,208,376
08/31/2006,SWO,OK,ASW,CE,Federal Contract Tower,0,0,5,0,5,0,0,126,2,128,0,0,131,2,133,168,0,168,301
09/01/2006,SWO,OK,ASW,CE,Federal Contract Tower,0,3,10,3,16,0,1,102,0,103,0,4,112,3,119,140,0,140,259
09/02/2006,SWO,OK,ASW,CE,Federal Contract Tower,0,3,12,0,15,0,2,62,0,64,0,5,74,0,79,158,0,158,237
09/03/2006,SWO,OK,ASW,CE,Federal Contract Tower,0,0,6,0,6,0,0,58,0,58,0,0,64,0,64,108,0,108,172
09/04/2006,SWO,OK,ASW,CE,Federal Contract Tower,0,1,8,0,9,0,0,72,0,72,0,1,80,0,81,206,0,206,287
09/05/2006,SWO,OK,ASW,CE,Federal Contract Tower,0,2,12,0,14,0,0,142,0,142,0,2,154,0,156,312,0,312,468
09/06/2006,SWO,OK,ASW,CE,Federal Contract Tower,0,0,4,10,14,0,2,145,3,150,0,2,149,13,164,310,0,310,474
09/07/2006,SWO,OK,ASW,CE,Federal Contract Tower,0,0,1,4,5,0,2,120,4,126,0,2,121,8,131,198,4,202,333
09/08/2006,SWO,OK,ASW,CE,Federal Contract Tower,0,3,9,5,17,0,2,143,0,145,0,5,152,5,162,250,0,250,412
09/09/2006,SWO,OK,ASW,CE,Federal Contract Tower,0,1,4,0,5,0,0,78,2,80,0,1,82,2,85,290,0,290,375
09/10/2006,SWO,OK,ASW,CE,Federal Contract Tower,0,0,2,0,2,0,0,67,0,67,0,0,69,0,69,64,0,64,133
09/11/2006,SWO,OK,ASW,CE,Federal Contract Tower,0,0,5,0,5,0,2,114,0,116,0,2,119,0,121,288,0,288,409
09/12/2006,SWO,OK,ASW,CE,Federal Contract Tower,0,1,11,1,13,0,5,136,1,142,0,6,147,2,155,390,0,390,545
09/13/2006,SWO,OK,ASW,CE,Federal Contract Tower,0,0,6,5,11,0,2,140,0,142,0,2,146,5,153,280,0,280,433
09/14/2006,SWO,OK,ASW,CE,Federal Contract Tower,0,7,12,8,27,0,1,129,2,132,0,8,141,10,159,242,10,252,411
09/15/2006,SWO,OK,ASW,CE,Federal Contract Tower,0,6,14,1,21,0,4,110,3,117,0,10,124,4,138,216,0,216,354
09/16/2006,SWO,OK,ASW,CE,Federal Contract Tower,0,4,16,0,20,0,2,34,0,36,0,6,50,0,56,120,0,120,176
09/17/2006,SWO,OK,ASW,CE,Federal Contract Tower,0,4,9,0,13,0,0,12,0,12,0,4,21,0,25,56,0,56,81
09/18/2006,SWO,OK,ASW,CE,Federal Contract Tower,0,0,9,0,9,0,5,153,0,158,0,5,162,0,167,314,0,314,481
09/19/2006,SWO,OK,ASW,CE,Federal Contract Tower,0,0,2,6,8,0,0,153,2,155,0,0,155,8,163,388,6,394,557
09/20/2006,SWO,OK,ASW,CE,Federal Contract Tower,0,0,3,0,3,0,0,91,4,95,0,0,94,4,98,208,8,216,314
09/21/2006,SWO,OK,ASW,CE,Federal Contract Tower,0,0,5,0,5,0,2,12,0,14,0,2,17,0,19,0,0,0,19
09/22/2006,SWO,OK,ASW,CE,Federal Contract Tower,2,2,10,0,14,0,0,162,6,168,2,2,172,6,182,372,8,380,562
09/23/2006,SWO,OK,ASW,CE,Federal Contract Tower,0,3,1,0,4,0,0,84,2,86,0,3,85,2,90,366,0,366,456
09/24/2006,SWO,OK,ASW,CE,Federal Contract Tower,0,1,7,0,8,0,2,59,0,61,0,3,66,0,69,72,0,72,141
09/25/2006,SWO,OK,ASW,CE,Federal Contract Tower,0,3,1,3,7,0,1,136,0,137,0,4,137,3,144,266,0,266,410
09/26/2006,SWO,OK,ASW,CE,Federal Contract Tower,0,0,6,0,6,0,1,148,0,149,0,1,154,0,155,322,0,322,477
09/27/2006,SWO,OK,ASW,CE,Federal Contract Tower,0,0,3,4,7,0,0,158,2,160,0,0,161,6,167,282,14,296,463
09/28/2006,SWO,OK,ASW,CE,Federal Contract Tower,0,5,5,4,14,0,4,142,2,148,0,9,147,6,162,208,0,208,370
09/29/2006,SWO,OK,ASW,CE,Federal Contract Tower,0,4,4,0,8,0,2,86,2,90,0,6,90,2,98,76,0,76,174
09/30/2006,SWO,OK,ASW,CE,Federal Contract Tower,0,5,7,0,12,0,0,110,0,110,0,5,117,0,122,166,0,166,288
10/01/2006,SWO,OK,ASW,CE,Federal Contract Tower,0,0,1,0,1,0,0,64,0,64,0,0,65,0,65,68,0,68,133
10/02/2006,SWO,OK,ASW,CE,Federal Contract Tower,0,0,3,6,9,0,2,94,4,100,0,2,97,10,109,118,10,128,237
10/03/2006,SWO,OK,ASW,CE,Federal Contract Tower,0,0,6,6,12,0,0,94,2,96,0,0,100,8,108,168,16,184,292
10/04/2006,SWO,OK,ASW,CE,Federal Contract Tower,0,3,7,10,20,0,2,115,0,117,0,5,122,10,137,328,0,328,465
10/05/2006,SWO,OK,ASW,CE,Federal Contract Tower,0,6,3,0,9,0,2,145,0,147,0,8,148,0,156,340,0,340,496
10/06/2006,SWO,OK,ASW,CE,Federal Contract Tower,0,1,10,0,11,0,2,125,2,129,0,3,135,2,140,196,0,196,336
10/07/2006,SWO,OK,ASW,CE,Federal Contract Tower,1,1,5,0,7,0,2,77,0,79,1,3,82,0,86,60,0,60,146
10/08/2006,SWO,OK,ASW,CE,Federal Contract Tower,0,0,3,0,3,0,0,41,0,41,0,0,44,0,44,30,0,30,74
10/09/2006,SWO,OK,ASW,CE,Federal Contract Tower,0,0,3,0,3,0,0,64,0,64,0,0,67,0,67,78,0,78,145
10/10/2006,SWO,OK,ASW,CE,Federal Contract Tower,0,2,18,0,20,0,0,3,0,3,0,2,21,0,23,0,0,0,23
10/11/2006,SWO,OK,ASW,CE,Federal Contract Tower,0,0,10,3,13,0,3,122,0,125,0,3,132,3,138,290,0,290,428
10/12/2006,SWO,OK,ASW,CE,Federal Contract Tower,0,0,3,8,11,0,0,111,0,111,0,0,114,8,122,282,0,282,404
10/13/2006,SWO,OK,ASW,CE,Federal Contract Tower,0,0,9,2,11,0,0,174,0,174,0,0,183,2,185,302,0,302,487
10/14/2006,SWO,OK,ASW,CE,Federal Contract Tower,0,5,3,0,8,0,6,89,0,95,0,11,92,0,103,60,0,60,163
10/15/2006,SWO,OK,ASW,CE,Federal Contract Tower,0,0,13,0,13,0,0,0,0,0,0,0,13,0,13,0,0,0,13
10/16/2006,SWO,OK,ASW,CE,Federal Contract Tower,0,1,15,0,16,0,0,2,0,2,0,1,17,0,18,0,0,0,18
10/17/2006,SWO,OK,ASW,CE,Federal Contract Tower,0,1,9,0,10,0,0,98,0,98,0,1,107,0,108,250,0,250,358
10/18/2006,SWO,OK,ASW,CE,Federal Contract Tower,0,1,12,5,18,0,2,17,5,24,0,3,29,10,42,32,0,32,74
10/19/2006,SWO,OK,ASW,CE,Federal Contract Tower,0,0,6,1,7,0,0,120,1,121,0,0,126,2,128,162,0,162,290
10/20/2006,SWO,OK,ASW,CE,Federal Contract Tower,0,0,13,3,16,0,0,189,3,192,0,0,202,6,208,128,0,128,336
10/21/2006,SWO,OK,ASW,CE,Federal Contract Tower,0,3,21,0,24,0,0,53,0,53,0,3,74,0,77,42,0,42,119
10/22/2006,SWO,OK,ASW,CE,Federal Contract Tower,0,2,14,0,16,0,0,98,0,98,0,2,112,0,114,144,0,144,258
10/23/2006,SWO,OK,ASW,CE,Federal Contract Tower,0,0,4,2,6,0,0,117,0,117,0,0,121,2,123,208,0,208,331
10/24/2006,SWO,OK,ASW,CE,Federal Contract Tower,0,2,4,0,6,0,0,124,0,124,0,2,128,0,130,168,0,168,298
10/25/2006,SWO,OK,ASW,CE,Federal Contract Tower,0,0,21,0,21,0,0,0,0,0,0,0,21,0,21,0,0,0,21
10/26/2006,SWO,OK,ASW,CE,Federal Contract Tower,0,6,4,3,13,0,2,65,1,68,0,8,69,4,81,98,2,100,181
10/27/2006,SWO,OK,ASW,CE,Federal Contract Tower,0,3,10,0,13,0,0,18,8,26,0,3,28,8,39,28,0,28,67
10/28/2006,SWO,OK,ASW,CE,Federal Contract Tower,0,4,23,0,27,0,2,137,0,139,0,6,160,0,166,14,0,14,180
10/29/2006,SWO,OK,ASW,CE,Federal Contract Tower,0,0,6,4,10,0,2,81,0,83,0,2,87,4,93,38,0,38,131
10/30/2006,SWO,OK,ASW,CE,Federal Contract Tower,0,0,6,10,16,0,0,100,3,103,0,0,106,13,119,158,8,166,285
10/31/2006,SWO,OK,ASW,CE,Federal Contract Tower,0,0,3,4,7,0,0,108,0,108,0,0,111,4,115,122,0,122,237
11/01/2006,SWO,OK,ASW,CE,Federal Contract Tower,0,0,6,1,7,0,0,171,5,176,0,0,177,6,183,122,4,126,309
11/02/2006,SWO,OK,ASW,CE,Federal Contract Tower,0,2,7,5,14,0,0,108,3,111,0,2,115,8,125,204,2,206,331
11/03/2006,SWO,OK,ASW,CE,Federal Contract Tower,2,1,7,6,16,0,0,140,0,140,2,1,147,6,156,232,4,236,392
11/04/2006,SWO,OK,ASW,CE,Federal Contract Tower,0,2,4,2,8,0,0,113,0,113,0,2,117,2,121,110,0,110,231
11/05/2006,SWO,OK,ASW,CE,Federal Contract Tower,0,3,13,0,16,0,0,0,0,0,0,3,13,0,16,0,0,0,16
11/06/2006,SWO,OK,ASW,CE,Federal Contract Tower,0,2,25,4,31,0,0,3,0,3,0,2,28,4,34,28,0,28,62
11/07/2006,SWO,OK,ASW,CE,Federal Contract Tower,0,0,6,1,7,0,0,122,12,134,0,0,128,13,141,196,0,196,337
11/08/2006,SWO,OK,ASW,CE,Federal Contract Tower,0,0,7,6,13,0,0,149,1,150,0,0,156,7,163,234,2,236,399
11/09/2006,SWO,OK,ASW,CE,Federal Contract Tower,0,0,6,9,15,0,0,145,2,147,0,0,151,11,162,188,38,226,388
11/10/2006,SWO,OK,ASW,CE,Federal Contract Tower,2,0,20,0,22,0,0,37,0,37,2,0,57,0,59,14,0,14,73
11/11/2006,SWO,OK,ASW,CE,Federal Contract Tower,0,4,17,0,21,0,2,114,0,116,0,6,131,0,137,26,0,26,163
11/12/2006,SWO,OK,ASW,CE,Federal Contract Tower,0,2,7,0,9,0,0,72,0,72,0,2,79,0,81,48,0,48,129
11/13/2006,SWO,OK,ASW,CE,Federal Contract Tower,0,2,1,1,4,0,0,152,1,153,0,2,153,2,157,336,8,344,501
11/14/2006,SWO,OK,ASW,CE,Federal Contract Tower,0,0,2,4,6,0,0,106,0,106,0,0,108,4,112,148,0,148,260
11/15/2006,SWO,OK,ASW,CE,Federal Contract Tower,0,0,4,0,4,0,0,5,2,7,0,0,9,2,11,0,0,0,11
11/16/2006,SWO,OK,ASW,CE,Federal Contract Tower,0,0,13,6,19,0,0,106,2,108,0,0,119,8,127,98,16,114,241
11/17/2006,SWO,OK,ASW,CE,Federal Contract Tower,2,0,8,7,17,0,0,150,1,151,2,0,158,8,168,246,12,258,426
11/18/2006,SWO,OK,ASW,CE,Federal Contract Tower,2,1,7,0,10,0,1,143,0,144,2,2,150,0,154,182,0,182,336
11/19/2006,SWO,OK,ASW,CE,Federal Contract Tower,0,0,1,4,5,0,0,118,0,118,0,0,119,4,123,88,0,88,211
11/20/2006,SWO,OK,ASW,CE,Federal Contract Tower,0,0,1,1,2,0,0,103,1,104,0,0,104,2,106,152,6,158,264
11/21/2006,SWO,OK,ASW,CE,Federal Contract Tower,0,0,2,0,2,0,0,93,0,93,0,0,95,0,95,62,0,62,157
11/22/2006,SWO,OK,ASW,CE,Federal Contract Tower,0,0,11,0,11,0,0,85,0,85,0,0,96,0,96,144,0,144,240
11/23/2006,SWO,OK,ASW,CE,Federal Contract Tower,0,0,1,0,1,0,0,27,0,27,0,0,28,0,28,20,0,20,48
11/24/2006,SWO,OK,ASW,CE,Federal Contract Tower,0,0,5,0,5,0,1,52,0,53,0,1,57,0,58,14,0,14,72
11/25/2006,SWO,OK,ASW,CE,Federal Contract Tower,0,0,35,0,35,0,0,67,0,67,0,0,102,0,102,26,0,26,128
11/26/2006,SWO,OK,ASW,CE,Federal Contract Tower,0,0,12,0,12,0,0,10,0,10,0,0,22,0,22,0,0,0,22
11/27/2006,SWO,OK,ASW,CE,Federal Contract Tower,0,0,4,6,10,0,2,27,0,29,0,2,31,6,39,62,0,62,101
11/28/2006,SWO,OK,ASW,CE,Federal Contract Tower,0,0,0,2,2,0,5,102,6,113,0,5,102,8,115,86,0,86,201
11/29/2006,SWO,OK,ASW,CE,Federal Contract Tower,0,2,4,7,13,0,0,3,0,3,0,2,7,7,16,0,0,0,16
11/30/2006,SWO,OK,ASW,CE,Federal Contract Tower,0,0,0,0,0,0,0,0,0,0,0,0,0,0,0,0,0,0,0
12/01/2006,SWO,OK,ASW,CE,Federal Contract Tower,0,2,2,2,6,0,4,0,0,4,0,6,2,2,10,0,0,0,10
12/02/2006,SWO,OK,ASW,CE,Federal Contract Tower,0,2,5,0,7,0,0,8,0,8,0,2,13,0,15,8,0,8,23
12/03/2006,SWO,OK,ASW,CE,Federal Contract Tower,0,0,0,0,0,0,0,27,0,27,0,0,27,0,27,26,0,26,53
12/04/2006,SWO,OK,ASW,CE,Federal Contract Tower,0,0,2,4,6,0,0,109,1,110,0,0,111,5,116,112,0,112,228
12/05/2006,SWO,OK,ASW,CE,Federal Contract Tower,0,0,3,0,3,0,0,125,0,125,0,0,128,0,128,130,0,130,258
12/06/2006,SWO,OK,ASW,CE,Federal Contract Tower,0,2,7,1,10,0,0,161,5,166,0,2,168,6,176,214,20,234,410
12/07/2006,SWO,OK,ASW,CE,Federal Contract Tower,2,4,4,5,15,0,0,84,1,85,2,4,88,6,100,118,0,118,218
12/08/2006,SWO,OK,ASW,CE,Federal Contract Tower,0,1,12,3,16,0,2,93,3,98,0,3,105,6,114,150,8,158,272
12/09/2006,SWO,OK,ASW,CE,Federal Contract Tower,0,2,8,0,10,0,0,85,0,85,0,2,93,0,95,62,0,62,157
12/10/2006,SWO,OK,ASW,CE,Federal Contract Tower,0,0,7,0,7,0,2,75,0,77,0,2,82,0,84,80,0,80,164
12/11/2006,SWO,OK,ASW,CE,Federal Contract Tower,0,0,6,6,12,0,2,94,0,96,0,2,100,6,108,86,6,92,200
12/12/2006,SWO,OK,ASW,CE,Federal Contract Tower,0,0,7,9,16,0,0,104,3,107,0,0,111,12,123,116,8,124,247
12/13/2006,SWO,OK,ASW,CE,Federal Contract Tower,0,0,14,3,17,0,0,122,0,122,0,0,136,3,139,104,0,104,243
12/14/2006,SWO,OK,ASW,CE,Federal Contract Tower,0,2,6,15,23,0,0,102,5,107,0,2,108,20,130,148,10,158,288
12/15/2006,SWO,OK,ASW,CE,Federal Contract Tower,0,0,4,6,10,0,0,130,2,132,0,0,134,8,142,142,14,156,298
12/16/2006,SWO,OK,ASW,CE,Federal Contract Tower,0,2,4,0,6,0,0,56,2,58,0,2,60,2,64,32,0,32,96
12/17/2006,SWO,OK,ASW,CE,Federal Contract Tower,0,0,6,0,6,0,2,26,0,28,0,2,32,0,34,48,0,48,82
12/18/2006,SWO,OK,ASW,CE,Federal Contract Tower,0,3,18,8,29,0,4,4,0,8,0,7,22,8,37,0,0,0,37
12/19/2006,SWO,OK,ASW,CE,Federal Contract Tower,0,1,8,2,11,0,0,2,0,2,0,1,10,2,13,12,0,12,25
12/20/2006,SWO,OK,ASW,CE,Federal Contract Tower,0,0,5,0,5,0,0,4,0,4,0,0,9,0,9,6,0,6,15
12/21/2006,SWO,OK,ASW,CE,Federal Contract Tower,0,0,9,1,10,0,2,42,5,49,0,2,51,6,59,46,18,64,123
12/22/2006,SWO,OK,ASW,CE,Federal Contract Tower,0,0,5,0,5,0,0,47,0,47,0,0,52,0,52,16,0,16,68
12/23/2006,SWO,OK,ASW,CE,Federal Contract Tower,0,0,0,0,0,0,2,10,0,12,0,2,10,0,12,2,0,2,14
12/24/2006,SWO,OK,ASW,CE,Federal Contract Tower,0,0,0,0,0,0,0,12,0,12,0,0,12,0,12,2,0,2,14
12/25/2006,SWO,OK,ASW,CE,Federal Contract Tower,0,0,0,0,0,0,2,0,0,2,0,2,0,0,2,0,0,0,2
12/26/2006,SWO,OK,ASW,CE,Federal Contract Tower,0,0,2,0,2,0,2,29,0,31,0,2,31,0,33,24,0,24,57
12/27/2006,SWO,OK,ASW,CE,Federal Contract Tower,0,0,3,0,3,0,2,5,0,7,0,2,8,0,10,0,0,0,10
12/28/2006,SWO,OK,ASW,CE,Federal Contract Tower,0,0,9,0,9,0,0,4,2,6,0,0,13,2,15,8,0,8,23
12/29/2006,SWO,OK,ASW,CE,Federal Contract Tower,0,0,5,0,5,0,0,0,0,0,0,0,5,0,5,0,0,0,5
12/30/2006,SWO,OK,ASW,CE,Federal Contract Tower,0,4,3,0,7,0,0,2,0,2,0,4,5,0,9,0,0,0,9
12/31/2006,SWO,OK,ASW,CE,Federal Contract Tower,0,0,4,0,4,0,0,0,0,0,0,0,4,0,4,0,0,0,4
01/01/2007,SWO,OK,ASW,CE,Federal Contract Tower,0,0,7,0,7,0,2,38,0,40,0,2,45,0,47,72,0,72,119
01/02/2007,SWO,OK,ASW,CE,Federal Contract Tower,0,0,4,0,4,0,0,32,0,32,0,0,36,0,36,68,0,68,104
01/03/2007,SWO,OK,ASW,CE,Federal Contract Tower,0,0,2,0,2,0,1,61,0,62,0,1,63,0,64,28,0,28,92
01/04/2007,SWO,OK,ASW,CE,Federal Contract Tower,0,0,25,16,41,0,0,3,0,3,0,0,28,16,44,2,0,2,46
01/05/2007,SWO,OK,ASW,CE,Federal Contract Tower,4,0,10,0,14,0,0,1,0,1,4,0,11,0,15,14,0,14,29
01/06/2007,SWO,OK,ASW,CE,Federal Contract Tower,0,3,8,0,11,0,0,56,0,56,0,3,64,0,67,6,0,6,73
01/07/2007,SWO,OK,ASW,CE,Federal Contract Tower,0,0,2,0,2,0,0,40,0,40,0,0,42,0,42,14,0,14,56
01/08/2007,SWO,OK,ASW,CE,Federal Contract Tower,0,2,7,0,9,0,2,49,0,51,0,4,56,0,60,64,0,64,124
01/09/2007,SWO,OK,ASW,CE,Federal Contract Tower,2,0,9,0,11,0,2,98,4,104,2,2,107,4,115,114,0,114,229
01/10/2007,SWO,OK,ASW,CE,Federal Contract Tower,0,0,5,0,5,0,0,54,0,54,0,0,59,0,59,32,0,32,91
01/11/2007,SWO,OK,ASW,CE,Federal Contract Tower,0,0,6,0,6,0,0,13,0,13,0,0,19,0,19,6,0,6,25
01/12/2007,SWO,OK,ASW,CE,Federal Contract Tower,0,0,0,0,0,0,0,0,0,0,0,0,0,0,0,0,0,0,0
01/13/2007,SWO,OK,ASW,CE,Federal Contract Tower,0,0,0,0,0,0,0,0,0,0,0,0,0,0,0,0,0,0,0
01/14/2007,SWO,OK,ASW,CE,Federal Contract Tower,0,0,0,0,0,0,0,0,0,0,0,0,0,0,0,0,0,0,0
01/15/2007,SWO,OK,ASW,CE,Federal Contract Tower,0,0,0,0,0,0,2,0,0,2,0,2,0,0,2,0,0,0,2
01/16/2007,SWO,OK,ASW,CE,Federal Contract Tower,0,0,4,0,4,0,0,2,0,2,0,0,6,0,6,0,0,0,6
01/17/2007,SWO,OK,ASW,CE,Federal Contract Tower,0,0,0,1,1,0,0,4,1,5,0,0,4,2,6,0,0,0,6
01/18/2007,SWO,OK,ASW,CE,Federal Contract Tower,0,0,2,2,4,0,0,5,1,6,0,0,7,3,10,0,2,2,12
01/19/2007,SWO,OK,ASW,CE,Federal Contract Tower,0,1,5,0,6,1,0,39,0,40,1,1,44,0,46,82,0,82,128
01/20/2007,SWO,OK,ASW,CE,Federal Contract Tower,0,0,0,0,0,0,0,0,0,0,0,0,0,0,0,0,0,0,0
01/21/2007,SWO,OK,ASW,CE,Federal Contract Tower,0,2,2,1,5,0,0,2,0,2,0,2,4,1,7,4,0,4,11
01/22/2007,SWO,OK,ASW,CE,Federal Contract Tower,0,0,11,0,11,0,0,82,1,83,0,0,93,1,94,178,0,178,272
01/23/2007,SWO,OK,ASW,CE,Federal Contract Tower,0,0,5,3,8,0,0,134,0,134,0,0,139,3,142,128,0,128,270
01/24/2007,SWO,OK,ASW,CE,Federal Contract Tower,0,0,7,5,12,0,2,208,7,217,0,2,215,12,229,224,20,244,473
01/25/2007,SWO,OK,ASW,CE,Federal Contract Tower,0,0,5,0,5,0,0,161,6,167,0,0,166,6,172,210,0,210,382
01/26/2007,SWO,OK,ASW,CE,Federal Contract Tower,0,2,11,0,13,0,2,112,2,116,0,4,123,2,129,112,0,112,241
01/27/2007,SWO,OK,ASW,CE,Federal Contract Tower,0,1,3,0,4,0,0,14,0,14,0,1,17,0,18,18,0,18,36
01/28/2007,SWO,OK,ASW,CE,Federal Contract Tower,0,0,4,0,4,0,0,81,0,81,0,0,85,0,85,76,0,76,161
01/29/2007,SWO,OK,ASW,CE,Federal Contract Tower,2,0,7,6,15,0,0,146,2,148,2,0,153,8,163,202,8,210,373
01/30/2007,SWO,OK,ASW,CE,Federal Contract Tower,0,0,2,1,3,0,2,83,1,86,0,2,85,2,89,144,8,152,241
01/31/2007,SWO,OK,ASW,CE,Federal Contract Tower,0,0,5,0,5,0,0,0,0,0,0,0,5,0,5,0,0,0,5
02/01/2007,SWO,OK,ASW,CE,Federal Contract Tower,0,0,2,0,2,0,0,0,0,0,0,0,2,0,2,0,0,0,2
02/02/2007,SWO,OK,ASW,CE,Federal Contract Tower,0,0,6,0,6,0,2,36,0,38,0,2,42,0,44,82,0,82,126
02/03/2007,SWO,OK,ASW,CE,Federal Contract Tower,0,2,3,0,5,0,5,81,0,86,0,7,84,0,91,144,0,144,235
02/04/2007,SWO,OK,ASW,CE,Federal Contract Tower,0,0,1,0,1,0,0,120,0,120,0,0,121,0,121,60,0,60,181
02/05/2007,SWO,OK,ASW,CE,Federal Contract Tower,0,0,3,0,3,0,2,131,2,135,0,2,134,2,138,160,0,160,298
02/06/2007,SWO,OK,ASW,CE,Federal Contract Tower,0,0,2,1,3,0,2,135,6,143,0,2,137,7,146,112,10,122,268
02/07/2007,SWO,OK,ASW,CE,Federal Contract Tower,0,2,8,0,10,0,0,101,0,101,0,2,109,0,111,144,0,144,255
02/08/2007,SWO,OK,ASW,CE,Federal Contract Tower,0,0,2,2,4,0,1,55,2,58,0,1,57,4,62,64,0,64,126
02/09/2007,SWO,OK,ASW,CE,Federal Contract Tower,0,3,7,4,14,0,0,46,3,49,0,3,53,7,63,110,2,112,175
02/10/2007,SWO,OK,ASW,CE,Federal Contract Tower,0,5,6,0,11,0,2,95,0,97,0,7,101,0,108,40,0,40,148
02/11/2007,SWO,OK,ASW,CE,Federal Contract Tower,1,0,12,0,13,0,0,18,0,18,1,0,30,0,31,46,0,46,77
02/12/2007,SWO,OK,ASW,CE,Federal Contract Tower,0,0,9,0,9,0,0,0,0,0,0,0,9,0,9,0,0,0,9
02/13/2007,SWO,OK,ASW,CE,Federal Contract Tower,0,0,3,0,3,0,0,5,0,5,0,0,8,0,8,0,0,0,8
02/14/2007,SWO,OK,ASW,CE,Federal Contract Tower,0,0,7,2,9,0,2,27,2,31,0,2,34,4,40,82,10,92,132
02/15/2007,SWO,OK,ASW,CE,Federal Contract Tower,0,0,2,4,6,0,2,10,0,12,0,2,12,4,18,4,16,20,38
02/16/2007,SWO,OK,ASW,CE,Federal Contract Tower,3,0,8,0,11,0,0,67,0,67,3,0,75,0,78,66,0,66,144
02/17/2007,SWO,OK,ASW,CE,Federal Contract Tower,1,2,14,0,17,0,0,78,0,78,1,2,92,0,95,66,0,66,161
02/18/2007,SWO,OK,ASW,CE,Federal Contract Tower,0,0,6,0,6,0,2,129,0,131,0,2,135,0,137,84,0,84,221
02/19/2007,SWO,OK,ASW,CE,Federal Contract Tower,0,0,1,0,1,0,0,53,2,55,0,0,54,2,56,72,0,72,128
02/20/2007,SWO,OK,ASW,CE,Federal Contract Tower,0,3,4,0,7,0,4,150,4,158,0,7,154,4,165,218,2,220,385
02/21/2007,SWO,OK,ASW,CE,Federal Contract Tower,0,2,7,1,10,0,1,191,5,197,0,3,198,6,207,214,16,230,437
02/22/2007,SWO,OK,ASW,CE,Federal Contract Tower,0,0,1,0,1,0,0,129,0,129,0,0,130,0,130,156,0,156,286
02/23/2007,SWO,OK,ASW,CE,Federal Contract Tower,1,0,10,4,15,0,2,41,2,45,1,2,51,6,60,50,0,50,110
02/24/2007,SWO,OK,ASW,CE,Federal Contract Tower,3,2,1,0,6,0,0,8,0,8,3,2,9,0,14,6,0,6,20
02/25/2007,SWO,OK,ASW,CE,Federal Contract Tower,0,0,3,0,3,0,0,54,5,59,0,0,57,5,62,30,0,30,92
02/26/2007,SWO,OK,ASW,CE,Federal Contract Tower,1,0,3,8,12,0,2,146,10,158,1,2,149,18,170,256,0,256,426
02/27/2007,SWO,OK,ASW,CE,Federal Contract Tower,0,2,4,4,10,0,0,111,4,115,0,2,115,8,125,124,6,130,255
02/28/2007,SWO,OK,ASW,CE,Federal Contract Tower,0,1,8,2,11,0,4,124,0,128,0,5,132,2,139,194,0,194,333
03/01/2007,SWO,OK,ASW,CE,Federal Contract Tower,0,0,6,0,6,0,4,51,0,55,0,4,57,0,61,26,0,26,87
03/02/2007,SWO,OK,ASW,CE,Federal Contract Tower,1,5,6,0,12,0,1,85,0,86,1,6,91,0,98,24,0,24,122
03/03/2007,SWO,OK,ASW,CE,Federal Contract Tower,0,4,3,0,7,0,0,45,2,47,0,4,48,2,54,88,2,90,144
03/04/2007,SWO,OK,ASW,CE,Federal Contract Tower,2,0,0,0,2,0,0,129,0,129,2,0,129,0,131,162,0,162,293
03/05/2007,SWO,OK,ASW,CE,Federal Contract Tower,0,4,11,3,18,0,2,147,6,155,0,6,158,9,173,254,0,254,427
03/06/2007,SWO,OK,ASW,CE,Federal Contract Tower,0,0,4,2,6,0,0,136,1,137,0,0,140,3,143,250,0,250,393
03/07/2007,SWO,OK,ASW,CE,Federal Contract Tower,0,2,7,1,10,0,5,195,4,204,0,7,202,5,214,254,2,256,470
03/08/2007,SWO,OK,ASW,CE,Federal Contract Tower,0,0,5,4,9,0,0,140,7,147,0,0,145,11,156,144,2,146,302
03/09/2007,SWO,OK,ASW,CE,Federal Contract Tower,0,0,4,0,4,0,0,108,0,108,0,0,112,0,112,110,0,110,222
03/10/2007,SWO,OK,ASW,CE,Federal Contract Tower,0,1,3,0,4,0,2,81,0,83,0,3,84,0,87,136,0,136,223
03/11/2007,SWO,OK,ASW,CE,Federal Contract Tower,0,2,12,0,14,0,0,0,0,0,0,2,12,0,14,0,0,0,14
03/12/2007,SWO,OK,ASW,CE,Federal Contract Tower,0,3,8,8,19,0,0,120,1,121,0,3,128,9,140,130,26,156,296
03/13/2007,SWO,OK,ASW,CE,Federal Contract Tower,0,0,9,0,9,0,2,108,0,110,0,2,117,0,119,200,0,200,319
03/14/2007,SWO,OK,ASW,CE,Federal Contract Tower,0,2,17,2,21,0,0,47,0,47,0,2,64,2,68,26,0,26,94
03/15/2007,SWO,OK,ASW,CE,Federal Contract Tower,0,1,9,4,14,0,0,137,0,137,0,1,146,4,151,100,2,102,253
03/16/2007,SWO,OK,ASW,CE,Federal Contract Tower,2,0,10,0,12,0,3,112,0,115,2,3,122,0,127,180,0,180,307
03/17/2007,SWO,OK,ASW,CE,Federal Contract Tower,0,2,6,0,8,0,0,78,0,78,0,2,84,0,86,88,0,88,174
03/18/2007,SWO,OK,ASW,CE,Federal Contract Tower,0,1,3,0,4,0,0,39,0,39,0,1,42,0,43,12,0,12,55
03/19/2007,SWO,OK,ASW,CE,Federal Contract Tower,2,1,7,8,18,0,0,21,4,25,2,1,28,12,43,58,0,58,101
03/20/2007,SWO,OK,ASW,CE,Federal Contract Tower,0,0,13,4,17,0,0,3,0,3,0,0,16,4,20,0,0,0,20
03/21/2007,SWO,OK,ASW,CE,Federal Contract Tower,0,0,6,0,6,0,2,6,0,8,0,2,12,0,14,0,0,0,14
03/22/2007,SWO,OK,ASW,CE,Federal Contract Tower,0,0,3,4,7,0,5,23,1,29,0,5,26,5,36,18,14,32,68
03/23/2007,SWO,OK,ASW,CE,Federal Contract Tower,0,1,12,4,17,0,0,24,0,24,0,1,36,4,41,12,0,12,53
03/24/2007,SWO,OK,ASW,CE,Federal Contract Tower,0,2,1,0,3,0,0,14,0,14,0,2,15,0,17,0,0,0,17
03/25/2007,SWO,OK,ASW,CE,Federal Contract Tower,0,0,5,0,5,0,0,17,0,17,0,0,22,0,22,34,0,34,56
03/26/2007,SWO,OK,ASW,CE,Federal Contract Tower,0,1,18,0,19,0,0,18,0,18,0,1,36,0,37,36,0,36,73
03/27/2007,SWO,OK,ASW,CE,Federal Contract Tower,0,2,10,2,14,0,0,28,0,28,0,2,38,2,42,14,12,26,68
03/28/2007,SWO,OK,ASW,CE,Federal Contract Tower,0,0,22,0,22,0,0,118,1,119,0,0,140,1,141,42,0,42,183
03/29/2007,SWO,OK,ASW,CE,Federal Contract Tower,0,0,3,0,3,0,0,1,0,1,0,0,4,0,4,0,0,0,4
03/30/2007,SWO,OK,ASW,CE,Federal Contract Tower,0,0,15,0,15,0,0,6,0,6,0,0,21,0,21,10,0,10,31
03/31/2007,SWO,OK,ASW,CE,Federal Contract Tower,0,1,7,0,8,0,0,57,0,57,0,1,64,0,65,54,0,54,119
04/01/2007,SWO,OK,ASW,CE,Federal Contract Tower,0,1,1,1,3,0,0,154,1,155,0,1,155,2,158,148,0,148,306
04/02/2007,SWO,OK,ASW,CE,Federal Contract Tower,0,2,4,4,10,0,0,146,0,146,0,2,150,4,156,184,2,186,342
04/03/2007,SWO,OK,ASW,CE,Federal Contract Tower,0,1,2,9,12,0,2,51,3,56,0,3,53,12,68,30,18,48,116
04/04/2007,SWO,OK,ASW,CE,Federal Contract Tower,0,2,5,4,11,0,2,195,1,198,0,4,200,5,209,296,4,300,509
04/05/2007,SWO,OK,ASW,CE,Federal Contract Tower,0,0,11,3,14,0,0,111,0,111,0,0,122,3,125,142,4,146,271
04/06/2007,SWO,OK,ASW,CE,Federal Contract Tower,0,0,9,3,12,0,0,41,7,48,0,0,50,10,60,88,2,90,150
04/07/2007,SWO,OK,ASW,CE,Federal Contract Tower,0,2,5,0,7,0,0,50,2,52,0,2,55,2,59,80,0,80,139
04/08/2007,SWO,OK,ASW,CE,Federal Contract Tower,0,0,2,0,2,0,4,53,0,57,0,4,55,0,59,58,0,58,117
04/09/2007,SWO,OK,ASW,CE,Federal Contract Tower,0,0,5,4,9,0,2,125,1,128,0,2,130,5,137,194,2,196,333
04/10/2007,SWO,OK,ASW,CE,Federal Contract Tower,0,0,15,4,19,0,0,5,0,5,0,0,20,4,24,20,0,20,44
04/11/2007,SWO,OK,ASW,CE,Federal Contract Tower,0,2,7,1,10,0,2,74,3,79,0,4,81,4,89,100,0,100,189
04/12/2007,SWO,OK,ASW,CE,Federal Contract Tower,0,0,8,2,10,0,2,120,3,125,0,2,128,5,135,66,0,66,201
04/13/2007,SWO,OK,ASW,CE,Federal Contract Tower,0,0,5,0,5,0,0,0,0,0,0,0,5,0,5,0,0,0,5
04/14/2007,SWO,OK,ASW,CE,Federal Contract Tower,0,2,3,0,5,0,2,13,0,15,0,4,16,0,20,8,0,8,28
04/15/2007,SWO,OK,ASW,CE,Federal Contract Tower,0,0,1,0,1,0,0,100,0,100,0,0,101,0,101,40,0,40,141
04/16/2007,SWO,OK,ASW,CE,Federal Contract Tower,0,1,7,1,9,0,2,137,3,142,0,3,144,4,151,158,6,164,315
04/17/2007,SWO,OK,ASW,CE,Federal Contract Tower,0,1,12,0,13,0,0,23,0,23,0,1,35,0,36,33,0,33,69
04/18/2007,SWO,OK,ASW,CE,Federal Contract Tower,0,0,5,0,5,0,0,119,2,121,0,0,124,2,126,248,2,250,376
04/19/2007,SWO,OK,ASW,CE,Federal Contract Tower,0,4,8,0,12,0,0,132,0,132,0,4,140,0,144,90,0,90,234
04/20/2007,SWO,OK,ASW,CE,Federal Contract Tower,0,2,8,0,10,0,0,94,4,98,0,2,102,4,108,50,8,58,166
04/21/2007,SWO,OK,ASW,CE,Federal Contract Tower,0,2,8,0,10,0,2,34,0,36,0,4,42,0,46,56,0,56,102
04/22/2007,SWO,OK,ASW,CE,Federal Contract Tower,0,0,4,2,6,0,0,14,0,14,0,0,18,2,20,0,14,14,34
04/23/2007,SWO,OK,ASW,CE,Federal Contract Tower,0,2,16,4,22,0,0,68,0,68,0,2,84,4,90,278,4,282,372
04/24/2007,SWO,OK,ASW,CE,Federal Contract Tower,0,0,17,0,17,0,0,7,0,7,0,0,24,0,24,20,0,20,44
04/25/2007,SWO,OK,ASW,CE,Federal Contract Tower,0,0,8,2,10,0,0,15,0,15,0,0,23,2,25,56,0,56,81
04/26/2007,SWO,OK,ASW,CE,Federal Contract Tower,0,0,17,8,25,0,2,83,2,87,0,2,100,10,112,82,0,82,194
04/27/2007,SWO,OK,ASW,CE,Federal Contract Tower,0,0,8,2,10,0,0,139,1,140,0,0,147,3,150,156,0,156,306
04/28/2007,SWO,OK,ASW,CE,Federal Contract Tower,0,2,4,0,6,0,2,191,0,193,0,4,195,0,199,110,0,110,309
04/29/2007,SWO,OK,ASW,CE,Federal Contract Tower,0,0,6,0,6,0,2,162,0,164,0,2,168,0,170,144,0,144,314
04/30/2007,SWO,OK,ASW,CE,Federal Contract Tower,0,0,8,0,8,0,0,87,0,87,0,0,95,0,95,138,0,138,233
05/01/2007,SWO,OK,ASW,CE,Federal Contract Tower,0,0,3,4,7,0,0,1,0,1,0,0,4,4,8,0,0,0,8
05/02/2007,SWO,OK,ASW,CE,Federal Contract Tower,0,0,18,0,18,0,0,3,0,3,0,0,21,0,21,32,0,32,53
05/03/2007,SWO,OK,ASW,CE,Federal Contract Tower,0,0,12,2,14,0,0,6,0,6,0,0,18,2,20,10,0,10,30
05/04/2007,SWO,OK,ASW,CE,Federal Contract Tower,0,0,14,2,16,0,0,25,1,26,0,0,39,3,42,12,2,14,56
05/05/2007,SWO,OK,ASW,CE,Federal Contract Tower,0,4,17,0,21,0,0,6,0,6,0,4,23,0,27,0,0,0,27
05/06/2007,SWO,OK,ASW,CE,Federal Contract Tower,0,1,7,0,8,0,4,10,0,14,0,5,17,0,22,14,0,14,36
05/07/2007,SWO,OK,ASW,CE,Federal Contract Tower,0,0,15,4,19,0,2,27,0,29,0,2,42,4,48,28,12,40,88
05/08/2007,SWO,OK,ASW,CE,Federal Contract Tower,0,0,12,0,12,0,0,18,0,18,0,0,30,0,30,58,0,58,88
05/09/2007,SWO,OK,ASW,CE,Federal Contract Tower,0,0,3,5,8,0,0,51,1,52,0,0,54,6,60,168,0,168,228
05/10/2007,SWO,OK,ASW,CE,Federal Contract Tower,0,0,7,0,7,0,0,56,0,56,0,0,63,0,63,124,0,124,187
05/11/2007,SWO,OK,ASW,CE,Federal Contract Tower,0,0,8,0,8,0,0,78,0,78,0,0,86,0,86,60,0,60,146
05/12/2007,SWO,OK,ASW,CE,Federal Contract Tower,0,2,3,0,5,0,1,104,2,107,0,3,107,2,112,80,0,80,192
05/13/2007,SWO,OK,ASW,CE,Federal Contract Tower,0,0,3,0,3,0,0,86,0,86,0,0,89,0,89,52,0,52,141
05/14/2007,SWO,OK,ASW,CE,Federal Contract Tower,0,3,7,0,10,0,4,140,0,144,0,7,147,0,154,176,0,176,330
05/15/2007,SWO,OK,ASW,CE,Federal Contract Tower,0,0,9,1,10,0,0,23,1,24,0,0,32,2,34,36,14,50,84
05/16/2007,SWO,OK,ASW,CE,Federal Contract Tower,0,2,5,5,12,0,2,127,3,132,0,4,132,8,144,180,16,196,340
05/17/2007,SWO,OK,ASW,CE,Federal Contract Tower,0,0,4,5,9,0,2,138,5,145,0,2,142,10,154,184,48,232,386
05/18/2007,SWO,OK,ASW,CE,Federal Contract Tower,0,0,6,7,13,0,0,69,2,71,0,0,75,9,84,112,6,118,202
05/19/2007,SWO,OK,ASW,CE,Federal Contract Tower,0,1,2,2,5,0,0,54,4,58,0,1,56,6,63,74,0,74,137
05/20/2007,SWO,OK,ASW,CE,Federal Contract Tower,0,1,6,0,7,0,1,60,0,61,0,2,66,0,68,48,0,48,116
05/21/2007,SWO,OK,ASW,CE,Federal Contract Tower,0,2,8,0,10,0,2,57,0,59,0,4,65,0,69,48,0,48,117
05/22/2007,SWO,OK,ASW,CE,Federal Contract Tower,0,0,7,2,9,0,0,19,0,19,0,0,26,2,28,66,0,66,94
05/23/2007,SWO,OK,ASW,CE,Federal Contract Tower,0,2,11,0,13,0,0,25,2,27,0,2,36,2,40,150,0,150,190
05/24/2007,SWO,OK,ASW,CE,Federal Contract Tower,0,2,6,0,8,0,0,1,0,1,0,2,7,0,9,12,0,12,21
05/25/2007,SWO,OK,ASW,CE,Federal Contract Tower,0,0,6,0,6,0,0,3,2,5,0,0,9,2,11,6,0,6,17
05/26/2007,SWO,OK,ASW,CE,Federal Contract Tower,0,2,6,0,8,0,0,28,0,28,0,2,34,0,36,62,0,62,98
05/27/2007,SWO,OK,ASW,CE,Federal Contract Tower,0,0,8,0,8,0,0,0,0,0,0,0,8,0,8,0,0,0,8
05/28/2007,SWO,OK,ASW,CE,Federal Contract Tower,0,2,1,0,3,0,0,1,0,1,0,2,2,0,4,0,0,0,4
05/29/2007,SWO,OK,ASW,CE,Federal Contract Tower,0,0,10,6,16,0,0,27,1,28,0,0,37,7,44,66,0,66,110
05/30/2007,SWO,OK,ASW,CE,Federal Contract Tower,0,2,11,0,13,0,1,23,0,24,0,3,34,0,37,108,0,108,145
05/31/2007,SWO,OK,ASW,CE,Federal Contract Tower,0,2,7,0,9,0,0,109,4,113,0,2,116,4,122,284,14,298,420
06/01/2007,SWO,OK,ASW,CE,Federal Contract Tower,0,2,7,2,11,0,0,33,1,34,0,2,40,3,45,92,0,92,137
06/02/2007,SWO,OK,ASW,CE,Federal Contract Tower,0,4,7,0,11,0,0,38,0,38,0,4,45,0,49,20,0,20,69
06/03/2007,SWO,OK,ASW,CE,Federal Contract Tower,0,3,9,0,12,0,0,64,0,64,0,3,73,0,76,44,0,44,120
06/04/2007,SWO,OK,ASW,CE,Federal Contract Tower,0,0,11,1,12,0,0,97,1,98,0,0,108,2,110,200,0,200,310
06/05/2007,SWO,OK,ASW,CE,Federal Contract Tower,0,0,2,0,2,0,0,118,2,120,0,0,120,2,122,190,0,190,312
06/06/2007,SWO,OK,ASW,CE,Federal Contract Tower,0,0,6,1,7,0,2,38,5,45,0,2,44,6,52,14,2,16,68
06/07/2007,SWO,OK,ASW,CE,Federal Contract Tower,0,0,10,6,16,0,0,52,2,54,0,0,62,8,70,68,10,78,148
06/08/2007,SWO,OK,ASW,CE,Federal Contract Tower,0,2,8,0,10,0,0,80,0,80,0,2,88,0,90,94,0,94,184
06/09/2007,SWO,OK,ASW,CE,Federal Contract Tower,0,2,2,6,10,0,0,57,0,57,0,2,59,6,67,90,0,90,157
06/10/2007,SWO,OK,ASW,CE,Federal Contract Tower,0,0,4,0,4,0,0,13,0,13,0,0,17,0,17,8,0,8,25
06/11/2007,SWO,OK,ASW,CE,Federal Contract Tower,0,0,6,0,6,0,0,66,0,66,0,0,72,0,72,60,0,60,132
06/12/2007,SWO,OK,ASW,CE,Federal Contract Tower,0,0,5,0,5,0,2,98,0,100,0,2,103,0,105,110,0,110,215
06/13/2007,SWO,OK,ASW,CE,Federal Contract Tower,0,0,4,0,4,0,2,35,0,37,0,2,39,0,41,64,0,64,105
06/14/2007,SWO,OK,ASW,CE,Federal Contract Tower,0,0,7,0,7,0,0,66,0,66,0,0,73,0,73,132,0,132,205
06/15/2007,SWO,OK,ASW,CE,Federal Contract Tower,0,0,9,0,9,0,0,12,0,12,0,0,21,0,21,8,0,8,29
06/16/2007,SWO,OK,ASW,CE,Federal Contract Tower,0,1,4,0,5,0,0,35,0,35,0,1,39,0,40,52,0,52,92
06/17/2007,SWO,OK,ASW,CE,Federal Contract Tower,0,2,10,0,12,0,0,12,0,12,0,2,22,0,24,0,0,0,24
06/18/2007,SWO,OK,ASW,CE,Federal Contract Tower,0,0,8,3,11,0,0,32,1,33,0,0,40,4,44,50,4,54,98
06/19/2007,SWO,OK,ASW,CE,Federal Contract Tower,0,2,8,0,10,0,7,95,0,102,0,9,103,0,112,124,0,124,236
06/20/2007,SWO,OK,ASW,CE,Federal Contract Tower,0,2,10,0,12,0,2,95,0,97,0,4,105,0,109,118,0,118,227
06/21/2007,SWO,OK,ASW,CE,Federal Contract Tower,0,4,11,3,18,0,2,70,4,76,0,6,81,7,94,150,6,156,250
06/22/2007,SWO,OK,ASW,CE,Federal Contract Tower,0,2,14,5,21,0,0,54,0,54,0,2,68,5,75,62,0,62,137
06/23/2007,SWO,OK,ASW,CE,Federal Contract Tower,0,0,18,0,18,0,0,62,0,62,0,0,80,0,80,82,0,82,162
06/24/2007,SWO,OK,ASW,CE,Federal Contract Tower,0,2,6,0,8,0,0,37,0,37,0,2,43,0,45,22,0,22,67
06/25/2007,SWO,OK,ASW,CE,Federal Contract Tower,0,0,4,4,8,0,3,31,4,38,0,3,35,8,46,134,6,140,186
06/26/2007,SWO,OK,ASW,CE,Federal Contract Tower,0,2,7,0,9,0,0,0,0,0,0,2,7,0,9,0,0,0,9
06/27/2007,SWO,OK,ASW,CE,Federal Contract Tower,0,0,7,0,7,0,0,0,0,0,0,0,7,0,7,0,0,0,7
06/28/2007,SWO,OK,ASW,CE,Federal Contract Tower,0,0,9,0,9,0,0,0,0,0,0,0,9,0,9,0,0,0,9
06/29/2007,SWO,OK,ASW,CE,Federal Contract Tower,0,0,10,2,12,0,0,14,0,14,0,0,24,2,26,14,0,14,40
06/30/2007,SWO,OK,ASW,CE,Federal Contract Tower,0,2,20,0,22,0,2,2,2,6,0,4,22,2,28,0,0,0,28
07/01/2007,SWO,OK,ASW,CE,Federal Contract Tower,0,2,7,0,9,0,0,0,0,0,0,2,7,0,9,0,0,0,9
07/02/2007,SWO,OK,ASW,CE,Federal Contract Tower,0,0,1,1,2,0,3,11,1,15,0,3,12,2,17,26,0,26,43
07/03/2007,SWO,OK,ASW,CE,Federal Contract Tower,0,0,2,11,13,0,3,45,3,51,0,3,47,14,64,30,8,38,102
07/04/2007,SWO,OK,ASW,CE,Federal Contract Tower,0,0,5,0,5,0,0,24,0,24,0,0,29,0,29,7,0,7,36
07/05/2007,SWO,OK,ASW,CE,Federal Contract Tower,0,0,7,0,7,0,0,30,0,30,0,0,37,0,37,18,0,18,55
07/06/2007,SWO,OK,ASW,CE,Federal Contract Tower,0,0,13,0,13,0,0,90,2,92,0,0,103,2,105,134,0,134,239
07/07/2007,SWO,OK,ASW,CE,Federal Contract Tower,0,3,2,0,5,0,4,54,0,58,0,7,56,0,63,56,0,56,119
07/08/2007,SWO,OK,ASW,CE,Federal Contract Tower,0,0,4,2,6,0,1,38,0,39,0,1,42,2,45,38,4,42,87
07/09/2007,SWO,OK,ASW,CE,Federal Contract Tower,0,0,10,4,14,0,4,27,0,31,0,4,37,4,45,52,0,52,97
07/10/2007,SWO,OK,ASW,CE,Federal Contract Tower,0,2,6,0,8,0,0,35,0,35,0,2,41,0,43,168,0,168,211
07/11/2007,SWO,OK,ASW,CE,Federal Contract Tower,0,0,6,2,8,0,0,80,4,84,0,0,86,6,92,158,10,168,260
07/12/2007,SWO,OK,ASW,CE,Federal Contract Tower,0,0,9,0,9,0,2,38,0,40,0,2,47,0,49,124,0,124,173
07/13/2007,SWO,OK,ASW,CE,Federal Contract Tower,0,2,17,0,19,0,0,17,0,17,0,2,34,0,36,42,0,42,78
07/14/2007,SWO,OK,ASW,CE,Federal Contract Tower,0,2,4,0,6,0,0,95,0,95,0,2,99,0,101,106,0,106,207
07/15/2007,SWO,OK,ASW,CE,Federal Contract Tower,0,0,2,0,2,0,0,76,0,76,0,0,78,0,78,72,0,72,150
07/16/2007,SWO,OK,ASW,CE,Federal Contract Tower,0,0,9,0,9,0,2,151,0,153,0,2,160,0,162,96,0,96,258
07/17/2007,SWO,OK,ASW,CE,Federal Contract Tower,0,2,10,0,12,0,4,135,0,139,0,6,145,0,151,184,0,184,335
07/18/2007,SWO,OK,ASW,CE,Federal Contract Tower,0,0,3,0,3,0,0,154,0,154,0,0,157,0,157,0,148,148,305
07/19/2007,SWO,OK,ASW,CE,Federal Contract Tower,0,0,4,0,4,0,0,129,0,129,0,0,133,0,133,128,0,128,261
07/20/2007,SWO,OK,ASW,CE,Federal Contract Tower,0,0,4,0,4,0,0,71,1,72,0,0,75,1,76,92,0,92,168
07/21/2007,SWO,OK,ASW,CE,Federal Contract Tower,0,2,5,0,7,0,0,60,0,60,0,2,65,0,67,90,0,90,157
07/22/2007,SWO,OK,ASW,CE,Federal Contract Tower,0,0,1,0,1,0,0,40,0,40,0,0,41,0,41,26,0,26,67
07/23/2007,SWO,OK,ASW,CE,Federal Contract Tower,0,5,4,0,9,0,0,24,2,26,0,5,28,2,35,60,6,66,101
07/24/2007,SWO,OK,ASW,CE,Federal Contract Tower,0,2,17,2,21,0,0,60,6,66,0,2,77,8,87,128,12,140,227
07/25/2007,SWO,OK,ASW,CE,Federal Contract Tower,0,5,5,3,13,0,3,104,1,108,0,8,109,4,121,124,0,124,245
07/26/2007,SWO,OK,ASW,CE,Federal Contract Tower,0,0,2,10,12,0,0,79,1,80,0,0,81,11,92,72,10,82,174
07/27/2007,SWO,OK,ASW,CE,Federal Contract Tower,0,0,2,1,3,0,0,53,5,58,0,0,55,6,61,72,0,72,133
07/28/2007,SWO,OK,ASW,CE,Federal Contract Tower,0,0,6,0,6,0,0,60,0,60,0,0,66,0,66,22,0,22,88
07/29/2007,SWO,OK,ASW,CE,Federal Contract Tower,0,0,6,0,6,0,0,24,0,24,0,0,30,0,30,12,0,12,42
07/30/2007,SWO,OK,ASW,CE,Federal Contract Tower,0,0,5,0,5,0,0,27,0,27,0,0,32,0,32,28,0,28,60
07/31/2007,SWO,OK,ASW,CE,Federal Contract Tower,0,0,4,4,8,0,0,31,0,31,0,0,35,4,39,56,0,56,95
08/01/2007,SWO,OK,ASW,CE,Federal Contract Tower,0,0,5,0,5,0,0,43,0,43,0,0,48,0,48,70,0,70,118
08/02/2007,SWO,OK,ASW,CE,Federal Contract Tower,0,0,7,0,7,0,2,53,0,55,0,2,60,0,62,106,0,106,168
08/03/2007,SWO,OK,ASW,CE,Federal Contract Tower,0,0,6,12,18,0,0,36,2,38,0,0,42,14,56,72,18,90,146
08/04/2007,SWO,OK,ASW,CE,Federal Contract Tower,0,0,5,0,5,0,0,56,0,56,0,0,61,0,61,28,0,28,89
08/05/2007,SWO,OK,ASW,CE,Federal Contract Tower,0,0,4,0,4,0,2,58,0,60,0,2,62,0,64,28,0,28,92
08/06/2007,SWO,OK,ASW,CE,Federal Contract Tower,0,0,3,4,7,0,0,44,1,45,0,0,47,5,52,90,16,106,158
08/07/2007,SWO,OK,ASW,CE,Federal Contract Tower,0,0,3,0,3,0,0,64,0,64,0,0,67,0,67,46,0,46,113
08/08/2007,SWO,OK,ASW,CE,Federal Contract Tower,0,3,10,2,15,0,0,64,0,64,0,3,74,2,79,62,2,64,143
08/09/2007,SWO,OK,ASW,CE,Federal Contract Tower,0,1,2,0,3,0,3,55,0,58,0,4,57,0,61,80,0,80,141
08/10/2007,SWO,OK,ASW,CE,Federal Contract Tower,0,1,13,7,21,0,2,64,0,66,0,3,77,7,87,66,6,72,159
08/11/2007,SWO,OK,ASW,CE,Federal Contract Tower,0,0,2,0,2,0,1,45,2,48,0,1,47,2,50,12,0,12,62
08/12/2007,SWO,OK,ASW,CE,Federal Contract Tower,0,2,2,0,4,0,2,31,0,33,0,4,33,0,37,28,0,28,65
08/13/2007,SWO,OK,ASW,CE,Federal Contract Tower,0,0,2,0,2,0,2,73,2,77,0,2,75,2,79,128,2,130,209
08/14/2007,SWO,OK,ASW,CE,Federal Contract Tower,0,0,2,5,7,0,0,60,3,63,0,0,62,8,70,108,2,110,180
08/15/2007,SWO,OK,ASW,CE,Federal Contract Tower,0,0,3,3,6,0,2,65,3,70,0,2,68,6,76,86,0,86,162
08/16/2007,SWO,OK,ASW,CE,Federal Contract Tower,0,0,4,2,6,0,2,65,2,69,0,2,69,4,75,100,10,110,185
08/17/2007,SWO,OK,ASW,CE,Federal Contract Tower,0,0,12,0,12,0,0,67,0,67,0,0,79,0,79,78,0,78,157
08/18/2007,SWO,OK,ASW,CE,Federal Contract Tower,0,1,8,0,9,0,0,15,0,15,0,1,23,0,24,40,0,40,64
08/19/2007,SWO,OK,ASW,CE,Federal Contract Tower,0,2,5,0,7,0,0,16,0,16,0,2,21,0,23,22,0,22,45
08/20/2007,SWO,OK,ASW,CE,Federal Contract Tower,0,2,4,7,13,0,2,73,1,76,0,4,77,8,89,40,4,44,133
08/21/2007,SWO,OK,ASW,CE,Federal Contract Tower,0,2,2,0,4,0,4,88,4,96,0,6,90,4,100,96,8,104,204
08/22/2007,SWO,OK,ASW,CE,Federal Contract Tower,0,0,6,0,6,0,0,70,0,70,0,0,76,0,76,122,0,122,198
08/23/2007,SWO,OK,ASW,CE,Federal Contract Tower,0,0,11,3,14,0,0,67,3,70,0,0,78,6,84,62,6,68,152
08/24/2007,SWO,OK,ASW,CE,Federal Contract Tower,0,0,8,0,8,0,0,47,0,47,0,0,55,0,55,72,0,72,127
08/25/2007,SWO,OK,ASW,CE,Federal Contract Tower,0,2,12,0,14,0,0,39,0,39,0,2,51,0,53,124,0,124,177
08/26/2007,SWO,OK,ASW,CE,Federal Contract Tower,0,0,1,0,1,0,0,75,0,75,0,0,76,0,76,42,0,42,118
08/27/2007,SWO,OK,ASW,CE,Federal Contract Tower,0,0,1,0,1,0,4,115,0,119,0,4,116,0,120,115,0,115,235
08/28/2007,SWO,OK,ASW,CE,Federal Contract Tower,0,0,11,0,11,0,0,90,0,90,0,0,101,0,101,98,0,98,199
08/29/2007,SWO,OK,ASW,CE,Federal Contract Tower,0,0,8,1,9,0,0,88,1,89,0,0,96,2,98,124,16,140,238
08/30/2007,SWO,OK,ASW,CE,Federal Contract Tower,0,0,2,0,2,0,0,70,0,70,0,0,72,0,72,188,0,188,260
08/31/2007,SWO,OK,ASW,CE,Federal Contract Tower,2,0,8,2,12,0,2,151,2,155,2,2,159,4,167,130,0,130,297
09/01/2007,SWO,OK,ASW,CE,Federal Contract Tower,0,1,3,0,4,0,1,56,0,57,0,2,59,0,61,158,0,158,219
09/02/2007,SWO,OK,ASW,CE,Federal Contract Tower,0,0,3,0,3,0,0,65,0,65,0,0,68,0,68,64,0,64,132
09/03/2007,SWO,OK,ASW,CE,Federal Contract Tower,0,0,11,0,11,0,1,78,0,79,0,1,89,0,90,88,0,88,178
09/04/2007,SWO,OK,ASW,CE,Federal Contract Tower,0,2,16,2,20,0,0,37,0,37,0,2,53,2,57,110,0,110,167
09/05/2007,SWO,OK,ASW,CE,Federal Contract Tower,0,0,18,0,18,0,0,42,0,42,0,0,60,0,60,136,0,136,196
09/06/2007,SWO,OK,ASW,CE,Federal Contract Tower,0,1,13,3,17,0,1,68,5,74,0,2,81,8,91,100,0,100,191
09/07/2007,SWO,OK,ASW,CE,Federal Contract Tower,1,0,9,6,16,0,0,61,0,61,1,0,70,6,77,112,0,112,189
09/08/2007,SWO,OK,ASW,CE,Federal Contract Tower,0,2,30,0,32,0,0,1,0,1,0,2,31,0,33,0,0,0,33
09/09/2007,SWO,OK,ASW,CE,Federal Contract Tower,0,0,13,0,13,0,2,21,0,23,0,2,34,0,36,56,0,56,92
09/10/2007,SWO,OK,ASW,CE,Federal Contract Tower,0,0,22,0,22,0,2,9,0,11,0,2,31,0,33,50,0,50,83
09/11/2007,SWO,OK,ASW,CE,Federal Contract Tower,0,1,5,6,12,0,0,149,2,151,0,1,154,8,163,148,4,152,315
09/12/2007,SWO,OK,ASW,CE,Federal Contract Tower,0,0,3,9,12,0,0,145,4,149,0,0,148,13,161,182,26,208,369
09/13/2007,SWO,OK,ASW,CE,Federal Contract Tower,1,0,5,6,12,1,3,126,3,133,2,3,131,9,145,156,24,180,325
09/14/2007,SWO,OK,ASW,CE,Federal Contract Tower,0,0,11,0,11,0,0,76,0,76,0,0,87,0,87,242,0,242,329
09/15/2007,SWO,OK,ASW,CE,Federal Contract Tower,0,0,8,2,10,0,0,66,0,66,0,0,74,2,76,188,0,188,264
09/16/2007,SWO,OK,ASW,CE,Federal Contract Tower,0,1,4,0,5,0,0,45,0,45,0,1,49,0,50,86,0,86,136
09/17/2007,SWO,OK,ASW,CE,Federal Contract Tower,0,0,1,2,3,0,4,136,2,142,0,4,137,4,145,158,4,162,307
09/18/2007,SWO,OK,ASW,CE,Federal Contract Tower,0,0,10,4,14,0,0,85,1,86,0,0,95,5,100,140,2,142,242
09/19/2007,SWO,OK,ASW,CE,Federal Contract Tower,0,1,9,0,10,0,2,91,0,93,0,3,100,0,103,192,0,192,295
09/20/2007,SWO,OK,ASW,CE,Federal Contract Tower,0,2,20,2,24,0,0,96,1,97,0,2,116,3,121,168,0,168,289
09/21/2007,SWO,OK,ASW,CE,Federal Contract Tower,0,2,9,2,13,0,0,135,4,139,0,2,144,6,152,210,0,210,362
09/22/2007,SWO,OK,ASW,CE,Federal Contract Tower,0,4,25,2,31,0,0,72,0,72,0,4,97,2,103,13,0,13,116
09/23/2007,SWO,OK,ASW,CE,Federal Contract Tower,0,2,13,0,15,0,0,76,0,76,0,2,89,0,91,180,0,180,271
09/24/2007,SWO,OK,ASW,CE,Federal Contract Tower,0,0,6,0,6,0,1,122,0,123,0,1,128,0,129,164,0,164,293
09/25/2007,SWO,OK,ASW,CE,Federal Contract Tower,0,0,15,0,15,0,0,2,0,2,0,0,17,0,17,28,0,28,45
09/26/2007,SWO,OK,ASW,CE,Federal Contract Tower,0,1,6,0,7,0,3,56,0,59,0,4,62,0,66,226,0,226,292
09/27/2007,SWO,OK,ASW,CE,Federal Contract Tower,0,0,9,0,9,0,6,105,0,111,0,6,114,0,120,110,0,110,230
09/28/2007,SWO,OK,ASW,CE,Federal Contract Tower,0,2,9,0,11,0,0,127,0,127,0,2,136,0,138,176,0,176,314
09/29/2007,SWO,OK,ASW,CE,Federal Contract Tower,0,5,9,0,14,0,6,90,0,96,0,11,99,0,110,16,0,16,126
09/30/2007,SWO,OK,ASW,CE,Federal Contract Tower,0,0,9,0,9,0,0,32,2,34,0,0,41,2,43,86,0,86,129
10/01/2007,SWO,OK,ASW,CE,Federal Contract Tower,0,2,3,2,7,0,0,131,0,131,0,2,134,2,138,144,0,144,282
10/02/2007,SWO,OK,ASW,CE,Federal Contract Tower,0,0,9,0,9,0,4,44,0,48,0,4,53,0,57,90,0,90,147
10/03/2007,SWO,OK,ASW,CE,Federal Contract Tower,2,2,6,6,16,0,1,112,0,113,2,3,118,6,129,182,8,190,319
10/04/2007,SWO,OK,ASW,CE,Federal Contract Tower,0,1,16,2,19,0,2,108,0,110,0,3,124,2,129,48,0,48,177
10/05/2007,SWO,OK,ASW,CE,Federal Contract Tower,2,2,9,4,17,0,3,75,2,80,2,5,84,6,97,98,0,98,195
10/06/2007,SWO,OK,ASW,CE,Federal Contract Tower,0,2,5,0,7,0,0,12,0,12,0,2,17,0,19,12,0,12,31
10/07/2007,SWO,OK,ASW,CE,Federal Contract Tower,0,1,6,0,7,0,0,7,0,7,0,1,13,0,14,18,0,18,32
10/08/2007,SWO,OK,ASW,CE,Federal Contract Tower,0,0,4,0,4,0,0,39,0,39,0,0,43,0,43,84,0,84,127
10/09/2007,SWO,OK,ASW,CE,Federal Contract Tower,0,2,0,1,3,0,3,106,2,111,0,5,106,3,114,202,10,212,326
10/10/2007,SWO,OK,ASW,CE,Federal Contract Tower,0,0,5,3,8,0,4,138,3,145,0,4,143,6,153,230,8,238,391
10/11/2007,SWO,OK,ASW,CE,Federal Contract Tower,0,2,7,7,16,0,0,135,0,135,0,2,142,7,151,178,16,194,345
10/12/2007,SWO,OK,ASW,CE,Federal Contract Tower,2,0,6,4,12,0,0,140,2,142,2,0,146,6,154,166,4,170,324
10/13/2007,SWO,OK,ASW,CE,Federal Contract Tower,1,1,9,0,11,1,0,32,0,33,2,1,41,0,44,44,0,44,88
10/14/2007,SWO,OK,ASW,CE,Federal Contract Tower,0,0,3,0,3,0,2,14,0,16,0,2,17,0,19,62,0,62,81
10/15/2007,SWO,OK,ASW,CE,Federal Contract Tower,0,0,10,4,14,0,4,70,0,74,0,4,80,4,88,268,0,268,356
10/16/2007,SWO,OK,ASW,CE,Federal Contract Tower,0,0,5,3,8,0,2,109,1,112,0,2,114,4,120,200,0,200,320
10/17/2007,SWO,OK,ASW,CE,Federal Contract Tower,0,0,2,0,2,0,0,3,0,3,0,0,5,0,5,0,0,0,5
10/18/2007,SWO,OK,ASW,CE,Federal Contract Tower,0,0,4,0,4,0,2,25,0,27,0,2,29,0,31,74,0,74,105
10/19/2007,SWO,OK,ASW,CE,Federal Contract Tower,0,6,12,0,18,0,0,139,0,139,0,6,151,0,157,116,0,116,273
10/20/2007,SWO,OK,ASW,CE,Federal Contract Tower,2,6,20,1,29,0,13,40,1,54,2,19,60,2,83,4,12,16,99
10/21/2007,SWO,OK,ASW,CE,Federal Contract Tower,0,2,9,0,11,0,0,25,0,25,0,2,34,0,36,42,0,42,78
10/22/2007,SWO,OK,ASW,CE,Federal Contract Tower,0,0,8,1,9,0,0,1,0,1,0,0,9,1,10,0,0,0,10
10/23/2007,SWO,OK,ASW,CE,Federal Contract Tower,0,2,7,0,9,0,0,111,1,112,0,2,118,1,121,196,0,196,317
10/24/2007,SWO,OK,ASW,CE,Federal Contract Tower,0,0,1,2,3,0,0,66,2,68,0,0,67,4,71,170,8,178,249
10/25/2007,SWO,OK,ASW,CE,Federal Contract Tower,0,0,11,4,15,0,2,121,0,123,0,2,132,4,138,180,24,204,342
10/26/2007,SWO,OK,ASW,CE,Federal Contract Tower,0,3,11,3,17,0,0,90,3,93,0,3,101,6,110,240,16,256,366
10/27/2007,SWO,OK,ASW,CE,Federal Contract Tower,0,2,2,0,4,0,2,63,0,65,0,4,65,0,69,112,0,112,181
10/28/2007,SWO,OK,ASW,CE,Federal Contract Tower,0,1,4,0,5,0,0,55,0,55,0,1,59,0,60,42,0,42,102
10/29/2007,SWO,OK,ASW,CE,Federal Contract Tower,0,2,5,4,11,0,0,122,4,126,0,2,127,8,137,242,22,264,401
10/30/2007,SWO,OK,ASW,CE,Federal Contract Tower,0,2,7,0,9,0,2,132,0,134,0,4,139,0,143,172,0,172,315
10/31/2007,SWO,OK,ASW,CE,Federal Contract Tower,0,2,8,0,10,0,0,87,0,87,0,2,95,0,97,206,0,206,303
11/01/2007,SWO,OK,ASW,CE,Federal Contract Tower,0,0,4,4,8,0,2,128,3,133,0,2,132,7,141,158,12,170,311
11/02/2007,SWO,OK,ASW,CE,Federal Contract Tower,2,2,10,0,14,0,2,109,0,111,2,4,119,0,125,204,0,204,329
11/03/2007,SWO,OK,ASW,CE,Federal Contract Tower,5,10,48,0,63,0,2,70,2,74,5,12,118,2,137,12,0,12,149
11/04/2007,SWO,OK,ASW,CE,Federal Contract Tower,0,1,9,0,10,0,1,80,4,85,0,2,89,4,95,66,0,66,161
11/05/2007,SWO,OK,ASW,CE,Federal Contract Tower,0,4,7,0,11,0,0,65,0,65,0,4,72,0,76,50,0,50,126
11/06/2007,SWO,OK,ASW,CE,Federal Contract Tower,0,1,3,9,13,0,0,113,2,115,0,1,116,11,128,206,8,214,342
11/07/2007,SWO,OK,ASW,CE,Federal Contract Tower,0,2,6,10,18,0,0,139,7,146,0,2,145,17,164,270,30,300,464
11/08/2007,SWO,OK,ASW,CE,Federal Contract Tower,0,0,11,8,19,0,0,152,1,153,0,0,163,9,172,170,4,174,346
11/09/2007,SWO,OK,ASW,CE,Federal Contract Tower,1,0,19,4,24,0,0,172,4,176,1,0,191,8,200,198,20,218,418
11/10/2007,SWO,OK,ASW,CE,Federal Contract Tower,0,7,32,0,39,0,0,44,0,44,0,7,76,0,83,24,0,24,107
11/11/2007,SWO,OK,ASW,CE,Federal Contract Tower,0,0,14,0,14,0,2,33,0,35,0,2,47,0,49,68,0,68,117
11/12/2007,SWO,OK,ASW,CE,Federal Contract Tower,0,0,3,0,3,0,2,99,0,101,0,2,102,0,104,168,0,168,272
11/13/2007,SWO,OK,ASW,CE,Federal Contract Tower,0,0,6,6,12,0,4,114,0,118,0,4,120,6,130,164,0,164,294
11/14/2007,SWO,OK,ASW,CE,Federal Contract Tower,0,0,2,12,14,0,2,7,1,10,0,2,9,13,24,24,12,36,60
11/15/2007,SWO,OK,ASW,CE,Federal Contract Tower,0,0,0,8,8,0,0,127,3,130,0,0,127,11,138,200,6,206,344
11/16/2007,SWO,OK,ASW,CE,Federal Contract Tower,2,0,3,5,10,0,4,41,0,45,2,4,44,5,55,66,0,66,121
11/17/2007,SWO,OK,ASW,CE,Federal Contract Tower,0,0,2,0,2,0,2,64,0,66,0,2,66,0,68,36,0,36,104
11/18/2007,SWO,OK,ASW,CE,Federal Contract Tower,0,0,0,0,0,0,0,72,0,72,0,0,72,0,72,118,0,118,190
11/19/2007,SWO,OK,ASW,CE,Federal Contract Tower,0,0,8,2,10,0,0,83,1,84,0,0,91,3,94,266,0,266,360
11/20/2007,SWO,OK,ASW,CE,Federal Contract Tower,0,0,16,6,22,0,2,24,1,27,0,2,40,7,49,42,8,50,99
11/21/2007,SWO,OK,ASW,CE,Federal Contract Tower,0,0,5,0,5,0,1,5,0,6,0,1,10,0,11,0,0,0,11
11/22/2007,SWO,OK,ASW,CE,Federal Contract Tower,0,0,1,0,1,0,0,20,0,20,0,0,21,0,21,20,0,20,41
11/23/2007,SWO,OK,ASW,CE,Federal Contract Tower,0,0,0,0,0,0,0,17,0,17,0,0,17,0,17,22,0,22,39
11/24/2007,SWO,OK,ASW,CE,Federal Contract Tower,0,0,0,0,0,0,0,10,0,10,0,0,10,0,10,14,0,14,24
11/25/2007,SWO,OK,ASW,CE,Federal Contract Tower,0,1,8,0,9,0,2,23,0,25,0,3,31,0,34,50,0,50,84
11/26/2007,SWO,OK,ASW,CE,Federal Contract Tower,0,1,4,1,6,0,0,131,1,132,0,1,135,2,138,240,0,240,378
11/27/2007,SWO,OK,ASW,CE,Federal Contract Tower,0,0,11,5,16,0,2,111,4,117,0,2,122,9,133,176,8,184,317
11/28/2007,SWO,OK,ASW,CE,Federal Contract Tower,0,4,7,3,14,0,0,64,2,66,0,4,71,5,80,124,12,136,216
11/29/2007,SWO,OK,ASW,CE,Federal Contract Tower,0,0,7,2,9,0,1,83,1,85,0,1,90,3,94,198,0,198,292
11/30/2007,SWO,OK,ASW,CE,Federal Contract Tower,0,6,7,4,17,0,0,80,0,80,0,6,87,4,97,222,28,250,347
12/01/2007,SWO,OK,ASW,CE,Federal Contract Tower,0,2,13,0,15,0,0,0,0,0,0,2,13,0,15,0,0,0,15
12/02/2007,SWO,OK,ASW,CE,Federal Contract Tower,0,4,3,0,7,0,0,25,0,25,0,4,28,0,32,24,0,24,56
12/03/2007,SWO,OK,ASW,CE,Federal Contract Tower,0,0,10,6,16,0,0,103,0,103,0,0,113,6,119,258,0,258,377
12/04/2007,SWO,OK,ASW,CE,Federal Contract Tower,0,0,7,9,16,0,0,116,1,117,0,0,123,10,133,158,20,178,311
12/05/2007,SWO,OK,ASW,CE,Federal Contract Tower,0,2,5,9,16,0,0,88,1,89,0,2,93,10,105,188,0,188,293
12/06/2007,SWO,OK,ASW,CE,Federal Contract Tower,0,0,6,2,8,0,0,55,1,56,0,0,61,3,64,130,0,130,194
12/07/2007,SWO,OK,ASW,CE,Federal Contract Tower,0,0,12,0,12,0,0,0,0,0,0,0,12,0,12,0,0,0,12
12/08/2007,SWO,OK,ASW,CE,Federal Contract Tower,0,0,7,0,7,0,0,0,0,0,0,0,7,0,7,0,0,0,7
12/09/2007,SWO,OK,ASW,CE,Federal Contract Tower,0,0,5,0,5,0,0,0,0,0,0,0,5,0,5,0,0,0,5
12/10/2007,SWO,OK,ASW,CE,Federal Contract Tower,0,0,0,0,0,0,0,0,0,0,0,0,0,0,0,0,0,0,0
12/11/2007,SWO,OK,ASW,CE,Federal Contract Tower,0,2,1,0,3,0,0,0,0,0,0,2,1,0,3,0,0,0,3
12/12/2007,SWO,OK,ASW,CE,Federal Contract Tower,0,0,4,0,4,0,2,1,0,3,0,2,5,0,7,6,0,6,13
12/13/2007,SWO,OK,ASW,CE,Federal Contract Tower,0,4,7,5,16,0,0,0,0,0,0,4,7,5,16,0,0,0,16
12/14/2007,SWO,OK,ASW,CE,Federal Contract Tower,0,2,3,4,9,0,0,0,0,0,0,2,3,4,9,0,0,0,9
12/15/2007,SWO,OK,ASW,CE,Federal Contract Tower,0,2,4,0,6,0,0,0,0,0,0,2,4,0,6,0,0,0,6
12/16/2007,SWO,OK,ASW,CE,Federal Contract Tower,0,0,4,0,4,0,0,41,0,41,0,0,45,0,45,92,0,92,137
12/17/2007,SWO,OK,ASW,CE,Federal Contract Tower,0,0,3,0,3,0,0,70,0,70,0,0,73,0,73,101,0,101,174
12/18/2007,SWO,OK,ASW,CE,Federal Contract Tower,0,0,2,10,12,0,0,59,1,60,0,0,61,11,72,112,10,122,194
12/19/2007,SWO,OK,ASW,CE,Federal Contract Tower,0,2,6,7,15,0,2,92,0,94,0,4,98,7,109,104,12,116,225
12/20/2007,SWO,OK,ASW,CE,Federal Contract Tower,0,0,4,3,7,0,0,88,0,88,0,0,92,3,95,130,0,130,225
12/21/2007,SWO,OK,ASW,CE,Federal Contract Tower,0,0,5,0,5,0,5,48,0,53,0,5,53,0,58,48,0,48,106
12/22/2007,SWO,OK,ASW,CE,Federal Contract Tower,0,0,0,0,0,0,0,1,0,1,0,0,1,0,1,0,0,0,1
12/23/2007,SWO,OK,ASW,CE,Federal Contract Tower,0,0,2,0,2,0,3,34,0,37,0,3,36,0,39,14,0,14,53
12/24/2007,SWO,OK,ASW,CE,Federal Contract Tower,0,0,1,0,1,0,0,29,0,29,0,0,30,0,30,32,0,32,62
12/25/2007,SWO,OK,ASW,CE,Federal Contract Tower,0,0,2,0,2,0,0,6,0,6,0,0,8,0,8,0,0,0,8
12/26/2007,SWO,OK,ASW,CE,Federal Contract Tower,0,0,17,0,17,0,0,1,0,1,0,0,18,0,18,0,0,0,18
12/27/2007,SWO,OK,ASW,CE,Federal Contract Tower,0,0,5,0,5,0,0,0,0,0,0,0,5,0,5,0,0,0,5
12/28/2007,SWO,OK,ASW,CE,Federal Contract Tower,0,2,2,0,4,0,2,11,0,13,0,4,13,0,17,38,0,38,55
12/29/2007,SWO,OK,ASW,CE,Federal Contract Tower,0,0,0,0,0,0,0,37,0,37,0,0,37,0,37,34,0,34,71
12/30/2007,SWO,OK,ASW,CE,Federal Contract Tower,0,0,1,0,1,0,0,50,0,50,0,0,51,0,51,20,0,20,71
12/31/2007,SWO,OK,ASW,CE,Federal Contract Tower,0,0,2,0,2,0,2,22,0,24,0,2,24,0,26,14,0,14,40
01/01/2008,SWO,OK,ASW,CE,Federal Contract Tower,2,0,1,0,3,0,2,21,0,23,2,2,22,0,26,0,0,0,26
01/02/2008,SWO,OK,ASW,CE,Federal Contract Tower,0,1,1,0,2,0,0,40,0,40,0,1,41,0,42,112,0,112,154
01/03/2008,SWO,OK,ASW,CE,Federal Contract Tower,0,0,2,1,3,0,0,31,2,33,0,0,33,3,36,26,38,64,100
01/04/2008,SWO,OK,ASW,CE,Federal Contract Tower,0,0,2,4,6,0,3,39,1,43,0,3,41,5,49,42,28,70,119
01/05/2008,SWO,OK,ASW,CE,Federal Contract Tower,0,1,2,0,3,0,1,59,0,60,0,2,61,0,63,64,0,64,127
01/06/2008,SWO,OK,ASW,CE,Federal Contract Tower,0,0,3,0,3,0,0,37,0,37,0,0,40,0,40,40,0,40,80
01/07/2008,SWO,OK,ASW,CE,Federal Contract Tower,0,0,4,2,6,0,0,76,3,79,0,0,80,5,85,180,20,200,285
01/08/2008,SWO,OK,ASW,CE,Federal Contract Tower,0,0,2,0,2,0,0,18,0,18,0,0,20,0,20,24,0,24,44
01/09/2008,SWO,OK,ASW,CE,Federal Contract Tower,0,0,5,0,5,0,0,139,1,140,0,0,144,1,145,160,4,164,309
01/10/2008,SWO,OK,ASW,CE,Federal Contract Tower,0,0,12,0,12,0,2,15,0,17,0,2,27,0,29,14,0,14,43
01/11/2008,SWO,OK,ASW,CE,Federal Contract Tower,0,5,9,1,15,0,30,137,0,167,0,35,146,1,182,148,0,148,330
01/12/2008,SWO,OK,ASW,CE,Federal Contract Tower,0,7,7,0,14,0,3,69,0,72,0,10,76,0,86,98,0,98,184
01/13/2008,SWO,OK,ASW,CE,Federal Contract Tower,0,0,0,0,0,0,4,117,0,121,0,4,117,0,121,124,0,124,245
01/14/2008,SWO,OK,ASW,CE,Federal Contract Tower,2,3,5,0,10,0,0,112,0,112,2,3,117,0,122,184,0,184,306
01/15/2008,SWO,OK,ASW,CE,Federal Contract Tower,0,4,4,4,12,0,0,82,0,82,0,4,86,4,94,92,6,98,192
01/16/2008,SWO,OK,ASW,CE,Federal Contract Tower,0,1,3,2,6,0,0,22,4,26,0,1,25,6,32,74,0,74,106
01/17/2008,SWO,OK,ASW,CE,Federal Contract Tower,0,2,4,0,6,0,3,90,0,93,0,5,94,0,99,86,0,86,185
01/18/2008,SWO,OK,ASW,CE,Federal Contract Tower,0,0,5,0,5,0,0,140,0,140,0,0,145,0,145,178,0,178,323
01/19/2008,SWO,OK,ASW,CE,Federal Contract Tower,0,1,7,0,8,0,3,63,0,66,0,4,70,0,74,108,0,108,182
01/20/2008,SWO,OK,ASW,CE,Federal Contract Tower,2,0,1,2,5,0,0,45,6,51,2,0,46,8,56,56,0,56,112
01/21/2008,SWO,OK,ASW,CE,Federal Contract Tower,0,2,11,0,13,0,0,21,0,21,0,2,32,0,34,46,0,46,80
01/22/2008,SWO,OK,ASW,CE,Federal Contract Tower,0,0,7,1,8,0,2,72,5,79,0,2,79,6,87,182,2,184,271
01/23/2008,SWO,OK,ASW,CE,Federal Contract Tower,0,0,4,0,4,0,0,117,1,118,0,0,121,1,122,226,0,226,348
01/24/2008,SWO,OK,ASW,CE,Federal Contract Tower,0,2,2,4,8,0,250,2,54,306,0,252,4,58,314,100,4,104,418
01/25/2008,SWO,OK,ASW,CE,Federal Contract Tower,1,0,7,2,10,0,0,18,1,19,1,0,25,3,29,36,0,36,65
01/26/2008,SWO,OK,ASW,CE,Federal Contract Tower,1,2,9,0,12,0,0,40,0,40,1,2,49,0,52,60,0,60,112
01/27/2008,SWO,OK,ASW,CE,Federal Contract Tower,0,2,4,0,6,0,2,57,0,59,0,4,61,0,65,70,0,70,135
01/28/2008,SWO,OK,ASW,CE,Federal Contract Tower,0,0,10,6,16,0,2,61,0,63,0,2,71,6,79,86,0,86,165
01/29/2008,SWO,OK,ASW,CE,Federal Contract Tower,0,0,10,0,10,0,0,6,0,6,0,0,16,0,16,0,0,0,16
01/30/2008,SWO,OK,ASW,CE,Federal Contract Tower,0,2,8,8,18,0,0,31,2,33,0,2,39,10,51,26,6,32,83
01/31/2008,SWO,OK,ASW,CE,Federal Contract Tower,0,0,5,0,5,0,2,0,0,2,0,2,5,0,7,0,0,0,7
02/01/2008,SWO,OK,ASW,CE,Federal Contract Tower,2,4,6,0,12,0,2,71,0,73,2,6,77,0,85,78,0,78,163
02/02/2008,SWO,OK,ASW,CE,Federal Contract Tower,2,1,5,0,8,0,2,113,0,115,2,3,118,0,123,132,0,132,255
02/03/2008,SWO,OK,ASW,CE,Federal Contract Tower,0,0,3,0,3,0,2,41,0,43,0,2,44,0,46,64,0,64,110
02/04/2008,SWO,OK,ASW,CE,Federal Contract Tower,0,2,10,6,18,0,0,73,0,73,0,2,83,6,91,140,2,142,233
02/05/2008,SWO,OK,ASW,CE,Federal Contract Tower,0,0,4,0,4,0,0,0,0,0,0,0,4,0,4,0,0,0,4
02/06/2008,SWO,OK,ASW,CE,Federal Contract Tower,0,2,4,6,12,0,2,74,1,77,0,4,78,7,89,146,0,146,235
02/07/2008,SWO,OK,ASW,CE,Federal Contract Tower,0,0,10,0,10,0,0,55,2,57,0,0,65,2,67,136,0,136,203
02/08/2008,SWO,OK,ASW,CE,Federal Contract Tower,0,0,9,0,9,0,4,104,0,108,0,4,113,0,117,118,0,118,235
02/09/2008,SWO,OK,ASW,CE,Federal Contract Tower,0,5,3,0,8,0,1,134,0,135,0,6,137,0,143,102,0,102,245
02/10/2008,SWO,OK,ASW,CE,Federal Contract Tower,0,1,7,0,8,0,0,64,0,64,0,1,71,0,72,92,0,92,164
02/11/2008,SWO,OK,ASW,CE,Federal Contract Tower,0,0,10,9,19,0,0,6,0,6,0,0,16,9,25,92,2,94,119
02/12/2008,SWO,OK,ASW,CE,Federal Contract Tower,0,4,4,3,11,0,0,70,2,72,0,4,74,5,83,158,2,160,243
02/13/2008,SWO,OK,ASW,CE,Federal Contract Tower,2,1,4,19,26,0,0,132,1,133,2,1,136,20,159,134,10,144,303
02/14/2008,SWO,OK,ASW,CE,Federal Contract Tower,0,0,2,2,4,0,0,48,1,49,0,0,50,3,53,38,8,46,99
02/15/2008,SWO,OK,ASW,CE,Federal Contract Tower,1,0,2,0,3,0,2,4,0,6,1,2,6,0,9,110,0,110,119
02/16/2008,SWO,OK,ASW,CE,Federal Contract Tower,0,1,0,0,1,0,0,0,0,0,0,1,0,0,1,0,0,0,1
02/17/2008,SWO,OK,ASW,CE,Federal Contract Tower,0,4,6,0,10,0,0,4,0,4,0,4,10,0,14,16,0,16,30
02/18/2008,SWO,OK,ASW,CE,Federal Contract Tower,0,3,2,0,5,0,2,150,0,152,0,5,152,0,157,208,0,208,365
02/19/2008,SWO,OK,ASW,CE,Federal Contract Tower,0,0,1,0,1,0,0,157,0,157,0,0,158,0,158,208,0,208,366
02/20/2008,SWO,OK,ASW,CE,Federal Contract Tower,0,0,8,5,13,0,0,54,1,55,0,0,62,6,68,138,32,170,238
02/21/2008,SWO,OK,ASW,CE,Federal Contract Tower,0,1,3,0,4,0,0,0,0,0,0,1,3,0,4,0,0,0,4
02/22/2008,SWO,OK,ASW,CE,Federal Contract Tower,0,0,4,4,8,0,2,33,0,35,0,2,37,4,43,46,0,46,89
02/23/2008,SWO,OK,ASW,CE,Federal Contract Tower,0,6,8,0,14,0,1,31,0,32,0,7,39,0,46,32,0,32,78
02/24/2008,SWO,OK,ASW,CE,Federal Contract Tower,0,0,7,0,7,0,0,82,0,82,0,0,89,0,89,164,0,164,253
02/25/2008,SWO,OK,ASW,CE,Federal Contract Tower,2,0,2,6,10,0,5,63,11,79,2,5,65,17,89,2,0,2,91
02/26/2008,SWO,OK,ASW,CE,Federal Contract Tower,0,0,4,7,11,2,0,76,0,78,2,0,80,7,89,82,6,88,177
02/27/2008,SWO,OK,ASW,CE,Federal Contract Tower,0,2,3,2,7,0,3,156,0,159,0,5,159,2,166,272,8,280,446
02/28/2008,SWO,OK,ASW,CE,Federal Contract Tower,0,5,6,3,14,0,1,121,5,127,0,6,127,8,141,120,34,154,295
02/29/2008,SWO,OK,ASW,CE,Federal Contract Tower,3,0,3,11,17,0,6,182,1,189,3,6,185,12,206,196,16,212,418
03/01/2008,SWO,OK,ASW,CE,Federal Contract Tower,2,0,8,0,10,0,0,103,0,103,2,0,111,0,113,120,0,120,233
03/02/2008,SWO,OK,ASW,CE,Federal Contract Tower,0,0,2,0,2,0,0,18,0,18,0,0,20,0,20,8,0,8,28
03/03/2008,SWO,OK,ASW,CE,Federal Contract Tower,0,1,3,0,4,0,2,27,0,29,0,3,30,0,33,52,0,52,85
03/04/2008,SWO,OK,ASW,CE,Federal Contract Tower,0,0,2,4,6,0,1,113,3,117,0,1,115,7,123,150,0,150,273
03/05/2008,SWO,OK,ASW,CE,Federal Contract Tower,2,0,14,8,24,0,2,120,7,129,2,2,134,15,153,196,12,208,361
03/06/2008,SWO,OK,ASW,CE,Federal Contract Tower,0,0,5,0,5,0,0,68,0,68,0,0,73,0,73,54,0,54,127
03/07/2008,SWO,OK,ASW,CE,Federal Contract Tower,0,0,7,1,8,0,0,56,0,56,0,0,63,1,64,120,0,120,184
03/08/2008,SWO,OK,ASW,CE,Federal Contract Tower,2,3,7,0,12,0,0,122,0,122,2,3,129,0,134,182,0,182,316
03/09/2008,SWO,OK,ASW,CE,Federal Contract Tower,0,0,4,0,4,0,0,93,0,93,0,0,97,0,97,94,0,94,191
03/10/2008,SWO,OK,ASW,CE,Federal Contract Tower,0,2,9,16,27,0,0,125,2,127,0,2,134,18,154,264,8,272,426
03/11/2008,SWO,OK,ASW,CE,Federal Contract Tower,0,5,11,3,19,0,4,83,0,87,0,9,94,3,106,94,24,118,224
03/12/2008,SWO,OK,ASW,CE,Federal Contract Tower,0,2,11,5,18,0,0,89,1,90,0,2,100,6,108,172,4,176,284
03/13/2008,SWO,OK,ASW,CE,Federal Contract Tower,0,2,8,1,11,0,3,87,5,95,0,5,95,6,106,114,4,118,224
03/14/2008,SWO,OK,ASW,CE,Federal Contract Tower,0,0,3,0,3,0,0,67,2,69,0,0,70,2,72,140,4,144,216
03/15/2008,SWO,OK,ASW,CE,Federal Contract Tower,0,4,9,0,13,0,0,8,0,8,0,4,17,0,21,16,0,16,37
03/16/2008,SWO,OK,ASW,CE,Federal Contract Tower,0,2,5,0,7,0,0,28,0,28,0,2,33,0,35,26,0,26,61
03/17/2008,SWO,OK,ASW,CE,Federal Contract Tower,0,1,0,0,1,0,0,1,0,1,0,1,1,0,2,0,0,0,2
03/18/2008,SWO,OK,ASW,CE,Federal Contract Tower,0,0,0,0,0,0,0,18,0,18,0,0,18,0,18,0,0,0,18
03/19/2008,SWO,OK,ASW,CE,Federal Contract Tower,0,6,2,4,12,0,0,76,0,76,0,6,78,4,88,42,0,42,130
03/20/2008,SWO,OK,ASW,CE,Federal Contract Tower,4,0,1,0,5,0,0,37,2,39,4,0,38,2,44,18,0,18,62
03/21/2008,SWO,OK,ASW,CE,Federal Contract Tower,0,2,5,0,7,0,0,65,2,67,0,2,70,2,74,16,0,16,90
03/22/2008,SWO,OK,ASW,CE,Federal Contract Tower,0,1,4,0,5,0,0,51,0,51,0,1,55,0,56,64,0,64,120
03/23/2008,SWO,OK,ASW,CE,Federal Contract Tower,2,2,3,0,7,0,0,18,0,18,2,2,21,0,25,36,0,36,61
03/24/2008,SWO,OK,ASW,CE,Federal Contract Tower,0,2,1,4,7,0,0,73,2,75,0,2,74,6,82,50,0,50,132
03/25/2008,SWO,OK,ASW,CE,Federal Contract Tower,0,3,4,0,7,0,0,116,0,116,0,3,120,0,123,98,0,98,221
03/26/2008,SWO,OK,ASW,CE,Federal Contract Tower,0,1,8,10,19,0,0,59,3,62,0,1,67,13,81,246,8,254,335
03/27/2008,SWO,OK,ASW,CE,Federal Contract Tower,2,0,6,8,16,0,0,39,0,39,2,0,45,8,55,62,0,62,117
03/28/2008,SWO,OK,ASW,CE,Federal Contract Tower,2,0,10,2,14,0,0,25,0,25,2,0,35,2,39,38,0,38,77
03/29/2008,SWO,OK,ASW,CE,Federal Contract Tower,0,2,29,0,31,0,6,0,0,6,0,8,29,0,37,76,0,76,113
03/30/2008,SWO,OK,ASW,CE,Federal Contract Tower,4,0,2,0,6,0,0,5,0,5,4,0,7,0,11,0,0,0,11
03/31/2008,SWO,OK,ASW,CE,Federal Contract Tower,0,0,4,0,4,0,0,48,0,48,0,0,52,0,52,90,0,90,142
04/01/2008,SWO,OK,ASW,CE,Federal Contract Tower,0,0,4,0,4,0,0,79,4,83,0,0,83,4,87,128,10,138,225
04/02/2008,SWO,OK,ASW,CE,Federal Contract Tower,0,0,4,3,7,0,0,52,0,52,0,0,56,3,59,136,16,152,211
04/03/2008,SWO,OK,ASW,CE,Federal Contract Tower,0,2,7,0,9,0,0,21,0,21,0,2,28,0,30,52,0,52,82
04/04/2008,SWO,OK,ASW,CE,Federal Contract Tower,0,0,6,1,7,0,0,98,1,99,0,0,104,2,106,198,0,198,304
04/05/2008,SWO,OK,ASW,CE,Federal Contract Tower,0,2,3,0,5,0,0,124,0,124,0,2,127,0,129,168,0,168,297
04/06/2008,SWO,OK,ASW,CE,Federal Contract Tower,0,2,5,0,7,0,0,92,0,92,0,2,97,0,99,138,0,138,237
04/07/2008,SWO,OK,ASW,CE,Federal Contract Tower,0,0,8,0,8,0,2,87,0,89,0,2,95,0,97,208,0,208,305
04/08/2008,SWO,OK,ASW,CE,Federal Contract Tower,0,1,14,4,19,0,2,18,0,20,0,3,32,4,39,70,0,70,109
04/09/2008,SWO,OK,ASW,CE,Federal Contract Tower,0,0,7,0,7,0,0,4,0,4,0,0,11,0,11,10,0,10,21
04/10/2008,SWO,OK,ASW,CE,Federal Contract Tower,0,1,11,0,12,0,0,9,0,9,0,1,20,0,21,0,0,0,21
04/11/2008,SWO,OK,ASW,CE,Federal Contract Tower,0,0,5,0,5,0,0,24,0,24,0,0,29,0,29,2,0,2,31
04/12/2008,SWO,OK,ASW,CE,Federal Contract Tower,0,1,10,0,11,0,2,78,0,80,0,3,88,0,91,50,0,50,141
04/13/2008,SWO,OK,ASW,CE,Federal Contract Tower,0,0,5,0,5,0,0,59,0,59,0,0,64,0,64,138,0,138,202
04/14/2008,SWO,OK,ASW,CE,Federal Contract Tower,0,0,2,0,2,0,0,184,0,184,0,0,186,0,186,190,0,190,376
04/15/2008,SWO,OK,ASW,CE,Federal Contract Tower,0,2,6,2,10,0,0,53,3,56,0,2,59,5,66,54,32,86,152
04/16/2008,SWO,OK,ASW,CE,Federal Contract Tower,0,1,4,4,9,0,0,39,1,40,0,1,43,5,49,86,16,102,151
04/17/2008,SWO,OK,ASW,CE,Federal Contract Tower,0,1,9,0,10,0,0,25,5,30,0,1,34,5,40,2,10,12,52
04/18/2008,SWO,OK,ASW,CE,Federal Contract Tower,0,0,7,2,9,0,0,54,10,64,0,0,61,12,73,40,4,44,117
04/19/2008,SWO,OK,ASW,CE,Federal Contract Tower,0,1,3,0,4,0,3,184,0,187,0,4,187,0,191,64,0,64,255
04/20/2008,SWO,OK,ASW,CE,Federal Contract Tower,0,5,6,2,13,0,1,51,0,52,0,6,57,2,65,136,8,144,209
04/21/2008,SWO,OK,ASW,CE,Federal Contract Tower,0,1,6,0,7,0,0,97,1,98,0,1,103,1,105,266,2,268,373
04/22/2008,SWO,OK,ASW,CE,Federal Contract Tower,0,0,17,8,25,0,0,57,1,58,0,0,74,9,83,72,0,72,155
04/23/2008,SWO,OK,ASW,CE,Federal Contract Tower,0,0,11,0,11,0,2,5,0,7,0,2,16,0,18,72,0,72,90
04/24/2008,SWO,OK,ASW,CE,Federal Contract Tower,0,0,9,0,9,0,0,36,0,36,0,0,45,0,45,14,0,14,59
04/25/2008,SWO,OK,ASW,CE,Federal Contract Tower,0,0,3,1,4,0,0,38,1,39,0,0,41,2,43,8,0,8,51
04/26/2008,SWO,OK,ASW,CE,Federal Contract Tower,0,0,3,0,3,0,1,87,0,88,0,1,90,0,91,112,0,112,203
04/27/2008,SWO,OK,ASW,CE,Federal Contract Tower,0,2,7,0,9,0,3,44,0,47,0,5,51,0,56,58,0,58,114
04/28/2008,SWO,OK,ASW,CE,Federal Contract Tower,0,0,0,0,0,0,1,98,2,101,0,1,98,2,101,148,20,168,269
04/29/2008,SWO,OK,ASW,CE,Federal Contract Tower,0,0,1,0,1,0,0,109,0,109,0,0,110,0,110,108,0,108,218
04/30/2008,SWO,OK,ASW,CE,Federal Contract Tower,0,0,8,0,8,0,1,44,0,45,0,1,52,0,53,54,0,54,107
05/01/2008,SWO,OK,ASW,CE,Federal Contract Tower,0,0,1,6,7,0,0,39,0,39,0,0,40,6,46,22,0,22,68
05/02/2008,SWO,OK,ASW,CE,Federal Contract Tower,0,0,8,0,8,0,2,41,0,43,0,2,49,0,51,12,0,12,63
05/03/2008,SWO,OK,ASW,CE,Federal Contract Tower,0,3,5,0,8,0,1,72,2,75,0,4,77,2,83,22,0,22,105
05/04/2008,SWO,OK,ASW,CE,Federal Contract Tower,0,3,4,0,7,0,0,61,0,61,0,3,65,0,68,48,0,48,116
05/05/2008,SWO,OK,ASW,CE,Federal Contract Tower,0,0,5,0,5,0,0,69,0,69,0,0,74,0,74,48,0,48,122
05/06/2008,SWO,OK,ASW,CE,Federal Contract Tower,0,0,5,1,6,0,2,20,1,23,0,2,25,2,29,78,0,78,107
05/07/2008,SWO,OK,ASW,CE,Federal Contract Tower,0,0,1,0,1,0,0,0,0,0,0,0,1,0,1,0,0,0,1
05/08/2008,SWO,OK,ASW,CE,Federal Contract Tower,0,0,12,7,19,0,0,51,1,52,0,0,63,8,71,98,24,122,193
05/09/2008,SWO,OK,ASW,CE,Federal Contract Tower,0,0,0,0,0,0,0,60,0,60,0,0,60,0,60,118,0,118,178
05/10/2008,SWO,OK,ASW,CE,Federal Contract Tower,0,2,1,0,3,0,1,19,0,20,0,3,20,0,23,10,0,10,33
05/11/2008,SWO,OK,ASW,CE,Federal Contract Tower,0,0,4,1,5,0,2,41,7,50,0,2,45,8,55,44,36,80,135
05/12/2008,SWO,OK,ASW,CE,Federal Contract Tower,0,0,3,4,7,0,1,41,0,42,0,1,44,4,49,36,12,48,97
05/13/2008,SWO,OK,ASW,CE,Federal Contract Tower,0,4,6,4,14,0,0,36,3,39,0,4,42,7,53,76,10,86,139
05/14/2008,SWO,OK,ASW,CE,Federal Contract Tower,0,2,7,4,13,0,0,54,0,54,0,2,61,4,67,112,4,116,183
05/15/2008,SWO,OK,ASW,CE,Federal Contract Tower,0,1,12,2,15,0,4,73,5,82,0,5,85,7,97,94,0,94,191
05/16/2008,SWO,OK,ASW,CE,Federal Contract Tower,0,3,4,4,11,0,1,72,0,73,0,4,76,4,84,96,0,96,180
05/17/2008,SWO,OK,ASW,CE,Federal Contract Tower,0,3,5,0,8,0,2,57,0,59,0,5,62,0,67,42,0,42,109
05/18/2008,SWO,OK,ASW,CE,Federal Contract Tower,0,0,2,0,2,0,4,67,0,71,0,4,69,0,73,44,0,44,117
05/19/2008,SWO,OK,ASW,CE,Federal Contract Tower,0,2,5,5,12,0,5,66,2,73,0,7,71,7,85,120,4,124,209
05/20/2008,SWO,OK,ASW,CE,Federal Contract Tower,0,0,9,1,10,0,0,60,1,61,0,0,69,2,71,80,4,84,155
05/21/2008,SWO,OK,ASW,CE,Federal Contract Tower,0,0,12,2,14,0,1,64,1,66,0,1,76,3,80,104,4,108,188
05/22/2008,SWO,OK,ASW,CE,Federal Contract Tower,0,2,9,2,13,0,9,19,0,28,0,11,28,2,41,56,0,56,97
05/23/2008,SWO,OK,ASW,CE,Federal Contract Tower,0,0,7,5,12,0,0,10,2,12,0,0,17,7,24,20,8,28,52
05/24/2008,SWO,OK,ASW,CE,Federal Contract Tower,0,0,1,0,1,0,4,11,0,15,0,4,12,0,16,0,0,0,16
05/25/2008,SWO,OK,ASW,CE,Federal Contract Tower,0,4,0,0,4,0,0,13,0,13,0,4,13,0,17,6,0,6,23
05/26/2008,SWO,OK,ASW,CE,Federal Contract Tower,0,0,3,1,4,0,2,22,1,25,0,2,25,2,29,52,0,52,81
05/27/2008,SWO,OK,ASW,CE,Federal Contract Tower,0,0,1,0,1,0,2,26,2,30,0,2,27,2,31,70,4,74,105
05/28/2008,SWO,OK,ASW,CE,Federal Contract Tower,0,1,6,2,9,0,5,44,1,50,0,6,50,3,59,64,0,64,123
05/29/2008,SWO,OK,ASW,CE,Federal Contract Tower,0,4,20,11,35,0,1,43,2,46,0,5,63,13,81,122,4,126,207
05/30/2008,SWO,OK,ASW,CE,Federal Contract Tower,0,0,5,4,9,0,3,69,0,72,0,3,74,4,81,54,0,54,135
05/31/2008,SWO,OK,ASW,CE,Federal Contract Tower,0,0,5,0,5,0,11,36,2,49,0,11,41,2,54,34,0,34,88
06/01/2008,SWO,OK,ASW,CE,Federal Contract Tower,0,0,7,0,7,0,1,22,0,23,0,1,29,0,30,12,0,12,42
06/02/2008,SWO,OK,ASW,CE,Federal Contract Tower,0,0,4,2,6,0,3,58,0,61,0,3,62,2,67,28,0,28,95
06/03/2008,SWO,OK,ASW,CE,Federal Contract Tower,0,0,2,4,6,0,2,23,1,26,0,2,25,5,32,26,8,34,66
06/04/2008,SWO,OK,ASW,CE,Federal Contract Tower,0,0,5,0,5,0,3,40,0,43,0,3,45,0,48,36,0,36,84
06/05/2008,SWO,OK,ASW,CE,Federal Contract Tower,0,0,3,0,3,0,4,7,0,11,0,4,10,0,14,0,0,0,14
06/06/2008,SWO,OK,ASW,CE,Federal Contract Tower,0,0,8,2,10,0,2,87,3,92,0,2,95,5,102,70,2,72,174
06/07/2008,SWO,OK,ASW,CE,Federal Contract Tower,0,0,6,0,6,0,0,14,0,14,0,0,20,0,20,4,0,4,24
06/08/2008,SWO,OK,ASW,CE,Federal Contract Tower,0,0,7,0,7,0,2,16,0,18,0,2,23,0,25,8,0,8,33
06/09/2008,SWO,OK,ASW,CE,Federal Contract Tower,0,0,6,0,6,0,2,12,0,14,0,2,18,0,20,0,0,0,20
06/10/2008,SWO,OK,ASW,CE,Federal Contract Tower,0,1,5,0,6,0,3,76,0,79,0,4,81,0,85,76,0,76,161
06/11/2008,SWO,OK,ASW,CE,Federal Contract Tower,0,2,2,1,5,0,2,43,1,46,0,4,45,2,51,50,8,58,109
06/12/2008,SWO,OK,ASW,CE,Federal Contract Tower,0,0,7,5,12,0,1,77,2,80,0,1,84,7,92,98,2,100,192
06/13/2008,SWO,OK,ASW,CE,Federal Contract Tower,0,0,4,23,27,0,3,25,2,30,0,3,29,25,57,52,0,52,109
06/14/2008,SWO,OK,ASW,CE,Federal Contract Tower,0,5,0,0,5,0,3,67,0,70,0,8,67,0,75,44,0,44,119
06/15/2008,SWO,OK,ASW,CE,Federal Contract Tower,0,2,8,0,10,0,0,18,0,18,0,2,26,0,28,18,0,18,46
06/16/2008,SWO,OK,ASW,CE,Federal Contract Tower,0,1,0,6,7,0,0,30,0,30,0,1,30,6,37,42,0,42,79
06/17/2008,SWO,OK,ASW,CE,Federal Contract Tower,0,0,5,0,5,0,3,49,0,52,0,3,54,0,57,100,0,100,157
06/18/2008,SWO,OK,ASW,CE,Federal Contract Tower,0,1,4,1,6,0,8,93,3,104,0,9,97,4,110,128,0,128,238
06/19/2008,SWO,OK,ASW,CE,Federal Contract Tower,0,4,1,0,5,0,3,59,0,62,0,7,60,0,67,138,0,138,205
06/20/2008,SWO,OK,ASW,CE,Federal Contract Tower,0,2,4,1,7,0,6,104,1,111,0,8,108,2,118,100,0,100,218
06/21/2008,SWO,OK,ASW,CE,Federal Contract Tower,0,0,4,0,4,0,3,72,0,75,0,3,76,0,79,28,0,28,107
06/22/2008,SWO,OK,ASW,CE,Federal Contract Tower,0,2,11,0,13,0,2,51,0,53,0,4,62,0,66,44,0,44,110
06/23/2008,SWO,OK,ASW,CE,Federal Contract Tower,0,0,11,1,12,0,1,89,1,91,0,1,100,2,103,86,4,90,193
06/24/2008,SWO,OK,ASW,CE,Federal Contract Tower,0,0,5,2,7,0,5,86,0,91,0,5,91,2,98,131,0,131,229
06/25/2008,SWO,OK,ASW,CE,Federal Contract Tower,0,2,14,0,16,0,2,86,2,90,0,4,100,2,106,28,0,28,134
06/26/2008,SWO,OK,ASW,CE,Federal Contract Tower,0,2,14,0,16,0,2,86,2,90,0,4,100,2,106,28,0,28,134
06/27/2008,SWO,OK,ASW,CE,Federal Contract Tower,0,4,14,2,20,0,2,40,0,42,0,6,54,2,62,34,0,34,96
06/28/2008,SWO,OK,ASW,CE,Federal Contract Tower,0,2,2,0,4,0,4,53,0,57,0,6,55,0,61,24,0,24,85
06/29/2008,SWO,OK,ASW,CE,Federal Contract Tower,0,0,7,0,7,0,0,38,0,38,0,0,45,0,45,20,0,20,65
06/30/2008,SWO,OK,ASW,CE,Federal Contract Tower,0,0,2,0,2,0,7,105,0,112,0,7,107,0,114,156,0,156,270
07/01/2008,SWO,OK,ASW,CE,Federal Contract Tower,0,2,4,4,10,0,0,71,1,72,0,2,75,5,82,72,48,120,202
07/02/2008,SWO,OK,ASW,CE,Federal Contract Tower,0,3,7,0,10,0,1,90,0,91,0,4,97,0,101,58,0,58,159
07/03/2008,SWO,OK,ASW,CE,Federal Contract Tower,0,2,0,2,4,0,2,57,3,62,0,4,57,5,66,92,28,120,186
07/04/2008,SWO,OK,ASW,CE,Federal Contract Tower,0,0,4,0,4,0,1,17,0,18,0,1,21,0,22,38,0,38,60
07/05/2008,SWO,OK,ASW,CE,Federal Contract Tower,0,1,2,0,3,0,0,21,0,21,0,1,23,0,24,36,0,36,60
07/06/2008,SWO,OK,ASW,CE,Federal Contract Tower,0,4,3,0,7,0,3,22,0,25,0,7,25,0,32,10,0,10,42
07/07/2008,SWO,OK,ASW,CE,Federal Contract Tower,0,1,8,0,9,0,3,44,0,47,0,4,52,0,56,28,0,28,84
07/08/2008,SWO,OK,ASW,CE,Federal Contract Tower,0,0,4,0,4,0,0,64,0,64,0,0,68,0,68,74,0,74,142
07/09/2008,SWO,OK,ASW,CE,Federal Contract Tower,0,2,19,0,21,0,0,5,0,5,0,2,24,0,26,14,10,24,50
07/10/2008,SWO,OK,ASW,CE,Federal Contract Tower,0,0,0,1,1,0,1,37,1,39,0,1,37,2,40,68,0,68,108
07/11/2008,SWO,OK,ASW,CE,Federal Contract Tower,0,0,4,0,4,0,0,72,0,72,0,0,76,0,76,28,0,28,104
07/12/2008,SWO,OK,ASW,CE,Federal Contract Tower,0,2,3,4,9,0,2,16,0,18,0,4,19,4,27,4,0,4,31
07/13/2008,SWO,OK,ASW,CE,Federal Contract Tower,0,0,2,0,2,0,1,22,0,23,0,1,24,0,25,20,0,20,45
07/14/2008,SWO,OK,ASW,CE,Federal Contract Tower,0,0,13,0,13,0,4,93,2,99,0,4,106,2,112,130,0,130,242
07/15/2008,SWO,OK,ASW,CE,Federal Contract Tower,0,0,8,4,12,0,4,68,1,73,0,4,76,5,85,84,30,114,199
07/16/2008,SWO,OK,ASW,CE,Federal Contract Tower,0,2,9,5,16,0,2,68,0,70,0,4,77,5,86,70,2,72,158
07/17/2008,SWO,OK,ASW,CE,Federal Contract Tower,0,2,11,3,16,0,2,81,1,84,0,4,92,4,100,106,14,120,220
07/18/2008,SWO,OK,ASW,CE,Federal Contract Tower,0,0,14,2,16,0,1,69,0,70,0,1,83,2,86,24,12,36,122
07/19/2008,SWO,OK,ASW,CE,Federal Contract Tower,0,1,2,0,3,0,3,52,0,55,0,4,54,0,58,24,0,24,82
07/20/2008,SWO,OK,ASW,CE,Federal Contract Tower,0,0,4,0,4,0,3,23,1,27,0,3,27,1,31,12,2,14,45
07/21/2008,SWO,OK,ASW,CE,Federal Contract Tower,0,0,14,0,14,0,1,51,0,52,0,1,65,0,66,32,0,32,98
07/22/2008,SWO,OK,ASW,CE,Federal Contract Tower,0,2,5,0,7,0,1,42,0,43,0,3,47,0,50,26,0,26,76
07/23/2008,SWO,OK,ASW,CE,Federal Contract Tower,0,2,4,4,10,0,2,82,0,84,0,4,86,4,94,62,4,66,160
07/24/2008,SWO,OK,ASW,CE,Federal Contract Tower,0,0,14,0,14,0,4,48,3,55,0,4,62,3,69,40,6,46,115
07/25/2008,SWO,OK,ASW,CE,Federal Contract Tower,0,0,14,0,14,0,2,58,0,60,0,2,72,0,74,70,0,70,144
07/26/2008,SWO,OK,ASW,CE,Federal Contract Tower,0,0,5,0,5,0,1,40,0,41,0,1,45,0,46,32,0,32,78
07/27/2008,SWO,OK,ASW,CE,Federal Contract Tower,0,0,2,0,2,0,0,8,0,8,0,0,10,0,10,6,0,6,16
07/28/2008,SWO,OK,ASW,CE,Federal Contract Tower,0,0,8,1,9,0,0,42,0,42,0,0,50,1,51,26,0,26,77
07/29/2008,SWO,OK,ASW,CE,Federal Contract Tower,0,0,6,0,6,0,0,27,0,27,0,0,33,0,33,32,0,32,65
07/30/2008,SWO,OK,ASW,CE,Federal Contract Tower,0,1,19,0,20,0,5,5,0,10,0,6,24,0,30,12,0,12,42
07/31/2008,SWO,OK,ASW,CE,Federal Contract Tower,0,2,7,0,9,0,0,37,0,37,0,2,44,0,46,64,0,64,110
08/01/2008,SWO,OK,ASW,CE,Federal Contract Tower,0,0,6,2,8,0,1,42,1,44,0,1,48,3,52,40,4,44,96
08/02/2008,SWO,OK,ASW,CE,Federal Contract Tower,0,0,1,0,1,0,5,28,0,33,0,5,29,0,34,28,0,28,62
08/03/2008,SWO,OK,ASW,CE,Federal Contract Tower,0,0,2,0,2,0,0,14,0,14,0,0,16,0,16,14,0,14,30
08/04/2008,SWO,OK,ASW,CE,Federal Contract Tower,0,2,9,1,12,0,0,51,1,52,0,2,60,2,64,34,10,44,108
08/05/2008,SWO,OK,ASW,CE,Federal Contract Tower,0,0,6,3,9,0,3,59,1,63,0,3,65,4,72,102,16,118,190
08/06/2008,SWO,OK,ASW,CE,Federal Contract Tower,0,0,3,6,9,0,4,51,0,55,0,4,54,6,64,24,10,34,98
08/07/2008,SWO,OK,ASW,CE,Federal Contract Tower,0,0,2,0,2,0,2,36,0,38,0,2,38,0,40,40,0,40,80
08/08/2008,SWO,OK,ASW,CE,Federal Contract Tower,0,0,14,2,16,2,2,40,0,44,2,2,54,2,60,64,0,64,124
08/09/2008,SWO,OK,ASW,CE,Federal Contract Tower,0,1,2,0,3,0,0,19,0,19,0,1,21,0,22,8,0,8,30
08/10/2008,SWO,OK,ASW,CE,Federal Contract Tower,0,0,4,1,5,0,0,3,0,3,0,0,7,1,8,0,0,0,8
08/11/2008,SWO,OK,ASW,CE,Federal Contract Tower,0,2,3,0,5,0,0,0,0,0,0,2,3,0,5,0,0,0,5
08/12/2008,SWO,OK,ASW,CE,Federal Contract Tower,0,0,12,0,12,0,0,37,0,37,0,0,49,0,49,24,0,24,73
08/13/2008,SWO,OK,ASW,CE,Federal Contract Tower,0,2,4,0,6,0,1,68,1,70,0,3,72,1,76,80,0,80,156
08/14/2008,SWO,OK,ASW,CE,Federal Contract Tower,0,5,2,0,7,0,1,36,0,37,0,6,38,0,44,70,0,70,114
08/15/2008,SWO,OK,ASW,CE,Federal Contract Tower,0,0,14,2,16,0,0,29,8,37,0,0,43,10,53,26,0,26,79
08/16/2008,SWO,OK,ASW,CE,Federal Contract Tower,0,3,5,0,8,0,3,24,2,29,0,6,29,2,37,50,0,50,87
08/17/2008,SWO,OK,ASW,CE,Federal Contract Tower,0,0,6,0,6,0,2,45,0,47,0,2,51,0,53,44,0,44,97
08/18/2008,SWO,OK,ASW,CE,Federal Contract Tower,0,1,4,6,11,0,0,8,2,10,0,1,12,8,21,16,24,40,61
08/19/2008,SWO,OK,ASW,CE,Federal Contract Tower,0,0,7,4,11,0,0,14,0,14,0,0,21,4,25,4,0,4,29
08/20/2008,SWO,OK,ASW,CE,Federal Contract Tower,0,0,24,1,25,0,3,13,0,16,0,3,37,1,41,48,0,48,89
08/21/2008,SWO,OK,ASW,CE,Federal Contract Tower,0,2,9,5,16,0,4,43,2,49,0,6,52,7,65,46,10,56,121
08/22/2008,SWO,OK,ASW,CE,Federal Contract Tower,0,2,9,0,11,0,5,60,0,65,0,7,69,0,76,38,0,38,114
08/23/2008,SWO,OK,ASW,CE,Federal Contract Tower,0,0,5,0,5,0,4,36,0,40,0,4,41,0,45,38,0,38,83
08/24/2008,SWO,OK,ASW,CE,Federal Contract Tower,0,2,2,0,4,0,2,39,0,41,0,4,41,0,45,34,0,34,79
08/25/2008,SWO,OK,ASW,CE,Federal Contract Tower,0,0,7,10,17,0,10,100,3,113,0,10,107,13,130,82,0,82,212
08/26/2008,SWO,OK,ASW,CE,Federal Contract Tower,0,0,6,11,17,0,1,88,0,89,0,1,94,11,106,112,14,126,232
08/27/2008,SWO,OK,ASW,CE,Federal Contract Tower,0,2,2,3,7,0,2,76,0,78,0,4,78,3,85,68,0,68,153
08/28/2008,SWO,OK,ASW,CE,Federal Contract Tower,2,0,8,3,13,0,4,72,0,76,2,4,80,3,89,84,2,86,175
08/29/2008,SWO,OK,ASW,CE,Federal Contract Tower,0,0,7,0,7,0,4,58,0,62,0,4,65,0,69,100,0,100,169
08/30/2008,SWO,OK,ASW,CE,Federal Contract Tower,0,0,3,0,3,0,4,47,0,51,0,4,50,0,54,12,0,12,66
08/31/2008,SWO,OK,ASW,CE,Federal Contract Tower,2,0,5,0,7,0,2,54,0,56,2,2,59,0,63,56,0,56,119
09/01/2008,SWO,OK,ASW,CE,Federal Contract Tower,0,2,9,0,11,0,0,42,0,42,0,2,51,0,53,22,0,22,75
09/02/2008,SWO,OK,ASW,CE,Federal Contract Tower,0,0,7,0,7,0,0,55,0,55,0,0,62,0,62,106,0,106,168
09/03/2008,SWO,OK,ASW,CE,Federal Contract Tower,0,0,5,6,11,0,0,0,0,0,0,0,5,6,11,10,0,10,21
09/04/2008,SWO,OK,ASW,CE,Federal Contract Tower,0,0,12,12,24,0,0,47,0,47,0,0,59,12,71,82,0,82,153
09/05/2008,SWO,OK,ASW,CE,Federal Contract Tower,0,0,18,0,18,0,0,99,0,99,0,0,117,0,117,134,0,134,251
09/06/2008,SWO,OK,ASW,CE,Federal Contract Tower,1,6,25,0,32,0,3,37,2,42,1,9,62,2,74,64,0,64,138
09/07/2008,SWO,OK,ASW,CE,Federal Contract Tower,0,1,8,0,9,0,0,35,0,35,0,1,43,0,44,74,0,74,118
09/08/2008,SWO,OK,ASW,CE,Federal Contract Tower,0,2,3,4,9,0,4,104,1,109,0,6,107,5,118,102,22,124,242
09/09/2008,SWO,OK,ASW,CE,Federal Contract Tower,0,2,9,3,14,0,3,36,0,39,0,5,45,3,53,66,0,66,119
09/10/2008,SWO,OK,ASW,CE,Federal Contract Tower,0,0,6,0,6,0,0,0,0,0,0,0,6,0,6,0,0,0,6
09/11/2008,SWO,OK,ASW,CE,Federal Contract Tower,0,0,20,0,20,0,0,0,0,0,0,0,20,0,20,0,0,0,20
09/12/2008,SWO,OK,ASW,CE,Federal Contract Tower,0,0,12,3,15,0,2,76,1,79,0,2,88,4,94,148,2,150,244
09/13/2008,SWO,OK,ASW,CE,Federal Contract Tower,0,2,7,0,9,0,1,0,0,1,0,3,7,0,10,0,0,0,10
09/14/2008,SWO,OK,ASW,CE,Federal Contract Tower,0,1,1,0,2,0,3,32,0,35,0,4,33,0,37,58,0,58,95
09/15/2008,SWO,OK,ASW,CE,Federal Contract Tower,0,0,1,3,4,0,6,100,0,106,0,6,101,3,110,178,0,178,288
09/16/2008,SWO,OK,ASW,CE,Federal Contract Tower,0,0,5,0,5,0,8,143,3,154,0,8,148,3,159,192,16,208,367
09/17/2008,SWO,OK,ASW,CE,Federal Contract Tower,0,5,2,8,15,0,0,0,0,0,0,5,2,8,15,158,0,158,173
09/18/2008,SWO,OK,ASW,CE,Federal Contract Tower,0,0,9,2,11,0,0,95,0,95,0,0,104,2,106,226,0,226,332
09/19/2008,SWO,OK,ASW,CE,Federal Contract Tower,0,4,15,7,26,0,0,139,0,139,0,4,154,7,165,246,0,246,411
09/20/2008,SWO,OK,ASW,CE,Federal Contract Tower,0,3,10,0,13,0,0,51,0,51,0,3,61,0,64,104,0,104,168
09/21/2008,SWO,OK,ASW,CE,Federal Contract Tower,0,2,8,0,10,0,1,51,0,52,0,3,59,0,62,74,0,74,136
09/22/2008,SWO,OK,ASW,CE,Federal Contract Tower,0,2,4,0,6,0,7,50,0,57,0,9,54,0,63,150,0,150,213
09/23/2008,SWO,OK,ASW,CE,Federal Contract Tower,0,2,8,0,10,0,0,107,2,109,0,2,115,2,119,212,6,218,337
09/24/2008,SWO,OK,ASW,CE,Federal Contract Tower,0,0,2,9,11,0,2,124,3,129,0,2,126,12,140,270,20,290,430
09/25/2008,SWO,OK,ASW,CE,Federal Contract Tower,0,2,8,1,11,0,0,89,1,90,0,2,97,2,101,164,2,166,267
09/26/2008,SWO,OK,ASW,CE,Federal Contract Tower,0,0,6,2,8,0,3,111,2,116,0,3,117,4,124,200,8,208,332
09/27/2008,SWO,OK,ASW,CE,Federal Contract Tower,0,0,14,0,14,0,0,4,59,63,0,0,18,59,77,90,0,90,167
09/28/2008,SWO,OK,ASW,CE,Federal Contract Tower,0,0,9,0,9,0,4,60,0,64,0,4,69,0,73,86,0,86,159
09/29/2008,SWO,OK,ASW,CE,Federal Contract Tower,0,0,11,1,12,0,0,110,2,112,0,0,121,3,124,238,16,254,378
09/30/2008,SWO,OK,ASW,CE,Federal Contract Tower,0,0,8,3,11,0,2,114,3,119,0,2,122,6,130,186,18,204,334
10/01/2008,SWO,OK,ASW,CE,Federal Contract Tower,0,0,5,6,11,0,2,137,4,143,0,2,142,10,154,234,12,246,400
10/02/2008,SWO,OK,ASW,CE,Federal Contract Tower,0,0,8,2,10,0,2,104,2,108,0,2,112,4,118,262,0,262,380
10/03/2008,SWO,OK,ASW,CE,Federal Contract Tower,0,4,19,0,23,0,3,120,1,124,0,7,139,1,147,244,0,244,391
10/04/2008,SWO,OK,ASW,CE,Federal Contract Tower,2,5,24,0,31,0,6,58,0,64,2,11,82,0,95,72,0,72,167
10/05/2008,SWO,OK,ASW,CE,Federal Contract Tower,0,3,3,5,11,0,4,36,7,47,0,7,39,12,58,10,0,10,68
10/06/2008,SWO,OK,ASW,CE,Federal Contract Tower,0,2,9,0,11,0,3,16,0,19,0,5,25,0,30,72,0,72,102
10/07/2008,SWO,OK,ASW,CE,Federal Contract Tower,0,0,11,0,11,0,1,30,0,31,0,1,41,0,42,16,0,16,58
10/08/2008,SWO,OK,ASW,CE,Federal Contract Tower,0,0,4,2,6,0,1,119,2,122,0,1,123,4,128,410,4,414,542
10/09/2008,SWO,OK,ASW,CE,Federal Contract Tower,0,0,10,5,15,0,1,125,1,127,0,1,135,6,142,176,12,188,330
10/10/2008,SWO,OK,ASW,CE,Federal Contract Tower,2,2,11,3,18,0,0,1,0,1,2,2,12,3,19,48,8,56,75
10/11/2008,SWO,OK,ASW,CE,Federal Contract Tower,0,1,5,0,6,0,0,30,0,30,0,1,35,0,36,4,0,4,40
10/12/2008,SWO,OK,ASW,CE,Federal Contract Tower,0,0,7,0,7,0,0,7,0,7,0,0,14,0,14,0,0,0,14
10/13/2008,SWO,OK,ASW,CE,Federal Contract Tower,0,1,14,0,15,0,4,11,0,15,0,5,25,0,30,150,0,150,180
10/14/2008,SWO,OK,ASW,CE,Federal Contract Tower,0,1,18,0,19,0,0,2,0,2,0,1,20,0,21,0,0,0,21
10/15/2008,SWO,OK,ASW,CE,Federal Contract Tower,0,4,27,4,35,0,3,1,0,4,0,7,28,4,39,104,0,104,143
10/16/2008,SWO,OK,ASW,CE,Federal Contract Tower,0,0,10,8,18,0,3,113,4,120,0,3,123,12,138,216,18,234,372
10/17/2008,SWO,OK,ASW,CE,Federal Contract Tower,1,1,17,2,21,0,2,151,2,155,1,3,168,4,176,276,8,284,460
10/18/2008,SWO,OK,ASW,CE,Federal Contract Tower,1,4,16,0,21,0,8,69,0,77,1,12,85,0,98,14,0,14,112
10/19/2008,SWO,OK,ASW,CE,Federal Contract Tower,0,0,12,0,12,0,4,63,0,67,0,4,75,0,79,72,0,72,151
10/20/2008,SWO,OK,ASW,CE,Federal Contract Tower,0,11,0,0,11,0,5,86,0,91,0,16,86,0,102,280,0,280,382
10/21/2008,SWO,OK,ASW,CE,Federal Contract Tower,0,0,13,0,13,0,3,96,0,99,0,3,109,0,112,174,0,174,286
10/22/2008,SWO,OK,ASW,CE,Federal Contract Tower,0,0,4,0,4,0,0,0,0,0,0,0,4,0,4,0,0,0,4
10/23/2008,SWO,OK,ASW,CE,Federal Contract Tower,0,1,4,0,5,0,0,23,0,23,0,1,27,0,28,42,0,42,70
10/24/2008,SWO,OK,ASW,CE,Federal Contract Tower,2,2,14,0,18,0,1,139,0,140,2,3,153,0,158,284,0,284,442
10/25/2008,SWO,OK,ASW,CE,Federal Contract Tower,0,1,7,0,8,0,5,69,0,74,0,6,76,0,82,60,0,60,142
10/26/2008,SWO,OK,ASW,CE,Federal Contract Tower,0,0,10,0,10,0,0,37,0,37,0,0,47,0,47,20,0,20,67
10/27/2008,SWO,OK,ASW,CE,Federal Contract Tower,0,0,6,0,6,0,2,81,0,83,0,2,87,0,89,224,0,224,313
10/28/2008,SWO,OK,ASW,CE,Federal Contract Tower,0,0,22,4,26,0,3,130,2,135,0,3,152,6,161,292,16,308,469
10/29/2008,SWO,OK,ASW,CE,Federal Contract Tower,0,2,25,2,29,0,0,144,4,148,0,2,169,6,177,216,6,222,399
10/30/2008,SWO,OK,ASW,CE,Federal Contract Tower,0,0,11,1,12,0,3,99,7,109,0,3,110,8,121,130,4,134,255
10/31/2008,SWO,OK,ASW,CE,Federal Contract Tower,0,0,12,1,13,0,2,123,0,125,0,2,135,1,138,196,0,196,334
11/01/2008,SWO,OK,ASW,CE,Federal Contract Tower,2,3,27,0,32,0,3,67,0,70,2,6,94,0,102,2,0,2,104
11/02/2008,SWO,OK,ASW,CE,Federal Contract Tower,0,1,11,0,12,0,7,52,0,59,0,8,63,0,71,106,0,106,177
11/03/2008,SWO,OK,ASW,CE,Federal Contract Tower,0,0,12,3,15,0,2,73,2,77,0,2,85,5,92,132,32,164,256
11/04/2008,SWO,OK,ASW,CE,Federal Contract Tower,0,0,8,6,14,0,2,58,4,64,0,2,66,10,78,92,0,92,170
11/05/2008,SWO,OK,ASW,CE,Federal Contract Tower,0,2,1,0,3,0,4,15,1,20,0,6,16,1,23,28,0,28,51
11/06/2008,SWO,OK,ASW,CE,Federal Contract Tower,0,0,21,0,21,0,1,87,0,88,0,1,108,0,109,116,0,116,225
11/07/2008,SWO,OK,ASW,CE,Federal Contract Tower,2,0,6,1,9,0,2,57,3,62,2,2,63,4,71,94,0,94,165
11/08/2008,SWO,OK,ASW,CE,Federal Contract Tower,0,0,2,0,2,0,0,80,0,80,0,0,82,0,82,98,0,98,180
11/09/2008,SWO,OK,ASW,CE,Federal Contract Tower,0,0,7,0,7,0,0,97,0,97,0,0,104,0,104,174,0,174,278
11/10/2008,SWO,OK,ASW,CE,Federal Contract Tower,0,2,9,0,11,0,0,0,0,0,0,2,9,0,11,0,0,0,11
11/11/2008,SWO,OK,ASW,CE,Federal Contract Tower,0,1,9,0,10,0,2,62,0,64,0,3,71,0,74,128,0,128,202
11/12/2008,SWO,OK,ASW,CE,Federal Contract Tower,0,0,15,3,18,0,2,125,3,130,0,2,140,6,148,232,20,252,400
11/13/2008,SWO,OK,ASW,CE,Federal Contract Tower,0,0,12,0,12,0,3,97,2,102,0,3,109,2,114,174,0,174,288
11/14/2008,SWO,OK,ASW,CE,Federal Contract Tower,2,0,19,7,28,0,3,87,2,92,2,3,106,9,120,96,0,96,216
11/15/2008,SWO,OK,ASW,CE,Federal Contract Tower,0,1,14,0,15,0,1,40,0,41,0,2,54,0,56,6,0,6,62
11/16/2008,SWO,OK,ASW,CE,Federal Contract Tower,0,0,12,0,12,0,2,113,0,115,0,2,125,0,127,97,0,97,224
11/17/2008,SWO,OK,ASW,CE,Federal Contract Tower,0,1,18,1,20,0,0,105,2,107,0,1,123,3,127,165,10,175,302
11/18/2008,SWO,OK,ASW,CE,Federal Contract Tower,0,0,13,4,17,0,3,91,2,96,0,3,104,6,113,214,0,214,327
11/19/2008,SWO,OK,ASW,CE,Federal Contract Tower,0,1,7,1,9,0,3,92,1,96,0,4,99,2,105,188,16,204,309
11/20/2008,SWO,OK,ASW,CE,Federal Contract Tower,0,3,3,0,6,0,3,35,0,38,0,6,38,0,44,22,16,38,82
11/21/2008,SWO,OK,ASW,CE,Federal Contract Tower,0,0,8,0,8,0,3,114,0,117,0,3,122,0,125,252,0,252,377
11/22/2008,SWO,OK,ASW,CE,Federal Contract Tower,0,1,5,0,6,0,5,58,0,63,0,6,63,0,69,52,0,52,121
11/23/2008,SWO,OK,ASW,CE,Federal Contract Tower,0,2,11,0,13,0,0,28,0,28,0,2,39,0,41,12,0,12,53
11/24/2008,SWO,OK,ASW,CE,Federal Contract Tower,0,0,9,1,10,0,2,66,1,69,0,2,75,2,79,220,24,244,323
11/25/2008,SWO,OK,ASW,CE,Federal Contract Tower,2,0,5,0,7,0,0,65,0,65,2,0,70,0,72,140,0,140,212
11/26/2008,SWO,OK,ASW,CE,Federal Contract Tower,0,0,0,0,0,0,0,65,0,65,0,0,65,0,65,42,0,42,107
11/27/2008,SWO,OK,ASW,CE,Federal Contract Tower,0,0,0,0,0,0,1,23,0,24,0,1,23,0,24,4,0,4,28
11/28/2008,SWO,OK,ASW,CE,Federal Contract Tower,0,0,7,0,7,0,0,23,0,23,0,0,30,0,30,6,0,6,36
11/29/2008,SWO,OK,ASW,CE,Federal Contract Tower,0,6,28,0,34,0,2,47,0,49,0,8,75,0,83,6,0,6,89
11/30/2008,SWO,OK,ASW,CE,Federal Contract Tower,0,3,12,0,15,0,4,7,0,11,0,7,19,0,26,0,0,0,26
12/01/2008,SWO,OK,ASW,CE,Federal Contract Tower,0,1,2,0,3,0,1,38,2,41,0,2,40,2,44,66,0,66,110
12/02/2008,SWO,OK,ASW,CE,Federal Contract Tower,0,0,9,0,9,0,0,73,0,73,0,0,82,0,82,90,0,90,172
12/03/2008,SWO,OK,ASW,CE,Federal Contract Tower,0,0,8,0,8,0,0,25,0,25,0,0,33,0,33,34,0,34,67
12/04/2008,SWO,OK,ASW,CE,Federal Contract Tower,0,2,16,0,18,0,0,89,0,89,0,2,105,0,107,132,0,132,239
12/05/2008,SWO,OK,ASW,CE,Federal Contract Tower,0,0,13,1,14,0,0,99,1,100,0,0,112,2,114,96,0,96,210
12/06/2008,SWO,OK,ASW,CE,Federal Contract Tower,0,1,7,0,8,0,4,81,0,85,0,5,88,0,93,54,0,54,147
12/07/2008,SWO,OK,ASW,CE,Federal Contract Tower,0,0,11,0,11,0,3,49,0,52,0,3,60,0,63,30,0,30,93
12/08/2008,SWO,OK,ASW,CE,Federal Contract Tower,0,3,12,10,25,0,1,20,0,21,0,4,32,10,46,8,0,8,54
12/09/2008,SWO,OK,ASW,CE,Federal Contract Tower,0,1,3,0,4,0,0,0,0,0,0,1,3,0,4,0,0,0,4
12/10/2008,SWO,OK,ASW,CE,Federal Contract Tower,0,0,2,0,2,0,0,52,0,52,0,0,54,0,54,156,0,156,210
12/11/2008,SWO,OK,ASW,CE,Federal Contract Tower,0,0,4,4,8,0,1,80,2,83,0,1,84,6,91,152,0,152,243
12/12/2008,SWO,OK,ASW,CE,Federal Contract Tower,0,0,4,1,5,0,6,71,5,82,0,6,75,6,87,80,8,88,175
12/13/2008,SWO,OK,ASW,CE,Federal Contract Tower,0,4,2,0,6,0,2,2,0,4,0,6,4,0,10,0,0,0,10
12/14/2008,SWO,OK,ASW,CE,Federal Contract Tower,0,1,5,0,6,0,0,14,0,14,0,1,19,0,20,6,0,6,26
12/15/2008,SWO,OK,ASW,CE,Federal Contract Tower,0,3,0,2,5,0,0,2,0,2,0,3,2,2,7,0,0,0,7
12/16/2008,SWO,OK,ASW,CE,Federal Contract Tower,0,0,0,0,0,0,0,0,0,0,0,0,0,0,0,0,0,0,0
12/17/2008,SWO,OK,ASW,CE,Federal Contract Tower,0,0,2,0,2,0,3,0,0,3,0,3,2,0,5,0,0,0,5
12/18/2008,SWO,OK,ASW,CE,Federal Contract Tower,0,0,0,0,0,0,0,0,0,0,0,0,0,0,0,0,0,0,0
12/19/2008,SWO,OK,ASW,CE,Federal Contract Tower,0,0,9,3,12,0,0,74,0,74,0,0,83,3,86,68,0,68,154
12/20/2008,SWO,OK,ASW,CE,Federal Contract Tower,0,1,6,0,7,0,2,8,0,10,0,3,14,0,17,6,0,6,23
12/21/2008,SWO,OK,ASW,CE,Federal Contract Tower,0,0,3,0,3,0,2,20,0,22,0,2,23,0,25,92,0,92,117
12/22/2008,SWO,OK,ASW,CE,Federal Contract Tower,0,0,4,0,4,0,3,44,0,47,0,3,48,0,51,6,0,6,57
12/23/2008,SWO,OK,ASW,CE,Federal Contract Tower,0,1,1,0,2,0,2,0,0,2,0,3,1,0,4,0,0,0,4
12/24/2008,SWO,OK,ASW,CE,Federal Contract Tower,2,1,3,0,6,0,2,13,0,15,2,3,16,0,21,4,0,4,25
12/25/2008,SWO,OK,ASW,CE,Federal Contract Tower,0,0,1,0,1,0,3,6,0,9,0,3,7,0,10,0,0,0,10
12/26/2008,SWO,OK,ASW,CE,Federal Contract Tower,0,1,13,0,14,0,0,2,0,2,0,1,15,0,16,0,0,0,16
12/27/2008,SWO,OK,ASW,CE,Federal Contract Tower,0,7,1,0,8,0,1,7,0,8,0,8,8,0,16,4,0,4,20
12/28/2008,SWO,OK,ASW,CE,Federal Contract Tower,0,0,3,0,3,0,4,30,0,34,0,4,33,0,37,0,0,0,37
12/29/2008,SWO,OK,ASW,CE,Federal Contract Tower,0,0,2,0,2,0,2,44,0,46,0,2,46,0,48,4,0,4,52
12/30/2008,SWO,OK,ASW,CE,Federal Contract Tower,0,2,3,0,5,0,0,46,2,48,0,2,49,2,53,30,0,30,83
12/31/2008,SWO,OK,ASW,CE,Federal Contract Tower,8,0,3,0,11,0,2,16,0,18,8,2,19,0,29,0,0,0,29
01/01/2009,SWO,OK,ASW,CE,Federal Contract Tower,0,0,4,0,4,0,2,18,0,20,0,2,22,0,24,0,0,0,24
01/02/2009,SWO,OK,ASW,CE,Federal Contract Tower,0,0,8,0,8,0,4,1,0,5,0,4,9,0,13,32,0,32,45
01/03/2009,SWO,OK,ASW,CE,Federal Contract Tower,0,2,5,0,7,0,1,39,0,40,0,3,44,0,47,64,0,64,111
01/04/2009,SWO,OK,ASW,CE,Federal Contract Tower,0,2,9,0,11,0,0,10,0,10,0,2,19,0,21,16,0,16,37
01/05/2009,SWO,OK,ASW,CE,Federal Contract Tower,0,2,11,2,15,0,2,22,0,24,0,4,33,2,39,6,20,26,65
01/06/2009,SWO,OK,ASW,CE,Federal Contract Tower,0,0,2,0,2,0,1,22,0,23,0,1,24,0,25,42,0,42,67
01/07/2009,SWO,OK,ASW,CE,Federal Contract Tower,0,0,6,0,6,0,0,80,0,80,0,0,86,0,86,84,0,84,170
01/08/2009,SWO,OK,ASW,CE,Federal Contract Tower,0,2,16,0,18,0,2,69,0,71,0,4,85,0,89,74,0,74,163
01/09/2009,SWO,OK,ASW,CE,Federal Contract Tower,0,1,13,10,24,0,2,37,0,39,0,3,50,10,63,54,24,78,141
01/10/2009,SWO,OK,ASW,CE,Federal Contract Tower,0,1,3,0,4,0,2,36,0,38,0,3,39,0,42,54,0,54,96
01/11/2009,SWO,OK,ASW,CE,Federal Contract Tower,0,0,6,0,6,0,4,47,0,51,0,4,53,0,57,78,0,78,135
01/12/2009,SWO,OK,ASW,CE,Federal Contract Tower,0,0,7,7,14,0,0,37,1,38,0,0,44,8,52,54,16,70,122
01/13/2009,SWO,OK,ASW,CE,Federal Contract Tower,0,4,14,3,21,0,0,61,1,62,0,4,75,4,83,84,12,96,179
01/14/2009,SWO,OK,ASW,CE,Federal Contract Tower,0,1,14,4,19,0,1,66,2,69,0,2,80,6,88,84,46,130,218
01/15/2009,SWO,OK,ASW,CE,Federal Contract Tower,0,1,2,0,3,0,5,22,0,27,0,6,24,0,30,24,0,24,54
01/16/2009,SWO,OK,ASW,CE,Federal Contract Tower,0,4,14,2,20,0,0,64,0,64,0,4,78,2,84,96,4,100,184
01/17/2009,SWO,OK,ASW,CE,Federal Contract Tower,0,3,6,0,9,0,2,61,0,63,0,5,67,0,72,74,0,74,146
01/18/2009,SWO,OK,ASW,CE,Federal Contract Tower,0,0,3,0,3,0,2,37,0,39,0,2,40,0,42,36,0,36,78
01/19/2009,SWO,OK,ASW,CE,Federal Contract Tower,0,0,2,0,2,0,5,80,0,85,0,5,82,0,87,132,0,132,219
01/20/2009,SWO,OK,ASW,CE,Federal Contract Tower,1,0,8,0,9,0,2,53,0,55,1,2,61,0,64,84,0,84,148
01/21/2009,SWO,OK,ASW,CE,Federal Contract Tower,0,7,17,4,28,0,3,129,0,132,0,10,146,4,160,158,0,158,318
01/22/2009,SWO,OK,ASW,CE,Federal Contract Tower,0,2,4,0,6,0,6,119,0,125,0,8,123,0,131,130,0,130,261
01/23/2009,SWO,OK,ASW,CE,Federal Contract Tower,0,5,8,1,14,0,1,94,1,96,0,6,102,2,110,76,6,82,192
01/24/2009,SWO,OK,ASW,CE,Federal Contract Tower,0,2,13,0,15,0,2,73,0,75,0,4,86,0,90,92,0,92,182
01/25/2009,SWO,OK,ASW,CE,Federal Contract Tower,0,0,5,0,5,0,8,22,6,36,0,8,27,6,41,64,34,98,139
01/26/2009,SWO,OK,ASW,CE,Federal Contract Tower,0,0,2,0,2,0,0,1,0,1,0,0,3,0,3,2,0,2,5
01/27/2009,SWO,OK,ASW,CE,Federal Contract Tower,0,0,0,0,0,0,0,0,0,0,0,0,0,0,0,0,0,0,0
01/28/2009,SWO,OK,ASW,CE,Federal Contract Tower,0,1,0,0,1,0,4,3,0,7,0,5,3,0,8,0,0,0,8
01/29/2009,SWO,OK,ASW,CE,Federal Contract Tower,0,4,13,9,26,0,0,64,4,68,0,4,77,13,94,98,0,98,192
01/30/2009,SWO,OK,ASW,CE,Federal Contract Tower,4,3,4,6,17,0,3,87,5,95,4,6,91,11,112,80,48,128,240
01/31/2009,SWO,OK,ASW,CE,Federal Contract Tower,4,0,4,0,8,0,1,75,2,78,4,1,79,2,86,94,0,94,180
02/01/2009,SWO,OK,ASW,CE,Federal Contract Tower,0,3,4,4,11,0,2,41,0,43,0,5,45,4,54,80,0,80,134
02/02/2009,SWO,OK,ASW,CE,Federal Contract Tower,0,3,11,6,20,0,1,101,1,103,0,4,112,7,123,148,16,164,287
02/03/2009,SWO,OK,ASW,CE,Federal Contract Tower,0,5,10,3,18,0,9,89,2,100,0,14,99,5,118,137,2,139,257
02/04/2009,SWO,OK,ASW,CE,Federal Contract Tower,0,0,16,4,20,0,2,111,3,116,0,2,127,7,136,154,24,178,314
02/05/2009,SWO,OK,ASW,CE,Federal Contract Tower,0,0,5,11,16,0,0,64,1,65,0,0,69,12,81,96,28,124,205
02/06/2009,SWO,OK,ASW,CE,Federal Contract Tower,0,0,4,0,4,0,0,22,0,22,0,0,26,0,26,30,0,30,56
02/07/2009,SWO,OK,ASW,CE,Federal Contract Tower,0,0,9,0,9,0,2,56,0,58,0,2,65,0,67,134,0,134,201
02/08/2009,SWO,OK,ASW,CE,Federal Contract Tower,0,0,10,0,10,0,0,19,0,19,0,0,29,0,29,10,0,10,39
02/09/2009,SWO,OK,ASW,CE,Federal Contract Tower,2,0,2,0,4,0,1,26,0,27,2,1,28,0,31,30,4,34,65
02/10/2009,SWO,OK,ASW,CE,Federal Contract Tower,0,2,4,4,10,0,0,33,1,34,0,2,37,5,44,54,32,86,130
02/11/2009,SWO,OK,ASW,CE,Federal Contract Tower,0,3,8,0,11,0,1,28,0,29,0,4,36,0,40,30,0,30,70
02/12/2009,SWO,OK,ASW,CE,Federal Contract Tower,0,0,16,4,20,0,0,98,0,98,0,0,114,4,118,152,0,152,270
02/13/2009,SWO,OK,ASW,CE,Federal Contract Tower,0,0,5,2,7,0,0,92,2,94,0,0,97,4,101,84,8,92,193
02/14/2009,SWO,OK,ASW,CE,Federal Contract Tower,1,3,3,0,7,0,5,41,0,46,1,8,44,0,53,188,0,188,241
02/15/2009,SWO,OK,ASW,CE,Federal Contract Tower,0,0,6,0,6,0,2,71,0,73,0,2,77,0,79,74,0,74,153
02/16/2009,SWO,OK,ASW,CE,Federal Contract Tower,0,1,14,0,15,0,0,104,0,104,0,1,118,0,119,214,0,214,333
02/17/2009,SWO,OK,ASW,CE,Federal Contract Tower,4,2,7,0,13,0,3,36,4,43,4,5,43,4,56,40,30,70,126
02/18/2009,SWO,OK,ASW,CE,Federal Contract Tower,0,0,13,3,16,0,4,104,2,110,0,4,117,5,126,158,20,178,304
02/19/2009,SWO,OK,ASW,CE,Federal Contract Tower,0,1,13,0,14,0,0,107,1,108,0,1,120,1,122,182,0,182,304
02/20/2009,SWO,OK,ASW,CE,Federal Contract Tower,0,1,9,0,10,0,2,67,0,69,0,3,76,0,79,124,0,124,203
02/21/2009,SWO,OK,ASW,CE,Federal Contract Tower,0,3,14,0,17,0,0,62,0,62,0,3,76,0,79,132,0,132,211
02/22/2009,SWO,OK,ASW,CE,Federal Contract Tower,0,0,11,0,11,0,4,87,0,91,0,4,98,0,102,152,0,152,254
02/23/2009,SWO,OK,ASW,CE,Federal Contract Tower,0,0,11,0,11,0,0,84,0,84,0,0,95,0,95,238,0,238,333
02/24/2009,SWO,OK,ASW,CE,Federal Contract Tower,0,0,13,2,15,0,3,110,3,116,0,3,123,5,131,190,30,220,351
02/25/2009,SWO,OK,ASW,CE,Federal Contract Tower,0,1,19,0,20,0,2,73,0,75,0,3,92,0,95,316,0,316,411
02/26/2009,SWO,OK,ASW,CE,Federal Contract Tower,0,1,8,2,11,0,2,49,1,52,0,3,57,3,63,166,0,166,229
02/27/2009,SWO,OK,ASW,CE,Federal Contract Tower,1,0,14,0,15,0,2,107,0,109,1,2,121,0,124,298,0,298,422
02/28/2009,SWO,OK,ASW,CE,Federal Contract Tower,0,5,4,0,9,0,0,28,0,28,0,5,32,0,37,16,0,16,53
03/01/2009,SWO,OK,ASW,CE,Federal Contract Tower,0,0,4,0,4,0,0,61,0,61,0,0,65,0,65,110,0,110,175
03/02/2009,SWO,OK,ASW,CE,Federal Contract Tower,0,1,13,1,15,0,2,111,1,114,0,3,124,2,129,268,32,300,429
03/03/2009,SWO,OK,ASW,CE,Federal Contract Tower,0,0,6,1,7,0,0,61,2,63,0,0,67,3,70,126,56,182,252
03/04/2009,SWO,OK,ASW,CE,Federal Contract Tower,0,2,22,3,27,0,5,104,0,109,0,7,126,3,136,234,0,234,370
03/05/2009,SWO,OK,ASW,CE,Federal Contract Tower,0,0,9,2,11,0,0,78,0,78,0,0,87,2,89,134,0,134,223
03/06/2009,SWO,OK,ASW,CE,Federal Contract Tower,0,2,24,0,26,0,4,148,0,152,0,6,172,0,178,268,0,268,446
03/07/2009,SWO,OK,ASW,CE,Federal Contract Tower,0,2,10,0,12,0,4,61,0,65,0,6,71,0,77,84,0,84,161
03/08/2009,SWO,OK,ASW,CE,Federal Contract Tower,0,1,6,0,7,0,0,113,0,113,0,1,119,0,120,121,0,121,241
03/09/2009,SWO,OK,ASW,CE,Federal Contract Tower,0,0,16,0,16,0,3,79,0,82,0,3,95,0,98,204,0,204,302
03/10/2009,SWO,OK,ASW,CE,Federal Contract Tower,0,1,4,0,5,0,2,42,0,44,0,3,46,0,49,116,0,116,165
03/11/2009,SWO,OK,ASW,CE,Federal Contract Tower,0,0,6,3,9,0,1,82,0,83,0,1,88,3,92,216,4,220,312
03/12/2009,SWO,OK,ASW,CE,Federal Contract Tower,0,0,0,0,0,0,0,1,0,1,0,0,1,0,1,34,0,34,35
03/13/2009,SWO,OK,ASW,CE,Federal Contract Tower,0,2,9,7,18,0,2,22,0,24,0,4,31,7,42,54,0,54,96
03/14/2009,SWO,OK,ASW,CE,Federal Contract Tower,0,2,8,0,10,0,1,52,0,53,0,3,60,0,63,42,0,42,105
03/15/2009,SWO,OK,ASW,CE,Federal Contract Tower,0,0,6,0,6,0,5,53,0,58,0,5,59,0,64,40,0,40,104
03/16/2009,SWO,OK,ASW,CE,Federal Contract Tower,0,1,16,0,17,0,1,79,2,82,0,2,95,2,99,104,0,104,203
03/17/2009,SWO,OK,ASW,CE,Federal Contract Tower,0,1,7,3,11,0,2,59,2,63,0,3,66,5,74,102,54,156,230
03/18/2009,SWO,OK,ASW,CE,Federal Contract Tower,2,0,7,1,10,0,5,73,4,82,2,5,80,5,92,166,0,166,258
03/19/2009,SWO,OK,ASW,CE,Federal Contract Tower,0,0,7,0,7,0,4,35,2,41,0,4,42,2,48,24,4,28,76
03/20/2009,SWO,OK,ASW,CE,Federal Contract Tower,0,0,6,4,10,0,3,22,0,25,0,3,28,4,35,68,0,68,103
03/21/2009,SWO,OK,ASW,CE,Federal Contract Tower,0,4,4,0,8,0,4,15,0,19,0,8,19,0,27,20,0,20,47
03/22/2009,SWO,OK,ASW,CE,Federal Contract Tower,0,0,7,1,8,0,0,9,0,9,0,0,16,1,17,4,1,5,22
03/23/2009,SWO,OK,ASW,CE,Federal Contract Tower,0,0,7,2,9,0,0,6,2,8,0,0,13,4,17,0,20,20,37
03/24/2009,SWO,OK,ASW,CE,Federal Contract Tower,0,0,6,0,6,0,0,52,0,52,0,0,58,0,58,44,0,44,102
03/25/2009,SWO,OK,ASW,CE,Federal Contract Tower,0,1,10,0,11,0,4,126,0,130,0,5,136,0,141,294,8,302,443
03/26/2009,SWO,OK,ASW,CE,Federal Contract Tower,0,0,29,0,29,0,1,4,0,5,0,1,33,0,34,24,0,24,58
03/27/2009,SWO,OK,ASW,CE,Federal Contract Tower,0,0,1,0,1,0,0,0,0,0,0,0,1,0,1,0,0,0,1
03/28/2009,SWO,OK,ASW,CE,Federal Contract Tower,0,0,4,0,4,0,0,1,0,1,0,0,5,0,5,8,0,8,13
03/29/2009,SWO,OK,ASW,CE,Federal Contract Tower,0,1,8,0,9,0,4,87,0,91,0,5,95,0,100,86,0,86,186
03/30/2009,SWO,OK,ASW,CE,Federal Contract Tower,0,0,4,0,4,0,3,53,0,56,0,3,57,0,60,6,0,6,66
03/31/2009,SWO,OK,ASW,CE,Federal Contract Tower,0,3,9,4,16,0,4,41,0,45,0,7,50,4,61,36,8,44,105
04/01/2009,SWO,OK,ASW,CE,Federal Contract Tower,0,2,7,0,9,0,3,47,0,50,0,5,54,0,59,88,0,88,147
04/02/2009,SWO,OK,ASW,CE,Federal Contract Tower,0,3,1,0,4,0,3,5,0,8,0,6,6,0,12,8,0,8,20
04/03/2009,SWO,OK,ASW,CE,Federal Contract Tower,0,0,16,1,17,0,2,128,1,131,0,2,144,2,148,284,0,284,432
04/04/2009,SWO,OK,ASW,CE,Federal Contract Tower,0,1,9,0,10,0,1,30,2,33,0,2,39,2,43,26,6,32,75
04/05/2009,SWO,OK,ASW,CE,Federal Contract Tower,0,2,0,0,2,0,2,4,0,6,0,4,4,0,8,4,0,4,12
04/06/2009,SWO,OK,ASW,CE,Federal Contract Tower,0,1,7,2,10,0,0,11,2,13,0,1,18,4,23,0,0,0,23
04/07/2009,SWO,OK,ASW,CE,Federal Contract Tower,0,1,11,8,20,0,5,149,4,158,0,6,160,12,178,390,0,390,568
04/08/2009,SWO,OK,ASW,CE,Federal Contract Tower,0,1,15,2,18,0,1,165,12,178,0,2,180,14,196,338,14,352,548
04/09/2009,SWO,OK,ASW,CE,Federal Contract Tower,0,1,3,1,5,0,2,16,7,25,0,3,19,8,30,16,0,16,46
04/10/2009,SWO,OK,ASW,CE,Federal Contract Tower,0,0,6,5,11,0,2,26,1,29,0,2,32,6,40,8,0,8,48
04/11/2009,SWO,OK,ASW,CE,Federal Contract Tower,0,0,3,0,3,0,1,49,0,50,0,1,52,0,53,24,0,24,77
04/12/2009,SWO,OK,ASW,CE,Federal Contract Tower,0,2,9,0,11,0,0,0,0,0,0,2,9,0,11,0,0,0,11
04/13/2009,SWO,OK,ASW,CE,Federal Contract Tower,0,0,8,0,8,0,3,7,4,14,0,3,15,4,22,14,0,14,36
04/14/2009,SWO,OK,ASW,CE,Federal Contract Tower,0,0,7,1,8,0,4,114,10,128,0,4,121,11,136,196,32,228,364
04/15/2009,SWO,OK,ASW,CE,Federal Contract Tower,0,0,12,1,13,0,2,103,3,108,0,2,115,4,121,278,12,290,411
04/16/2009,SWO,OK,ASW,CE,Federal Contract Tower,0,0,6,0,6,0,2,43,9,54,0,2,49,9,60,18,12,30,90
04/17/2009,SWO,OK,ASW,CE,Federal Contract Tower,0,0,6,0,6,0,0,0,0,0,0,0,6,0,6,82,0,82,88
04/18/2009,SWO,OK,ASW,CE,Federal Contract Tower,0,4,14,0,18,0,0,2,0,2,0,4,16,0,20,16,0,16,36
04/19/2009,SWO,OK,ASW,CE,Federal Contract Tower,0,3,8,2,13,0,0,0,0,0,0,3,8,2,13,0,2,2,15
04/20/2009,SWO,OK,ASW,CE,Federal Contract Tower,0,2,10,0,12,0,0,121,4,125,0,2,131,4,137,182,12,194,331
04/21/2009,SWO,OK,ASW,CE,Federal Contract Tower,0,0,6,0,6,0,2,132,0,134,0,2,138,0,140,340,0,340,480
04/22/2009,SWO,OK,ASW,CE,Federal Contract Tower,0,0,8,2,10,0,3,82,3,88,0,3,90,5,98,164,8,172,270
04/23/2009,SWO,OK,ASW,CE,Federal Contract Tower,0,3,4,2,9,0,1,82,0,83,0,4,86,2,92,118,0,118,210
04/24/2009,SWO,OK,ASW,CE,Federal Contract Tower,0,0,11,0,11,0,3,54,0,57,0,3,65,0,68,42,0,42,110
04/25/2009,SWO,OK,ASW,CE,Federal Contract Tower,0,0,9,0,9,0,2,18,0,20,0,2,27,0,29,38,0,38,67
04/26/2009,SWO,OK,ASW,CE,Federal Contract Tower,0,3,9,0,12,0,2,4,0,6,0,5,13,0,18,12,0,12,30
04/27/2009,SWO,OK,ASW,CE,Federal Contract Tower,0,0,5,4,9,0,0,13,0,13,0,0,18,4,22,66,0,66,88
04/28/2009,SWO,OK,ASW,CE,Federal Contract Tower,0,0,18,0,18,0,3,3,0,6,0,3,21,0,24,20,0,20,44
04/29/2009,SWO,OK,ASW,CE,Federal Contract Tower,0,0,3,0,3,0,2,16,0,18,0,2,19,0,21,8,0,8,29
04/30/2009,SWO,OK,ASW,CE,Federal Contract Tower,0,0,9,6,15,0,3,34,0,37,0,3,43,6,52,48,0,48,100
05/01/2009,SWO,OK,ASW,CE,Federal Contract Tower,0,0,21,0,21,0,0,0,0,0,0,0,21,0,21,0,0,0,21
05/02/2009,SWO,OK,ASW,CE,Federal Contract Tower,0,0,4,0,4,0,0,5,0,5,0,0,9,0,9,16,0,16,25
05/03/2009,SWO,OK,ASW,CE,Federal Contract Tower,0,0,6,0,6,0,3,3,0,6,0,3,9,0,12,20,0,20,32
05/04/2009,SWO,OK,ASW,CE,Federal Contract Tower,0,0,8,5,13,0,0,48,4,52,0,0,56,9,65,148,14,162,227
05/05/2009,SWO,OK,ASW,CE,Federal Contract Tower,0,0,5,0,5,0,0,0,0,0,0,0,5,0,5,0,0,0,5
05/06/2009,SWO,OK,ASW,CE,Federal Contract Tower,0,0,3,3,6,0,4,82,7,93,0,4,85,10,99,146,22,168,267
05/07/2009,SWO,OK,ASW,CE,Federal Contract Tower,0,2,9,6,17,0,1,17,0,18,0,3,26,6,35,22,0,22,57
05/08/2009,SWO,OK,ASW,CE,Federal Contract Tower,0,0,13,0,13,0,2,33,4,39,0,2,46,4,52,64,8,72,124
05/09/2009,SWO,OK,ASW,CE,Federal Contract Tower,0,2,2,0,4,0,3,28,0,31,0,5,30,0,35,20,0,20,55
05/10/2009,SWO,OK,ASW,CE,Federal Contract Tower,0,0,9,0,9,0,2,17,0,19,0,2,26,0,28,80,0,80,108
05/11/2009,SWO,OK,ASW,CE,Federal Contract Tower,0,0,3,0,3,0,0,50,0,50,0,0,53,0,53,146,0,146,199
05/12/2009,SWO,OK,ASW,CE,Federal Contract Tower,0,0,24,7,31,0,0,0,0,0,0,0,24,7,31,0,0,0,31
05/13/2009,SWO,OK,ASW,CE,Federal Contract Tower,0,0,3,6,9,0,2,20,4,26,0,2,23,10,35,14,10,24,59
05/14/2009,SWO,OK,ASW,CE,Federal Contract Tower,0,2,7,0,9,0,1,50,0,51,0,3,57,0,60,108,0,108,168
05/15/2009,SWO,OK,ASW,CE,Federal Contract Tower,0,2,3,3,8,0,2,40,0,42,0,4,43,3,50,58,0,58,108
05/16/2009,SWO,OK,ASW,CE,Federal Contract Tower,0,2,11,0,13,0,2,25,0,27,0,4,36,0,40,20,0,20,60
05/17/2009,SWO,OK,ASW,CE,Federal Contract Tower,0,2,2,6,10,0,2,79,2,83,0,4,81,8,93,158,0,158,251
05/18/2009,SWO,OK,ASW,CE,Federal Contract Tower,0,1,13,3,17,0,1,78,2,81,0,2,91,5,98,152,14,166,264
05/19/2009,SWO,OK,ASW,CE,Federal Contract Tower,0,0,16,3,19,0,6,117,0,123,0,6,133,3,142,166,14,180,322
05/20/2009,SWO,OK,ASW,CE,Federal Contract Tower,0,0,7,0,7,0,2,94,0,96,0,2,101,0,103,146,0,146,249
05/21/2009,SWO,OK,ASW,CE,Federal Contract Tower,0,1,8,9,18,0,5,92,1,98,0,6,100,10,116,142,6,148,264
05/22/2009,SWO,OK,ASW,CE,Federal Contract Tower,0,2,7,0,9,0,3,62,0,65,0,5,69,0,74,96,0,96,170
05/23/2009,SWO,OK,ASW,CE,Federal Contract Tower,0,1,5,0,6,0,0,45,0,45,0,1,50,0,51,30,0,30,81
05/24/2009,SWO,OK,ASW,CE,Federal Contract Tower,1,3,3,0,7,0,2,11,0,13,1,5,14,0,20,12,0,12,32
05/25/2009,SWO,OK,ASW,CE,Federal Contract Tower,0,0,7,1,8,0,2,21,2,25,0,2,28,3,33,34,0,34,67
05/26/2009,SWO,OK,ASW,CE,Federal Contract Tower,0,0,2,3,5,0,4,48,2,54,0,4,50,5,59,22,12,34,93
05/27/2009,SWO,OK,ASW,CE,Federal Contract Tower,2,0,8,2,12,0,2,14,1,17,2,2,22,3,29,16,4,20,49
05/28/2009,SWO,OK,ASW,CE,Federal Contract Tower,0,2,5,3,10,0,0,72,4,76,0,2,77,7,86,72,16,88,174
05/29/2009,SWO,OK,ASW,CE,Federal Contract Tower,0,1,10,2,13,0,2,75,0,77,0,3,85,2,90,76,2,78,168
05/30/2009,SWO,OK,ASW,CE,Federal Contract Tower,0,1,11,0,12,0,2,50,0,52,0,3,61,0,64,46,0,46,110
05/31/2009,SWO,OK,ASW,CE,Federal Contract Tower,0,4,2,0,6,0,1,31,0,32,0,5,33,0,38,60,0,60,98
06/01/2009,SWO,OK,ASW,CE,Federal Contract Tower,0,2,5,1,8,0,2,48,1,51,0,4,53,2,59,24,0,24,83
06/02/2009,SWO,OK,ASW,CE,Federal Contract Tower,0,0,6,4,10,0,4,22,1,27,0,4,28,5,37,20,10,30,67
06/03/2009,SWO,OK,ASW,CE,Federal Contract Tower,0,4,6,1,11,0,3,4,1,8,0,7,10,2,19,0,0,0,19
06/04/2009,SWO,OK,ASW,CE,Federal Contract Tower,0,2,8,0,10,0,2,78,0,80,0,4,86,0,90,156,0,156,246
06/05/2009,SWO,OK,ASW,CE,Federal Contract Tower,0,0,4,1,5,0,1,68,2,71,0,1,72,3,76,88,0,88,164
06/06/2009,SWO,OK,ASW,CE,Federal Contract Tower,0,0,4,0,4,0,3,25,0,28,0,3,29,0,32,0,0,0,32
06/07/2009,SWO,OK,ASW,CE,Federal Contract Tower,0,0,11,1,12,0,7,19,3,29,0,7,30,4,41,6,0,6,47
06/08/2009,SWO,OK,ASW,CE,Federal Contract Tower,0,0,0,0,0,0,0,53,0,53,0,0,53,0,53,108,0,108,161
06/09/2009,SWO,OK,ASW,CE,Federal Contract Tower,0,0,8,0,8,0,5,45,0,50,0,5,53,0,58,30,0,30,88
06/10/2009,SWO,OK,ASW,CE,Federal Contract Tower,0,0,6,0,6,0,2,39,0,41,0,2,45,0,47,62,0,62,109
06/11/2009,SWO,OK,ASW,CE,Federal Contract Tower,0,0,14,0,14,0,2,24,1,27,0,2,38,1,41,12,0,12,53
06/12/2009,SWO,OK,ASW,CE,Federal Contract Tower,0,0,2,0,2,0,0,0,0,0,0,0,2,0,2,76,0,76,78
06/13/2009,SWO,OK,ASW,CE,Federal Contract Tower,0,0,4,0,4,0,2,38,0,40,0,2,42,0,44,42,0,42,86
06/14/2009,SWO,OK,ASW,CE,Federal Contract Tower,0,0,4,0,4,0,0,23,0,23,0,0,27,0,27,10,0,10,37
06/15/2009,SWO,OK,ASW,CE,Federal Contract Tower,0,0,6,0,6,0,0,51,0,51,0,0,57,0,57,132,0,132,189
06/16/2009,SWO,OK,ASW,CE,Federal Contract Tower,0,2,5,0,7,0,6,58,3,67,0,8,63,3,74,98,0,98,172
06/17/2009,SWO,OK,ASW,CE,Federal Contract Tower,0,1,7,0,8,0,6,55,0,61,0,7,62,0,69,30,0,30,99
06/18/2009,SWO,OK,ASW,CE,Federal Contract Tower,0,1,9,0,10,0,7,53,0,60,0,8,62,0,70,42,0,42,112
06/19/2009,SWO,OK,ASW,CE,Federal Contract Tower,0,0,5,0,5,0,0,51,0,51,0,0,56,0,56,58,0,58,114
06/20/2009,SWO,OK,ASW,CE,Federal Contract Tower,0,0,6,0,6,0,0,21,0,21,0,0,27,0,27,26,0,26,53
06/21/2009,SWO,OK,ASW,CE,Federal Contract Tower,0,4,2,0,6,0,0,27,0,27,0,4,29,0,33,0,0,0,33
06/22/2009,SWO,OK,ASW,CE,Federal Contract Tower,0,0,5,0,5,0,2,54,0,56,0,2,59,0,61,50,0,50,111
06/23/2009,SWO,OK,ASW,CE,Federal Contract Tower,0,2,8,0,10,0,2,61,0,63,0,4,69,0,73,48,0,48,121
06/24/2009,SWO,OK,ASW,CE,Federal Contract Tower,0,0,2,0,2,0,6,63,4,73,0,6,65,4,75,104,10,114,189
06/25/2009,SWO,OK,ASW,CE,Federal Contract Tower,0,0,6,0,6,0,4,58,0,62,0,4,64,0,68,82,4,86,154
06/26/2009,SWO,OK,ASW,CE,Federal Contract Tower,0,0,5,0,5,0,0,47,0,47,0,0,52,0,52,86,0,86,138
06/27/2009,SWO,OK,ASW,CE,Federal Contract Tower,0,2,5,0,7,0,2,24,0,26,0,4,29,0,33,16,0,16,49
06/28/2009,SWO,OK,ASW,CE,Federal Contract Tower,0,1,1,0,2,0,2,36,0,38,0,3,37,0,40,24,0,24,64
06/29/2009,SWO,OK,ASW,CE,Federal Contract Tower,0,0,2,1,3,0,2,78,2,82,0,2,80,3,85,92,0,92,177
06/30/2009,SWO,OK,ASW,CE,Federal Contract Tower,0,0,5,1,6,0,2,53,0,55,0,2,58,1,61,132,0,132,193
07/01/2009,SWO,OK,ASW,CE,Federal Contract Tower,0,0,3,2,5,0,3,51,0,54,0,3,54,2,59,146,0,146,205
07/02/2009,SWO,OK,ASW,CE,Federal Contract Tower,0,0,3,0,3,0,4,42,0,46,0,4,45,0,49,38,0,38,87
07/03/2009,SWO,OK,ASW,CE,Federal Contract Tower,0,0,0,0,0,0,1,33,0,34,0,1,33,0,34,40,0,40,74
07/04/2009,SWO,OK,ASW,CE,Federal Contract Tower,0,0,0,0,0,0,0,6,0,6,0,0,6,0,6,0,0,0,6
07/05/2009,SWO,OK,ASW,CE,Federal Contract Tower,0,0,5,0,5,0,0,13,0,13,0,0,18,0,18,20,0,20,38
07/06/2009,SWO,OK,ASW,CE,Federal Contract Tower,0,0,7,0,7,0,1,60,0,61,0,1,67,0,68,88,0,88,156
07/07/2009,SWO,OK,ASW,CE,Federal Contract Tower,0,0,2,0,2,0,3,43,0,46,0,3,45,0,48,100,0,100,148
07/08/2009,SWO,OK,ASW,CE,Federal Contract Tower,0,0,2,2,4,0,1,29,0,30,0,1,31,2,34,10,0,10,44
07/09/2009,SWO,OK,ASW,CE,Federal Contract Tower,0,0,3,2,5,0,2,8,1,11,0,2,11,3,16,6,0,6,22
07/10/2009,SWO,OK,ASW,CE,Federal Contract Tower,0,3,5,0,8,0,7,46,0,53,0,10,51,0,61,10,0,10,71
07/11/2009,SWO,OK,ASW,CE,Federal Contract Tower,0,1,4,0,5,0,3,22,0,25,0,4,26,0,30,24,0,24,54
07/12/2009,SWO,OK,ASW,CE,Federal Contract Tower,0,0,4,0,4,0,0,29,0,29,0,0,33,0,33,28,0,28,61
07/13/2009,SWO,OK,ASW,CE,Federal Contract Tower,0,0,3,0,3,0,4,45,0,49,0,4,48,0,52,76,0,76,128
07/14/2009,SWO,OK,ASW,CE,Federal Contract Tower,0,0,4,0,4,0,5,50,5,60,0,5,54,5,64,102,0,102,166
07/15/2009,SWO,OK,ASW,CE,Federal Contract Tower,0,0,8,0,8,0,7,69,4,80,0,7,77,4,88,118,0,118,206
07/16/2009,SWO,OK,ASW,CE,Federal Contract Tower,0,0,6,0,6,0,1,50,4,55,0,1,56,4,61,64,0,64,125
07/17/2009,SWO,OK,ASW,CE,Federal Contract Tower,0,0,8,0,8,0,2,56,9,67,0,2,64,9,75,106,0,106,181
07/18/2009,SWO,OK,ASW,CE,Federal Contract Tower,0,0,5,0,5,0,4,18,0,22,0,4,23,0,27,30,0,30,57
07/19/2009,SWO,OK,ASW,CE,Federal Contract Tower,0,1,2,0,3,0,0,18,0,18,0,1,20,0,21,34,0,34,55
07/20/2009,SWO,OK,ASW,CE,Federal Contract Tower,0,0,8,0,8,0,4,39,0,43,0,4,47,0,51,50,0,50,101
07/21/2009,SWO,OK,ASW,CE,Federal Contract Tower,0,0,5,1,6,0,1,31,2,34,0,1,36,3,40,36,8,44,84
07/22/2009,SWO,OK,ASW,CE,Federal Contract Tower,0,1,4,0,5,0,5,75,0,80,0,6,79,0,85,62,0,62,147
07/23/2009,SWO,OK,ASW,CE,Federal Contract Tower,0,0,6,0,6,0,1,53,2,56,0,1,59,2,62,70,0,70,132
07/24/2009,SWO,OK,ASW,CE,Federal Contract Tower,0,0,7,0,7,0,2,61,0,63,0,2,68,0,70,54,0,54,124
07/25/2009,SWO,OK,ASW,CE,Federal Contract Tower,0,2,9,0,11,0,2,33,0,35,0,4,42,0,46,32,0,32,78
07/26/2009,SWO,OK,ASW,CE,Federal Contract Tower,0,2,3,0,5,0,0,20,0,20,0,2,23,0,25,36,0,36,61
07/27/2009,SWO,OK,ASW,CE,Federal Contract Tower,0,4,2,0,6,0,0,33,0,33,0,4,35,0,39,360,0,360,399
07/28/2009,SWO,OK,ASW,CE,Federal Contract Tower,0,2,10,0,12,0,3,22,0,25,0,5,32,0,37,48,0,48,85
07/29/2009,SWO,OK,ASW,CE,Federal Contract Tower,0,1,4,0,5,0,2,8,0,10,0,3,12,0,15,12,0,12,27
07/30/2009,SWO,OK,ASW,CE,Federal Contract Tower,0,0,4,0,4,0,4,27,0,31,0,4,31,0,35,44,0,44,79
07/31/2009,SWO,OK,ASW,CE,Federal Contract Tower,0,0,0,0,0,0,3,47,0,50,0,3,47,0,50,82,0,82,132
08/01/2009,SWO,OK,ASW,CE,Federal Contract Tower,0,2,2,0,4,0,0,25,0,25,0,2,27,0,29,30,0,30,59
08/02/2009,SWO,OK,ASW,CE,Federal Contract Tower,0,0,2,0,2,0,5,39,0,44,0,5,41,0,46,66,0,66,112
08/03/2009,SWO,OK,ASW,CE,Federal Contract Tower,0,0,7,0,7,0,4,28,0,32,0,4,35,0,39,62,0,62,101
08/04/2009,SWO,OK,ASW,CE,Federal Contract Tower,0,0,4,0,4,0,4,41,0,45,0,4,45,0,49,20,0,20,69
08/05/2009,SWO,OK,ASW,CE,Federal Contract Tower,0,0,2,0,2,0,10,23,0,33,0,10,25,0,35,14,0,14,49
08/06/2009,SWO,OK,ASW,CE,Federal Contract Tower,0,2,5,0,7,0,0,8,2,10,0,2,13,2,17,16,0,16,33
08/07/2009,SWO,OK,ASW,CE,Federal Contract Tower,0,2,3,0,5,0,1,31,0,32,0,3,34,0,37,28,0,28,65
08/08/2009,SWO,OK,ASW,CE,Federal Contract Tower,0,2,4,0,6,0,0,23,6,29,0,2,27,6,35,6,2,8,43
08/09/2009,SWO,OK,ASW,CE,Federal Contract Tower,0,0,2,1,3,0,2,19,4,25,0,2,21,5,28,38,8,46,74
08/10/2009,SWO,OK,ASW,CE,Federal Contract Tower,0,0,2,0,2,0,2,16,0,18,0,2,18,0,20,26,0,26,46
08/11/2009,SWO,OK,ASW,CE,Federal Contract Tower,0,0,6,0,6,0,0,32,0,32,0,0,38,0,38,56,0,56,94
08/12/2009,SWO,OK,ASW,CE,Federal Contract Tower,0,0,5,6,11,0,0,49,0,49,0,0,54,6,60,122,18,140,200
08/13/2009,SWO,OK,ASW,CE,Federal Contract Tower,0,0,5,2,7,0,0,57,2,59,0,0,62,4,66,78,0,78,144
08/14/2009,SWO,OK,ASW,CE,Federal Contract Tower,0,0,5,0,5,0,2,57,0,59,0,2,62,0,64,78,0,78,142
08/15/2009,SWO,OK,ASW,CE,Federal Contract Tower,0,4,6,0,10,0,8,22,4,34,0,12,28,4,44,14,0,14,58
08/16/2009,SWO,OK,ASW,CE,Federal Contract Tower,0,0,5,0,5,0,4,31,2,37,0,4,36,2,42,16,4,20,62
08/17/2009,SWO,OK,ASW,CE,Federal Contract Tower,0,0,6,0,6,0,0,41,0,41,0,0,47,0,47,24,0,24,71
08/18/2009,SWO,OK,ASW,CE,Federal Contract Tower,0,2,4,0,6,0,0,23,0,23,0,2,27,0,29,18,0,18,47
08/19/2009,SWO,OK,ASW,CE,Federal Contract Tower,0,1,2,0,3,0,1,43,0,44,0,2,45,0,47,86,0,86,133
08/20/2009,SWO,OK,ASW,CE,Federal Contract Tower,0,1,6,0,7,0,4,59,0,63,0,5,65,0,70,46,0,46,116
08/21/2009,SWO,OK,ASW,CE,Federal Contract Tower,0,0,11,0,11,0,2,111,1,114,0,2,122,1,125,70,0,70,195
08/22/2009,SWO,OK,ASW,CE,Federal Contract Tower,0,2,3,0,5,0,7,83,6,96,0,9,86,6,101,158,40,198,299
08/23/2009,SWO,OK,ASW,CE,Federal Contract Tower,0,1,3,0,4,0,2,41,2,45,0,3,44,2,49,36,2,38,87
08/24/2009,SWO,OK,ASW,CE,Federal Contract Tower,0,0,3,0,3,0,3,86,0,89,0,3,89,0,92,100,0,100,192
08/25/2009,SWO,OK,ASW,CE,Federal Contract Tower,0,1,2,0,3,0,7,76,0,83,0,8,78,0,86,102,0,102,188
08/26/2009,SWO,OK,ASW,CE,Federal Contract Tower,0,0,5,2,7,0,5,102,0,107,0,5,107,2,114,160,0,160,274
08/27/2009,SWO,OK,ASW,CE,Federal Contract Tower,0,0,3,0,3,0,3,45,2,50,0,3,48,2,53,106,0,106,159
08/28/2009,SWO,OK,ASW,CE,Federal Contract Tower,0,4,5,0,9,0,4,118,0,122,0,8,123,0,131,100,0,100,231
08/29/2009,SWO,OK,ASW,CE,Federal Contract Tower,0,2,3,0,5,0,3,55,0,58,0,5,58,0,63,122,0,122,185
08/30/2009,SWO,OK,ASW,CE,Federal Contract Tower,0,0,4,0,4,0,0,51,0,51,0,0,55,0,55,44,0,44,99
08/31/2009,SWO,OK,ASW,CE,Federal Contract Tower,0,3,0,0,3,0,2,82,0,84,0,5,82,0,87,182,0,182,269
09/01/2009,SWO,OK,ASW,CE,Federal Contract Tower,0,0,1,0,1,0,7,64,0,71,0,7,65,0,72,154,0,154,226
09/02/2009,SWO,OK,ASW,CE,Federal Contract Tower,0,1,6,0,7,0,0,48,0,48,0,1,54,0,55,20,0,20,75
09/03/2009,SWO,OK,ASW,CE,Federal Contract Tower,0,3,9,0,12,0,6,83,0,89,0,9,92,0,101,238,0,238,339
09/04/2009,SWO,OK,ASW,CE,Federal Contract Tower,0,4,19,2,25,0,1,83,5,89,0,5,102,7,114,354,0,354,468
09/05/2009,SWO,OK,ASW,CE,Federal Contract Tower,10,16,71,3,100,0,3,31,0,34,10,19,102,3,134,0,0,0,134
09/06/2009,SWO,OK,ASW,CE,Federal Contract Tower,0,3,15,0,18,0,0,20,0,20,0,3,35,0,38,36,0,36,74
09/07/2009,SWO,OK,ASW,CE,Federal Contract Tower,0,1,2,0,3,0,0,37,0,37,0,1,39,0,40,76,0,76,116
09/08/2009,SWO,OK,ASW,CE,Federal Contract Tower,0,1,8,0,9,0,0,52,0,52,0,1,60,0,61,184,0,184,245
09/09/2009,SWO,OK,ASW,CE,Federal Contract Tower,0,2,12,0,14,0,2,119,0,121,0,4,131,0,135,200,0,200,335
09/10/2009,SWO,OK,ASW,CE,Federal Contract Tower,0,0,8,2,10,0,0,0,0,0,0,0,8,2,10,0,0,0,10
09/11/2009,SWO,OK,ASW,CE,Federal Contract Tower,0,3,28,0,31,0,0,33,0,33,0,3,61,0,64,78,0,78,142
09/12/2009,SWO,OK,ASW,CE,Federal Contract Tower,0,11,19,0,30,0,0,21,0,21,0,11,40,0,51,88,0,88,139
09/13/2009,SWO,OK,ASW,CE,Federal Contract Tower,0,0,8,0,8,0,0,5,0,5,0,0,13,0,13,58,0,58,71
09/14/2009,SWO,OK,ASW,CE,Federal Contract Tower,0,2,31,3,36,0,0,6,0,6,0,2,37,3,42,0,0,0,42
09/15/2009,SWO,OK,ASW,CE,Federal Contract Tower,0,1,43,0,44,0,1,25,0,26,0,2,68,0,70,208,0,208,278
09/16/2009,SWO,OK,ASW,CE,Federal Contract Tower,0,2,17,8,27,0,0,87,0,87,0,2,104,8,114,144,0,144,258
09/17/2009,SWO,OK,ASW,CE,Federal Contract Tower,0,0,13,5,18,0,3,88,0,91,0,3,101,5,109,104,0,104,213
09/18/2009,SWO,OK,ASW,CE,Federal Contract Tower,2,0,7,6,15,0,0,106,1,107,2,0,113,7,122,264,8,272,394
09/19/2009,SWO,OK,ASW,CE,Federal Contract Tower,1,3,20,0,24,0,1,32,0,33,1,4,52,0,57,32,0,32,89
09/20/2009,SWO,OK,ASW,CE,Federal Contract Tower,0,4,7,0,11,0,1,76,0,77,0,5,83,0,88,100,0,100,188
09/21/2009,SWO,OK,ASW,CE,Federal Contract Tower,0,0,20,2,22,0,0,82,2,84,0,0,102,4,106,184,6,190,296
09/22/2009,SWO,OK,ASW,CE,Federal Contract Tower,0,4,12,2,18,0,0,70,0,70,0,4,82,2,88,218,0,218,306
09/23/2009,SWO,OK,ASW,CE,Federal Contract Tower,0,0,9,1,10,0,0,132,3,135,0,0,141,4,145,230,18,248,393
09/24/2009,SWO,OK,ASW,CE,Federal Contract Tower,0,0,12,2,14,0,2,107,0,109,0,2,119,2,123,194,16,210,333
09/25/2009,SWO,OK,ASW,CE,Federal Contract Tower,0,2,13,2,17,0,0,139,1,140,0,2,152,3,157,214,14,228,385
09/26/2009,SWO,OK,ASW,CE,Federal Contract Tower,0,3,23,0,26,0,1,140,0,141,0,4,163,0,167,92,0,92,259
09/27/2009,SWO,OK,ASW,CE,Federal Contract Tower,0,1,8,0,9,0,2,63,0,65,0,3,71,0,74,112,0,112,186
09/28/2009,SWO,OK,ASW,CE,Federal Contract Tower,0,0,16,12,28,0,1,121,2,124,0,1,137,14,152,256,22,278,430
09/29/2009,SWO,OK,ASW,CE,Federal Contract Tower,0,3,8,1,12,0,6,84,0,90,0,9,92,1,102,196,0,196,298
09/30/2009,SWO,OK,ASW,CE,Federal Contract Tower,0,0,15,2,17,0,0,78,2,80,0,0,93,4,97,190,0,190,287
10/01/2009,SWO,OK,ASW,CE,Federal Contract Tower,0,2,7,5,14,0,8,28,1,37,0,10,35,6,51,20,8,28,79
10/02/2009,SWO,OK,ASW,CE,Federal Contract Tower,0,0,7,5,12,0,0,55,1,56,0,0,62,6,68,164,0,164,232
10/03/2009,SWO,OK,ASW,CE,Federal Contract Tower,0,0,0,0,0,0,4,79,0,83,0,4,79,0,83,92,0,92,175
10/04/2009,SWO,OK,ASW,CE,Federal Contract Tower,0,0,17,0,17,0,1,2,0,3,0,1,19,0,20,0,0,0,20
10/05/2009,SWO,OK,ASW,CE,Federal Contract Tower,0,0,24,2,26,0,2,0,0,2,0,2,24,2,28,0,0,0,28
10/06/2009,SWO,OK,ASW,CE,Federal Contract Tower,0,0,2,5,7,0,2,42,1,45,0,2,44,6,52,84,0,84,136
10/07/2009,SWO,OK,ASW,CE,Federal Contract Tower,0,0,13,9,22,0,0,91,3,94,0,0,104,12,116,302,16,318,434
10/08/2009,SWO,OK,ASW,CE,Federal Contract Tower,0,2,3,0,5,0,0,0,0,0,0,2,3,0,5,0,0,0,5
10/09/2009,SWO,OK,ASW,CE,Federal Contract Tower,2,1,9,8,20,0,1,12,0,13,2,2,21,8,33,40,8,48,81
10/10/2009,SWO,OK,ASW,CE,Federal Contract Tower,2,0,17,4,23,0,0,61,1,62,2,0,78,5,85,28,0,28,113
10/11/2009,SWO,OK,ASW,CE,Federal Contract Tower,2,0,17,4,23,0,0,61,1,62,2,0,78,5,85,28,0,28,113
10/12/2009,SWO,OK,ASW,CE,Federal Contract Tower,0,3,24,0,27,0,0,0,0,0,0,3,24,0,27,0,0,0,27
10/13/2009,SWO,OK,ASW,CE,Federal Contract Tower,0,2,13,0,15,0,0,0,0,0,0,2,13,0,15,0,0,0,15
10/14/2009,SWO,OK,ASW,CE,Federal Contract Tower,0,0,9,0,9,0,0,0,0,0,0,0,9,0,9,0,0,0,9
10/15/2009,SWO,OK,ASW,CE,Federal Contract Tower,0,2,37,5,44,0,2,37,1,40,0,4,74,6,84,108,0,108,192
10/16/2009,SWO,OK,ASW,CE,Federal Contract Tower,0,0,39,0,39,0,3,126,0,129,0,3,165,0,168,240,0,240,408
10/17/2009,SWO,OK,ASW,CE,Federal Contract Tower,1,0,22,0,23,0,3,57,0,60,1,3,79,0,83,42,0,42,125
10/18/2009,SWO,OK,ASW,CE,Federal Contract Tower,0,0,24,4,28,0,1,76,0,77,0,1,100,4,105,100,0,100,205
10/19/2009,SWO,OK,ASW,CE,Federal Contract Tower,0,0,6,2,8,0,5,75,2,82,0,5,81,4,90,168,4,172,262
10/20/2009,SWO,OK,ASW,CE,Federal Contract Tower,0,7,9,3,19,0,3,52,7,62,0,10,61,10,81,82,30,112,193
10/21/2009,SWO,OK,ASW,CE,Federal Contract Tower,0,0,7,0,7,0,3,3,0,6,0,3,10,0,13,40,0,40,53
10/22/2009,SWO,OK,ASW,CE,Federal Contract Tower,0,3,23,4,30,0,0,5,0,5,0,3,28,4,35,24,0,24,59
10/23/2009,SWO,OK,ASW,CE,Federal Contract Tower,2,4,17,4,27,0,3,82,0,85,2,7,99,4,112,162,0,162,274
10/24/2009,SWO,OK,ASW,CE,Federal Contract Tower,2,0,9,0,11,0,3,73,0,76,2,3,82,0,87,88,0,88,175
10/25/2009,SWO,OK,ASW,CE,Federal Contract Tower,0,0,14,0,14,0,0,43,0,43,0,0,57,0,57,110,0,110,167
10/26/2009,SWO,OK,ASW,CE,Federal Contract Tower,0,2,16,7,25,0,1,90,1,92,0,3,106,8,117,242,0,242,359
10/27/2009,SWO,OK,ASW,CE,Federal Contract Tower,0,3,14,10,27,0,3,136,5,144,0,6,150,15,171,326,28,354,525
10/28/2009,SWO,OK,ASW,CE,Federal Contract Tower,0,0,12,0,12,0,0,36,2,38,0,0,48,2,50,76,0,76,126
10/29/2009,SWO,OK,ASW,CE,Federal Contract Tower,0,0,13,0,13,0,1,0,0,1,0,1,13,0,14,0,0,0,14
10/30/2009,SWO,OK,ASW,CE,Federal Contract Tower,2,4,23,2,31,0,3,82,4,89,2,7,105,6,120,150,34,184,304
10/31/2009,SWO,OK,ASW,CE,Federal Contract Tower,1,6,62,0,69,0,3,131,1,135,1,9,193,1,204,66,0,66,270
11/01/2009,SWO,OK,ASW,CE,Federal Contract Tower,1,2,25,10,38,0,3,70,1,74,1,5,95,11,112,58,0,58,170
11/02/2009,SWO,OK,ASW,CE,Federal Contract Tower,0,0,22,4,26,0,2,129,2,133,0,2,151,6,159,284,4,288,447
11/03/2009,SWO,OK,ASW,CE,Federal Contract Tower,0,0,16,26,42,0,1,142,0,143,0,1,158,26,185,340,4,344,529
11/04/2009,SWO,OK,ASW,CE,Federal Contract Tower,0,0,22,4,26,0,0,122,0,122,0,0,144,4,148,266,0,266,414
11/05/2009,SWO,OK,ASW,CE,Federal Contract Tower,0,0,11,2,13,0,3,115,0,118,0,3,126,2,131,202,0,202,333
11/06/2009,SWO,OK,ASW,CE,Federal Contract Tower,2,0,1,0,3,0,1,82,0,83,2,1,83,0,86,92,0,92,178
11/07/2009,SWO,OK,ASW,CE,Federal Contract Tower,0,4,7,0,11,0,4,45,0,49,0,8,52,0,60,28,0,28,88
11/08/2009,SWO,OK,ASW,CE,Federal Contract Tower,0,0,6,1,7,0,0,37,6,43,0,0,43,7,50,38,30,68,118
11/09/2009,SWO,OK,ASW,CE,Federal Contract Tower,0,1,20,6,27,0,0,98,2,100,0,1,118,8,127,216,26,242,369
11/10/2009,SWO,OK,ASW,CE,Federal Contract Tower,0,0,19,0,19,0,2,8,0,10,0,2,27,0,29,36,0,36,65
11/11/2009,SWO,OK,ASW,CE,Federal Contract Tower,0,2,16,0,18,0,2,120,2,124,0,4,136,2,142,190,2,192,334
11/12/2009,SWO,OK,ASW,CE,Federal Contract Tower,0,0,19,3,22,0,2,116,0,118,0,2,135,3,140,188,8,196,336
11/13/2009,SWO,OK,ASW,CE,Federal Contract Tower,0,4,26,4,34,0,0,111,0,111,0,4,137,4,145,180,0,180,325
11/14/2009,SWO,OK,ASW,CE,Federal Contract Tower,0,4,65,0,69,0,0,3,0,3,0,4,68,0,72,0,0,0,72
11/15/2009,SWO,OK,ASW,CE,Federal Contract Tower,1,5,16,0,22,0,0,0,0,0,1,5,16,0,22,0,0,0,22
11/16/2009,SWO,OK,ASW,CE,Federal Contract Tower,0,0,3,0,3,0,0,7,4,11,0,0,10,4,14,2,0,2,16
11/17/2009,SWO,OK,ASW,CE,Federal Contract Tower,0,2,11,14,27,0,1,39,8,48,0,3,50,22,75,94,0,94,169
11/18/2009,SWO,OK,ASW,CE,Federal Contract Tower,0,0,25,6,31,0,2,145,0,147,0,2,170,6,178,278,2,280,458
11/19/2009,SWO,OK,ASW,CE,Federal Contract Tower,1,4,32,2,39,0,0,118,6,124,1,4,150,8,163,168,0,168,331
11/20/2009,SWO,OK,ASW,CE,Federal Contract Tower,0,1,23,2,26,0,0,15,0,15,0,1,38,2,41,112,0,112,153
11/21/2009,SWO,OK,ASW,CE,Federal Contract Tower,0,0,25,0,25,0,0,18,0,18,0,0,43,0,43,14,0,14,57
11/22/2009,SWO,OK,ASW,CE,Federal Contract Tower,0,0,14,0,14,0,0,86,0,86,0,0,100,0,100,58,0,58,158
11/23/2009,SWO,OK,ASW,CE,Federal Contract Tower,0,1,11,1,13,0,0,43,1,44,0,1,54,2,57,106,0,106,163
11/24/2009,SWO,OK,ASW,CE,Federal Contract Tower,0,2,9,4,15,0,1,66,0,67,0,3,75,4,82,144,0,144,226
11/25/2009,SWO,OK,ASW,CE,Federal Contract Tower,0,0,10,0,10,0,0,58,0,58,0,0,68,0,68,92,0,92,160
11/26/2009,SWO,OK,ASW,CE,Federal Contract Tower,0,0,1,0,1,0,0,21,0,21,0,0,22,0,22,8,0,8,30
11/27/2009,SWO,OK,ASW,CE,Federal Contract Tower,0,0,0,0,0,0,0,28,0,28,0,0,28,0,28,26,0,26,54
11/28/2009,SWO,OK,ASW,CE,Federal Contract Tower,0,0,2,0,2,0,4,26,0,30,0,4,28,0,32,10,0,10,42
11/29/2009,SWO,OK,ASW,CE,Federal Contract Tower,0,0,3,0,3,0,4,9,0,13,0,4,12,0,16,20,0,20,36
11/30/2009,SWO,OK,ASW,CE,Federal Contract Tower,0,0,16,0,16,0,0,108,0,108,0,0,124,0,124,212,0,212,336
12/01/2009,SWO,OK,ASW,CE,Federal Contract Tower,0,0,17,6,23,0,2,91,0,93,0,2,108,6,116,148,54,202,318
12/02/2009,SWO,OK,ASW,CE,Federal Contract Tower,0,0,5,0,5,0,0,31,0,31,0,0,36,0,36,64,0,64,100
12/03/2009,SWO,OK,ASW,CE,Federal Contract Tower,0,0,6,7,13,0,2,87,1,90,0,2,93,8,103,72,10,82,185
12/04/2009,SWO,OK,ASW,CE,Federal Contract Tower,22,0,20,0,42,0,3,120,0,123,22,3,140,0,165,194,0,194,359
12/05/2009,SWO,OK,ASW,CE,Federal Contract Tower,0,0,9,0,9,0,2,79,0,81,0,2,88,0,90,66,0,66,156
12/06/2009,SWO,OK,ASW,CE,Federal Contract Tower,0,0,6,8,14,0,6,17,0,23,0,6,23,8,37,102,0,102,139
12/07/2009,SWO,OK,ASW,CE,Federal Contract Tower,0,2,14,15,31,0,0,39,1,40,0,2,53,16,71,174,24,198,269
12/08/2009,SWO,OK,ASW,CE,Federal Contract Tower,0,0,0,0,0,0,0,0,0,0,0,0,0,0,0,0,0,0,0
12/09/2009,SWO,OK,ASW,CE,Federal Contract Tower,0,0,19,7,26,0,0,73,0,73,0,0,92,7,99,46,0,46,145
12/10/2009,SWO,OK,ASW,CE,Federal Contract Tower,0,1,25,1,27,0,2,95,5,102,0,3,120,6,129,82,42,124,253
12/11/2009,SWO,OK,ASW,CE,Federal Contract Tower,0,1,14,3,18,0,0,91,0,91,0,1,105,3,109,80,0,80,189
12/12/2009,SWO,OK,ASW,CE,Federal Contract Tower,0,5,3,0,8,0,5,6,0,11,0,10,9,0,19,28,0,28,47
12/13/2009,SWO,OK,ASW,CE,Federal Contract Tower,0,0,3,0,3,0,2,42,0,44,0,2,45,0,47,14,0,14,61
12/14/2009,SWO,OK,ASW,CE,Federal Contract Tower,0,0,4,5,9,0,3,27,2,32,0,3,31,7,41,102,6,108,149
12/15/2009,SWO,OK,ASW,CE,Federal Contract Tower,0,2,5,5,12,0,2,32,4,38,0,4,37,9,50,68,8,76,126
12/16/2009,SWO,OK,ASW,CE,Federal Contract Tower,0,0,10,4,14,0,2,57,7,66,0,2,67,11,80,60,32,92,172
12/17/2009,SWO,OK,ASW,CE,Federal Contract Tower,0,0,9,2,11,0,0,59,1,60,0,0,68,3,71,44,0,44,115
12/18/2009,SWO,OK,ASW,CE,Federal Contract Tower,0,0,7,4,11,0,4,52,5,61,0,4,59,9,72,26,10,36,108
12/19/2009,SWO,OK,ASW,CE,Federal Contract Tower,0,1,6,0,7,0,2,3,0,5,0,3,9,0,12,28,0,28,40
12/20/2009,SWO,OK,ASW,CE,Federal Contract Tower,0,0,4,0,4,0,0,59,0,59,0,0,63,0,63,32,0,32,95
12/21/2009,SWO,OK,ASW,CE,Federal Contract Tower,0,0,2,3,5,0,0,35,0,35,0,0,37,3,40,50,2,52,92
12/22/2009,SWO,OK,ASW,CE,Federal Contract Tower,0,0,7,11,18,0,1,2,0,3,0,1,9,11,21,0,0,0,21
12/23/2009,SWO,OK,ASW,CE,Federal Contract Tower,0,0,1,0,1,0,2,0,0,2,0,2,1,0,3,0,0,0,3
12/24/2009,SWO,OK,ASW,CE,Federal Contract Tower,0,0,0,0,0,0,0,0,0,0,0,0,0,0,0,0,0,0,0
12/25/2009,SWO,OK,ASW,CE,Federal Contract Tower,0,0,0,0,0,0,4,0,0,4,0,4,0,0,4,0,0,0,4
12/26/2009,SWO,OK,ASW,CE,Federal Contract Tower,0,0,2,0,2,0,2,6,0,8,0,2,8,0,10,0,0,0,10
12/27/2009,SWO,OK,ASW,CE,Federal Contract Tower,0,0,0,0,0,0,1,2,0,3,0,1,2,0,3,0,0,0,3
12/28/2009,SWO,OK,ASW,CE,Federal Contract Tower,0,0,6,0,6,0,1,21,0,22,0,1,27,0,28,0,0,0,28
12/29/2009,SWO,OK,ASW,CE,Federal Contract Tower,0,0,1,0,1,0,5,11,0,16,0,5,12,0,17,14,0,14,31
12/30/2009,SWO,OK,ASW,CE,Federal Contract Tower,0,0,2,0,2,0,0,0,0,0,0,0,2,0,2,0,0,0,2
12/31/2009,SWO,OK,ASW,CE,Federal Contract Tower,0,0,2,0,2,0,4,3,0,7,0,4,5,0,9,4,0,4,13
01/01/2010,SWO,OK,ASW,CE,Federal Contract Tower,0,0,5,0,5,0,0,24,0,24,0,0,29,0,29,8,0,8,37
01/02/2010,SWO,OK,ASW,CE,Federal Contract Tower,0,0,0,0,0,0,2,2,0,4,0,2,2,0,4,0,0,0,4
01/03/2010,SWO,OK,ASW,CE,Federal Contract Tower,0,2,1,0,3,0,0,0,0,0,0,2,1,0,3,0,0,0,3
01/04/2010,SWO,OK,ASW,CE,Federal Contract Tower,0,0,2,0,2,0,2,13,0,15,0,2,15,0,17,40,0,40,57
01/05/2010,SWO,OK,ASW,CE,Federal Contract Tower,0,0,1,0,1,0,0,9,2,11,0,0,10,2,12,18,0,18,30
01/06/2010,SWO,OK,ASW,CE,Federal Contract Tower,0,0,7,4,11,0,3,18,0,21,0,3,25,4,32,18,0,18,50
01/07/2010,SWO,OK,ASW,CE,Federal Contract Tower,0,0,4,3,7,0,2,7,0,9,0,2,11,3,16,0,28,28,44
01/08/2010,SWO,OK,ASW,CE,Federal Contract Tower,0,5,0,8,13,0,0,11,3,14,0,5,11,11,27,58,0,58,85
01/09/2010,SWO,OK,ASW,CE,Federal Contract Tower,0,1,6,0,7,0,2,8,0,10,0,3,14,0,17,0,0,0,17
01/10/2010,SWO,OK,ASW,CE,Federal Contract Tower,0,0,12,0,12,0,1,39,0,40,0,1,51,0,52,50,0,50,102
01/11/2010,SWO,OK,ASW,CE,Federal Contract Tower,0,0,19,8,27,0,2,84,3,89,0,2,103,11,116,114,0,114,230
01/12/2010,SWO,OK,ASW,CE,Federal Contract Tower,0,0,18,9,27,0,1,57,1,59,0,1,75,10,86,80,4,84,170
01/13/2010,SWO,OK,ASW,CE,Federal Contract Tower,0,0,7,10,17,0,2,52,3,57,0,2,59,13,74,44,10,54,128
01/14/2010,SWO,OK,ASW,CE,Federal Contract Tower,0,0,19,8,27,0,2,16,2,20,0,2,35,10,47,56,4,60,107
01/15/2010,SWO,OK,ASW,CE,Federal Contract Tower,0,2,8,0,10,0,0,0,0,0,0,2,8,0,10,0,0,0,10
01/16/2010,SWO,OK,ASW,CE,Federal Contract Tower,0,1,1,0,2,0,0,0,0,0,0,1,1,0,2,0,0,0,2
01/17/2010,SWO,OK,ASW,CE,Federal Contract Tower,0,0,5,0,5,0,1,21,0,22,0,1,26,0,27,18,0,18,45
01/18/2010,SWO,OK,ASW,CE,Federal Contract Tower,0,2,17,0,19,0,2,139,0,141,0,4,156,0,160,172,0,172,332
01/19/2010,SWO,OK,ASW,CE,Federal Contract Tower,2,0,5,4,11,0,2,25,0,27,2,2,30,4,38,80,0,80,118
01/20/2010,SWO,OK,ASW,CE,Federal Contract Tower,0,0,0,0,0,0,2,90,3,95,0,2,90,3,95,174,0,174,269
01/21/2010,SWO,OK,ASW,CE,Federal Contract Tower,0,0,18,4,22,0,0,37,1,38,0,0,55,5,60,128,0,128,188
01/22/2010,SWO,OK,ASW,CE,Federal Contract Tower,0,4,14,3,21,0,3,58,7,68,0,7,72,10,89,54,30,84,173
01/23/2010,SWO,OK,ASW,CE,Federal Contract Tower,0,2,6,0,8,0,1,42,6,49,0,3,48,6,57,34,14,48,105
01/24/2010,SWO,OK,ASW,CE,Federal Contract Tower,0,0,9,0,9,0,0,70,0,70,0,0,79,0,79,40,0,40,119
01/25/2010,SWO,OK,ASW,CE,Federal Contract Tower,0,0,3,2,5,0,2,41,4,47,0,2,44,6,52,126,12,138,190
01/26/2010,SWO,OK,ASW,CE,Federal Contract Tower,1,3,24,4,32,0,1,128,0,129,1,4,152,4,161,220,36,256,417
01/27/2010,SWO,OK,ASW,CE,Federal Contract Tower,0,2,16,4,22,0,2,74,1,77,0,4,90,5,99,120,12,132,231
01/28/2010,SWO,OK,ASW,CE,Federal Contract Tower,0,0,0,0,0,0,0,0,0,0,0,0,0,0,0,0,0,0,0
01/29/2010,SWO,OK,ASW,CE,Federal Contract Tower,0,0,0,0,0,0,0,0,0,0,0,0,0,0,0,0,0,0,0
01/30/2010,SWO,OK,ASW,CE,Federal Contract Tower,2,0,8,0,10,0,0,1,0,1,2,0,9,0,11,0,0,0,11
01/31/2010,SWO,OK,ASW,CE,Federal Contract Tower,0,2,0,0,2,0,0,0,0,0,0,2,0,0,2,0,0,0,2
02/01/2010,SWO,OK,ASW,CE,Federal Contract Tower,0,0,6,0,6,0,0,0,0,0,0,0,6,0,6,0,0,0,6
02/02/2010,SWO,OK,ASW,CE,Federal Contract Tower,0,2,6,0,8,0,0,36,2,38,0,2,42,2,46,104,4,108,154
02/03/2010,SWO,OK,ASW,CE,Federal Contract Tower,0,0,5,0,5,0,0,0,0,0,0,0,5,0,5,0,0,0,5
02/04/2010,SWO,OK,ASW,CE,Federal Contract Tower,0,0,4,0,4,0,0,0,0,0,0,0,4,0,4,0,0,0,4
02/05/2010,SWO,OK,ASW,CE,Federal Contract Tower,0,5,11,1,17,0,1,28,5,34,0,6,39,6,51,126,18,144,195
02/06/2010,SWO,OK,ASW,CE,Federal Contract Tower,2,2,6,0,10,0,1,7,0,8,2,3,13,0,18,58,0,58,76
02/07/2010,SWO,OK,ASW,CE,Federal Contract Tower,0,0,2,0,2,0,2,3,2,7,0,2,5,2,9,86,0,86,95
02/08/2010,SWO,OK,ASW,CE,Federal Contract Tower,0,0,0,0,0,0,0,0,0,0,0,0,0,0,0,0,0,0,0
02/09/2010,SWO,OK,ASW,CE,Federal Contract Tower,0,0,12,6,18,0,4,74,3,81,0,4,86,9,99,60,0,60,159
02/10/2010,SWO,OK,ASW,CE,Federal Contract Tower,0,0,16,2,18,0,1,81,7,89,0,1,97,9,107,200,52,252,359
02/11/2010,SWO,OK,ASW,CE,Federal Contract Tower,0,0,10,7,17,0,0,49,3,52,0,0,59,10,69,114,24,138,207
02/12/2010,SWO,OK,ASW,CE,Federal Contract Tower,0,2,16,2,20,0,2,76,4,82,0,4,92,6,102,94,56,150,252
02/13/2010,SWO,OK,ASW,CE,Federal Contract Tower,0,2,18,3,23,0,1,64,1,66,0,3,82,4,89,66,12,78,167
02/14/2010,SWO,OK,ASW,CE,Federal Contract Tower,0,0,0,2,2,0,1,8,1,10,0,1,8,3,12,0,0,0,12
02/15/2010,SWO,OK,ASW,CE,Federal Contract Tower,0,1,12,0,13,0,0,59,2,61,0,1,71,2,74,48,0,48,122
02/16/2010,SWO,OK,ASW,CE,Federal Contract Tower,1,2,11,0,14,0,3,87,0,90,1,5,98,0,104,150,0,150,254
02/17/2010,SWO,OK,ASW,CE,Federal Contract Tower,0,2,15,2,19,0,1,142,3,146,0,3,157,5,165,282,16,298,463
02/18/2010,SWO,OK,ASW,CE,Federal Contract Tower,0,2,18,2,22,0,2,97,4,103,0,4,115,6,125,166,16,182,307
02/19/2010,SWO,OK,ASW,CE,Federal Contract Tower,0,2,14,2,18,0,1,47,2,50,0,3,61,4,68,72,0,72,140
02/20/2010,SWO,OK,ASW,CE,Federal Contract Tower,0,2,9,0,11,0,0,0,0,0,0,2,9,0,11,0,0,0,11
02/21/2010,SWO,OK,ASW,CE,Federal Contract Tower,0,0,5,0,5,0,0,0,0,0,0,0,5,0,5,0,0,0,5
02/22/2010,SWO,OK,ASW,CE,Federal Contract Tower,1,0,4,0,5,0,3,32,1,36,1,3,36,1,41,74,0,74,115
02/23/2010,SWO,OK,ASW,CE,Federal Contract Tower,1,0,18,4,23,0,1,116,3,120,1,1,134,7,143,188,16,204,347
02/24/2010,SWO,OK,ASW,CE,Federal Contract Tower,0,0,16,3,19,0,0,119,3,122,0,0,135,6,141,152,0,152,293
02/25/2010,SWO,OK,ASW,CE,Federal Contract Tower,0,0,15,0,15,0,0,62,0,62,0,0,77,0,77,70,0,70,147
02/26/2010,SWO,OK,ASW,CE,Federal Contract Tower,0,0,11,0,11,0,1,26,2,29,0,1,37,2,40,40,0,40,80
02/27/2010,SWO,OK,ASW,CE,Federal Contract Tower,0,4,19,3,26,0,0,106,3,109,0,4,125,6,135,277,0,277,412
02/28/2010,SWO,OK,ASW,CE,Federal Contract Tower,0,2,7,1,10,0,2,33,1,36,0,4,40,2,46,20,0,20,66
03/01/2010,SWO,OK,ASW,CE,Federal Contract Tower,0,0,4,0,4,0,2,54,0,56,0,2,58,0,60,66,0,66,126
03/02/2010,SWO,OK,ASW,CE,Federal Contract Tower,2,2,6,0,10,0,2,75,2,79,2,4,81,2,89,146,0,146,235
03/03/2010,SWO,OK,ASW,CE,Federal Contract Tower,0,1,16,7,24,0,1,110,2,113,0,2,126,9,137,154,10,164,301
03/04/2010,SWO,OK,ASW,CE,Federal Contract Tower,0,2,9,3,14,0,1,90,1,92,0,3,99,4,106,178,4,182,288
03/05/2010,SWO,OK,ASW,CE,Federal Contract Tower,0,1,15,0,16,0,1,64,2,67,0,2,79,2,83,58,0,58,141
03/06/2010,SWO,OK,ASW,CE,Federal Contract Tower,1,0,15,0,16,0,1,49,0,50,1,1,64,0,66,94,0,94,160
03/07/2010,SWO,OK,ASW,CE,Federal Contract Tower,0,0,19,0,19,0,0,27,0,27,0,0,46,0,46,42,0,42,88
03/08/2010,SWO,OK,ASW,CE,Federal Contract Tower,0,1,8,0,9,0,0,0,0,0,0,1,8,0,9,0,0,0,9
03/09/2010,SWO,OK,ASW,CE,Federal Contract Tower,0,0,9,7,16,0,2,42,3,47,0,2,51,10,63,150,10,160,223
03/10/2010,SWO,OK,ASW,CE,Federal Contract Tower,0,2,17,6,25,0,2,30,0,32,0,4,47,6,57,88,0,88,145
03/11/2010,SWO,OK,ASW,CE,Federal Contract Tower,0,0,13,3,16,0,5,30,1,36,0,5,43,4,52,146,0,146,198
03/12/2010,SWO,OK,ASW,CE,Federal Contract Tower,0,1,10,5,16,0,2,36,2,40,0,3,46,7,56,32,10,42,98
03/13/2010,SWO,OK,ASW,CE,Federal Contract Tower,0,2,19,0,21,0,1,35,0,36,0,3,54,0,57,6,0,6,63
03/14/2010,SWO,OK,ASW,CE,Federal Contract Tower,0,0,12,0,12,0,1,10,0,11,0,1,22,0,23,26,0,26,49
03/15/2010,SWO,OK,ASW,CE,Federal Contract Tower,0,0,2,4,6,0,6,12,3,21,0,6,14,7,27,52,0,52,79
03/16/2010,SWO,OK,ASW,CE,Federal Contract Tower,0,0,5,0,5,0,0,10,0,10,0,0,15,0,15,36,0,36,51
03/17/2010,SWO,OK,ASW,CE,Federal Contract Tower,2,0,12,6,20,0,4,32,4,40,2,4,44,10,60,18,6,24,84
03/18/2010,SWO,OK,ASW,CE,Federal Contract Tower,0,2,5,5,12,0,6,57,0,63,0,8,62,5,75,94,2,96,171
03/19/2010,SWO,OK,ASW,CE,Federal Contract Tower,0,0,4,2,6,0,0,0,0,0,0,0,4,2,6,4,0,4,10
03/20/2010,SWO,OK,ASW,CE,Federal Contract Tower,0,0,0,0,0,0,0,0,0,0,0,0,0,0,0,0,0,0,0
03/21/2010,SWO,OK,ASW,CE,Federal Contract Tower,0,2,0,0,2,0,0,3,0,3,0,2,3,0,5,0,0,0,5
03/22/2010,SWO,OK,ASW,CE,Federal Contract Tower,0,0,22,0,22,0,0,98,0,98,0,0,120,0,120,176,0,176,296
03/23/2010,SWO,OK,ASW,CE,Federal Contract Tower,0,0,15,2,17,0,0,115,2,117,0,0,130,4,134,174,20,194,328
03/24/2010,SWO,OK,ASW,CE,Federal Contract Tower,0,0,18,0,18,0,3,40,0,43,0,3,58,0,61,116,0,116,177
03/25/2010,SWO,OK,ASW,CE,Federal Contract Tower,0,0,5,2,7,0,0,33,1,34,0,0,38,3,41,38,0,38,79
03/26/2010,SWO,OK,ASW,CE,Federal Contract Tower,0,0,10,2,12,0,3,77,2,82,0,3,87,4,94,78,0,78,172
03/27/2010,SWO,OK,ASW,CE,Federal Contract Tower,0,0,8,0,8,0,4,15,0,19,0,4,23,0,27,0,0,0,27
03/28/2010,SWO,OK,ASW,CE,Federal Contract Tower,0,2,11,0,13,0,3,30,0,33,0,5,41,0,46,60,0,60,106
03/29/2010,SWO,OK,ASW,CE,Federal Contract Tower,0,1,20,3,24,0,5,145,4,154,0,6,165,7,178,184,14,198,376
03/30/2010,SWO,OK,ASW,CE,Federal Contract Tower,0,0,0,2,2,0,0,46,5,51,0,0,46,7,53,138,24,162,215
03/31/2010,SWO,OK,ASW,CE,Federal Contract Tower,0,1,10,10,21,0,1,60,2,63,0,2,70,12,84,84,0,84,168
04/01/2010,SWO,OK,ASW,CE,Federal Contract Tower,0,0,4,2,6,0,3,35,0,38,0,3,39,2,44,86,0,86,130
04/02/2010,SWO,OK,ASW,CE,Federal Contract Tower,0,0,3,2,5,0,0,44,1,45,0,0,47,3,50,126,0,126,176
04/03/2010,SWO,OK,ASW,CE,Federal Contract Tower,0,0,19,0,19,0,5,71,0,76,0,5,90,0,95,92,0,92,187
04/04/2010,SWO,OK,ASW,CE,Federal Contract Tower,0,1,2,0,3,0,7,17,0,24,0,8,19,0,27,6,0,6,33
04/05/2010,SWO,OK,ASW,CE,Federal Contract Tower,0,0,16,1,17,0,0,26,4,30,0,0,42,5,47,80,2,82,129
04/06/2010,SWO,OK,ASW,CE,Federal Contract Tower,0,2,5,3,10,0,0,30,1,31,0,2,35,4,41,54,0,54,95
04/07/2010,SWO,OK,ASW,CE,Federal Contract Tower,0,0,5,5,10,0,0,42,2,44,0,0,47,7,54,48,4,52,106
04/08/2010,SWO,OK,ASW,CE,Federal Contract Tower,0,0,9,8,17,0,4,86,0,90,0,4,95,8,107,222,4,226,333
04/09/2010,SWO,OK,ASW,CE,Federal Contract Tower,0,2,12,11,25,0,4,95,0,99,0,6,107,11,124,100,6,106,230
04/10/2010,SWO,OK,ASW,CE,Federal Contract Tower,0,0,11,0,11,0,2,57,0,59,0,2,68,0,70,68,0,68,138
04/11/2010,SWO,OK,ASW,CE,Federal Contract Tower,0,3,7,0,10,0,4,31,0,35,0,7,38,0,45,30,0,30,75
04/12/2010,SWO,OK,ASW,CE,Federal Contract Tower,0,0,8,0,8,0,0,38,0,38,0,0,46,0,46,74,0,74,120
04/13/2010,SWO,OK,ASW,CE,Federal Contract Tower,0,0,2,3,5,0,4,27,1,32,0,4,29,4,37,18,0,18,55
04/14/2010,SWO,OK,ASW,CE,Federal Contract Tower,0,1,9,7,17,0,11,70,1,82,0,12,79,8,99,120,4,124,223
04/15/2010,SWO,OK,ASW,CE,Federal Contract Tower,0,1,10,3,14,0,3,58,4,65,0,4,68,7,79,72,14,86,165
04/16/2010,SWO,OK,ASW,CE,Federal Contract Tower,0,0,7,2,9,0,0,4,0,4,0,0,11,2,13,18,0,18,31
04/17/2010,SWO,OK,ASW,CE,Federal Contract Tower,0,2,7,0,9,0,3,5,0,8,0,5,12,0,17,28,0,28,45
04/18/2010,SWO,OK,ASW,CE,Federal Contract Tower,0,4,5,0,9,0,0,3,0,3,0,4,8,0,12,0,0,0,12
04/19/2010,SWO,OK,ASW,CE,Federal Contract Tower,0,0,19,12,31,0,0,82,1,83,0,0,101,13,114,156,12,168,282
04/20/2010,SWO,OK,ASW,CE,Federal Contract Tower,0,0,10,2,12,0,5,99,0,104,0,5,109,2,116,176,0,176,292
04/21/2010,SWO,OK,ASW,CE,Federal Contract Tower,0,2,9,2,13,0,4,61,2,67,0,6,70,4,80,144,20,164,244
04/22/2010,SWO,OK,ASW,CE,Federal Contract Tower,0,3,18,0,21,0,12,42,0,54,0,15,60,0,75,70,0,70,145
04/23/2010,SWO,OK,ASW,CE,Federal Contract Tower,0,2,12,2,16,0,4,46,0,50,0,6,58,2,66,54,0,54,120
04/24/2010,SWO,OK,ASW,CE,Federal Contract Tower,0,0,3,0,3,0,2,27,0,29,0,2,30,0,32,40,0,40,72
04/25/2010,SWO,OK,ASW,CE,Federal Contract Tower,0,4,8,0,12,0,0,24,0,24,0,4,32,0,36,10,0,10,46
04/26/2010,SWO,OK,ASW,CE,Federal Contract Tower,0,2,5,2,9,0,3,52,0,55,0,5,57,2,64,94,0,94,158
04/27/2010,SWO,OK,ASW,CE,Federal Contract Tower,0,0,11,1,12,0,4,79,5,88,0,4,90,6,100,158,0,158,258
04/28/2010,SWO,OK,ASW,CE,Federal Contract Tower,0,0,11,4,15,0,2,30,0,32,0,2,41,4,47,36,0,36,83
04/29/2010,SWO,OK,ASW,CE,Federal Contract Tower,0,4,8,4,16,0,2,6,0,8,0,6,14,4,24,0,0,0,24
04/30/2010,SWO,OK,ASW,CE,Federal Contract Tower,0,0,17,0,17,0,3,39,0,42,0,3,56,0,59,56,0,56,115
05/01/2010,SWO,OK,ASW,CE,Federal Contract Tower,0,2,4,0,6,0,0,34,0,34,0,2,38,0,40,28,0,28,68
05/02/2010,SWO,OK,ASW,CE,Federal Contract Tower,0,0,5,0,5,0,4,57,2,63,0,4,62,2,68,114,0,114,182
05/03/2010,SWO,OK,ASW,CE,Federal Contract Tower,0,0,10,4,14,0,5,69,7,81,0,5,79,11,95,110,30,140,235
05/04/2010,SWO,OK,ASW,CE,Federal Contract Tower,0,1,6,5,12,0,3,69,0,72,0,4,75,5,84,86,8,94,178
05/05/2010,SWO,OK,ASW,CE,Federal Contract Tower,0,0,7,4,11,0,2,55,2,59,0,2,62,6,70,72,0,72,142
05/06/2010,SWO,OK,ASW,CE,Federal Contract Tower,0,0,13,3,16,0,2,53,0,55,0,2,66,3,71,58,4,62,133
05/07/2010,SWO,OK,ASW,CE,Federal Contract Tower,0,0,7,4,11,0,2,18,0,20,0,2,25,4,31,14,0,14,45
05/08/2010,SWO,OK,ASW,CE,Federal Contract Tower,0,1,10,0,11,0,1,54,0,55,0,2,64,0,66,30,0,30,96
05/09/2010,SWO,OK,ASW,CE,Federal Contract Tower,0,0,3,0,3,0,6,8,0,14,0,6,11,0,17,0,0,0,17
05/10/2010,SWO,OK,ASW,CE,Federal Contract Tower,0,0,2,0,2,0,0,4,0,4,0,0,6,0,6,4,0,4,10
05/11/2010,SWO,OK,ASW,CE,Federal Contract Tower,0,0,17,5,22,0,1,46,0,47,0,1,63,5,69,156,14,170,239
05/12/2010,SWO,OK,ASW,CE,Federal Contract Tower,0,0,7,2,9,0,0,29,2,31,0,0,36,4,40,86,6,92,132
05/13/2010,SWO,OK,ASW,CE,Federal Contract Tower,0,0,3,0,3,0,0,28,0,28,0,0,31,0,31,164,0,164,195
05/14/2010,SWO,OK,ASW,CE,Federal Contract Tower,0,0,3,2,5,0,2,9,0,11,0,2,12,2,16,46,2,48,64
05/15/2010,SWO,OK,ASW,CE,Federal Contract Tower,0,0,5,0,5,0,2,0,0,2,0,2,5,0,7,0,0,0,7
05/16/2010,SWO,OK,ASW,CE,Federal Contract Tower,0,0,1,0,1,0,0,0,0,0,0,0,1,0,1,0,0,0,1
05/17/2010,SWO,OK,ASW,CE,Federal Contract Tower,0,0,20,4,24,0,0,59,6,65,0,0,79,10,89,104,10,114,203
05/18/2010,SWO,OK,ASW,CE,Federal Contract Tower,0,0,4,2,6,0,2,17,0,19,0,2,21,2,25,14,0,14,39
05/19/2010,SWO,OK,ASW,CE,Federal Contract Tower,0,4,0,0,4,0,0,1,0,1,0,4,1,0,5,0,0,0,5
05/20/2010,SWO,OK,ASW,CE,Federal Contract Tower,0,0,4,13,17,0,2,33,1,36,0,2,37,14,53,18,12,30,83
05/21/2010,SWO,OK,ASW,CE,Federal Contract Tower,0,2,11,2,15,0,2,67,2,71,0,4,78,4,86,68,0,68,154
05/22/2010,SWO,OK,ASW,CE,Federal Contract Tower,0,2,4,1,7,0,2,38,0,40,0,4,42,1,47,18,4,22,69
05/23/2010,SWO,OK,ASW,CE,Federal Contract Tower,0,1,5,0,6,0,5,20,2,27,0,6,25,2,33,4,0,4,37
05/24/2010,SWO,OK,ASW,CE,Federal Contract Tower,0,2,7,0,9,0,1,44,2,47,0,3,51,2,56,90,0,90,146
05/25/2010,SWO,OK,ASW,CE,Federal Contract Tower,0,0,13,6,19,0,0,38,1,39,0,0,51,7,58,52,10,62,120
05/26/2010,SWO,OK,ASW,CE,Federal Contract Tower,0,0,4,8,12,0,0,47,4,51,0,0,51,12,63,60,16,76,139
05/27/2010,SWO,OK,ASW,CE,Federal Contract Tower,0,2,1,13,16,0,2,28,3,33,0,4,29,16,49,72,14,86,135
05/28/2010,SWO,OK,ASW,CE,Federal Contract Tower,0,0,5,6,11,0,0,45,1,46,0,0,50,7,57,30,0,30,87
05/29/2010,SWO,OK,ASW,CE,Federal Contract Tower,0,0,4,0,4,0,0,34,0,34,0,0,38,0,38,16,0,16,54
05/30/2010,SWO,OK,ASW,CE,Federal Contract Tower,0,0,6,0,6,0,2,7,0,9,0,2,13,0,15,10,0,10,25
05/31/2010,SWO,OK,ASW,CE,Federal Contract Tower,0,1,7,6,14,0,3,15,1,19,0,4,22,7,33,30,34,64,97
06/01/2010,SWO,OK,ASW,CE,Federal Contract Tower,0,0,8,6,14,0,2,41,3,46,0,2,49,9,60,30,0,30,90
06/02/2010,SWO,OK,ASW,CE,Federal Contract Tower,0,0,17,0,17,0,2,55,3,60,0,2,72,3,77,58,0,58,135
06/03/2010,SWO,OK,ASW,CE,Federal Contract Tower,0,2,11,0,13,0,3,48,0,51,0,5,59,0,64,96,0,96,160
06/04/2010,SWO,OK,ASW,CE,Federal Contract Tower,0,2,9,8,19,0,2,49,0,51,0,4,58,8,70,44,8,52,122
06/05/2010,SWO,OK,ASW,CE,Federal Contract Tower,0,0,6,0,6,0,5,33,0,38,0,5,39,0,44,22,0,22,66
06/06/2010,SWO,OK,ASW,CE,Federal Contract Tower,0,2,12,1,15,0,3,40,3,46,0,5,52,4,61,44,10,54,115
06/07/2010,SWO,OK,ASW,CE,Federal Contract Tower,0,2,6,4,12,0,0,25,2,27,0,2,31,6,39,32,12,44,83
06/08/2010,SWO,OK,ASW,CE,Federal Contract Tower,0,0,6,6,12,0,2,49,15,66,0,2,55,21,78,54,46,100,178
06/09/2010,SWO,OK,ASW,CE,Federal Contract Tower,0,0,10,2,12,0,0,24,3,27,0,0,34,5,39,16,6,22,61
06/10/2010,SWO,OK,ASW,CE,Federal Contract Tower,0,2,10,6,18,0,2,32,2,36,0,4,42,8,54,14,30,44,98
06/11/2010,SWO,OK,ASW,CE,Federal Contract Tower,0,0,6,23,29,0,2,49,4,55,0,2,55,27,84,26,12,38,122
06/12/2010,SWO,OK,ASW,CE,Federal Contract Tower,0,3,10,0,13,0,2,24,0,26,0,5,34,0,39,32,0,32,71
06/13/2010,SWO,OK,ASW,CE,Federal Contract Tower,0,1,11,1,13,0,6,17,0,23,0,7,28,1,36,18,0,18,54
06/14/2010,SWO,OK,ASW,CE,Federal Contract Tower,0,1,2,0,3,0,0,0,0,0,0,1,2,0,3,0,0,0,3
06/15/2010,SWO,OK,ASW,CE,Federal Contract Tower,0,2,9,2,13,0,0,44,0,44,0,2,53,2,57,52,0,52,109
06/16/2010,SWO,OK,ASW,CE,Federal Contract Tower,0,2,6,5,13,0,1,39,0,40,0,3,45,5,53,42,16,58,111
06/17/2010,SWO,OK,ASW,CE,Federal Contract Tower,0,0,6,14,20,0,3,46,9,58,0,3,52,23,78,76,38,114,192
06/18/2010,SWO,OK,ASW,CE,Federal Contract Tower,0,0,6,4,10,0,5,39,2,46,0,5,45,6,56,84,16,100,156
06/19/2010,SWO,OK,ASW,CE,Federal Contract Tower,0,0,3,0,3,0,3,31,0,34,0,3,34,0,37,80,0,80,117
06/20/2010,SWO,OK,ASW,CE,Federal Contract Tower,0,0,6,0,6,0,0,28,0,28,0,0,34,0,34,22,0,22,56
06/21/2010,SWO,OK,ASW,CE,Federal Contract Tower,0,0,14,2,16,0,2,58,1,61,0,2,72,3,77,60,0,60,137
06/22/2010,SWO,OK,ASW,CE,Federal Contract Tower,0,0,2,5,7,0,2,37,2,41,0,2,39,7,48,74,10,84,132
06/23/2010,SWO,OK,ASW,CE,Federal Contract Tower,0,0,5,10,15,0,0,59,0,59,0,0,64,10,74,34,2,36,110
06/24/2010,SWO,OK,ASW,CE,Federal Contract Tower,0,0,11,20,31,0,3,51,7,61,0,3,62,27,92,68,42,110,202
06/25/2010,SWO,OK,ASW,CE,Federal Contract Tower,0,0,7,8,15,0,3,57,5,65,0,3,64,13,80,64,46,110,190
06/26/2010,SWO,OK,ASW,CE,Federal Contract Tower,0,1,7,0,8,0,3,41,0,44,0,4,48,0,52,14,0,14,66
06/27/2010,SWO,OK,ASW,CE,Federal Contract Tower,0,0,4,0,4,0,1,17,1,19,0,1,21,1,23,16,0,16,39
06/28/2010,SWO,OK,ASW,CE,Federal Contract Tower,0,0,9,6,15,0,6,67,6,79,0,6,76,12,94,158,26,184,278
06/29/2010,SWO,OK,ASW,CE,Federal Contract Tower,0,0,9,9,18,0,0,68,0,68,0,0,77,9,86,80,26,106,192
06/30/2010,SWO,OK,ASW,CE,Federal Contract Tower,0,0,14,2,16,0,0,67,0,67,0,0,81,2,83,224,0,224,307
07/01/2010,SWO,OK,ASW,CE,Federal Contract Tower,0,1,10,5,16,0,7,55,0,62,0,8,65,5,78,100,0,100,178
07/02/2010,SWO,OK,ASW,CE,Federal Contract Tower,0,0,4,0,4,0,0,20,0,20,0,0,24,0,24,102,0,102,126
07/03/2010,SWO,OK,ASW,CE,Federal Contract Tower,0,1,0,0,1,0,0,0,0,0,0,1,0,0,1,0,0,0,1
07/04/2010,SWO,OK,ASW,CE,Federal Contract Tower,0,0,0,0,0,0,0,2,1,3,0,0,2,1,3,0,0,0,3
07/05/2010,SWO,OK,ASW,CE,Federal Contract Tower,0,0,6,0,6,0,2,2,0,4,0,2,8,0,10,0,0,0,10
07/06/2010,SWO,OK,ASW,CE,Federal Contract Tower,0,0,2,0,2,0,0,25,0,25,0,0,27,0,27,52,0,52,79
07/07/2010,SWO,OK,ASW,CE,Federal Contract Tower,0,0,13,5,18,0,0,21,5,26,0,0,34,10,44,90,4,94,138
07/08/2010,SWO,OK,ASW,CE,Federal Contract Tower,0,0,10,6,16,0,0,17,2,19,0,0,27,8,35,72,0,72,107
07/09/2010,SWO,OK,ASW,CE,Federal Contract Tower,0,0,3,2,5,0,7,16,1,24,0,7,19,3,29,50,16,66,95
07/10/2010,SWO,OK,ASW,CE,Federal Contract Tower,0,0,2,0,2,0,0,34,0,34,0,0,36,0,36,56,0,56,92
07/11/2010,SWO,OK,ASW,CE,Federal Contract Tower,0,0,7,0,7,0,2,16,0,18,0,2,23,0,25,10,0,10,35
07/12/2010,SWO,OK,ASW,CE,Federal Contract Tower,0,0,6,9,15,0,3,31,5,39,0,3,37,14,54,108,20,128,182
07/13/2010,SWO,OK,ASW,CE,Federal Contract Tower,0,0,9,6,15,0,0,62,2,64,0,0,71,8,79,52,2,54,133
07/14/2010,SWO,OK,ASW,CE,Federal Contract Tower,0,0,2,9,11,0,2,42,1,45,0,2,44,10,56,106,2,108,164
07/15/2010,SWO,OK,ASW,CE,Federal Contract Tower,0,0,6,4,10,0,2,32,0,34,0,2,38,4,44,70,0,70,114
07/16/2010,SWO,OK,ASW,CE,Federal Contract Tower,0,0,8,3,11,0,0,42,4,46,0,0,50,7,57,64,12,76,133
07/17/2010,SWO,OK,ASW,CE,Federal Contract Tower,0,0,3,0,3,0,2,37,0,39,0,2,40,0,42,32,0,32,74
07/18/2010,SWO,OK,ASW,CE,Federal Contract Tower,0,0,2,0,2,0,3,17,0,20,0,3,19,0,22,22,0,22,44
07/19/2010,SWO,OK,ASW,CE,Federal Contract Tower,0,0,5,8,13,0,3,41,0,44,0,3,46,8,57,82,4,86,143
07/20/2010,SWO,OK,ASW,CE,Federal Contract Tower,0,0,5,6,11,0,3,41,0,44,0,3,46,6,55,72,0,72,127
07/21/2010,SWO,OK,ASW,CE,Federal Contract Tower,0,0,7,6,13,0,0,48,0,48,0,0,55,6,61,68,0,68,129
07/22/2010,SWO,OK,ASW,CE,Federal Contract Tower,0,0,7,8,15,0,0,0,0,0,0,0,7,8,15,72,0,72,87
07/23/2010,SWO,OK,ASW,CE,Federal Contract Tower,0,1,5,10,16,0,1,42,5,48,0,2,47,15,64,40,6,46,110
07/24/2010,SWO,OK,ASW,CE,Federal Contract Tower,0,0,8,0,8,0,5,73,0,78,0,5,81,0,86,22,0,22,108
07/25/2010,SWO,OK,ASW,CE,Federal Contract Tower,0,0,4,0,4,0,2,25,3,30,0,2,29,3,34,0,0,0,34
07/26/2010,SWO,OK,ASW,CE,Federal Contract Tower,0,0,4,9,13,0,6,48,6,60,0,6,52,15,73,88,2,90,163
07/27/2010,SWO,OK,ASW,CE,Federal Contract Tower,0,2,2,2,6,0,2,61,6,69,0,4,63,8,75,50,0,50,125
07/28/2010,SWO,OK,ASW,CE,Federal Contract Tower,0,9,9,0,18,0,2,52,8,62,0,11,61,8,80,114,2,116,196
07/29/2010,SWO,OK,ASW,CE,Federal Contract Tower,0,2,10,2,14,0,3,53,2,58,0,5,63,4,72,32,0,32,104
07/30/2010,SWO,OK,ASW,CE,Federal Contract Tower,0,0,8,8,16,0,4,59,0,63,0,4,67,8,79,44,0,44,123
07/31/2010,SWO,OK,ASW,CE,Federal Contract Tower,0,0,2,0,2,0,2,26,0,28,0,2,28,0,30,34,0,34,64
08/01/2010,SWO,OK,ASW,CE,Federal Contract Tower,0,1,2,0,3,0,4,16,1,21,0,5,18,1,24,20,0,20,44
08/02/2010,SWO,OK,ASW,CE,Federal Contract Tower,0,0,5,2,7,0,2,35,0,37,0,2,40,2,44,46,4,50,94
08/03/2010,SWO,OK,ASW,CE,Federal Contract Tower,0,0,15,1,16,0,2,60,1,63,0,2,75,2,79,110,10,120,199
08/04/2010,SWO,OK,ASW,CE,Federal Contract Tower,0,0,8,16,24,0,1,57,8,66,0,1,65,24,90,96,30,126,216
08/05/2010,SWO,OK,ASW,CE,Federal Contract Tower,0,0,7,4,11,0,0,41,0,41,0,0,48,4,52,132,0,132,184
08/06/2010,SWO,OK,ASW,CE,Federal Contract Tower,0,0,15,4,19,0,5,44,6,55,0,5,59,10,74,26,0,26,100
08/07/2010,SWO,OK,ASW,CE,Federal Contract Tower,0,0,2,0,2,0,0,35,0,35,0,0,37,0,37,62,0,62,99
08/08/2010,SWO,OK,ASW,CE,Federal Contract Tower,0,0,10,0,10,0,0,34,0,34,0,0,44,0,44,22,0,22,66
08/09/2010,SWO,OK,ASW,CE,Federal Contract Tower,0,2,4,14,20,0,4,42,0,46,0,6,46,14,66,48,0,48,114
08/10/2010,SWO,OK,ASW,CE,Federal Contract Tower,0,0,3,2,5,0,0,39,2,41,0,0,42,4,46,62,10,72,118
08/11/2010,SWO,OK,ASW,CE,Federal Contract Tower,0,0,4,7,11,0,6,43,1,50,0,6,47,8,61,80,2,82,143
08/12/2010,SWO,OK,ASW,CE,Federal Contract Tower,0,0,4,7,11,0,3,36,3,42,0,3,40,10,53,70,12,82,135
08/13/2010,SWO,OK,ASW,CE,Federal Contract Tower,0,0,7,5,12,0,4,42,1,47,0,4,49,6,59,50,18,68,127
08/14/2010,SWO,OK,ASW,CE,Federal Contract Tower,0,0,9,0,9,0,3,12,0,15,0,3,21,0,24,34,0,34,58
08/15/2010,SWO,OK,ASW,CE,Federal Contract Tower,0,0,8,0,8,0,2,14,0,16,0,2,22,0,24,16,0,16,40
08/16/2010,SWO,OK,ASW,CE,Federal Contract Tower,0,0,6,0,6,0,2,45,0,47,0,2,51,0,53,74,0,74,127
08/17/2010,SWO,OK,ASW,CE,Federal Contract Tower,0,0,4,2,6,0,1,5,0,6,0,1,9,2,12,60,8,68,80
08/18/2010,SWO,OK,ASW,CE,Federal Contract Tower,0,0,20,7,27,0,1,59,2,62,0,1,79,9,89,112,32,144,233
08/19/2010,SWO,OK,ASW,CE,Federal Contract Tower,0,0,13,2,15,0,4,60,1,65,0,4,73,3,80,70,6,76,156
08/20/2010,SWO,OK,ASW,CE,Federal Contract Tower,0,0,20,0,20,0,4,56,0,60,0,4,76,0,80,90,0,90,170
08/21/2010,SWO,OK,ASW,CE,Federal Contract Tower,0,0,2,0,2,0,9,36,0,45,0,9,38,0,47,28,0,28,75
08/22/2010,SWO,OK,ASW,CE,Federal Contract Tower,0,0,7,0,7,0,2,32,0,34,0,2,39,0,41,50,0,50,91
08/23/2010,SWO,OK,ASW,CE,Federal Contract Tower,0,0,7,8,15,0,0,48,0,48,0,0,55,8,63,74,2,76,139
08/24/2010,SWO,OK,ASW,CE,Federal Contract Tower,0,0,5,0,5,0,0,19,0,19,0,0,24,0,24,86,0,86,110
08/25/2010,SWO,OK,ASW,CE,Federal Contract Tower,0,0,4,3,7,0,8,60,0,68,0,8,64,3,75,142,16,158,233
08/26/2010,SWO,OK,ASW,CE,Federal Contract Tower,0,0,6,4,10,0,7,82,4,93,0,7,88,8,103,128,26,154,257
08/27/2010,SWO,OK,ASW,CE,Federal Contract Tower,0,1,16,2,19,0,7,108,0,115,0,8,124,2,134,154,0,154,288
08/28/2010,SWO,OK,ASW,CE,Federal Contract Tower,0,0,6,0,6,0,0,54,0,54,0,0,60,0,60,134,0,134,194
08/29/2010,SWO,OK,ASW,CE,Federal Contract Tower,0,0,0,0,0,0,0,30,0,30,0,0,30,0,30,66,0,66,96
08/30/2010,SWO,OK,ASW,CE,Federal Contract Tower,0,2,10,2,14,0,1,46,0,47,0,3,56,2,61,114,0,114,175
08/31/2010,SWO,OK,ASW,CE,Federal Contract Tower,0,0,4,16,20,0,2,75,1,78,0,2,79,17,98,140,58,198,296
09/01/2010,SWO,OK,ASW,CE,Federal Contract Tower,0,0,14,7,21,0,0,69,6,75,0,0,83,13,96,142,18,160,256
09/02/2010,SWO,OK,ASW,CE,Federal Contract Tower,0,0,6,8,14,0,4,69,0,73,0,4,75,8,87,164,12,176,263
09/03/2010,SWO,OK,ASW,CE,Federal Contract Tower,2,0,11,2,15,0,2,104,0,106,2,2,115,2,121,140,0,140,261
09/04/2010,SWO,OK,ASW,CE,Federal Contract Tower,1,5,25,0,31,0,4,57,0,61,1,9,82,0,92,70,0,70,162
09/05/2010,SWO,OK,ASW,CE,Federal Contract Tower,0,0,3,4,7,0,0,12,0,12,0,0,15,4,19,6,0,6,25
09/06/2010,SWO,OK,ASW,CE,Federal Contract Tower,0,0,0,0,0,0,3,16,0,19,0,3,16,0,19,0,0,0,19
09/07/2010,SWO,OK,ASW,CE,Federal Contract Tower,0,0,15,0,15,0,0,39,0,39,0,0,54,0,54,196,0,196,250
09/08/2010,SWO,OK,ASW,CE,Federal Contract Tower,0,0,8,0,8,0,0,0,0,0,0,0,8,0,8,0,0,0,8
09/09/2010,SWO,OK,ASW,CE,Federal Contract Tower,0,0,7,5,12,0,3,28,1,32,0,3,35,6,44,48,0,48,92
09/10/2010,SWO,OK,ASW,CE,Federal Contract Tower,1,5,16,2,24,0,1,120,0,121,1,6,136,2,145,148,0,148,293
09/11/2010,SWO,OK,ASW,CE,Federal Contract Tower,0,0,36,0,36,0,4,22,2,28,0,4,58,2,64,4,0,4,68
09/12/2010,SWO,OK,ASW,CE,Federal Contract Tower,0,3,10,0,13,0,0,21,4,25,0,3,31,4,38,108,4,112,150
09/13/2010,SWO,OK,ASW,CE,Federal Contract Tower,0,0,5,6,11,0,2,71,0,73,0,2,76,6,84,232,0,232,316
09/14/2010,SWO,OK,ASW,CE,Federal Contract Tower,0,1,7,5,13,0,2,79,1,82,0,3,86,6,95,182,0,182,277
09/15/2010,SWO,OK,ASW,CE,Federal Contract Tower,0,0,9,5,14,0,4,71,1,76,0,4,80,6,90,106,0,106,196
09/16/2010,SWO,OK,ASW,CE,Federal Contract Tower,0,0,9,4,13,0,3,70,0,73,0,3,79,4,86,212,0,212,298
09/17/2010,SWO,OK,ASW,CE,Federal Contract Tower,0,2,17,0,19,0,4,115,0,119,0,6,132,0,138,198,0,198,336
09/18/2010,SWO,OK,ASW,CE,Federal Contract Tower,0,0,23,0,23,0,2,65,0,67,0,2,88,0,90,92,0,92,182
09/19/2010,SWO,OK,ASW,CE,Federal Contract Tower,0,2,3,0,5,0,0,0,0,0,0,2,3,0,5,42,0,42,47
09/20/2010,SWO,OK,ASW,CE,Federal Contract Tower,0,2,7,2,11,0,0,65,0,65,0,2,72,2,76,120,0,120,196
09/21/2010,SWO,OK,ASW,CE,Federal Contract Tower,0,0,7,10,17,0,2,82,1,85,0,2,89,11,102,202,16,218,320
09/22/2010,SWO,OK,ASW,CE,Federal Contract Tower,0,0,13,9,22,0,0,91,1,92,0,0,104,10,114,228,10,238,352
09/23/2010,SWO,OK,ASW,CE,Federal Contract Tower,0,0,12,17,29,0,0,25,0,25,0,0,37,17,54,32,4,36,90
09/24/2010,SWO,OK,ASW,CE,Federal Contract Tower,0,0,19,5,24,0,3,90,9,102,0,3,109,14,126,172,12,184,310
09/25/2010,SWO,OK,ASW,CE,Federal Contract Tower,0,4,13,0,17,0,4,66,2,72,0,8,79,2,89,118,0,118,207
09/26/2010,SWO,OK,ASW,CE,Federal Contract Tower,0,0,8,0,8,0,4,21,2,27,0,4,29,2,35,44,0,44,79
09/27/2010,SWO,OK,ASW,CE,Federal Contract Tower,0,0,7,4,11,0,0,110,1,111,0,0,117,5,122,432,0,432,554
09/28/2010,SWO,OK,ASW,CE,Federal Contract Tower,19,0,0,10,29,0,7,108,3,118,19,7,108,13,147,290,52,342,489
09/29/2010,SWO,OK,ASW,CE,Federal Contract Tower,0,0,16,3,19,0,7,121,1,129,0,7,137,4,148,328,12,340,488
09/30/2010,SWO,OK,ASW,CE,Federal Contract Tower,1,3,43,0,47,0,5,140,0,145,1,8,183,0,192,186,0,186,378
10/01/2010,SWO,OK,ASW,CE,Federal Contract Tower,0,0,17,8,25,0,0,112,1,113,0,0,129,9,138,210,0,210,348
10/02/2010,SWO,OK,ASW,CE,Federal Contract Tower,0,0,1,0,1,0,3,29,0,32,0,3,30,0,33,102,0,102,135
10/03/2010,SWO,OK,ASW,CE,Federal Contract Tower,0,0,3,0,3,0,2,58,0,60,0,2,61,0,63,158,0,158,221
10/04/2010,SWO,OK,ASW,CE,Federal Contract Tower,0,0,19,2,21,0,0,98,0,98,0,0,117,2,119,208,0,208,327
10/05/2010,SWO,OK,ASW,CE,Federal Contract Tower,0,0,11,3,14,0,0,87,1,88,0,0,98,4,102,196,0,196,298
10/06/2010,SWO,OK,ASW,CE,Federal Contract Tower,0,0,22,20,42,0,5,83,3,91,0,5,105,23,133,280,10,290,423
10/07/2010,SWO,OK,ASW,CE,Federal Contract Tower,2,0,15,8,25,0,0,119,6,125,2,0,134,14,150,358,2,360,510
10/08/2010,SWO,OK,ASW,CE,Federal Contract Tower,0,0,19,0,19,0,2,92,2,96,0,2,111,2,115,256,0,256,371
10/09/2010,SWO,OK,ASW,CE,Federal Contract Tower,0,2,8,0,10,0,4,50,0,54,0,6,58,0,64,140,0,140,204
10/10/2010,SWO,OK,ASW,CE,Federal Contract Tower,0,2,10,0,12,0,4,34,0,38,0,6,44,0,50,92,0,92,142
10/11/2010,SWO,OK,ASW,CE,Federal Contract Tower,0,0,7,0,7,0,1,36,0,37,0,1,43,0,44,76,0,76,120
10/12/2010,SWO,OK,ASW,CE,Federal Contract Tower,0,2,11,3,16,0,1,70,3,74,0,3,81,6,90,194,6,200,290
10/13/2010,SWO,OK,ASW,CE,Federal Contract Tower,0,0,21,1,22,0,2,99,1,102,0,2,120,2,124,208,0,208,332
10/14/2010,SWO,OK,ASW,CE,Federal Contract Tower,0,2,11,4,17,0,4,86,10,100,0,6,97,14,117,222,0,222,339
10/15/2010,SWO,OK,ASW,CE,Federal Contract Tower,2,0,10,4,16,0,3,76,3,82,2,3,86,7,98,132,0,132,230
10/16/2010,SWO,OK,ASW,CE,Federal Contract Tower,0,0,6,0,6,0,2,58,0,60,0,2,64,0,66,114,0,114,180
10/17/2010,SWO,OK,ASW,CE,Federal Contract Tower,0,2,1,0,3,0,0,37,0,37,0,2,38,0,40,16,0,16,56
10/18/2010,SWO,OK,ASW,CE,Federal Contract Tower,0,0,14,0,14,0,1,68,0,69,0,1,82,0,83,152,0,152,235
10/19/2010,SWO,OK,ASW,CE,Federal Contract Tower,0,0,16,0,16,0,2,29,0,31,0,2,45,0,47,118,0,118,165
10/20/2010,SWO,OK,ASW,CE,Federal Contract Tower,0,0,28,3,31,0,1,92,0,93,0,1,120,3,124,186,0,186,310
10/21/2010,SWO,OK,ASW,CE,Federal Contract Tower,0,0,17,3,20,0,0,91,2,93,0,0,108,5,113,106,0,106,219
10/22/2010,SWO,OK,ASW,CE,Federal Contract Tower,0,3,25,0,28,0,4,15,0,19,0,7,40,0,47,40,0,40,87
10/23/2010,SWO,OK,ASW,CE,Federal Contract Tower,0,11,46,2,59,0,1,15,1,17,0,12,61,3,76,16,0,16,92
10/24/2010,SWO,OK,ASW,CE,Federal Contract Tower,0,0,17,0,17,0,1,57,0,58,0,1,74,0,75,146,0,146,221
10/25/2010,SWO,OK,ASW,CE,Federal Contract Tower,0,0,13,0,13,0,4,44,0,48,0,4,57,0,61,38,0,38,99
10/26/2010,SWO,OK,ASW,CE,Federal Contract Tower,0,0,15,3,18,0,2,92,3,97,0,2,107,6,115,94,8,102,217
10/27/2010,SWO,OK,ASW,CE,Federal Contract Tower,0,0,15,0,15,0,0,93,0,93,0,0,108,0,108,170,0,170,278
10/28/2010,SWO,OK,ASW,CE,Federal Contract Tower,0,0,8,3,11,0,2,120,8,130,0,2,128,11,141,154,8,162,303
10/29/2010,SWO,OK,ASW,CE,Federal Contract Tower,0,0,15,2,17,0,1,104,0,105,0,1,119,2,122,134,0,134,256
10/30/2010,SWO,OK,ASW,CE,Federal Contract Tower,0,0,6,0,6,0,3,30,0,33,0,3,36,0,39,6,0,6,45
10/31/2010,SWO,OK,ASW,CE,Federal Contract Tower,0,0,7,0,7,0,3,51,0,54,0,3,58,0,61,44,0,44,105
11/01/2010,SWO,OK,ASW,CE,Federal Contract Tower,0,0,22,6,28,0,3,84,0,87,0,3,106,6,115,172,2,174,289
11/02/2010,SWO,OK,ASW,CE,Federal Contract Tower,0,0,11,4,15,0,0,75,2,77,0,0,86,6,92,174,0,174,266
11/03/2010,SWO,OK,ASW,CE,Federal Contract Tower,0,0,18,0,18,0,0,81,0,81,0,0,99,0,99,102,0,102,201
11/04/2010,SWO,OK,ASW,CE,Federal Contract Tower,0,2,14,5,21,0,2,91,0,93,0,4,105,5,114,142,0,142,256
11/05/2010,SWO,OK,ASW,CE,Federal Contract Tower,2,1,15,0,18,0,0,110,0,110,2,1,125,0,128,144,0,144,272
11/06/2010,SWO,OK,ASW,CE,Federal Contract Tower,2,0,36,0,38,0,4,59,0,63,2,4,95,0,101,6,0,6,107
11/07/2010,SWO,OK,ASW,CE,Federal Contract Tower,0,0,2,0,2,0,0,16,0,16,0,0,18,0,18,12,0,12,30
11/08/2010,SWO,OK,ASW,CE,Federal Contract Tower,0,0,8,5,13,0,0,35,1,36,0,0,43,6,49,44,0,44,93
11/09/2010,SWO,OK,ASW,CE,Federal Contract Tower,0,0,10,10,20,0,2,60,0,62,0,2,70,10,82,86,0,86,168
11/10/2010,SWO,OK,ASW,CE,Federal Contract Tower,0,7,8,5,20,0,1,83,0,84,0,8,91,5,104,212,4,216,320
11/11/2010,SWO,OK,ASW,CE,Federal Contract Tower,0,0,6,0,6,0,1,0,0,1,0,1,6,0,7,0,0,0,7
11/12/2010,SWO,OK,ASW,CE,Federal Contract Tower,2,0,9,0,11,0,1,0,0,1,2,1,9,0,12,10,0,10,22
11/13/2010,SWO,OK,ASW,CE,Federal Contract Tower,0,0,21,2,23,0,1,103,0,104,0,1,124,2,127,156,2,158,285
11/14/2010,SWO,OK,ASW,CE,Federal Contract Tower,1,0,16,0,17,0,6,59,0,65,1,6,75,0,82,54,0,54,136
11/15/2010,SWO,OK,ASW,CE,Federal Contract Tower,0,2,11,10,23,0,2,32,0,34,0,4,43,10,57,188,0,188,245
11/16/2010,SWO,OK,ASW,CE,Federal Contract Tower,0,0,23,4,27,0,0,102,1,103,0,0,125,5,130,264,15,279,409
11/17/2010,SWO,OK,ASW,CE,Federal Contract Tower,0,0,6,2,8,0,0,33,0,33,0,0,39,2,41,122,0,122,163
11/18/2010,SWO,OK,ASW,CE,Federal Contract Tower,0,1,24,6,31,0,4,127,8,139,0,5,151,14,170,238,20,258,428
11/19/2010,SWO,OK,ASW,CE,Federal Contract Tower,4,1,7,1,13,0,2,60,1,63,4,3,67,2,76,72,0,72,148
11/20/2010,SWO,OK,ASW,CE,Federal Contract Tower,2,0,11,0,13,0,2,64,0,66,2,2,75,0,79,108,0,108,187
11/21/2010,SWO,OK,ASW,CE,Federal Contract Tower,0,2,7,0,9,0,4,19,0,23,0,6,26,0,32,0,0,0,32
11/22/2010,SWO,OK,ASW,CE,Federal Contract Tower,0,0,16,0,16,0,2,68,0,70,0,2,84,0,86,94,0,94,180
11/23/2010,SWO,OK,ASW,CE,Federal Contract Tower,0,0,13,3,16,0,8,90,0,98,0,8,103,3,114,152,12,164,278
11/24/2010,SWO,OK,ASW,CE,Federal Contract Tower,0,0,5,6,11,0,1,4,0,5,0,1,9,6,16,6,0,6,22
11/25/2010,SWO,OK,ASW,CE,Federal Contract Tower,0,2,0,0,2,0,5,1,0,6,0,7,1,0,8,0,0,0,8
11/26/2010,SWO,OK,ASW,CE,Federal Contract Tower,0,2,4,0,6,0,0,27,0,27,0,2,31,0,33,16,0,16,49
11/27/2010,SWO,OK,ASW,CE,Federal Contract Tower,0,8,26,0,34,0,1,81,0,82,0,9,107,0,116,56,0,56,172
11/28/2010,SWO,OK,ASW,CE,Federal Contract Tower,0,1,8,0,9,0,2,9,0,11,0,3,17,0,20,0,0,0,20
11/29/2010,SWO,OK,ASW,CE,Federal Contract Tower,0,0,18,0,18,0,0,50,2,52,0,0,68,2,70,170,0,170,240
11/30/2010,SWO,OK,ASW,CE,Federal Contract Tower,0,0,9,2,11,0,3,65,7,75,0,3,74,9,86,80,12,92,178
12/01/2010,SWO,OK,ASW,CE,Federal Contract Tower,0,0,7,0,7,0,0,79,0,79,0,0,86,0,86,194,0,194,280
12/02/2010,SWO,OK,ASW,CE,Federal Contract Tower,2,4,28,5,39,0,0,112,2,114,2,4,140,7,153,210,4,214,367
12/03/2010,SWO,OK,ASW,CE,Federal Contract Tower,0,0,11,2,13,0,1,66,0,67,0,1,77,2,80,104,0,104,184
12/04/2010,SWO,OK,ASW,CE,Federal Contract Tower,0,3,12,0,15,0,3,33,1,37,0,6,45,1,52,34,0,34,86
12/05/2010,SWO,OK,ASW,CE,Federal Contract Tower,1,4,12,2,19,0,2,49,1,52,1,6,61,3,71,104,8,112,183
12/06/2010,SWO,OK,ASW,CE,Federal Contract Tower,0,0,8,12,20,0,0,77,0,77,0,0,85,12,97,154,8,162,259
12/07/2010,SWO,OK,ASW,CE,Federal Contract Tower,0,2,9,4,15,0,0,60,5,65,0,2,69,9,80,98,28,126,206
12/08/2010,SWO,OK,ASW,CE,Federal Contract Tower,0,0,20,4,24,0,2,55,3,60,0,2,75,7,84,148,0,148,232
12/09/2010,SWO,OK,ASW,CE,Federal Contract Tower,0,0,15,1,16,0,1,95,2,98,0,1,110,3,114,94,0,94,208
12/10/2010,SWO,OK,ASW,CE,Federal Contract Tower,0,0,22,0,22,0,0,87,0,87,0,0,109,0,109,174,0,174,283
12/11/2010,SWO,OK,ASW,CE,Federal Contract Tower,0,1,0,0,1,0,5,9,0,14,0,6,9,0,15,6,0,6,21
12/12/2010,SWO,OK,ASW,CE,Federal Contract Tower,1,1,7,0,9,0,2,24,0,26,1,3,31,0,35,34,0,34,69
12/13/2010,SWO,OK,ASW,CE,Federal Contract Tower,0,0,10,4,14,0,0,87,1,88,0,0,97,5,102,152,10,162,264
12/14/2010,SWO,OK,ASW,CE,Federal Contract Tower,0,10,12,8,30,0,11,92,3,106,0,21,104,11,136,128,0,128,264
12/15/2010,SWO,OK,ASW,CE,Federal Contract Tower,0,0,9,6,15,0,0,58,0,58,0,0,67,6,73,90,4,94,167
12/16/2010,SWO,OK,ASW,CE,Federal Contract Tower,0,0,9,8,17,0,2,63,0,65,0,2,72,8,82,126,0,126,208
12/17/2010,SWO,OK,ASW,CE,Federal Contract Tower,0,1,1,13,15,0,4,20,0,24,0,5,21,13,39,66,0,66,105
12/18/2010,SWO,OK,ASW,CE,Federal Contract Tower,0,3,7,0,10,0,1,28,0,29,0,4,35,0,39,96,0,96,135
12/19/2010,SWO,OK,ASW,CE,Federal Contract Tower,0,0,3,0,3,0,2,42,0,44,0,2,45,0,47,30,0,30,77
12/20/2010,SWO,OK,ASW,CE,Federal Contract Tower,0,0,2,8,10,0,2,35,2,39,0,2,37,10,49,82,40,122,171
12/21/2010,SWO,OK,ASW,CE,Federal Contract Tower,0,0,13,6,19,0,1,7,0,8,0,1,20,6,27,8,0,8,35
12/22/2010,SWO,OK,ASW,CE,Federal Contract Tower,0,0,6,9,15,0,3,51,5,59,0,3,57,14,74,6,12,18,92
12/23/2010,SWO,OK,ASW,CE,Federal Contract Tower,2,0,2,0,4,0,0,11,0,11,2,0,13,0,15,0,0,0,15
12/24/2010,SWO,OK,ASW,CE,Federal Contract Tower,0,0,0,0,0,0,0,0,0,0,0,0,0,0,0,0,0,0,0
12/25/2010,SWO,OK,ASW,CE,Federal Contract Tower,0,0,1,0,1,0,4,2,0,6,0,4,3,0,7,0,0,0,7
12/26/2010,SWO,OK,ASW,CE,Federal Contract Tower,0,0,5,0,5,0,1,13,0,14,0,1,18,0,19,14,0,14,33
12/27/2010,SWO,OK,ASW,CE,Federal Contract Tower,1,0,3,0,4,0,2,19,0,21,1,2,22,0,25,22,0,22,47
12/28/2010,SWO,OK,ASW,CE,Federal Contract Tower,0,0,9,0,9,0,0,7,0,7,0,0,16,0,16,8,0,8,24
12/29/2010,SWO,OK,ASW,CE,Federal Contract Tower,1,2,2,0,5,0,0,1,0,1,1,2,3,0,6,0,0,0,6
12/30/2010,SWO,OK,ASW,CE,Federal Contract Tower,2,0,4,0,6,0,6,16,0,22,2,6,20,0,28,6,0,6,34
12/31/2010,SWO,OK,ASW,CE,Federal Contract Tower,0,0,3,0,3,0,3,5,0,8,0,3,8,0,11,0,0,0,11
01/01/2011,SWO,OK,ASW,CE,Federal Contract Tower,0,0,2,0,2,0,3,9,0,12,0,3,11,0,14,0,0,0,14
01/02/2011,SWO,OK,ASW,CE,Federal Contract Tower,0,0,3,0,3,0,1,24,0,25,0,1,27,0,28,50,0,50,78
01/03/2011,SWO,OK,ASW,CE,Federal Contract Tower,0,0,4,0,4,0,3,24,0,27,0,3,28,0,31,32,0,32,63
01/04/2011,SWO,OK,ASW,CE,Federal Contract Tower,0,0,12,6,18,0,3,49,1,53,0,3,61,7,71,66,0,66,137
01/05/2011,SWO,OK,ASW,CE,Federal Contract Tower,0,0,14,4,18,0,0,50,8,58,0,0,64,12,76,128,58,186,262
01/06/2011,SWO,OK,ASW,CE,Federal Contract Tower,0,0,7,2,9,0,2,46,0,48,0,2,53,2,57,60,0,60,117
01/07/2011,SWO,OK,ASW,CE,Federal Contract Tower,2,0,7,8,17,0,2,37,0,39,2,2,44,8,56,46,0,46,102
01/08/2011,SWO,OK,ASW,CE,Federal Contract Tower,0,0,9,2,11,0,2,43,1,46,0,2,52,3,57,24,8,32,89
01/09/2011,SWO,OK,ASW,CE,Federal Contract Tower,0,2,1,0,3,0,0,2,0,2,0,2,3,0,5,0,0,0,5
01/10/2011,SWO,OK,ASW,CE,Federal Contract Tower,0,0,0,0,0,0,0,0,0,0,0,0,0,0,0,0,0,0,0
01/11/2011,SWO,OK,ASW,CE,Federal Contract Tower,0,0,4,0,4,0,0,31,0,31,0,0,35,0,35,46,0,46,81
01/12/2011,SWO,OK,ASW,CE,Federal Contract Tower,0,2,14,8,24,0,1,59,0,60,0,3,73,8,84,188,0,188,272
01/13/2011,SWO,OK,ASW,CE,Federal Contract Tower,0,0,12,4,16,0,0,59,0,59,0,0,71,4,75,138,0,138,213
01/14/2011,SWO,OK,ASW,CE,Federal Contract Tower,0,1,12,0,13,0,1,72,0,73,0,2,84,0,86,124,0,124,210
01/15/2011,SWO,OK,ASW,CE,Federal Contract Tower,0,0,7,0,7,0,1,43,0,44,0,1,50,0,51,82,0,82,133
01/16/2011,SWO,OK,ASW,CE,Federal Contract Tower,0,0,5,1,6,0,5,34,1,40,0,5,39,2,46,84,0,84,130
01/17/2011,SWO,OK,ASW,CE,Federal Contract Tower,1,2,3,0,6,0,1,9,6,16,1,3,12,6,22,20,0,20,42
01/18/2011,SWO,OK,ASW,CE,Federal Contract Tower,0,0,3,3,6,0,0,44,1,45,0,0,47,4,51,74,0,74,125
01/19/2011,SWO,OK,ASW,CE,Federal Contract Tower,0,0,9,2,11,0,0,60,0,60,0,0,69,2,71,172,0,172,243
01/20/2011,SWO,OK,ASW,CE,Federal Contract Tower,0,0,2,0,2,0,2,6,0,8,0,2,8,0,10,0,0,0,10
01/21/2011,SWO,OK,ASW,CE,Federal Contract Tower,0,0,21,0,21,0,0,71,0,71,0,0,92,0,92,110,0,110,202
01/22/2011,SWO,OK,ASW,CE,Federal Contract Tower,0,0,13,0,13,0,1,87,0,88,0,1,100,0,101,240,0,240,341
01/23/2011,SWO,OK,ASW,CE,Federal Contract Tower,0,1,2,0,3,0,0,9,0,9,0,1,11,0,12,8,0,8,20
01/24/2011,SWO,OK,ASW,CE,Federal Contract Tower,0,0,16,9,25,0,4,107,3,114,0,4,123,12,139,124,6,130,269
01/25/2011,SWO,OK,ASW,CE,Federal Contract Tower,1,0,11,9,21,0,4,109,3,116,1,4,120,12,137,174,0,174,311
01/26/2011,SWO,OK,ASW,CE,Federal Contract Tower,0,0,28,4,32,0,0,114,0,114,0,0,142,4,146,232,16,248,394
01/27/2011,SWO,OK,ASW,CE,Federal Contract Tower,0,0,20,5,25,0,0,108,2,110,0,0,128,7,135,158,20,178,313
01/28/2011,SWO,OK,ASW,CE,Federal Contract Tower,0,3,19,5,27,0,4,111,0,115,0,7,130,5,142,206,0,206,348
01/29/2011,SWO,OK,ASW,CE,Federal Contract Tower,0,1,10,0,11,0,2,133,0,135,0,3,143,0,146,260,0,260,406
01/30/2011,SWO,OK,ASW,CE,Federal Contract Tower,0,2,6,2,10,0,5,39,0,44,0,7,45,2,54,14,0,14,68
01/31/2011,SWO,OK,ASW,CE,Federal Contract Tower,0,0,3,2,5,0,2,1,0,3,0,2,4,2,8,0,0,0,8
02/01/2011,SWO,OK,ASW,CE,Federal Contract Tower,0,0,0,0,0,0,0,0,0,0,0,0,0,0,0,0,0,0,0
02/02/2011,SWO,OK,ASW,CE,Federal Contract Tower,0,2,2,0,4,0,4,0,0,4,0,6,2,0,8,0,0,0,8
02/03/2011,SWO,OK,ASW,CE,Federal Contract Tower,0,0,2,0,2,0,6,0,0,6,0,6,2,0,8,0,0,0,8
02/04/2011,SWO,OK,ASW,CE,Federal Contract Tower,0,0,1,0,1,0,0,2,0,2,0,0,3,0,3,0,0,0,3
02/05/2011,SWO,OK,ASW,CE,Federal Contract Tower,0,2,11,0,13,0,4,21,0,25,0,6,32,0,38,30,0,30,68
02/06/2011,SWO,OK,ASW,CE,Federal Contract Tower,3,2,3,0,8,0,0,16,0,16,3,2,19,0,24,96,0,96,120
02/07/2011,SWO,OK,ASW,CE,Federal Contract Tower,0,2,4,0,6,0,3,41,0,44,0,5,45,0,50,198,0,198,248
02/08/2011,SWO,OK,ASW,CE,Federal Contract Tower,0,0,8,0,8,0,0,40,0,40,0,0,48,0,48,8,0,8,56
02/09/2011,SWO,OK,ASW,CE,Federal Contract Tower,0,0,0,0,0,0,0,0,0,0,0,0,0,0,0,0,0,0,0
02/10/2011,SWO,OK,ASW,CE,Federal Contract Tower,0,0,7,0,7,0,3,25,0,28,0,3,32,0,35,80,0,80,115
02/11/2011,SWO,OK,ASW,CE,Federal Contract Tower,0,4,16,0,20,0,7,75,0,82,0,11,91,0,102,150,0,150,252
02/12/2011,SWO,OK,ASW,CE,Federal Contract Tower,0,0,11,0,11,0,0,98,6,104,0,0,109,6,115,102,6,108,223
02/13/2011,SWO,OK,ASW,CE,Federal Contract Tower,0,2,4,1,7,0,2,89,1,92,0,4,93,2,99,214,0,214,313
02/14/2011,SWO,OK,ASW,CE,Federal Contract Tower,0,0,14,4,18,0,0,82,0,82,0,0,96,4,100,174,0,174,274
02/15/2011,SWO,OK,ASW,CE,Federal Contract Tower,0,1,11,0,12,0,4,57,0,61,0,5,68,0,73,154,0,154,227
02/16/2011,SWO,OK,ASW,CE,Federal Contract Tower,0,0,9,20,29,0,2,58,3,63,0,2,67,23,92,68,6,74,166
02/17/2011,SWO,OK,ASW,CE,Federal Contract Tower,0,1,9,7,17,0,1,57,1,59,0,2,66,8,76,106,60,166,242
02/18/2011,SWO,OK,ASW,CE,Federal Contract Tower,0,5,12,2,19,0,1,87,4,92,0,6,99,6,111,112,20,132,243
02/19/2011,SWO,OK,ASW,CE,Federal Contract Tower,0,2,17,0,19,0,4,21,2,27,0,6,38,2,46,86,8,94,140
02/20/2011,SWO,OK,ASW,CE,Federal Contract Tower,0,3,12,2,17,0,7,5,0,12,0,10,17,2,29,6,8,14,43
02/21/2011,SWO,OK,ASW,CE,Federal Contract Tower,0,0,16,4,20,0,1,51,2,54,0,1,67,6,74,148,12,160,234
02/22/2011,SWO,OK,ASW,CE,Federal Contract Tower,0,0,16,4,20,0,0,90,4,94,0,0,106,8,114,166,20,186,300
02/23/2011,SWO,OK,ASW,CE,Federal Contract Tower,0,0,11,5,16,0,3,73,7,83,0,3,84,12,99,196,10,206,305
02/24/2011,SWO,OK,ASW,CE,Federal Contract Tower,0,0,1,3,4,0,0,0,0,0,0,0,1,3,4,0,0,0,4
02/25/2011,SWO,OK,ASW,CE,Federal Contract Tower,0,0,8,3,11,0,0,2,1,3,0,0,10,4,14,26,0,26,40
02/26/2011,SWO,OK,ASW,CE,Federal Contract Tower,0,5,11,0,16,0,0,5,0,5,0,5,16,0,21,44,0,44,65
02/27/2011,SWO,OK,ASW,CE,Federal Contract Tower,0,0,7,0,7,0,4,18,0,22,0,4,25,0,29,28,0,28,57
02/28/2011,SWO,OK,ASW,CE,Federal Contract Tower,1,0,26,6,33,0,0,125,1,126,1,0,151,7,159,184,4,188,347
03/01/2011,SWO,OK,ASW,CE,Federal Contract Tower,0,0,10,2,12,0,1,113,0,114,0,1,123,2,126,213,0,213,339
03/02/2011,SWO,OK,ASW,CE,Federal Contract Tower,0,0,26,0,26,0,2,151,4,157,0,2,177,4,183,290,8,298,481
03/03/2011,SWO,OK,ASW,CE,Federal Contract Tower,4,0,11,0,15,0,0,89,2,91,4,0,100,2,106,102,0,102,208
03/04/2011,SWO,OK,ASW,CE,Federal Contract Tower,0,0,11,10,21,0,0,18,0,18,0,0,29,10,39,150,18,168,207
03/05/2011,SWO,OK,ASW,CE,Federal Contract Tower,0,0,11,4,15,0,7,51,5,63,0,7,62,9,78,52,34,86,164
03/06/2011,SWO,OK,ASW,CE,Federal Contract Tower,0,0,11,0,11,0,0,106,0,106,0,0,117,0,117,170,0,170,287
03/07/2011,SWO,OK,ASW,CE,Federal Contract Tower,0,0,7,4,11,0,2,62,0,64,0,2,69,4,75,80,0,80,155
03/08/2011,SWO,OK,ASW,CE,Federal Contract Tower,0,0,2,0,2,0,2,2,0,4,0,2,4,0,6,12,0,12,18
03/09/2011,SWO,OK,ASW,CE,Federal Contract Tower,0,0,17,4,21,0,0,61,7,68,0,0,78,11,89,194,14,208,297
03/10/2011,SWO,OK,ASW,CE,Federal Contract Tower,0,2,15,6,23,0,1,93,7,101,0,3,108,13,124,290,13,303,427
03/11/2011,SWO,OK,ASW,CE,Federal Contract Tower,0,0,12,3,15,0,2,55,1,58,0,2,67,4,73,42,12,54,127
03/12/2011,SWO,OK,ASW,CE,Federal Contract Tower,0,0,4,0,4,0,10,31,0,41,0,10,35,0,45,66,0,66,111
03/13/2011,SWO,OK,ASW,CE,Federal Contract Tower,0,0,3,6,9,0,0,4,0,4,0,0,7,6,13,0,0,0,13
03/14/2011,SWO,OK,ASW,CE,Federal Contract Tower,0,1,7,0,8,0,20,0,0,20,0,21,7,0,28,34,0,34,62
03/15/2011,SWO,OK,ASW,CE,Federal Contract Tower,0,3,10,1,14,0,3,63,1,67,0,6,73,2,81,92,6,98,179
03/16/2011,SWO,OK,ASW,CE,Federal Contract Tower,0,4,12,0,16,0,1,38,5,44,0,5,50,5,60,88,12,100,160
03/17/2011,SWO,OK,ASW,CE,Federal Contract Tower,0,0,0,12,12,0,1,26,2,29,0,1,26,14,41,32,24,56,97
03/18/2011,SWO,OK,ASW,CE,Federal Contract Tower,0,0,2,3,5,0,0,18,1,19,0,0,20,4,24,48,12,60,84
03/19/2011,SWO,OK,ASW,CE,Federal Contract Tower,0,2,5,0,7,0,0,16,0,16,0,2,21,0,23,50,0,50,73
03/20/2011,SWO,OK,ASW,CE,Federal Contract Tower,0,3,8,1,12,0,1,24,5,30,0,4,32,6,42,4,10,14,56
03/21/2011,SWO,OK,ASW,CE,Federal Contract Tower,0,0,17,4,21,0,1,75,3,79,0,1,92,7,100,202,20,222,322
03/22/2011,SWO,OK,ASW,CE,Federal Contract Tower,0,0,12,0,12,0,5,61,0,66,0,5,73,0,78,48,0,48,126
03/23/2011,SWO,OK,ASW,CE,Federal Contract Tower,0,0,13,2,15,0,0,107,0,107,0,0,120,2,122,210,0,210,332
03/24/2011,SWO,OK,ASW,CE,Federal Contract Tower,2,0,15,3,20,0,2,95,1,98,2,2,110,4,118,268,22,290,408
03/25/2011,SWO,OK,ASW,CE,Federal Contract Tower,0,1,16,1,18,0,5,93,1,99,0,6,109,2,117,274,0,274,391
03/26/2011,SWO,OK,ASW,CE,Federal Contract Tower,0,2,3,0,5,0,0,0,0,0,0,2,3,0,5,0,0,0,5
03/27/2011,SWO,OK,ASW,CE,Federal Contract Tower,2,0,4,0,6,0,0,1,0,1,2,0,5,0,7,20,0,20,27
03/28/2011,SWO,OK,ASW,CE,Federal Contract Tower,0,0,2,6,8,0,1,0,0,1,0,1,2,6,9,0,0,0,9
03/29/2011,SWO,OK,ASW,CE,Federal Contract Tower,0,0,2,0,2,0,1,29,0,30,0,1,31,0,32,246,0,246,278
03/30/2011,SWO,OK,ASW,CE,Federal Contract Tower,0,0,4,10,14,0,2,11,4,17,0,2,15,14,31,118,36,154,185
03/31/2011,SWO,OK,ASW,CE,Federal Contract Tower,0,0,13,1,14,0,2,49,3,54,0,2,62,4,68,100,6,106,174
04/01/2011,SWO,OK,ASW,CE,Federal Contract Tower,0,1,33,3,37,0,7,179,2,188,0,8,212,5,225,294,12,306,531
04/02/2011,SWO,OK,ASW,CE,Federal Contract Tower,0,0,15,0,15,0,2,57,0,59,0,2,72,0,74,52,0,52,126
04/03/2011,SWO,OK,ASW,CE,Federal Contract Tower,4,0,0,0,4,0,2,1,0,3,4,2,1,0,7,0,0,0,7
04/04/2011,SWO,OK,ASW,CE,Federal Contract Tower,0,1,6,5,12,0,2,8,2,12,0,3,14,7,24,14,30,44,68
04/05/2011,SWO,OK,ASW,CE,Federal Contract Tower,0,1,17,3,21,0,5,77,2,84,0,6,94,5,105,146,36,182,287
04/06/2011,SWO,OK,ASW,CE,Federal Contract Tower,0,0,17,2,19,0,2,99,5,106,0,2,116,7,125,196,18,214,339
04/07/2011,SWO,OK,ASW,CE,Federal Contract Tower,0,0,19,0,19,0,2,72,2,76,0,2,91,2,95,202,0,202,297
04/08/2011,SWO,OK,ASW,CE,Federal Contract Tower,0,0,16,1,17,0,0,78,1,79,0,0,94,2,96,184,0,184,280
04/09/2011,SWO,OK,ASW,CE,Federal Contract Tower,0,0,13,3,16,0,2,39,1,42,0,2,52,4,58,44,6,50,108
04/10/2011,SWO,OK,ASW,CE,Federal Contract Tower,0,0,8,0,8,0,0,11,0,11,0,0,19,0,19,46,0,46,65
04/11/2011,SWO,OK,ASW,CE,Federal Contract Tower,0,2,21,6,29,0,0,80,0,80,0,2,101,6,109,90,0,90,199
04/12/2011,SWO,OK,ASW,CE,Federal Contract Tower,0,0,21,0,21,0,1,114,1,116,0,1,135,1,137,344,6,350,487
04/13/2011,SWO,OK,ASW,CE,Federal Contract Tower,0,0,19,2,21,0,2,92,6,100,0,2,111,8,121,132,58,190,311
04/14/2011,SWO,OK,ASW,CE,Federal Contract Tower,0,4,7,6,17,0,3,13,0,16,0,7,20,6,33,22,0,22,55
04/15/2011,SWO,OK,ASW,CE,Federal Contract Tower,0,0,6,0,6,0,2,0,0,2,0,2,6,0,8,0,0,0,8
04/16/2011,SWO,OK,ASW,CE,Federal Contract Tower,0,0,6,0,6,0,2,69,0,71,0,2,75,0,77,56,0,56,133
04/17/2011,SWO,OK,ASW,CE,Federal Contract Tower,0,1,4,0,5,0,0,12,0,12,0,1,16,0,17,38,0,38,55
04/18/2011,SWO,OK,ASW,CE,Federal Contract Tower,0,0,18,0,18,0,3,84,0,87,0,3,102,0,105,222,0,222,327
04/19/2011,SWO,OK,ASW,CE,Federal Contract Tower,0,4,11,6,21,0,3,46,0,49,0,7,57,6,70,130,0,130,200
04/20/2011,SWO,OK,ASW,CE,Federal Contract Tower,0,0,17,2,19,0,2,68,0,70,0,2,85,2,89,186,0,186,275
04/21/2011,SWO,OK,ASW,CE,Federal Contract Tower,0,2,13,4,19,0,0,15,0,15,0,2,28,4,34,0,0,0,34
04/22/2011,SWO,OK,ASW,CE,Federal Contract Tower,0,0,3,9,12,0,4,35,1,40,0,4,38,10,52,80,0,80,132
04/23/2011,SWO,OK,ASW,CE,Federal Contract Tower,0,2,2,0,4,0,7,16,0,23,0,9,18,0,27,52,0,52,79
04/24/2011,SWO,OK,ASW,CE,Federal Contract Tower,0,0,4,0,4,0,0,0,0,0,0,0,4,0,4,0,0,0,4
04/25/2011,SWO,OK,ASW,CE,Federal Contract Tower,0,0,6,2,8,0,0,0,0,0,0,0,6,2,8,0,0,0,8
04/26/2011,SWO,OK,ASW,CE,Federal Contract Tower,0,0,12,2,14,0,5,101,2,108,0,5,113,4,122,222,0,222,344
04/27/2011,SWO,OK,ASW,CE,Federal Contract Tower,0,0,6,2,8,0,1,22,0,23,0,1,28,2,31,88,10,98,129
04/28/2011,SWO,OK,ASW,CE,Federal Contract Tower,0,0,16,7,23,0,8,78,2,88,0,8,94,9,111,128,18,146,257
04/29/2011,SWO,OK,ASW,CE,Federal Contract Tower,0,0,9,0,9,0,2,27,0,29,0,2,36,0,38,14,0,14,52
04/30/2011,SWO,OK,ASW,CE,Federal Contract Tower,0,0,14,0,14,0,0,43,0,43,0,0,57,0,57,54,0,54,111
05/01/2011,SWO,OK,ASW,CE,Federal Contract Tower,0,0,0,0,0,0,3,2,0,5,0,3,2,0,5,2,0,2,7
05/02/2011,SWO,OK,ASW,CE,Federal Contract Tower,0,0,1,2,3,0,0,79,5,84,0,0,80,7,87,192,16,208,295
05/03/2011,SWO,OK,ASW,CE,Federal Contract Tower,0,0,7,3,10,0,4,98,2,104,0,4,105,5,114,292,0,292,406
05/04/2011,SWO,OK,ASW,CE,Federal Contract Tower,0,0,8,13,21,0,2,76,13,91,0,2,84,26,112,82,40,122,234
05/05/2011,SWO,OK,ASW,CE,Federal Contract Tower,0,0,21,1,22,0,2,90,1,93,0,2,111,2,115,116,0,116,231
05/06/2011,SWO,OK,ASW,CE,Federal Contract Tower,0,0,10,9,19,0,5,57,1,63,0,5,67,10,82,104,2,106,188
05/07/2011,SWO,OK,ASW,CE,Federal Contract Tower,0,2,3,3,8,0,3,80,5,88,0,5,83,8,96,122,22,144,240
05/08/2011,SWO,OK,ASW,CE,Federal Contract Tower,0,0,8,0,8,0,0,25,4,29,0,0,33,4,37,22,0,22,59
05/09/2011,SWO,OK,ASW,CE,Federal Contract Tower,0,0,6,5,11,0,1,52,0,53,0,1,58,5,64,94,2,96,160
05/10/2011,SWO,OK,ASW,CE,Federal Contract Tower,0,0,17,2,19,2,4,0,40,46,2,4,17,42,65,46,0,46,111
05/11/2011,SWO,OK,ASW,CE,Federal Contract Tower,0,0,1,1,2,0,0,10,0,10,0,0,11,1,12,32,0,32,44
05/12/2011,SWO,OK,ASW,CE,Federal Contract Tower,0,0,14,6,20,0,7,49,0,56,0,7,63,6,76,172,4,176,252
05/13/2011,SWO,OK,ASW,CE,Federal Contract Tower,0,0,10,5,15,0,3,46,2,51,0,3,56,7,66,116,36,152,218
05/14/2011,SWO,OK,ASW,CE,Federal Contract Tower,0,0,7,1,8,0,3,45,0,48,0,3,52,1,56,106,0,106,162
05/15/2011,SWO,OK,ASW,CE,Federal Contract Tower,0,0,3,0,3,0,5,17,0,22,0,5,20,0,25,50,0,50,75
05/16/2011,SWO,OK,ASW,CE,Federal Contract Tower,0,0,9,5,14,0,3,96,0,99,0,3,105,5,113,180,0,180,293
05/17/2011,SWO,OK,ASW,CE,Federal Contract Tower,0,0,14,3,17,0,0,103,3,106,0,0,117,6,123,222,4,226,349
05/18/2011,SWO,OK,ASW,CE,Federal Contract Tower,0,0,10,2,12,0,3,35,1,39,0,3,45,3,51,40,0,40,91
05/19/2011,SWO,OK,ASW,CE,Federal Contract Tower,0,0,11,1,12,0,0,24,1,25,0,0,35,2,37,36,0,36,73
05/20/2011,SWO,OK,ASW,CE,Federal Contract Tower,0,2,3,5,10,0,1,8,0,9,0,3,11,5,19,46,0,46,65
05/21/2011,SWO,OK,ASW,CE,Federal Contract Tower,0,0,6,0,6,0,2,39,0,41,0,2,45,0,47,98,0,98,145
05/22/2011,SWO,OK,ASW,CE,Federal Contract Tower,0,0,6,0,6,0,4,15,0,19,0,4,21,0,25,20,0,20,45
05/23/2011,SWO,OK,ASW,CE,Federal Contract Tower,0,0,13,0,13,0,3,22,0,25,0,3,35,0,38,50,0,50,88
05/24/2011,SWO,OK,ASW,CE,Federal Contract Tower,0,0,6,1,7,0,1,3,1,5,0,1,9,2,12,0,0,0,12
05/25/2011,SWO,OK,ASW,CE,Federal Contract Tower,0,0,12,0,12,0,6,7,0,13,0,6,19,0,25,0,0,0,25
05/26/2011,SWO,OK,ASW,CE,Federal Contract Tower,0,3,7,5,15,0,2,82,2,86,0,5,89,7,101,150,4,154,255
05/27/2011,SWO,OK,ASW,CE,Federal Contract Tower,0,0,10,5,15,0,0,33,7,40,0,0,43,12,55,86,4,90,145
05/28/2011,SWO,OK,ASW,CE,Federal Contract Tower,0,0,4,0,4,0,1,45,0,46,0,1,49,0,50,102,0,102,152
05/29/2011,SWO,OK,ASW,CE,Federal Contract Tower,0,2,6,0,8,0,7,6,0,13,0,9,12,0,21,0,0,0,21
05/30/2011,SWO,OK,ASW,CE,Federal Contract Tower,0,0,2,0,2,0,4,14,0,18,0,4,16,0,20,0,0,0,20
05/31/2011,SWO,OK,ASW,CE,Federal Contract Tower,0,3,8,1,12,0,3,62,1,66,0,6,70,2,78,228,0,228,306
06/01/2011,SWO,OK,ASW,CE,Federal Contract Tower,0,0,15,3,18,0,3,50,1,54,0,3,65,4,72,52,12,64,136
06/02/2011,SWO,OK,ASW,CE,Federal Contract Tower,0,3,20,3,26,0,3,50,0,53,0,6,70,3,79,56,0,56,135
06/03/2011,SWO,OK,ASW,CE,Federal Contract Tower,0,7,16,3,26,0,4,45,4,53,0,11,61,7,79,116,18,134,213
06/04/2011,SWO,OK,ASW,CE,Federal Contract Tower,0,0,10,1,11,0,5,40,1,46,0,5,50,2,57,40,16,56,113
06/05/2011,SWO,OK,ASW,CE,Federal Contract Tower,0,4,9,0,13,0,0,61,0,61,0,4,70,0,74,16,0,16,90
06/06/2011,SWO,OK,ASW,CE,Federal Contract Tower,0,1,15,6,22,0,8,41,1,50,0,9,56,7,72,86,0,86,158
06/07/2011,SWO,OK,ASW,CE,Federal Contract Tower,0,0,12,4,16,0,0,55,6,61,0,0,67,10,77,108,22,130,207
06/08/2011,SWO,OK,ASW,CE,Federal Contract Tower,0,0,12,2,14,0,2,41,1,44,0,2,53,3,58,28,0,28,86
06/09/2011,SWO,OK,ASW,CE,Federal Contract Tower,0,0,13,2,15,0,6,49,8,63,0,6,62,10,78,64,18,82,160
06/10/2011,SWO,OK,ASW,CE,Federal Contract Tower,0,0,18,2,20,0,0,40,0,40,0,0,58,2,60,72,0,72,132
06/11/2011,SWO,OK,ASW,CE,Federal Contract Tower,0,3,6,0,9,0,4,44,0,48,0,7,50,0,57,20,0,20,77
06/12/2011,SWO,OK,ASW,CE,Federal Contract Tower,0,1,9,2,12,0,2,20,0,22,0,3,29,2,34,70,0,70,104
06/13/2011,SWO,OK,ASW,CE,Federal Contract Tower,0,0,11,3,14,0,2,43,4,49,0,2,54,7,63,92,14,106,169
06/14/2011,SWO,OK,ASW,CE,Federal Contract Tower,0,0,9,0,9,0,2,27,0,29,0,2,36,0,38,28,0,28,66
06/15/2011,SWO,OK,ASW,CE,Federal Contract Tower,0,0,3,1,4,0,2,69,3,74,0,2,72,4,78,154,4,158,236
06/16/2011,SWO,OK,ASW,CE,Federal Contract Tower,0,0,8,2,10,0,2,37,0,39,0,2,45,2,49,44,0,44,93
06/17/2011,SWO,OK,ASW,CE,Federal Contract Tower,0,1,10,0,11,0,8,39,0,47,0,9,49,0,58,24,0,24,82
06/18/2011,SWO,OK,ASW,CE,Federal Contract Tower,0,0,4,0,4,0,2,33,5,40,0,2,37,5,44,78,24,102,146
06/19/2011,SWO,OK,ASW,CE,Federal Contract Tower,0,2,6,1,9,0,0,13,6,19,0,2,19,7,28,30,58,88,116
06/20/2011,SWO,OK,ASW,CE,Federal Contract Tower,0,0,9,0,9,0,0,5,0,5,0,0,14,0,14,2,0,2,16
06/21/2011,SWO,OK,ASW,CE,Federal Contract Tower,0,0,5,11,16,0,2,50,2,54,0,2,55,13,70,88,4,92,162
06/22/2011,SWO,OK,ASW,CE,Federal Contract Tower,0,0,8,6,14,0,2,65,2,69,0,2,73,8,83,90,0,90,173
06/23/2011,SWO,OK,ASW,CE,Federal Contract Tower,0,1,7,0,8,0,2,45,1,48,0,3,52,1,56,110,0,110,166
06/24/2011,SWO,OK,ASW,CE,Federal Contract Tower,0,0,17,0,17,0,3,47,2,52,0,3,64,2,69,54,0,54,123
06/25/2011,SWO,OK,ASW,CE,Federal Contract Tower,0,0,9,0,9,0,3,20,4,27,0,3,29,4,36,6,4,10,46
06/26/2011,SWO,OK,ASW,CE,Federal Contract Tower,0,0,9,0,9,0,2,32,0,34,0,2,41,0,43,8,0,8,51
06/27/2011,SWO,OK,ASW,CE,Federal Contract Tower,0,0,6,25,31,0,2,26,0,28,0,2,32,25,59,16,0,16,75
06/28/2011,SWO,OK,ASW,CE,Federal Contract Tower,0,0,7,4,11,0,0,44,0,44,0,0,51,4,55,74,0,74,129
06/29/2011,SWO,OK,ASW,CE,Federal Contract Tower,0,0,9,1,10,0,0,56,4,60,0,0,65,5,70,70,0,70,140
06/30/2011,SWO,OK,ASW,CE,Federal Contract Tower,0,0,6,7,13,0,4,48,3,55,0,4,54,10,68,98,0,98,166
07/01/2011,SWO,OK,ASW,CE,Federal Contract Tower,0,0,3,0,3,0,2,49,0,51,0,2,52,0,54,66,0,66,120
07/02/2011,SWO,OK,ASW,CE,Federal Contract Tower,0,2,1,0,3,0,0,18,0,18,0,2,19,0,21,28,0,28,49
07/03/2011,SWO,OK,ASW,CE,Federal Contract Tower,0,0,1,0,1,0,0,9,0,9,0,0,10,0,10,8,0,8,18
07/04/2011,SWO,OK,ASW,CE,Federal Contract Tower,0,0,2,0,2,0,0,14,0,14,0,0,16,0,16,20,0,20,36
07/05/2011,SWO,OK,ASW,CE,Federal Contract Tower,0,0,8,4,12,0,4,43,0,47,0,4,51,4,59,82,0,82,141
07/06/2011,SWO,OK,ASW,CE,Federal Contract Tower,0,0,13,4,17,0,0,58,2,60,0,0,71,6,77,56,28,84,161
07/07/2011,SWO,OK,ASW,CE,Federal Contract Tower,0,0,10,2,12,0,0,60,3,63,0,0,70,5,75,131,32,163,238
07/08/2011,SWO,OK,ASW,CE,Federal Contract Tower,0,0,4,4,8,0,0,40,1,41,0,0,44,5,49,72,24,96,145
07/09/2011,SWO,OK,ASW,CE,Federal Contract Tower,0,0,2,0,2,0,2,22,0,24,0,2,24,0,26,6,0,6,32
07/10/2011,SWO,OK,ASW,CE,Federal Contract Tower,0,0,2,0,2,0,6,26,0,32,0,6,28,0,34,114,0,114,148
07/11/2011,SWO,OK,ASW,CE,Federal Contract Tower,0,0,11,0,11,0,0,46,0,46,0,0,57,0,57,82,0,82,139
07/12/2011,SWO,OK,ASW,CE,Federal Contract Tower,0,0,8,0,8,0,7,39,0,46,0,7,47,0,54,110,0,110,164
07/13/2011,SWO,OK,ASW,CE,Federal Contract Tower,0,1,15,2,18,0,7,37,1,45,0,8,52,3,63,114,14,128,191
07/14/2011,SWO,OK,ASW,CE,Federal Contract Tower,0,0,5,8,13,0,3,44,3,50,0,3,49,11,63,108,70,178,241
07/15/2011,SWO,OK,ASW,CE,Federal Contract Tower,0,0,2,2,4,0,2,37,1,40,0,2,39,3,44,88,2,90,134
07/16/2011,SWO,OK,ASW,CE,Federal Contract Tower,0,0,1,0,1,0,2,27,0,29,0,2,28,0,30,32,0,32,62
07/17/2011,SWO,OK,ASW,CE,Federal Contract Tower,0,1,6,0,7,0,4,26,0,30,0,5,32,0,37,6,0,6,43
07/18/2011,SWO,OK,ASW,CE,Federal Contract Tower,0,2,7,2,11,0,3,29,2,34,0,5,36,4,45,104,6,110,155
07/19/2011,SWO,OK,ASW,CE,Federal Contract Tower,0,0,13,5,18,0,2,53,1,56,0,2,66,6,74,100,18,118,192
07/20/2011,SWO,OK,ASW,CE,Federal Contract Tower,0,2,6,7,15,0,2,46,3,51,0,4,52,10,66,136,0,136,202
07/21/2011,SWO,OK,ASW,CE,Federal Contract Tower,0,0,6,0,6,0,1,41,0,42,0,1,47,0,48,74,0,74,122
07/22/2011,SWO,OK,ASW,CE,Federal Contract Tower,0,0,7,2,9,0,0,34,2,36,0,0,41,4,45,52,2,54,99
07/23/2011,SWO,OK,ASW,CE,Federal Contract Tower,0,2,5,0,7,0,6,24,0,30,0,8,29,0,37,62,0,62,99
07/24/2011,SWO,OK,ASW,CE,Federal Contract Tower,0,1,4,0,5,0,0,28,0,28,0,1,32,0,33,12,0,12,45
07/25/2011,SWO,OK,ASW,CE,Federal Contract Tower,0,3,8,0,11,0,5,33,2,40,0,8,41,2,51,56,0,56,107
07/26/2011,SWO,OK,ASW,CE,Federal Contract Tower,0,0,5,0,5,0,4,45,0,49,0,4,50,0,54,64,0,64,118
07/27/2011,SWO,OK,ASW,CE,Federal Contract Tower,0,0,9,9,18,0,2,59,0,61,0,2,68,9,79,144,12,156,235
07/28/2011,SWO,OK,ASW,CE,Federal Contract Tower,0,0,6,2,8,0,3,45,1,49,0,3,51,3,57,24,20,44,101
07/29/2011,SWO,OK,ASW,CE,Federal Contract Tower,0,0,4,5,9,0,3,37,2,42,0,3,41,7,51,76,34,110,161
07/30/2011,SWO,OK,ASW,CE,Federal Contract Tower,0,0,7,0,7,0,1,27,0,28,0,1,34,0,35,32,0,32,67
07/31/2011,SWO,OK,ASW,CE,Federal Contract Tower,0,0,4,0,4,0,0,29,0,29,0,0,33,0,33,40,0,40,73
08/01/2011,SWO,OK,ASW,CE,Federal Contract Tower,0,0,10,0,10,0,4,38,0,42,0,4,48,0,52,30,0,30,82
08/02/2011,SWO,OK,ASW,CE,Federal Contract Tower,0,0,1,0,1,0,3,36,0,39,0,3,37,0,40,56,0,56,96
08/03/2011,SWO,OK,ASW,CE,Federal Contract Tower,0,0,8,0,8,0,6,40,0,46,0,6,48,0,54,48,0,48,102
08/04/2011,SWO,OK,ASW,CE,Federal Contract Tower,0,0,5,0,5,0,4,29,0,33,0,4,34,0,38,46,0,46,84
08/05/2011,SWO,OK,ASW,CE,Federal Contract Tower,0,2,8,4,14,0,2,37,2,41,0,4,45,6,55,68,0,68,123
08/06/2011,SWO,OK,ASW,CE,Federal Contract Tower,0,2,2,0,4,0,0,21,0,21,0,2,23,0,25,65,0,65,90
08/07/2011,SWO,OK,ASW,CE,Federal Contract Tower,0,0,6,0,6,0,2,14,0,16,0,2,20,0,22,18,0,18,40
08/08/2011,SWO,OK,ASW,CE,Federal Contract Tower,0,0,6,0,6,0,6,39,2,47,0,6,45,2,53,44,6,50,103
08/09/2011,SWO,OK,ASW,CE,Federal Contract Tower,0,0,6,3,9,0,4,42,1,47,0,4,48,4,56,62,10,72,128
08/10/2011,SWO,OK,ASW,CE,Federal Contract Tower,0,1,9,6,16,0,2,16,1,19,0,3,25,7,35,0,10,10,45
08/11/2011,SWO,OK,ASW,CE,Federal Contract Tower,0,2,6,0,8,0,9,10,0,19,0,11,16,0,27,14,0,14,41
08/12/2011,SWO,OK,ASW,CE,Federal Contract Tower,0,0,7,0,7,0,0,31,0,31,0,0,38,0,38,34,0,34,72
08/13/2011,SWO,OK,ASW,CE,Federal Contract Tower,0,0,7,0,7,0,2,45,0,47,0,2,52,0,54,26,0,26,80
08/14/2011,SWO,OK,ASW,CE,Federal Contract Tower,0,0,10,0,10,0,3,31,0,34,0,3,41,0,44,40,0,40,84
08/15/2011,SWO,OK,ASW,CE,Federal Contract Tower,0,1,10,3,14,0,5,52,1,58,0,6,62,4,72,80,30,110,182
08/16/2011,SWO,OK,ASW,CE,Federal Contract Tower,0,0,4,6,10,0,4,45,5,54,0,4,49,11,64,78,30,108,172
08/17/2011,SWO,OK,ASW,CE,Federal Contract Tower,0,0,8,9,17,0,2,76,3,81,0,2,84,12,98,176,32,208,306
08/18/2011,SWO,OK,ASW,CE,Federal Contract Tower,0,2,7,4,13,0,5,58,0,63,0,7,65,4,76,106,20,126,202
08/19/2011,SWO,OK,ASW,CE,Federal Contract Tower,0,0,7,1,8,0,4,49,3,56,0,4,56,4,64,56,10,66,130
08/20/2011,SWO,OK,ASW,CE,Federal Contract Tower,0,2,6,2,10,0,6,42,2,50,0,8,48,4,60,32,20,52,112
08/21/2011,SWO,OK,ASW,CE,Federal Contract Tower,0,0,7,0,7,0,2,43,0,45,0,2,50,0,52,44,0,44,96
08/22/2011,SWO,OK,ASW,CE,Federal Contract Tower,0,0,9,1,10,0,3,56,0,59,0,3,65,1,69,62,0,62,131
08/23/2011,SWO,OK,ASW,CE,Federal Contract Tower,0,0,5,6,11,0,0,0,0,0,0,0,5,6,11,84,8,92,103
08/24/2011,SWO,OK,ASW,CE,Federal Contract Tower,0,0,1,0,1,0,0,51,0,51,0,0,52,0,52,84,0,84,136
08/25/2011,SWO,OK,ASW,CE,Federal Contract Tower,0,0,9,3,12,0,1,70,3,74,0,1,79,6,86,116,28,144,230
08/26/2011,SWO,OK,ASW,CE,Federal Contract Tower,0,0,6,7,13,0,5,62,1,68,0,5,68,8,81,62,24,86,167
08/27/2011,SWO,OK,ASW,CE,Federal Contract Tower,0,1,11,4,16,0,5,48,1,54,0,6,59,5,70,122,20,142,212
08/28/2011,SWO,OK,ASW,CE,Federal Contract Tower,0,1,7,4,12,0,2,38,2,42,0,3,45,6,54,78,12,90,144
08/29/2011,SWO,OK,ASW,CE,Federal Contract Tower,0,0,11,5,16,0,4,52,1,57,0,4,63,6,73,78,8,86,159
08/30/2011,SWO,OK,ASW,CE,Federal Contract Tower,0,0,5,4,9,0,0,43,2,45,0,0,48,6,54,44,12,56,110
08/31/2011,SWO,OK,ASW,CE,Federal Contract Tower,0,0,5,4,9,0,0,44,2,46,0,0,49,6,55,82,16,98,153
09/01/2011,SWO,OK,ASW,CE,Federal Contract Tower,0,2,11,5,18,0,2,60,1,63,0,4,71,6,81,90,16,106,187
09/02/2011,SWO,OK,ASW,CE,Federal Contract Tower,0,1,8,0,9,0,1,67,0,68,0,2,75,0,77,138,0,138,215
09/03/2011,SWO,OK,ASW,CE,Federal Contract Tower,0,1,13,0,14,0,0,38,0,38,0,1,51,0,52,112,0,112,164
09/04/2011,SWO,OK,ASW,CE,Federal Contract Tower,0,0,6,0,6,0,0,22,0,22,0,0,28,0,28,40,0,40,68
09/05/2011,SWO,OK,ASW,CE,Federal Contract Tower,0,0,8,0,8,0,3,19,0,22,0,3,27,0,30,8,0,8,38
09/06/2011,SWO,OK,ASW,CE,Federal Contract Tower,0,0,11,6,17,0,0,80,0,80,0,0,91,6,97,240,8,248,345
09/07/2011,SWO,OK,ASW,CE,Federal Contract Tower,0,4,7,9,20,0,2,59,9,70,0,6,66,18,90,178,54,232,322
09/08/2011,SWO,OK,ASW,CE,Federal Contract Tower,0,7,32,0,39,0,2,97,2,101,0,9,129,2,140,190,0,190,330
09/09/2011,SWO,OK,ASW,CE,Federal Contract Tower,0,4,15,2,21,0,8,63,2,73,0,12,78,4,94,130,8,138,232
09/10/2011,SWO,OK,ASW,CE,Federal Contract Tower,0,1,9,4,14,0,74,6,0,80,0,75,15,4,94,200,68,268,362
09/11/2011,SWO,OK,ASW,CE,Federal Contract Tower,0,4,2,0,6,0,55,0,0,55,0,59,2,0,61,192,2,194,255
09/12/2011,SWO,OK,ASW,CE,Federal Contract Tower,0,0,9,0,9,0,2,65,0,67,0,2,74,0,76,132,0,132,208
09/13/2011,SWO,OK,ASW,CE,Federal Contract Tower,0,0,10,5,15,0,3,85,0,88,0,3,95,5,103,142,14,156,259
09/14/2011,SWO,OK,ASW,CE,Federal Contract Tower,0,0,11,6,17,0,5,74,3,82,0,5,85,9,99,76,10,86,185
09/15/2011,SWO,OK,ASW,CE,Federal Contract Tower,0,1,19,0,20,0,72,2,0,74,0,73,21,0,94,188,0,188,282
09/16/2011,SWO,OK,ASW,CE,Federal Contract Tower,0,6,14,1,21,0,0,23,0,23,0,6,37,1,44,20,0,20,64
09/17/2011,SWO,OK,ASW,CE,Federal Contract Tower,0,0,2,1,3,0,8,30,0,38,0,8,32,1,41,98,0,98,139
09/18/2011,SWO,OK,ASW,CE,Federal Contract Tower,0,0,0,0,0,0,4,33,0,37,0,4,33,0,37,110,0,110,147
09/19/2011,SWO,OK,ASW,CE,Federal Contract Tower,0,0,7,1,8,0,3,103,0,106,0,3,110,1,114,208,0,208,322
09/20/2011,SWO,OK,ASW,CE,Federal Contract Tower,0,0,8,5,13,0,1,82,1,84,0,1,90,6,97,234,8,242,339
09/21/2011,SWO,OK,ASW,CE,Federal Contract Tower,0,0,14,4,18,0,5,81,3,89,0,5,95,7,107,190,8,198,305
09/22/2011,SWO,OK,ASW,CE,Federal Contract Tower,0,0,16,10,26,0,5,83,1,89,0,5,99,11,115,318,28,346,461
09/23/2011,SWO,OK,ASW,CE,Federal Contract Tower,2,1,14,4,21,0,5,93,1,99,2,6,107,5,120,256,10,266,386
09/24/2011,SWO,OK,ASW,CE,Federal Contract Tower,0,0,8,0,8,0,0,98,0,98,0,0,106,0,106,196,0,196,302
09/25/2011,SWO,OK,ASW,CE,Federal Contract Tower,0,0,16,2,18,0,4,61,0,65,0,4,77,2,83,60,0,60,143
09/26/2011,SWO,OK,ASW,CE,Federal Contract Tower,0,0,11,4,15,0,1,73,0,74,0,1,84,4,89,146,0,146,235
09/27/2011,SWO,OK,ASW,CE,Federal Contract Tower,0,2,12,8,22,0,0,79,0,79,0,2,91,8,101,120,0,120,221
09/28/2011,SWO,OK,ASW,CE,Federal Contract Tower,0,0,13,5,18,0,6,91,3,100,0,6,104,8,118,210,6,216,334
09/29/2011,SWO,OK,ASW,CE,Federal Contract Tower,0,1,10,5,16,0,2,77,0,79,0,3,87,5,95,116,0,116,211
09/30/2011,SWO,OK,ASW,CE,Federal Contract Tower,0,1,14,0,15,0,5,84,0,89,0,6,98,0,104,132,0,132,236
10/01/2011,SWO,OK,ASW,CE,Federal Contract Tower,0,2,17,0,19,0,3,68,0,71,0,5,85,0,90,100,0,100,190
10/02/2011,SWO,OK,ASW,CE,Federal Contract Tower,0,1,5,0,6,0,2,47,0,49,0,3,52,0,55,52,0,52,107
10/03/2011,SWO,OK,ASW,CE,Federal Contract Tower,0,1,3,3,7,0,2,56,9,67,0,3,59,12,74,158,32,190,264
10/04/2011,SWO,OK,ASW,CE,Federal Contract Tower,0,0,13,4,17,0,0,75,11,86,0,0,88,15,103,198,22,220,323
10/05/2011,SWO,OK,ASW,CE,Federal Contract Tower,0,0,9,0,9,0,0,49,2,51,0,0,58,2,60,172,0,172,232
10/06/2011,SWO,OK,ASW,CE,Federal Contract Tower,0,0,4,0,4,0,3,25,0,28,0,3,29,0,32,50,0,50,82
10/07/2011,SWO,OK,ASW,CE,Federal Contract Tower,0,0,20,0,20,0,1,40,0,41,0,1,60,0,61,42,0,42,103
10/08/2011,SWO,OK,ASW,CE,Federal Contract Tower,2,6,34,0,42,0,3,14,0,17,2,9,48,0,59,24,0,24,83
10/09/2011,SWO,OK,ASW,CE,Federal Contract Tower,0,0,17,0,17,0,0,0,0,0,0,0,17,0,17,0,0,0,17
10/10/2011,SWO,OK,ASW,CE,Federal Contract Tower,0,0,4,0,4,0,2,18,0,20,0,2,22,0,24,64,0,64,88
10/11/2011,SWO,OK,ASW,CE,Federal Contract Tower,0,2,7,5,14,0,6,72,1,79,0,8,79,6,93,190,8,198,291
10/12/2011,SWO,OK,ASW,CE,Federal Contract Tower,0,0,9,7,16,0,1,58,1,60,0,1,67,8,76,194,0,194,270
10/13/2011,SWO,OK,ASW,CE,Federal Contract Tower,0,3,11,2,16,0,3,67,0,70,0,6,78,2,86,142,0,142,228
10/14/2011,SWO,OK,ASW,CE,Federal Contract Tower,2,0,10,0,12,0,2,37,0,39,2,2,47,0,51,102,0,102,153
10/15/2011,SWO,OK,ASW,CE,Federal Contract Tower,0,0,2,0,2,0,4,33,0,37,0,4,35,0,39,8,0,8,47
10/16/2011,SWO,OK,ASW,CE,Federal Contract Tower,0,0,9,0,9,0,3,30,0,33,0,3,39,0,42,20,0,20,62
10/17/2011,SWO,OK,ASW,CE,Federal Contract Tower,0,1,10,2,13,0,7,34,0,41,0,8,44,2,54,24,0,24,78
10/18/2011,SWO,OK,ASW,CE,Federal Contract Tower,0,0,2,2,4,0,8,31,0,39,0,8,33,2,43,48,0,48,91
10/19/2011,SWO,OK,ASW,CE,Federal Contract Tower,0,0,8,7,15,0,0,37,1,38,0,0,45,8,53,42,10,52,105
10/20/2011,SWO,OK,ASW,CE,Federal Contract Tower,0,1,2,7,10,0,2,66,5,73,0,3,68,12,83,124,18,142,225
10/21/2011,SWO,OK,ASW,CE,Federal Contract Tower,2,0,13,3,18,0,2,61,0,63,2,2,74,3,81,174,16,190,271
10/22/2011,SWO,OK,ASW,CE,Federal Contract Tower,2,0,10,0,12,0,2,41,0,43,2,2,51,0,55,64,0,64,119
10/23/2011,SWO,OK,ASW,CE,Federal Contract Tower,0,0,11,0,11,0,0,43,0,43,0,0,54,0,54,130,0,130,184
10/24/2011,SWO,OK,ASW,CE,Federal Contract Tower,0,0,6,5,11,0,5,72,1,78,0,5,78,6,89,141,8,149,238
10/25/2011,SWO,OK,ASW,CE,Federal Contract Tower,0,0,7,7,14,0,0,40,0,40,0,0,47,7,54,80,0,80,134
10/26/2011,SWO,OK,ASW,CE,Federal Contract Tower,0,1,9,3,13,0,2,59,6,67,0,3,68,9,80,228,26,254,334
10/27/2011,SWO,OK,ASW,CE,Federal Contract Tower,0,1,17,0,18,0,9,65,0,74,0,10,82,0,92,236,0,236,328
10/28/2011,SWO,OK,ASW,CE,Federal Contract Tower,0,4,35,8,47,0,1,127,2,130,0,5,162,10,177,148,0,148,325
10/29/2011,SWO,OK,ASW,CE,Federal Contract Tower,2,7,29,0,38,0,4,60,0,64,2,11,89,0,102,14,0,14,116
10/30/2011,SWO,OK,ASW,CE,Federal Contract Tower,0,0,18,4,22,0,7,76,0,83,0,7,94,4,105,38,0,38,143
10/31/2011,SWO,OK,ASW,CE,Federal Contract Tower,0,0,11,10,21,0,2,73,2,77,0,2,84,12,98,228,22,250,348
11/01/2011,SWO,OK,ASW,CE,Federal Contract Tower,0,0,3,11,14,0,7,47,4,58,0,7,50,15,72,132,4,136,208
11/02/2011,SWO,OK,ASW,CE,Federal Contract Tower,0,0,6,2,8,0,0,19,0,19,0,0,25,2,27,70,0,70,97
11/03/2011,SWO,OK,ASW,CE,Federal Contract Tower,0,0,12,1,13,0,8,51,0,59,0,8,63,1,72,70,8,78,150
11/04/2011,SWO,OK,ASW,CE,Federal Contract Tower,0,1,19,0,20,0,0,95,0,95,0,1,114,0,115,134,0,134,249
11/05/2011,SWO,OK,ASW,CE,Federal Contract Tower,1,3,49,0,53,0,2,42,1,45,1,5,91,1,98,0,0,0,98
11/06/2011,SWO,OK,ASW,CE,Federal Contract Tower,0,0,14,6,20,0,4,72,0,76,0,4,86,6,96,106,0,106,202
11/07/2011,SWO,OK,ASW,CE,Federal Contract Tower,0,2,10,4,16,0,3,52,2,57,0,5,62,6,73,11,10,21,94
11/08/2011,SWO,OK,ASW,CE,Federal Contract Tower,0,0,1,0,1,0,0,0,0,0,0,0,1,0,1,0,0,0,1
11/09/2011,SWO,OK,ASW,CE,Federal Contract Tower,0,0,23,0,23,0,1,88,3,92,0,1,111,3,115,202,0,202,317
11/10/2011,SWO,OK,ASW,CE,Federal Contract Tower,0,0,14,0,14,0,6,76,2,84,0,6,90,2,98,178,20,198,296
11/11/2011,SWO,OK,ASW,CE,Federal Contract Tower,2,0,28,0,30,0,2,107,1,110,2,2,135,1,140,154,0,154,294
11/12/2011,SWO,OK,ASW,CE,Federal Contract Tower,0,1,5,0,6,0,5,10,0,15,0,6,15,0,21,6,0,6,27
11/13/2011,SWO,OK,ASW,CE,Federal Contract Tower,0,1,18,4,23,0,62,0,0,62,0,63,18,4,85,150,0,150,235
11/14/2011,SWO,OK,ASW,CE,Federal Contract Tower,0,0,30,1,31,0,3,101,3,107,0,3,131,4,138,232,0,232,370
11/15/2011,SWO,OK,ASW,CE,Federal Contract Tower,0,1,16,2,19,0,3,87,1,91,0,4,103,3,110,194,0,194,304
11/16/2011,SWO,OK,ASW,CE,Federal Contract Tower,0,0,20,3,23,0,3,50,1,54,0,3,70,4,77,26,20,46,123
11/17/2011,SWO,OK,ASW,CE,Federal Contract Tower,2,0,8,8,18,0,0,77,1,78,2,0,85,9,96,276,2,278,374
11/18/2011,SWO,OK,ASW,CE,Federal Contract Tower,0,0,5,0,5,0,0,19,0,19,0,0,24,0,24,4,0,4,28
11/19/2011,SWO,OK,ASW,CE,Federal Contract Tower,0,0,21,0,21,0,5,52,2,59,0,5,73,2,80,24,12,36,116
11/20/2011,SWO,OK,ASW,CE,Federal Contract Tower,0,0,19,0,19,0,0,6,0,6,0,0,25,0,25,6,0,6,31
11/21/2011,SWO,OK,ASW,CE,Federal Contract Tower,1,11,3,0,15,0,0,0,0,0,1,11,3,0,15,0,0,0,15
11/22/2011,SWO,OK,ASW,CE,Federal Contract Tower,0,0,8,4,12,0,3,39,1,43,0,3,47,5,55,80,1,81,136
11/23/2011,SWO,OK,ASW,CE,Federal Contract Tower,0,0,0,14,14,0,5,76,1,82,0,5,76,15,96,72,0,72,168
11/24/2011,SWO,OK,ASW,CE,Federal Contract Tower,0,0,0,0,0,0,0,11,0,11,0,0,11,0,11,6,0,6,17
11/25/2011,SWO,OK,ASW,CE,Federal Contract Tower,0,0,2,0,2,0,6,1,0,7,0,6,3,0,9,0,0,0,9
11/26/2011,SWO,OK,ASW,CE,Federal Contract Tower,4,0,1,0,5,0,0,2,0,2,4,0,3,0,7,0,0,0,7
11/27/2011,SWO,OK,ASW,CE,Federal Contract Tower,0,0,17,0,17,0,4,36,0,40,0,4,53,0,57,22,0,22,79
11/28/2011,SWO,OK,ASW,CE,Federal Contract Tower,0,0,14,7,21,0,1,97,1,99,0,1,111,8,120,170,14,184,304
11/29/2011,SWO,OK,ASW,CE,Federal Contract Tower,0,0,15,5,20,0,0,93,4,97,0,0,108,9,117,164,0,164,281
11/30/2011,SWO,OK,ASW,CE,Federal Contract Tower,0,0,16,0,16,0,3,104,2,109,0,3,120,2,125,236,0,236,361
12/01/2011,SWO,OK,ASW,CE,Federal Contract Tower,0,0,19,1,20,0,3,68,5,76,0,3,87,6,96,168,14,182,278
12/02/2011,SWO,OK,ASW,CE,Federal Contract Tower,0,0,5,4,9,0,3,8,0,11,0,3,13,4,20,88,0,88,108
12/03/2011,SWO,OK,ASW,CE,Federal Contract Tower,0,0,41,0,41,0,8,4,0,12,0,8,45,0,53,0,0,0,53
12/04/2011,SWO,OK,ASW,CE,Federal Contract Tower,0,0,20,6,26,0,0,29,0,29,0,0,49,6,55,60,4,64,119
12/05/2011,SWO,OK,ASW,CE,Federal Contract Tower,0,0,5,10,15,0,0,17,5,22,0,0,22,15,37,28,38,66,103
12/06/2011,SWO,OK,ASW,CE,Federal Contract Tower,0,1,5,3,9,0,0,16,2,18,0,1,21,5,27,20,0,20,47
12/07/2011,SWO,OK,ASW,CE,Federal Contract Tower,0,0,16,8,24,0,0,86,2,88,0,0,102,10,112,182,6,188,300
12/08/2011,SWO,OK,ASW,CE,Federal Contract Tower,0,0,18,2,20,0,5,91,0,96,0,5,109,2,116,170,0,170,286
12/09/2011,SWO,OK,ASW,CE,Federal Contract Tower,0,0,13,7,20,0,2,13,0,15,0,2,26,7,35,38,6,44,79
12/10/2011,SWO,OK,ASW,CE,Federal Contract Tower,0,0,11,0,11,0,1,69,0,70,0,1,80,0,81,138,0,138,219
12/11/2011,SWO,OK,ASW,CE,Federal Contract Tower,0,0,13,4,17,0,0,61,2,63,0,0,74,6,80,122,0,122,202
12/12/2011,SWO,OK,ASW,CE,Federal Contract Tower,0,2,7,10,19,0,0,55,6,61,0,2,62,16,80,122,30,152,232
12/13/2011,SWO,OK,ASW,CE,Federal Contract Tower,0,0,12,0,12,0,2,0,0,2,0,2,12,0,14,0,0,0,14
12/14/2011,SWO,OK,ASW,CE,Federal Contract Tower,0,0,7,0,7,0,0,12,0,12,0,0,19,0,19,18,0,18,37
12/15/2011,SWO,OK,ASW,CE,Federal Contract Tower,0,0,30,6,36,0,4,100,1,105,0,4,130,7,141,164,6,170,311
12/16/2011,SWO,OK,ASW,CE,Federal Contract Tower,0,0,25,3,28,0,1,98,2,101,0,1,123,5,129,78,16,94,223
12/17/2011,SWO,OK,ASW,CE,Federal Contract Tower,0,0,14,0,14,0,0,51,0,51,0,0,65,0,65,76,0,76,141
12/18/2011,SWO,OK,ASW,CE,Federal Contract Tower,0,0,1,0,1,0,4,32,0,36,0,4,33,0,37,52,0,52,89
12/19/2011,SWO,OK,ASW,CE,Federal Contract Tower,0,0,0,0,0,0,0,0,0,0,0,0,0,0,0,0,0,0,0
12/20/2011,SWO,OK,ASW,CE,Federal Contract Tower,0,0,2,0,2,0,0,0,0,0,0,0,2,0,2,0,0,0,2
12/21/2011,SWO,OK,ASW,CE,Federal Contract Tower,0,0,5,3,8,0,6,55,3,64,0,6,60,6,72,66,6,72,144
12/22/2011,SWO,OK,ASW,CE,Federal Contract Tower,0,0,0,0,0,0,0,5,0,5,0,0,5,0,5,0,0,0,5
12/23/2011,SWO,OK,ASW,CE,Federal Contract Tower,0,0,4,0,4,0,0,33,0,33,0,0,37,0,37,14,0,14,51
12/24/2011,SWO,OK,ASW,CE,Federal Contract Tower,0,0,2,0,2,0,0,13,0,13,0,0,15,0,15,22,0,22,37
12/25/2011,SWO,OK,ASW,CE,Federal Contract Tower,0,0,0,0,0,0,3,2,0,5,0,3,2,0,5,0,0,0,5
12/26/2011,SWO,OK,ASW,CE,Federal Contract Tower,1,2,4,0,7,0,3,15,0,18,1,5,19,0,25,16,0,16,41
12/27/2011,SWO,OK,ASW,CE,Federal Contract Tower,0,0,5,0,5,0,2,33,0,35,0,2,38,0,40,20,0,20,60
12/28/2011,SWO,OK,ASW,CE,Federal Contract Tower,0,0,11,0,11,0,4,38,0,42,0,4,49,0,53,40,0,40,93
12/29/2011,SWO,OK,ASW,CE,Federal Contract Tower,0,0,8,0,8,0,1,52,0,53,0,1,60,0,61,20,0,20,81
12/30/2011,SWO,OK,ASW,CE,Federal Contract Tower,0,0,9,2,11,0,0,28,0,28,0,0,37,2,39,10,0,10,49
12/31/2011,SWO,OK,ASW,CE,Federal Contract Tower,0,0,9,0,9,0,2,15,0,17,0,2,24,0,26,0,0,0,26
01/01/2012,SWO,OK,ASW,CE,Federal Contract Tower,0,0,3,0,3,0,6,17,0,23,0,6,20,0,26,22,0,22,48
01/02/2012,SWO,OK,ASW,CE,Federal Contract Tower,0,0,5,0,5,0,0,22,0,22,0,0,27,0,27,40,0,40,67
01/03/2012,SWO,OK,ASW,CE,Federal Contract Tower,4,0,8,4,16,0,0,21,0,21,4,0,29,4,37,20,0,20,57
01/04/2012,SWO,OK,ASW,CE,Federal Contract Tower,0,0,10,7,17,0,4,47,1,52,0,4,57,8,69,64,0,64,133
01/05/2012,SWO,OK,ASW,CE,Federal Contract Tower,0,0,15,4,19,0,1,37,3,41,0,1,52,7,60,30,32,62,122
01/06/2012,SWO,OK,ASW,CE,Federal Contract Tower,0,0,21,3,24,0,2,43,1,46,0,2,64,4,70,34,0,34,104
01/07/2012,SWO,OK,ASW,CE,Federal Contract Tower,1,0,4,0,5,0,0,21,1,22,1,0,25,1,27,34,0,34,61
01/08/2012,SWO,OK,ASW,CE,Federal Contract Tower,0,0,8,2,10,0,6,30,6,42,0,6,38,8,52,64,32,96,148
01/09/2012,SWO,OK,ASW,CE,Federal Contract Tower,0,0,12,1,13,0,5,46,3,54,0,5,58,4,67,60,0,60,127
01/10/2012,SWO,OK,ASW,CE,Federal Contract Tower,2,0,11,2,15,0,2,36,0,38,2,2,47,2,53,124,0,124,177
01/11/2012,SWO,OK,ASW,CE,Federal Contract Tower,0,0,11,1,12,0,2,44,0,46,0,2,55,1,58,86,0,86,144
01/12/2012,SWO,OK,ASW,CE,Federal Contract Tower,0,0,4,2,6,0,4,29,1,34,0,4,33,3,40,8,4,12,52
01/13/2012,SWO,OK,ASW,CE,Federal Contract Tower,1,0,17,1,19,0,2,81,1,84,1,2,98,2,103,202,6,208,311
01/14/2012,SWO,OK,ASW,CE,Federal Contract Tower,2,0,4,7,13,0,2,70,0,72,2,2,74,7,85,110,0,110,195
01/15/2012,SWO,OK,ASW,CE,Federal Contract Tower,0,0,1,4,5,0,4,34,0,38,0,4,35,4,43,82,28,110,153
01/16/2012,SWO,OK,ASW,CE,Federal Contract Tower,0,2,8,4,14,0,2,31,0,33,0,4,39,4,47,4,0,4,51
01/17/2012,SWO,OK,ASW,CE,Federal Contract Tower,1,0,4,2,7,0,4,66,0,70,1,4,70,2,77,158,0,158,235
01/18/2012,SWO,OK,ASW,CE,Federal Contract Tower,0,0,7,3,10,0,2,78,0,80,0,2,85,3,90,180,0,180,270
01/19/2012,SWO,OK,ASW,CE,Federal Contract Tower,0,0,12,3,15,0,2,107,1,110,0,2,119,4,125,240,8,248,373
01/20/2012,SWO,OK,ASW,CE,Federal Contract Tower,3,0,11,0,14,0,1,43,0,44,3,1,54,0,58,100,0,100,158
01/21/2012,SWO,OK,ASW,CE,Federal Contract Tower,1,0,18,5,24,0,0,102,4,106,1,0,120,9,130,162,38,200,330
01/22/2012,SWO,OK,ASW,CE,Federal Contract Tower,0,0,6,0,6,0,1,5,0,6,0,1,11,0,12,10,0,10,22
01/23/2012,SWO,OK,ASW,CE,Federal Contract Tower,2,0,15,0,17,0,5,100,1,106,2,5,115,1,123,128,0,128,251
01/24/2012,SWO,OK,ASW,CE,Federal Contract Tower,0,0,12,0,12,0,2,74,0,76,0,2,86,0,88,96,0,96,184
01/25/2012,SWO,OK,ASW,CE,Federal Contract Tower,0,0,16,3,19,0,2,46,0,48,0,2,62,3,67,70,0,70,137
01/26/2012,SWO,OK,ASW,CE,Federal Contract Tower,0,0,17,4,21,0,6,95,1,102,0,6,112,5,123,146,0,146,269
01/27/2012,SWO,OK,ASW,CE,Federal Contract Tower,2,0,13,5,20,0,3,68,0,71,2,3,81,5,91,68,0,68,159
01/28/2012,SWO,OK,ASW,CE,Federal Contract Tower,2,0,4,0,6,0,3,90,0,93,2,3,94,0,99,114,0,114,213
01/29/2012,SWO,OK,ASW,CE,Federal Contract Tower,0,0,20,0,20,0,4,82,0,86,0,4,102,0,106,208,0,208,314
01/30/2012,SWO,OK,ASW,CE,Federal Contract Tower,2,0,13,2,17,0,0,57,0,57,2,0,70,2,74,74,0,74,148
01/31/2012,SWO,OK,ASW,CE,Federal Contract Tower,3,3,15,11,32,0,77,1,0,78,3,80,16,11,110,84,8,92,202
02/01/2012,SWO,OK,ASW,CE,Federal Contract Tower,0,0,18,2,20,0,4,104,0,108,0,4,122,2,128,252,0,252,380
02/02/2012,SWO,OK,ASW,CE,Federal Contract Tower,0,1,19,6,26,0,3,90,1,94,0,4,109,7,120,128,0,128,248
02/03/2012,SWO,OK,ASW,CE,Federal Contract Tower,1,0,10,0,11,0,0,0,0,0,1,0,10,0,11,0,0,0,11
02/04/2012,SWO,OK,ASW,CE,Federal Contract Tower,1,0,13,0,14,0,4,18,0,22,1,4,31,0,36,80,0,80,116
02/05/2012,SWO,OK,ASW,CE,Federal Contract Tower,0,0,20,0,20,0,4,49,2,55,0,4,69,2,75,66,0,66,141
02/06/2012,SWO,OK,ASW,CE,Federal Contract Tower,0,0,25,0,25,0,4,124,2,130,0,4,149,2,155,146,0,146,301
02/07/2012,SWO,OK,ASW,CE,Federal Contract Tower,1,3,14,0,18,0,1,58,0,59,1,4,72,0,77,178,0,178,255
02/08/2012,SWO,OK,ASW,CE,Federal Contract Tower,0,1,1,2,4,0,0,0,0,0,0,1,1,2,4,0,0,0,4
02/09/2012,SWO,OK,ASW,CE,Federal Contract Tower,0,0,10,8,18,0,3,68,0,71,0,3,78,8,89,176,0,176,265
02/10/2012,SWO,OK,ASW,CE,Federal Contract Tower,2,0,12,0,14,0,1,30,0,31,2,1,42,0,45,68,0,68,113
02/11/2012,SWO,OK,ASW,CE,Federal Contract Tower,0,0,18,0,18,0,0,74,0,74,0,0,92,0,92,32,0,32,124
02/12/2012,SWO,OK,ASW,CE,Federal Contract Tower,0,0,4,0,4,0,2,29,0,31,0,2,33,0,35,98,0,98,133
02/13/2012,SWO,OK,ASW,CE,Federal Contract Tower,0,0,1,0,1,0,0,1,0,1,0,0,2,0,2,0,0,0,2
02/14/2012,SWO,OK,ASW,CE,Federal Contract Tower,0,4,1,0,5,1,1,41,0,43,1,5,42,0,48,144,0,144,192
02/15/2012,SWO,OK,ASW,CE,Federal Contract Tower,0,0,16,1,17,0,0,27,1,28,0,0,43,2,45,0,0,0,45
02/16/2012,SWO,OK,ASW,CE,Federal Contract Tower,0,2,32,1,35,0,1,142,3,146,0,3,174,4,181,248,0,248,429
02/17/2012,SWO,OK,ASW,CE,Federal Contract Tower,3,0,17,1,21,0,5,102,1,108,3,5,119,2,129,224,0,224,353
02/18/2012,SWO,OK,ASW,CE,Federal Contract Tower,1,0,16,0,17,0,4,5,0,9,1,4,21,0,26,22,0,22,48
02/19/2012,SWO,OK,ASW,CE,Federal Contract Tower,0,0,13,0,13,0,1,105,2,108,0,1,118,2,121,142,4,146,267
02/20/2012,SWO,OK,ASW,CE,Federal Contract Tower,0,0,3,0,3,0,0,5,0,5,0,0,8,0,8,0,0,0,8
02/21/2012,SWO,OK,ASW,CE,Federal Contract Tower,0,0,22,0,22,0,5,98,0,103,0,5,120,0,125,172,0,172,297
02/22/2012,SWO,OK,ASW,CE,Federal Contract Tower,0,0,25,0,25,0,0,112,0,112,0,0,137,0,137,218,0,218,355
02/23/2012,SWO,OK,ASW,CE,Federal Contract Tower,0,0,6,2,8,0,5,38,0,43,0,5,44,2,51,70,2,72,123
02/24/2012,SWO,OK,ASW,CE,Federal Contract Tower,2,0,21,6,29,0,7,113,1,121,2,7,134,7,150,130,4,134,284
02/25/2012,SWO,OK,ASW,CE,Federal Contract Tower,4,0,8,0,12,0,7,54,0,61,4,7,62,0,73,70,0,70,143
02/26/2012,SWO,OK,ASW,CE,Federal Contract Tower,0,0,17,5,22,0,0,88,1,89,0,0,105,6,111,174,4,178,289
02/27/2012,SWO,OK,ASW,CE,Federal Contract Tower,0,0,24,6,30,0,4,74,8,86,0,4,98,14,116,52,40,92,208
02/28/2012,SWO,OK,ASW,CE,Federal Contract Tower,0,0,18,4,22,0,2,8,0,10,0,2,26,4,32,78,0,78,110
02/29/2012,SWO,OK,ASW,CE,Federal Contract Tower,0,0,19,2,21,0,3,120,0,123,0,3,139,2,144,218,10,228,372
03/01/2012,SWO,OK,ASW,CE,Federal Contract Tower,0,0,19,2,21,0,6,85,3,94,0,6,104,5,115,130,28,158,273
03/02/2012,SWO,OK,ASW,CE,Federal Contract Tower,1,0,16,0,17,0,3,55,5,63,1,3,71,5,80,124,10,134,214
03/03/2012,SWO,OK,ASW,CE,Federal Contract Tower,0,0,12,0,12,0,4,64,0,68,0,4,76,0,80,102,0,102,182
03/04/2012,SWO,OK,ASW,CE,Federal Contract Tower,0,0,10,0,10,0,0,0,0,0,0,0,10,0,10,104,0,104,114
03/05/2012,SWO,OK,ASW,CE,Federal Contract Tower,0,0,17,3,20,0,4,87,0,91,0,4,104,3,111,134,10,144,255
03/06/2012,SWO,OK,ASW,CE,Federal Contract Tower,0,0,5,1,6,0,5,2,1,8,0,5,7,2,14,0,10,10,24
03/07/2012,SWO,OK,ASW,CE,Federal Contract Tower,0,0,11,2,13,0,0,15,2,17,0,0,26,4,30,36,30,66,96
03/08/2012,SWO,OK,ASW,CE,Federal Contract Tower,0,0,3,0,3,0,0,4,0,4,0,0,7,0,7,24,0,24,31
03/09/2012,SWO,OK,ASW,CE,Federal Contract Tower,0,0,23,8,31,0,0,116,1,117,0,0,139,9,148,142,6,148,296
03/10/2012,SWO,OK,ASW,CE,Federal Contract Tower,0,0,4,0,4,0,3,47,0,50,0,3,51,0,54,144,0,144,198
03/11/2012,SWO,OK,ASW,CE,Federal Contract Tower,0,1,14,0,15,0,2,7,0,9,0,3,21,0,24,12,0,12,36
03/12/2012,SWO,OK,ASW,CE,Federal Contract Tower,0,0,20,4,24,0,2,107,0,109,0,2,127,4,133,164,0,164,297
03/13/2012,SWO,OK,ASW,CE,Federal Contract Tower,0,1,9,1,11,0,2,39,1,42,0,3,48,2,53,95,2,97,150
03/14/2012,SWO,OK,ASW,CE,Federal Contract Tower,0,0,16,1,17,0,0,43,1,44,0,0,59,2,61,162,4,166,227
03/15/2012,SWO,OK,ASW,CE,Federal Contract Tower,0,2,21,5,28,0,3,32,1,36,0,5,53,6,64,76,10,86,150
03/16/2012,SWO,OK,ASW,CE,Federal Contract Tower,0,1,15,0,16,0,2,22,0,24,0,3,37,0,40,20,0,20,60
03/17/2012,SWO,OK,ASW,CE,Federal Contract Tower,0,0,13,0,13,0,2,15,0,17,0,2,28,0,30,12,0,12,42
03/18/2012,SWO,OK,ASW,CE,Federal Contract Tower,0,0,5,0,5,0,2,8,2,12,0,2,13,2,17,66,0,66,83
03/19/2012,SWO,OK,ASW,CE,Federal Contract Tower,0,0,0,0,0,0,0,0,0,0,0,0,0,0,0,0,0,0,0
03/20/2012,SWO,OK,ASW,CE,Federal Contract Tower,0,0,4,0,4,0,4,9,0,13,0,4,13,0,17,56,0,56,73
03/21/2012,SWO,OK,ASW,CE,Federal Contract Tower,0,0,6,5,11,0,0,5,3,8,0,0,11,8,19,56,0,56,75
03/22/2012,SWO,OK,ASW,CE,Federal Contract Tower,0,0,8,0,8,0,1,3,2,6,0,1,11,2,14,6,0,6,20
03/23/2012,SWO,OK,ASW,CE,Federal Contract Tower,0,1,17,0,18,0,0,44,0,44,0,1,61,0,62,44,0,44,106
03/24/2012,SWO,OK,ASW,CE,Federal Contract Tower,0,1,8,0,9,0,2,58,0,60,0,3,66,0,69,62,0,62,131
03/25/2012,SWO,OK,ASW,CE,Federal Contract Tower,0,0,5,0,5,0,1,40,0,41,0,1,45,0,46,142,0,142,188
03/26/2012,SWO,OK,ASW,CE,Federal Contract Tower,0,0,19,0,19,0,2,84,3,89,0,2,103,3,108,92,0,92,200
03/27/2012,SWO,OK,ASW,CE,Federal Contract Tower,0,2,14,1,17,0,0,54,2,56,0,2,68,3,73,86,4,90,163
03/28/2012,SWO,OK,ASW,CE,Federal Contract Tower,0,1,36,3,40,0,0,102,1,103,0,1,138,4,143,116,46,162,305
03/29/2012,SWO,OK,ASW,CE,Federal Contract Tower,0,2,12,1,15,0,0,78,3,81,0,2,90,4,96,102,22,124,220
03/30/2012,SWO,OK,ASW,CE,Federal Contract Tower,1,0,17,1,19,0,0,99,1,100,1,0,116,2,119,190,8,198,317
03/31/2012,SWO,OK,ASW,CE,Federal Contract Tower,0,0,25,0,25,0,0,91,0,91,0,0,116,0,116,176,0,176,292
04/01/2012,SWO,OK,ASW,CE,Federal Contract Tower,0,0,8,3,11,0,3,37,3,43,0,3,45,6,54,44,2,46,100
04/02/2012,SWO,OK,ASW,CE,Federal Contract Tower,0,0,9,3,12,0,3,60,0,63,0,3,69,3,75,64,4,68,143
04/03/2012,SWO,OK,ASW,CE,Federal Contract Tower,0,0,5,0,5,0,1,14,0,15,0,1,19,0,20,22,0,22,42
04/04/2012,SWO,OK,ASW,CE,Federal Contract Tower,0,5,13,4,22,0,5,51,0,56,0,10,64,4,78,114,22,136,214
04/05/2012,SWO,OK,ASW,CE,Federal Contract Tower,0,0,14,10,24,0,0,42,4,46,0,0,56,14,70,198,58,256,326
04/06/2012,SWO,OK,ASW,CE,Federal Contract Tower,0,1,15,3,19,0,2,55,2,59,0,3,70,5,78,95,9,104,182
04/07/2012,SWO,OK,ASW,CE,Federal Contract Tower,0,0,7,0,7,0,0,11,0,11,0,0,18,0,18,4,0,4,22
04/08/2012,SWO,OK,ASW,CE,Federal Contract Tower,0,0,4,0,4,0,0,62,0,62,0,0,66,0,66,194,0,194,260
04/09/2012,SWO,OK,ASW,CE,Federal Contract Tower,0,0,12,1,13,0,1,63,4,68,0,1,75,5,81,74,16,90,171
04/10/2012,SWO,OK,ASW,CE,Federal Contract Tower,0,0,6,5,11,0,0,83,3,86,0,0,89,8,97,202,4,206,303
04/11/2012,SWO,OK,ASW,CE,Federal Contract Tower,0,0,7,1,8,0,4,6,1,11,0,4,13,2,19,34,0,34,53
04/12/2012,SWO,OK,ASW,CE,Federal Contract Tower,0,5,8,6,19,0,6,45,4,55,0,11,53,10,74,106,36,142,216
04/13/2012,SWO,OK,ASW,CE,Federal Contract Tower,0,0,12,11,23,0,4,12,10,26,0,4,24,21,49,66,48,114,163
04/14/2012,SWO,OK,ASW,CE,Federal Contract Tower,0,2,8,0,10,0,6,0,0,6,0,8,8,0,16,0,0,0,16
04/15/2012,SWO,OK,ASW,CE,Federal Contract Tower,0,2,12,0,14,0,8,8,0,16,0,10,20,0,30,32,0,32,62
04/16/2012,SWO,OK,ASW,CE,Federal Contract Tower,0,0,13,2,15,0,9,107,2,118,0,9,120,4,133,184,8,192,325
04/17/2012,SWO,OK,ASW,CE,Federal Contract Tower,0,0,12,3,15,0,0,89,8,97,0,0,101,11,112,198,34,232,344
04/18/2012,SWO,OK,ASW,CE,Federal Contract Tower,0,0,13,5,18,0,2,111,6,119,0,2,124,11,137,158,26,184,321
04/19/2012,SWO,OK,ASW,CE,Federal Contract Tower,0,1,5,3,9,0,0,38,7,45,0,1,43,10,54,32,58,90,144
04/20/2012,SWO,OK,ASW,CE,Federal Contract Tower,0,2,17,0,19,0,5,47,0,52,0,7,64,0,71,156,0,156,227
04/21/2012,SWO,OK,ASW,CE,Federal Contract Tower,0,2,24,1,27,0,2,88,3,93,0,4,112,4,120,58,22,80,200
04/22/2012,SWO,OK,ASW,CE,Federal Contract Tower,0,0,3,0,3,0,8,46,1,55,0,8,49,1,58,42,0,42,100
04/23/2012,SWO,OK,ASW,CE,Federal Contract Tower,0,0,15,4,19,0,4,107,4,115,0,4,122,8,134,146,62,208,342
04/24/2012,SWO,OK,ASW,CE,Federal Contract Tower,0,4,6,0,10,0,13,85,0,98,0,17,91,0,108,170,0,170,278
04/25/2012,SWO,OK,ASW,CE,Federal Contract Tower,0,2,19,2,23,0,0,96,1,97,0,2,115,3,120,146,40,186,306
04/26/2012,SWO,OK,ASW,CE,Federal Contract Tower,0,0,11,2,13,0,5,64,0,69,0,5,75,2,82,52,20,72,154
04/27/2012,SWO,OK,ASW,CE,Federal Contract Tower,0,3,10,4,17,0,3,27,2,32,0,6,37,6,49,18,10,28,77
04/28/2012,SWO,OK,ASW,CE,Federal Contract Tower,0,0,7,0,7,0,3,54,0,57,0,3,61,0,64,116,0,116,180
04/29/2012,SWO,OK,ASW,CE,Federal Contract Tower,0,2,10,2,14,0,3,12,0,15,0,5,22,2,29,48,0,48,77
04/30/2012,SWO,OK,ASW,CE,Federal Contract Tower,0,0,7,0,7,0,0,47,1,48,0,0,54,1,55,110,0,110,165
05/01/2012,SWO,OK,ASW,CE,Federal Contract Tower,0,0,7,6,13,0,0,31,3,34,0,0,38,9,47,16,12,28,75
05/02/2012,SWO,OK,ASW,CE,Federal Contract Tower,0,1,12,4,17,0,7,42,1,50,0,8,54,5,67,82,0,82,149
05/03/2012,SWO,OK,ASW,CE,Federal Contract Tower,0,1,7,1,9,0,4,72,0,76,0,5,79,1,85,126,0,126,211
05/04/2012,SWO,OK,ASW,CE,Federal Contract Tower,0,1,8,0,9,0,5,75,0,80,0,6,83,0,89,124,0,124,213
05/05/2012,SWO,OK,ASW,CE,Federal Contract Tower,0,1,10,10,21,0,1,50,0,51,0,2,60,10,72,90,16,106,178
05/06/2012,SWO,OK,ASW,CE,Federal Contract Tower,0,1,6,3,10,0,0,41,0,41,0,1,47,3,51,82,0,82,133
05/07/2012,SWO,OK,ASW,CE,Federal Contract Tower,2,0,4,6,12,0,0,31,2,33,2,0,35,8,45,110,16,126,171
05/08/2012,SWO,OK,ASW,CE,Federal Contract Tower,0,0,13,5,18,0,0,82,6,88,0,0,95,11,106,112,0,112,218
05/09/2012,SWO,OK,ASW,CE,Federal Contract Tower,0,0,15,1,16,0,0,77,6,83,0,0,92,7,99,174,16,190,289
05/10/2012,SWO,OK,ASW,CE,Federal Contract Tower,0,0,16,0,16,0,0,53,0,53,0,0,69,0,69,128,0,128,197
05/11/2012,SWO,OK,ASW,CE,Federal Contract Tower,0,0,6,1,7,0,3,25,1,29,0,3,31,2,36,310,0,310,346
05/12/2012,SWO,OK,ASW,CE,Federal Contract Tower,0,0,6,0,6,0,0,24,0,24,0,0,30,0,30,8,0,8,38
05/13/2012,SWO,OK,ASW,CE,Federal Contract Tower,0,0,9,0,9,0,0,38,0,38,0,0,47,0,47,52,0,52,99
05/14/2012,SWO,OK,ASW,CE,Federal Contract Tower,0,0,4,3,7,0,5,41,0,46,0,5,45,3,53,130,0,130,183
05/15/2012,SWO,OK,ASW,CE,Federal Contract Tower,0,0,11,0,11,0,3,64,0,67,0,3,75,0,78,136,0,136,214
05/16/2012,SWO,OK,ASW,CE,Federal Contract Tower,0,0,7,4,11,0,0,67,2,69,0,0,74,6,80,104,0,104,184
05/17/2012,SWO,OK,ASW,CE,Federal Contract Tower,0,0,10,10,20,0,11,57,1,69,0,11,67,11,89,106,20,126,215
05/18/2012,SWO,OK,ASW,CE,Federal Contract Tower,0,0,5,7,12,0,3,27,2,32,0,3,32,9,44,30,0,30,74
05/19/2012,SWO,OK,ASW,CE,Federal Contract Tower,0,1,8,2,11,0,2,36,1,39,0,3,44,3,50,41,5,46,96
05/20/2012,SWO,OK,ASW,CE,Federal Contract Tower,0,0,7,0,7,0,0,23,0,23,0,0,30,0,30,24,0,24,54
05/21/2012,SWO,OK,ASW,CE,Federal Contract Tower,0,0,7,2,9,0,0,84,0,84,0,0,91,2,93,156,0,156,249
05/22/2012,SWO,OK,ASW,CE,Federal Contract Tower,0,2,2,5,9,0,2,68,4,74,0,4,70,9,83,94,12,106,189
05/23/2012,SWO,OK,ASW,CE,Federal Contract Tower,0,0,6,4,10,0,4,32,2,38,0,4,38,6,48,44,0,44,92
05/24/2012,SWO,OK,ASW,CE,Federal Contract Tower,0,0,4,2,6,0,0,51,0,51,0,0,55,2,57,58,0,58,115
05/25/2012,SWO,OK,ASW,CE,Federal Contract Tower,0,0,8,0,8,0,3,26,0,29,0,3,34,0,37,14,0,14,51
05/26/2012,SWO,OK,ASW,CE,Federal Contract Tower,0,0,1,0,1,0,0,25,0,25,0,0,26,0,26,16,0,16,42
05/27/2012,SWO,OK,ASW,CE,Federal Contract Tower,0,0,7,0,7,0,6,19,0,25,0,6,26,0,32,12,0,12,44
05/28/2012,SWO,OK,ASW,CE,Federal Contract Tower,0,2,2,0,4,0,0,20,0,20,0,2,22,0,24,0,0,0,24
05/29/2012,SWO,OK,ASW,CE,Federal Contract Tower,0,0,7,0,7,0,0,56,0,56,0,0,63,0,63,134,0,134,197
05/30/2012,SWO,OK,ASW,CE,Federal Contract Tower,0,0,10,5,15,0,3,63,3,69,0,3,73,8,84,102,22,124,208
05/31/2012,SWO,OK,ASW,CE,Federal Contract Tower,0,0,5,3,8,0,0,25,1,26,0,0,30,4,34,18,0,18,52
06/01/2012,SWO,OK,ASW,CE,Federal Contract Tower,0,2,6,0,8,0,6,42,4,52,0,8,48,4,60,142,12,154,214
06/02/2012,SWO,OK,ASW,CE,Federal Contract Tower,0,0,4,4,8,0,4,38,1,43,0,4,42,5,51,36,0,36,87
06/03/2012,SWO,OK,ASW,CE,Federal Contract Tower,0,2,7,0,9,0,3,34,0,37,0,5,41,0,46,40,0,40,86
06/04/2012,SWO,OK,ASW,CE,Federal Contract Tower,0,0,9,0,9,0,4,39,0,43,0,4,48,0,52,102,0,102,154
06/05/2012,SWO,OK,ASW,CE,Federal Contract Tower,0,0,3,1,4,0,0,47,1,48,0,0,50,2,52,158,0,158,210
06/06/2012,SWO,OK,ASW,CE,Federal Contract Tower,0,0,7,4,11,0,7,34,0,41,0,7,41,4,52,56,20,76,128
06/07/2012,SWO,OK,ASW,CE,Federal Contract Tower,0,0,8,0,8,0,6,52,1,59,0,6,60,1,67,102,0,102,169
06/08/2012,SWO,OK,ASW,CE,Federal Contract Tower,0,0,14,3,17,0,3,48,0,51,0,3,62,3,68,86,4,90,158
06/09/2012,SWO,OK,ASW,CE,Federal Contract Tower,0,0,3,0,3,0,0,46,2,48,0,0,49,2,51,74,0,74,125
06/10/2012,SWO,OK,ASW,CE,Federal Contract Tower,0,0,4,0,4,0,2,14,2,18,0,2,18,2,22,0,0,0,22
06/11/2012,SWO,OK,ASW,CE,Federal Contract Tower,0,1,11,8,20,0,4,52,1,57,0,5,63,9,77,118,18,136,213
06/12/2012,SWO,OK,ASW,CE,Federal Contract Tower,0,0,10,4,14,0,4,62,0,66,0,4,72,4,80,70,8,78,158
06/13/2012,SWO,OK,ASW,CE,Federal Contract Tower,0,0,3,12,15,0,2,44,8,54,0,2,47,20,69,50,72,122,191
06/14/2012,SWO,OK,ASW,CE,Federal Contract Tower,0,0,4,1,5,0,4,35,3,42,0,4,39,4,47,38,20,58,105
06/15/2012,SWO,OK,ASW,CE,Federal Contract Tower,0,0,11,6,17,0,1,53,1,55,0,1,64,7,72,92,6,98,170
06/16/2012,SWO,OK,ASW,CE,Federal Contract Tower,0,0,5,2,7,0,0,29,3,32,0,0,34,5,39,48,8,56,95
06/17/2012,SWO,OK,ASW,CE,Federal Contract Tower,0,0,2,3,5,0,0,24,1,25,0,0,26,4,30,10,0,10,40
06/18/2012,SWO,OK,ASW,CE,Federal Contract Tower,0,0,8,1,9,0,1,42,1,44,0,1,50,2,53,52,0,52,105
06/19/2012,SWO,OK,ASW,CE,Federal Contract Tower,0,0,6,7,13,0,3,31,2,36,0,3,37,9,49,24,12,36,85
06/20/2012,SWO,OK,ASW,CE,Federal Contract Tower,0,0,10,6,16,0,0,31,1,32,0,0,41,7,48,62,0,62,110
06/21/2012,SWO,OK,ASW,CE,Federal Contract Tower,0,0,6,1,7,0,0,10,1,11,0,0,16,2,18,28,0,28,46
06/22/2012,SWO,OK,ASW,CE,Federal Contract Tower,0,1,15,6,22,0,0,58,1,59,0,1,73,7,81,40,10,50,131
06/23/2012,SWO,OK,ASW,CE,Federal Contract Tower,0,0,2,2,4,0,0,48,0,48,0,0,50,2,52,40,0,40,92
06/24/2012,SWO,OK,ASW,CE,Federal Contract Tower,0,0,3,0,3,0,3,23,0,26,0,3,26,0,29,28,0,28,57
06/25/2012,SWO,OK,ASW,CE,Federal Contract Tower,0,0,5,2,7,0,4,63,4,71,0,4,68,6,78,118,0,118,196
06/26/2012,SWO,OK,ASW,CE,Federal Contract Tower,0,0,15,5,20,0,0,58,0,58,0,0,73,5,78,62,0,62,140
06/27/2012,SWO,OK,ASW,CE,Federal Contract Tower,0,1,10,1,12,0,12,35,0,47,0,13,45,1,59,40,6,46,105
06/28/2012,SWO,OK,ASW,CE,Federal Contract Tower,0,0,23,0,23,0,4,73,0,77,0,4,96,0,100,96,0,96,196
06/29/2012,SWO,OK,ASW,CE,Federal Contract Tower,0,0,12,4,16,0,0,36,0,36,0,0,48,4,52,34,0,34,86
06/30/2012,SWO,OK,ASW,CE,Federal Contract Tower,0,0,4,0,4,0,1,40,2,43,0,1,44,2,47,38,0,38,85
07/01/2012,SWO,OK,ASW,CE,Federal Contract Tower,0,0,2,0,2,0,2,41,0,43,0,2,43,0,45,36,0,36,81
07/02/2012,SWO,OK,ASW,CE,Federal Contract Tower,0,0,10,1,11,0,2,32,1,35,0,2,42,2,46,56,4,60,106
07/03/2012,SWO,OK,ASW,CE,Federal Contract Tower,0,0,10,0,10,0,1,54,0,55,0,1,64,0,65,62,0,62,127
07/04/2012,SWO,OK,ASW,CE,Federal Contract Tower,0,0,4,0,4,0,7,21,0,28,0,7,25,0,32,0,0,0,32
07/05/2012,SWO,OK,ASW,CE,Federal Contract Tower,0,0,9,0,9,0,1,20,0,21,0,1,29,0,30,22,0,22,52
07/06/2012,SWO,OK,ASW,CE,Federal Contract Tower,0,0,12,2,14,0,0,24,2,26,0,0,36,4,40,60,16,76,116
07/07/2012,SWO,OK,ASW,CE,Federal Contract Tower,0,0,1,0,1,0,4,19,0,23,0,4,20,0,24,14,0,14,38
07/08/2012,SWO,OK,ASW,CE,Federal Contract Tower,0,0,7,0,7,0,2,12,0,14,0,2,19,0,21,12,0,12,33
07/09/2012,SWO,OK,ASW,CE,Federal Contract Tower,0,0,8,18,26,0,0,25,0,25,0,0,33,18,51,34,8,42,93
07/10/2012,SWO,OK,ASW,CE,Federal Contract Tower,0,0,1,1,2,0,1,37,1,39,0,1,38,2,41,72,22,94,135
07/11/2012,SWO,OK,ASW,CE,Federal Contract Tower,0,0,6,5,11,0,3,46,4,53,0,3,52,9,64,64,26,90,154
07/12/2012,SWO,OK,ASW,CE,Federal Contract Tower,0,0,6,1,7,0,0,56,1,57,0,0,62,2,64,68,0,68,132
07/13/2012,SWO,OK,ASW,CE,Federal Contract Tower,0,0,5,4,9,0,0,45,0,45,0,0,50,4,54,104,0,104,158
07/14/2012,SWO,OK,ASW,CE,Federal Contract Tower,0,0,6,0,6,0,2,34,0,36,0,2,40,0,42,20,0,20,62
07/15/2012,SWO,OK,ASW,CE,Federal Contract Tower,0,0,12,0,12,0,4,35,0,39,0,4,47,0,51,18,0,18,69
07/16/2012,SWO,OK,ASW,CE,Federal Contract Tower,0,0,10,1,11,0,1,66,1,68,0,1,76,2,79,66,4,70,149
07/17/2012,SWO,OK,ASW,CE,Federal Contract Tower,0,0,5,0,5,0,4,57,0,61,0,4,62,0,66,74,0,74,140
07/18/2012,SWO,OK,ASW,CE,Federal Contract Tower,0,1,11,7,19,0,3,46,1,50,0,4,57,8,69,74,10,84,153
07/19/2012,SWO,OK,ASW,CE,Federal Contract Tower,0,0,10,0,10,0,1,26,0,27,0,1,36,0,37,40,0,40,77
07/20/2012,SWO,OK,ASW,CE,Federal Contract Tower,0,0,8,0,8,0,0,37,1,38,0,0,45,1,46,48,0,48,94
07/21/2012,SWO,OK,ASW,CE,Federal Contract Tower,0,0,2,2,4,0,4,44,2,50,0,4,46,4,54,46,12,58,112
07/22/2012,SWO,OK,ASW,CE,Federal Contract Tower,0,1,6,1,8,0,0,21,1,22,0,1,27,2,30,14,0,14,44
07/23/2012,SWO,OK,ASW,CE,Federal Contract Tower,0,2,4,4,10,0,0,42,0,42,0,2,46,4,52,60,0,60,112
07/24/2012,SWO,OK,ASW,CE,Federal Contract Tower,0,2,5,0,7,0,2,37,0,39,0,4,42,0,46,42,0,42,88
07/25/2012,SWO,OK,ASW,CE,Federal Contract Tower,0,1,12,3,16,0,0,15,1,16,0,1,27,4,32,8,0,8,40
07/26/2012,SWO,OK,ASW,CE,Federal Contract Tower,0,0,7,0,7,0,0,34,0,34,0,0,41,0,41,36,0,36,77
07/27/2012,SWO,OK,ASW,CE,Federal Contract Tower,0,0,1,0,1,0,0,44,0,44,0,0,45,0,45,46,0,46,91
07/28/2012,SWO,OK,ASW,CE,Federal Contract Tower,0,0,4,8,12,0,0,23,2,25,0,0,27,10,37,18,6,24,61
07/29/2012,SWO,OK,ASW,CE,Federal Contract Tower,0,0,6,0,6,0,3,22,0,25,0,3,28,0,31,12,0,12,43
07/30/2012,SWO,OK,ASW,CE,Federal Contract Tower,0,1,4,0,5,0,2,50,2,54,0,3,54,2,59,18,0,18,77
07/31/2012,SWO,OK,ASW,CE,Federal Contract Tower,0,0,0,0,0,0,0,27,0,27,0,0,27,0,27,40,0,40,67
08/01/2012,SWO,OK,ASW,CE,Federal Contract Tower,0,0,5,0,5,0,5,38,2,45,0,5,43,2,50,44,0,44,94
08/02/2012,SWO,OK,ASW,CE,Federal Contract Tower,0,1,5,1,7,0,5,19,1,25,0,6,24,2,32,42,8,50,82
08/03/2012,SWO,OK,ASW,CE,Federal Contract Tower,0,0,8,0,8,0,4,29,4,37,0,4,37,4,45,12,22,34,79
08/04/2012,SWO,OK,ASW,CE,Federal Contract Tower,0,0,11,2,13,0,5,43,4,52,0,5,54,6,65,16,18,34,99
08/05/2012,SWO,OK,ASW,CE,Federal Contract Tower,0,0,8,1,9,0,4,23,9,36,0,4,31,10,45,26,0,26,71
08/06/2012,SWO,OK,ASW,CE,Federal Contract Tower,0,0,15,0,15,0,5,50,4,59,0,5,65,4,74,70,0,70,144
08/07/2012,SWO,OK,ASW,CE,Federal Contract Tower,0,0,7,1,8,0,0,47,0,47,0,0,54,1,55,88,0,88,143
08/08/2012,SWO,OK,ASW,CE,Federal Contract Tower,0,0,8,1,9,0,3,46,0,49,0,3,54,1,58,66,0,66,124
08/09/2012,SWO,OK,ASW,CE,Federal Contract Tower,0,0,10,0,10,0,3,43,0,46,0,3,53,0,56,38,0,38,94
08/10/2012,SWO,OK,ASW,CE,Federal Contract Tower,0,0,10,0,10,0,4,51,0,55,0,4,61,0,65,54,0,54,119
08/11/2012,SWO,OK,ASW,CE,Federal Contract Tower,0,0,8,2,10,0,2,38,0,40,0,2,46,2,50,12,4,16,66
08/12/2012,SWO,OK,ASW,CE,Federal Contract Tower,0,0,8,4,12,0,7,36,0,43,0,7,44,4,55,24,0,24,79
08/13/2012,SWO,OK,ASW,CE,Federal Contract Tower,0,0,2,0,2,0,9,29,0,38,0,9,31,0,40,8,0,8,48
08/14/2012,SWO,OK,ASW,CE,Federal Contract Tower,0,0,25,0,25,0,0,60,0,60,0,0,85,0,85,66,0,66,151
08/15/2012,SWO,OK,ASW,CE,Federal Contract Tower,0,0,9,0,9,0,2,59,0,61,0,2,68,0,70,42,0,42,112
08/16/2012,SWO,OK,ASW,CE,Federal Contract Tower,0,0,4,4,8,0,3,43,0,46,0,3,47,4,54,40,0,40,94
08/17/2012,SWO,OK,ASW,CE,Federal Contract Tower,0,4,8,4,16,0,1,30,1,32,0,5,38,5,48,18,4,22,70
08/18/2012,SWO,OK,ASW,CE,Federal Contract Tower,0,0,5,0,5,0,0,13,0,13,0,0,18,0,18,22,0,22,40
08/19/2012,SWO,OK,ASW,CE,Federal Contract Tower,0,1,13,0,14,0,2,26,0,28,0,3,39,0,42,6,0,6,48
08/20/2012,SWO,OK,ASW,CE,Federal Contract Tower,0,0,8,0,8,0,0,46,4,50,0,0,54,4,58,84,0,84,142
08/21/2012,SWO,OK,ASW,CE,Federal Contract Tower,0,0,24,0,24,0,1,67,7,75,0,1,91,7,99,76,0,76,175
08/22/2012,SWO,OK,ASW,CE,Federal Contract Tower,0,0,10,4,14,0,2,83,4,89,0,2,93,8,103,134,24,158,261
08/23/2012,SWO,OK,ASW,CE,Federal Contract Tower,0,2,8,0,10,0,4,72,2,78,0,6,80,2,88,104,0,104,192
08/24/2012,SWO,OK,ASW,CE,Federal Contract Tower,0,0,14,3,17,0,1,71,0,72,0,1,85,3,89,112,8,120,209
08/25/2012,SWO,OK,ASW,CE,Federal Contract Tower,0,0,16,1,17,0,1,34,1,36,0,1,50,2,53,36,0,36,89
08/26/2012,SWO,OK,ASW,CE,Federal Contract Tower,0,0,4,1,5,0,3,30,1,34,0,3,34,2,39,50,8,58,97
08/27/2012,SWO,OK,ASW,CE,Federal Contract Tower,0,1,19,3,23,0,2,96,0,98,0,3,115,3,121,176,10,186,307
08/28/2012,SWO,OK,ASW,CE,Federal Contract Tower,0,1,11,0,12,0,2,79,0,81,0,3,90,0,93,138,0,138,231
08/29/2012,SWO,OK,ASW,CE,Federal Contract Tower,0,0,20,0,20,0,2,129,2,133,0,2,149,2,153,246,0,246,399
08/30/2012,SWO,OK,ASW,CE,Federal Contract Tower,0,0,18,0,18,0,2,114,0,116,0,2,132,0,134,108,0,108,242
08/31/2012,SWO,OK,ASW,CE,Federal Contract Tower,0,0,17,0,17,0,5,92,2,99,0,5,109,2,116,174,0,174,290
09/01/2012,SWO,OK,ASW,CE,Federal Contract Tower,0,1,20,0,21,0,7,55,0,62,0,8,75,0,83,40,0,40,123
09/02/2012,SWO,OK,ASW,CE,Federal Contract Tower,0,0,10,0,10,0,6,44,0,50,0,6,54,0,60,8,0,8,68
09/03/2012,SWO,OK,ASW,CE,Federal Contract Tower,0,0,6,0,6,0,0,32,0,32,0,0,38,0,38,12,0,12,50
09/04/2012,SWO,OK,ASW,CE,Federal Contract Tower,0,0,18,0,18,0,3,107,0,110,0,3,125,0,128,116,0,116,244
09/05/2012,SWO,OK,ASW,CE,Federal Contract Tower,0,0,10,0,10,0,2,79,0,81,0,2,89,0,91,198,0,198,289
09/06/2012,SWO,OK,ASW,CE,Federal Contract Tower,0,0,27,0,27,0,3,101,0,104,0,3,128,0,131,138,0,138,269
09/07/2012,SWO,OK,ASW,CE,Federal Contract Tower,2,0,8,4,14,0,3,44,2,49,2,3,52,6,63,78,2,80,143
09/08/2012,SWO,OK,ASW,CE,Federal Contract Tower,0,0,8,0,8,0,0,84,0,84,0,0,92,0,92,220,0,220,312
09/09/2012,SWO,OK,ASW,CE,Federal Contract Tower,0,0,14,4,18,0,3,73,0,76,0,3,87,4,94,236,4,240,334
09/10/2012,SWO,OK,ASW,CE,Federal Contract Tower,0,0,16,0,16,0,0,94,0,94,0,0,110,0,110,164,0,164,274
09/11/2012,SWO,OK,ASW,CE,Federal Contract Tower,0,0,7,0,7,0,0,69,0,69,0,0,76,0,76,62,0,62,138
09/12/2012,SWO,OK,ASW,CE,Federal Contract Tower,0,0,9,5,14,0,2,89,2,93,0,2,98,7,107,190,30,220,327
09/13/2012,SWO,OK,ASW,CE,Federal Contract Tower,0,0,5,0,5,0,0,39,0,39,0,0,44,0,44,132,0,132,176
09/14/2012,SWO,OK,ASW,CE,Federal Contract Tower,0,0,33,2,35,0,4,5,0,9,0,4,38,2,44,0,0,0,44
09/15/2012,SWO,OK,ASW,CE,Federal Contract Tower,0,0,36,0,36,0,0,27,0,27,0,0,63,0,63,12,0,12,75
09/16/2012,SWO,OK,ASW,CE,Federal Contract Tower,0,0,15,0,15,0,4,41,0,45,0,4,56,0,60,150,0,150,210
09/17/2012,SWO,OK,ASW,CE,Federal Contract Tower,0,2,15,6,23,0,4,82,0,86,0,6,97,6,109,234,0,234,343
09/18/2012,SWO,OK,ASW,CE,Federal Contract Tower,0,0,22,3,25,0,4,119,0,123,0,4,141,3,148,218,0,218,366
09/19/2012,SWO,OK,ASW,CE,Federal Contract Tower,0,0,15,0,15,0,0,91,0,91,0,0,106,0,106,156,0,156,262
09/20/2012,SWO,OK,ASW,CE,Federal Contract Tower,0,0,13,3,16,0,1,88,1,90,0,1,101,4,106,172,2,174,280
09/21/2012,SWO,OK,ASW,CE,Federal Contract Tower,0,0,14,1,15,0,2,110,0,112,0,2,124,1,127,268,24,292,419
09/22/2012,SWO,OK,ASW,CE,Federal Contract Tower,0,0,8,2,10,0,6,74,0,80,0,6,82,2,90,54,0,54,144
09/23/2012,SWO,OK,ASW,CE,Federal Contract Tower,0,0,8,0,8,0,7,69,0,76,0,7,77,0,84,152,0,152,236
09/24/2012,SWO,OK,ASW,CE,Federal Contract Tower,0,0,7,0,7,0,0,71,0,71,0,0,78,0,78,202,0,202,280
09/25/2012,SWO,OK,ASW,CE,Federal Contract Tower,0,0,8,2,10,0,4,61,0,65,0,4,69,2,75,126,0,126,201
09/26/2012,SWO,OK,ASW,CE,Federal Contract Tower,0,0,6,3,9,0,0,98,0,98,0,0,104,3,107,326,0,326,433
09/27/2012,SWO,OK,ASW,CE,Federal Contract Tower,0,1,19,4,24,0,3,57,0,60,0,4,76,4,84,238,4,242,326
09/28/2012,SWO,OK,ASW,CE,Federal Contract Tower,0,0,13,0,13,0,2,69,0,71,0,2,82,0,84,260,0,260,344
09/29/2012,SWO,OK,ASW,CE,Federal Contract Tower,4,13,66,0,83,0,0,0,0,0,4,13,66,0,83,0,0,0,83
09/30/2012,SWO,OK,ASW,CE,Federal Contract Tower,0,0,29,0,29,0,2,68,0,70,0,2,97,0,99,198,0,198,297
10/01/2012,SWO,OK,ASW,CE,Federal Contract Tower,0,0,9,3,12,0,0,80,7,87,0,0,89,10,99,224,24,248,347
10/02/2012,SWO,OK,ASW,CE,Federal Contract Tower,0,0,17,0,17,0,1,113,2,116,0,1,130,2,133,402,0,402,535
10/03/2012,SWO,OK,ASW,CE,Federal Contract Tower,0,0,16,5,21,0,4,101,0,105,0,4,117,5,126,284,0,284,410
10/04/2012,SWO,OK,ASW,CE,Federal Contract Tower,0,2,14,0,16,0,2,86,0,88,0,4,100,0,104,268,0,268,372
10/05/2012,SWO,OK,ASW,CE,Federal Contract Tower,0,1,10,0,11,0,1,20,0,21,0,2,30,0,32,158,0,158,190
10/06/2012,SWO,OK,ASW,CE,Federal Contract Tower,0,5,7,10,22,0,0,17,3,20,0,5,24,13,42,28,12,40,82
10/07/2012,SWO,OK,ASW,CE,Federal Contract Tower,0,0,7,0,7,0,2,37,3,42,0,2,44,3,49,52,0,52,101
10/08/2012,SWO,OK,ASW,CE,Federal Contract Tower,0,2,12,0,14,0,2,88,0,90,0,4,100,0,104,152,0,152,256
10/09/2012,SWO,OK,ASW,CE,Federal Contract Tower,0,0,12,7,19,0,0,78,0,78,0,0,90,7,97,136,6,142,239
10/10/2012,SWO,OK,ASW,CE,Federal Contract Tower,0,1,8,0,9,0,2,80,1,83,0,3,88,1,92,168,2,170,262
10/11/2012,SWO,OK,ASW,CE,Federal Contract Tower,0,0,1,2,3,0,0,20,3,23,0,0,21,5,26,122,30,152,178
10/12/2012,SWO,OK,ASW,CE,Federal Contract Tower,0,2,7,3,12,0,0,27,0,27,0,2,34,3,39,120,0,120,159
10/13/2012,SWO,OK,ASW,CE,Federal Contract Tower,0,5,4,0,9,0,0,5,0,5,0,5,9,0,14,12,0,12,26
10/14/2012,SWO,OK,ASW,CE,Federal Contract Tower,0,0,6,0,6,0,0,43,2,45,0,0,49,2,51,74,0,74,125
10/15/2012,SWO,OK,ASW,CE,Federal Contract Tower,0,0,16,6,22,0,0,115,2,117,0,0,131,8,139,278,6,284,423
10/16/2012,SWO,OK,ASW,CE,Federal Contract Tower,0,1,16,8,25,0,0,64,2,66,0,1,80,10,91,128,0,128,219
10/17/2012,SWO,OK,ASW,CE,Federal Contract Tower,0,0,6,3,9,0,4,52,1,57,0,4,58,4,66,110,4,114,180
10/18/2012,SWO,OK,ASW,CE,Federal Contract Tower,0,0,6,4,10,0,0,10,1,11,0,0,16,5,21,18,0,18,39
10/19/2012,SWO,OK,ASW,CE,Federal Contract Tower,0,0,30,0,30,0,0,85,1,86,0,0,115,1,116,62,0,62,178
10/20/2012,SWO,OK,ASW,CE,Federal Contract Tower,0,0,32,0,32,0,0,46,0,46,0,0,78,0,78,24,0,24,102
10/21/2012,SWO,OK,ASW,CE,Federal Contract Tower,0,0,5,1,6,0,3,29,0,32,0,3,34,1,38,24,0,24,62
10/22/2012,SWO,OK,ASW,CE,Federal Contract Tower,0,0,11,4,15,0,1,52,0,53,0,1,63,4,68,104,0,104,172
10/23/2012,SWO,OK,ASW,CE,Federal Contract Tower,0,1,10,4,15,0,0,23,0,23,0,1,33,4,38,68,0,68,106
10/24/2012,SWO,OK,ASW,CE,Federal Contract Tower,0,4,7,4,15,0,0,26,2,28,0,4,33,6,43,26,2,28,71
10/25/2012,SWO,OK,ASW,CE,Federal Contract Tower,1,0,17,6,24,0,0,8,11,19,1,0,25,17,43,16,24,40,83
10/26/2012,SWO,OK,ASW,CE,Federal Contract Tower,2,0,22,0,24,0,1,69,2,72,2,1,91,2,96,180,12,192,288
10/27/2012,SWO,OK,ASW,CE,Federal Contract Tower,2,0,55,0,57,0,0,79,0,79,2,0,134,0,136,54,0,54,190
10/28/2012,SWO,OK,ASW,CE,Federal Contract Tower,0,2,17,0,19,0,2,83,0,85,0,4,100,0,104,118,0,118,222
10/29/2012,SWO,OK,ASW,CE,Federal Contract Tower,0,0,23,3,26,0,2,116,5,123,0,2,139,8,149,182,30,212,361
10/30/2012,SWO,OK,ASW,CE,Federal Contract Tower,0,0,6,2,8,0,0,97,5,102,0,0,103,7,110,294,0,294,404
10/31/2012,SWO,OK,ASW,CE,Federal Contract Tower,0,0,13,10,23,0,6,106,2,114,0,6,119,12,137,282,0,282,419
11/01/2012,SWO,OK,ASW,CE,Federal Contract Tower,0,0,17,9,26,0,3,93,1,97,0,3,110,10,123,248,8,256,379
11/02/2012,SWO,OK,ASW,CE,Federal Contract Tower,2,0,10,5,17,0,2,68,5,75,2,2,78,10,92,140,6,146,238
11/03/2012,SWO,OK,ASW,CE,Federal Contract Tower,0,2,6,5,13,0,2,40,1,43,0,4,46,6,56,50,16,66,122
11/04/2012,SWO,OK,ASW,CE,Federal Contract Tower,0,0,6,0,6,0,0,60,0,60,0,0,66,0,66,126,0,126,192
11/05/2012,SWO,OK,ASW,CE,Federal Contract Tower,0,0,13,2,15,0,7,75,0,82,0,7,88,2,97,140,0,140,237
11/06/2012,SWO,OK,ASW,CE,Federal Contract Tower,0,0,15,6,21,0,5,104,3,112,0,5,119,9,133,186,4,190,323
11/07/2012,SWO,OK,ASW,CE,Federal Contract Tower,0,3,9,2,14,0,0,111,0,111,0,3,120,2,125,316,0,316,441
11/08/2012,SWO,OK,ASW,CE,Federal Contract Tower,0,0,3,6,9,0,4,46,6,56,0,4,49,12,65,32,44,76,141
11/09/2012,SWO,OK,ASW,CE,Federal Contract Tower,0,0,23,10,33,0,0,66,2,68,0,0,89,12,101,132,22,154,255
11/10/2012,SWO,OK,ASW,CE,Federal Contract Tower,0,6,35,4,45,0,1,9,0,10,0,7,44,4,55,0,0,0,55
11/11/2012,SWO,OK,ASW,CE,Federal Contract Tower,0,0,13,0,13,0,0,13,0,13,0,0,26,0,26,6,0,6,32
11/12/2012,SWO,OK,ASW,CE,Federal Contract Tower,0,0,11,0,11,0,2,102,0,104,0,2,113,0,115,240,0,240,355
11/13/2012,SWO,OK,ASW,CE,Federal Contract Tower,0,0,17,16,33,0,0,128,0,128,0,0,145,16,161,252,28,280,441
11/14/2012,SWO,OK,ASW,CE,Federal Contract Tower,0,0,17,1,18,0,0,110,1,111,0,0,127,2,129,298,0,298,427
11/15/2012,SWO,OK,ASW,CE,Federal Contract Tower,0,2,11,6,19,0,1,102,0,103,0,3,113,6,122,222,0,222,344
11/16/2012,SWO,OK,ASW,CE,Federal Contract Tower,0,4,6,8,18,0,3,96,0,99,0,7,102,8,117,218,0,218,335
11/17/2012,SWO,OK,ASW,CE,Federal Contract Tower,0,0,52,2,54,0,2,80,0,82,0,2,132,2,136,12,0,12,148
11/18/2012,SWO,OK,ASW,CE,Federal Contract Tower,0,0,14,0,14,0,2,46,0,48,0,2,60,0,62,16,0,16,78
11/19/2012,SWO,OK,ASW,CE,Federal Contract Tower,0,0,7,1,8,0,2,69,1,72,0,2,76,2,80,202,0,202,282
11/20/2012,SWO,OK,ASW,CE,Federal Contract Tower,0,0,18,2,20,0,0,62,1,63,0,0,80,3,83,69,2,71,154
11/21/2012,SWO,OK,ASW,CE,Federal Contract Tower,0,0,4,7,11,0,0,0,0,0,0,0,4,7,11,48,8,56,67
11/22/2012,SWO,OK,ASW,CE,Federal Contract Tower,0,0,1,0,1,0,3,20,0,23,0,3,21,0,24,0,0,0,24
11/23/2012,SWO,OK,ASW,CE,Federal Contract Tower,0,2,6,0,8,0,2,44,0,46,0,4,50,0,54,6,0,6,60
11/24/2012,SWO,OK,ASW,CE,Federal Contract Tower,0,0,2,0,2,0,3,21,0,24,0,3,23,0,26,18,0,18,44
11/25/2012,SWO,OK,ASW,CE,Federal Contract Tower,0,0,14,0,14,0,0,41,0,41,0,0,55,0,55,12,0,12,67
11/26/2012,SWO,OK,ASW,CE,Federal Contract Tower,0,0,7,1,8,0,4,43,1,48,0,4,50,2,56,76,0,76,132
11/27/2012,SWO,OK,ASW,CE,Federal Contract Tower,0,0,17,15,32,0,0,103,0,103,0,0,120,15,135,168,26,194,329
11/28/2012,SWO,OK,ASW,CE,Federal Contract Tower,0,0,12,2,14,0,0,67,1,68,0,0,79,3,82,162,0,162,244
11/29/2012,SWO,OK,ASW,CE,Federal Contract Tower,0,0,10,3,13,0,0,65,1,66,0,0,75,4,79,108,4,112,191
11/30/2012,SWO,OK,ASW,CE,Federal Contract Tower,4,1,15,4,24,0,1,64,6,71,4,2,79,10,95,156,6,162,257
12/01/2012,SWO,OK,ASW,CE,Federal Contract Tower,4,0,5,5,14,0,2,16,1,19,4,2,21,6,33,10,26,36,69
12/02/2012,SWO,OK,ASW,CE,Federal Contract Tower,0,3,16,0,19,0,5,36,0,41,0,8,52,0,60,56,0,56,116
12/03/2012,SWO,OK,ASW,CE,Federal Contract Tower,0,3,9,1,13,0,3,19,1,23,0,6,28,2,36,18,0,18,54
12/04/2012,SWO,OK,ASW,CE,Federal Contract Tower,0,1,19,2,22,0,0,110,0,110,0,1,129,2,132,202,0,202,334
12/05/2012,SWO,OK,ASW,CE,Federal Contract Tower,0,2,19,3,24,0,6,74,7,87,0,8,93,10,111,134,24,158,269
12/06/2012,SWO,OK,ASW,CE,Federal Contract Tower,0,0,17,0,17,0,0,52,0,52,0,0,69,0,69,100,0,100,169
12/07/2012,SWO,OK,ASW,CE,Federal Contract Tower,0,3,22,12,37,0,0,0,0,0,0,3,22,12,37,0,0,0,37
12/08/2012,SWO,OK,ASW,CE,Federal Contract Tower,0,2,14,0,16,0,4,2,0,6,0,6,16,0,22,0,0,0,22
12/09/2012,SWO,OK,ASW,CE,Federal Contract Tower,0,2,2,0,4,0,0,2,0,2,0,2,4,0,6,0,0,0,6
12/10/2012,SWO,OK,ASW,CE,Federal Contract Tower,0,0,16,4,20,0,2,61,0,63,0,2,77,4,83,112,0,112,195
12/11/2012,SWO,OK,ASW,CE,Federal Contract Tower,0,0,23,1,24,0,2,64,3,69,0,2,87,4,93,164,0,164,257
12/12/2012,SWO,OK,ASW,CE,Federal Contract Tower,0,3,22,0,25,0,6,70,7,83,0,9,92,7,108,98,16,114,222
12/13/2012,SWO,OK,ASW,CE,Federal Contract Tower,0,0,8,5,13,0,0,54,2,56,0,0,62,7,69,30,18,48,117
12/14/2012,SWO,OK,ASW,CE,Federal Contract Tower,0,1,17,6,24,0,2,11,0,13,0,3,28,6,37,60,0,60,97
12/15/2012,SWO,OK,ASW,CE,Federal Contract Tower,0,1,16,0,17,0,0,46,0,46,0,1,62,0,63,28,0,28,91
12/16/2012,SWO,OK,ASW,CE,Federal Contract Tower,0,2,13,1,16,0,4,25,1,30,0,6,38,2,46,10,0,10,56
12/17/2012,SWO,OK,ASW,CE,Federal Contract Tower,0,1,5,6,12,0,0,33,3,36,0,1,38,9,48,78,16,94,142
12/18/2012,SWO,OK,ASW,CE,Federal Contract Tower,0,0,8,1,9,0,0,56,1,57,0,0,64,2,66,70,0,70,136
12/19/2012,SWO,OK,ASW,CE,Federal Contract Tower,0,1,15,6,22,0,1,10,1,12,0,2,25,7,34,10,0,10,44
12/20/2012,SWO,OK,ASW,CE,Federal Contract Tower,0,0,4,5,9,0,7,4,1,12,0,7,8,6,21,0,6,6,27
12/21/2012,SWO,OK,ASW,CE,Federal Contract Tower,0,0,7,0,7,0,0,44,0,44,0,0,51,0,51,40,0,40,91
12/22/2012,SWO,OK,ASW,CE,Federal Contract Tower,0,2,8,0,10,0,1,23,0,24,0,3,31,0,34,38,0,38,72
12/23/2012,SWO,OK,ASW,CE,Federal Contract Tower,0,2,3,0,5,0,2,12,0,14,0,4,15,0,19,22,0,22,41
12/24/2012,SWO,OK,ASW,CE,Federal Contract Tower,0,0,0,0,0,0,0,5,0,5,0,0,5,0,5,0,0,0,5
12/25/2012,SWO,OK,ASW,CE,Federal Contract Tower,0,0,0,0,0,0,0,0,0,0,0,0,0,0,0,0,0,0,0
12/26/2012,SWO,OK,ASW,CE,Federal Contract Tower,0,0,0,0,0,0,0,2,0,2,0,0,2,0,2,0,0,0,2
12/27/2012,SWO,OK,ASW,CE,Federal Contract Tower,0,0,3,0,3,0,0,4,0,4,0,0,7,0,7,16,0,16,23
12/28/2012,SWO,OK,ASW,CE,Federal Contract Tower,0,0,5,0,5,0,0,0,0,0,0,0,5,0,5,0,0,0,5
12/29/2012,SWO,OK,ASW,CE,Federal Contract Tower,0,4,4,0,8,0,5,16,0,21,0,9,20,0,29,46,0,46,75
12/30/2012,SWO,OK,ASW,CE,Federal Contract Tower,0,0,5,0,5,0,2,23,0,25,0,2,28,0,30,0,0,0,30
12/31/2012,SWO,OK,ASW,CE,Federal Contract Tower,0,0,0,0,0,0,0,0,0,0,0,0,0,0,0,0,0,0,0
01/01/2013,SWO,OK,ASW,CE,Federal Contract Tower,1,0,1,0,2,0,0,0,0,0,1,0,1,0,2,0,0,0,2
01/02/2013,SWO,OK,ASW,CE,Federal Contract Tower,0,0,9,9,18,0,0,22,0,22,0,0,31,9,40,6,22,28,68
01/03/2013,SWO,OK,ASW,CE,Federal Contract Tower,0,0,6,3,9,0,0,22,2,24,0,0,28,5,33,22,0,22,55
01/04/2013,SWO,OK,ASW,CE,Federal Contract Tower,0,0,1,0,1,0,4,17,0,21,0,4,18,0,22,24,0,24,46
01/05/2013,SWO,OK,ASW,CE,Federal Contract Tower,2,0,7,4,13,0,0,21,6,27,2,0,28,10,40,28,10,38,78
01/06/2013,SWO,OK,ASW,CE,Federal Contract Tower,0,0,6,1,7,0,1,25,2,28,0,1,31,3,35,44,4,48,83
01/07/2013,SWO,OK,ASW,CE,Federal Contract Tower,2,0,10,0,12,0,0,50,2,52,2,0,60,2,64,64,0,64,128
01/08/2013,SWO,OK,ASW,CE,Federal Contract Tower,0,0,7,5,12,0,0,58,1,59,0,0,65,6,71,70,2,72,143
01/09/2013,SWO,OK,ASW,CE,Federal Contract Tower,0,0,5,4,9,0,0,23,0,23,0,0,28,4,32,64,2,66,98
01/10/2013,SWO,OK,ASW,CE,Federal Contract Tower,0,0,15,18,33,0,2,1,0,3,0,2,16,18,36,12,0,12,48
01/11/2013,SWO,OK,ASW,CE,Federal Contract Tower,0,0,7,2,9,0,1,59,6,66,0,1,66,8,75,60,22,82,157
01/12/2013,SWO,OK,ASW,CE,Federal Contract Tower,2,0,0,0,2,0,5,0,0,5,2,5,0,0,7,0,0,0,7
01/13/2013,SWO,OK,ASW,CE,Federal Contract Tower,2,0,14,0,16,0,1,33,0,34,2,1,47,0,50,40,0,40,90
01/14/2013,SWO,OK,ASW,CE,Federal Contract Tower,0,0,12,5,17,0,0,83,3,86,0,0,95,8,103,154,0,154,257
01/15/2013,SWO,OK,ASW,CE,Federal Contract Tower,0,1,15,0,16,0,0,78,0,78,0,1,93,0,94,178,0,178,272
01/16/2013,SWO,OK,ASW,CE,Federal Contract Tower,0,3,7,5,15,0,0,89,1,90,0,3,96,6,105,196,8,204,309
01/17/2013,SWO,OK,ASW,CE,Federal Contract Tower,0,0,13,1,14,0,1,85,3,89,0,1,98,4,103,142,0,142,245
01/18/2013,SWO,OK,ASW,CE,Federal Contract Tower,0,0,8,4,12,0,0,81,0,81,0,0,89,4,93,112,0,112,205
01/19/2013,SWO,OK,ASW,CE,Federal Contract Tower,1,0,13,0,14,0,0,66,0,66,1,0,79,0,80,64,0,64,144
01/20/2013,SWO,OK,ASW,CE,Federal Contract Tower,2,0,11,4,17,0,3,53,0,56,2,3,64,4,73,38,0,38,111
01/21/2013,SWO,OK,ASW,CE,Federal Contract Tower,0,0,1,0,1,0,0,33,0,33,0,0,34,0,34,38,0,38,72
01/22/2013,SWO,OK,ASW,CE,Federal Contract Tower,0,1,20,1,22,0,2,96,1,99,0,3,116,2,121,118,0,118,239
01/23/2013,SWO,OK,ASW,CE,Federal Contract Tower,0,0,13,0,13,0,2,100,2,104,0,2,113,2,117,234,14,248,365
01/24/2013,SWO,OK,ASW,CE,Federal Contract Tower,0,0,8,2,10,0,6,16,1,23,0,6,24,3,33,102,14,116,149
01/25/2013,SWO,OK,ASW,CE,Federal Contract Tower,1,1,9,2,13,0,2,49,1,52,1,3,58,3,65,70,4,74,139
01/26/2013,SWO,OK,ASW,CE,Federal Contract Tower,1,0,23,0,24,0,1,34,0,35,1,1,57,0,59,42,0,42,101
01/27/2013,SWO,OK,ASW,CE,Federal Contract Tower,0,0,7,0,7,0,0,2,1,3,0,0,9,1,10,0,2,2,12
01/28/2013,SWO,OK,ASW,CE,Federal Contract Tower,3,2,6,0,11,0,2,16,0,18,3,4,22,0,29,42,0,42,71
01/29/2013,SWO,OK,ASW,CE,Federal Contract Tower,0,0,2,2,4,0,1,0,0,1,0,1,2,2,5,0,0,0,5
01/30/2013,SWO,OK,ASW,CE,Federal Contract Tower,0,1,13,1,15,0,0,45,1,46,0,1,58,2,61,34,0,34,95
01/31/2013,SWO,OK,ASW,CE,Federal Contract Tower,0,0,19,0,19,0,3,86,4,93,0,3,105,4,112,78,0,78,190
02/01/2013,SWO,OK,ASW,CE,Federal Contract Tower,2,2,7,7,18,0,0,97,2,99,2,2,104,9,117,140,16,156,273
02/02/2013,SWO,OK,ASW,CE,Federal Contract Tower,1,0,9,0,10,0,0,79,0,79,1,0,88,0,89,60,0,60,149
02/03/2013,SWO,OK,ASW,CE,Federal Contract Tower,0,0,9,0,9,0,1,52,0,53,0,1,61,0,62,66,0,66,128
02/04/2013,SWO,OK,ASW,CE,Federal Contract Tower,0,0,8,3,11,0,4,94,0,98,0,4,102,3,109,196,0,196,305
02/05/2013,SWO,OK,ASW,CE,Federal Contract Tower,1,0,9,6,16,0,5,100,1,106,1,5,109,7,122,246,32,278,400
02/06/2013,SWO,OK,ASW,CE,Federal Contract Tower,0,0,23,1,24,0,0,7,0,7,0,0,30,1,31,28,0,28,59
02/07/2013,SWO,OK,ASW,CE,Federal Contract Tower,0,0,10,0,10,0,0,4,0,4,0,0,14,0,14,0,0,0,14
02/08/2013,SWO,OK,ASW,CE,Federal Contract Tower,2,2,19,0,23,0,6,81,0,87,2,8,100,0,110,130,0,130,240
02/09/2013,SWO,OK,ASW,CE,Federal Contract Tower,2,0,3,0,5,0,0,0,0,0,2,0,3,0,5,0,0,0,5
02/10/2013,SWO,OK,ASW,CE,Federal Contract Tower,0,2,5,0,7,0,4,21,0,25,0,6,26,0,32,32,0,32,64
02/11/2013,SWO,OK,ASW,CE,Federal Contract Tower,0,0,26,1,27,0,4,119,2,125,0,4,145,3,152,182,8,190,342
02/12/2013,SWO,OK,ASW,CE,Federal Contract Tower,0,0,0,0,0,0,0,1,0,1,0,0,1,0,1,12,0,12,13
02/13/2013,SWO,OK,ASW,CE,Federal Contract Tower,0,0,17,1,18,0,2,70,3,75,0,2,87,4,93,82,44,126,219
02/14/2013,SWO,OK,ASW,CE,Federal Contract Tower,0,1,15,0,16,0,3,103,1,107,0,4,118,1,123,206,12,218,341
02/15/2013,SWO,OK,ASW,CE,Federal Contract Tower,0,3,17,2,22,0,2,96,1,99,0,5,113,3,121,116,10,126,247
02/16/2013,SWO,OK,ASW,CE,Federal Contract Tower,0,2,0,13,15,0,1,64,0,65,0,3,64,13,80,50,0,50,130
02/17/2013,SWO,OK,ASW,CE,Federal Contract Tower,0,0,9,2,11,0,2,54,0,56,0,2,63,2,67,28,0,28,95
02/18/2013,SWO,OK,ASW,CE,Federal Contract Tower,0,0,10,0,10,0,8,15,0,23,0,8,25,0,33,22,0,22,55
02/19/2013,SWO,OK,ASW,CE,Federal Contract Tower,2,0,19,2,23,0,0,125,0,125,2,0,144,2,148,167,0,167,315
02/20/2013,SWO,OK,ASW,CE,Federal Contract Tower,0,2,2,0,4,0,0,2,0,2,0,2,4,0,6,0,0,0,6
02/21/2013,SWO,OK,ASW,CE,Federal Contract Tower,0,5,0,0,5,0,0,0,0,0,0,5,0,0,5,0,0,0,5
02/22/2013,SWO,OK,ASW,CE,Federal Contract Tower,1,0,12,0,13,0,0,65,0,65,1,0,77,0,78,116,0,116,194
02/23/2013,SWO,OK,ASW,CE,Federal Contract Tower,2,0,11,3,16,0,0,54,2,56,2,0,65,5,72,40,10,50,122
02/24/2013,SWO,OK,ASW,CE,Federal Contract Tower,0,0,2,6,8,0,6,25,4,35,0,6,27,10,43,18,18,36,79
02/25/2013,SWO,OK,ASW,CE,Federal Contract Tower,0,0,0,0,0,0,0,0,0,0,0,0,0,0,0,0,0,0,0
02/26/2013,SWO,OK,ASW,CE,Federal Contract Tower,2,0,0,0,2,0,2,3,0,5,2,2,3,0,7,2,0,2,9
02/27/2013,SWO,OK,ASW,CE,Federal Contract Tower,0,0,7,0,7,0,2,58,0,60,0,2,65,0,67,94,0,94,161
02/28/2013,SWO,OK,ASW,CE,Federal Contract Tower,0,0,13,3,16,0,0,76,6,82,0,0,89,9,98,160,32,192,290
03/01/2013,SWO,OK,ASW,CE,Federal Contract Tower,2,0,4,4,10,0,0,46,1,47,2,0,50,5,57,136,16,152,209
03/02/2013,SWO,OK,ASW,CE,Federal Contract Tower,5,2,28,5,40,0,0,80,2,82,5,2,108,7,122,68,8,76,198
03/03/2013,SWO,OK,ASW,CE,Federal Contract Tower,2,0,2,3,7,0,0,46,1,47,2,0,48,4,54,74,8,82,136
03/04/2013,SWO,OK,ASW,CE,Federal Contract Tower,0,0,13,7,20,0,1,106,2,109,0,1,119,9,129,204,8,212,341
03/05/2013,SWO,OK,ASW,CE,Federal Contract Tower,2,0,6,7,15,0,2,27,0,29,2,2,33,7,44,40,10,50,94
03/06/2013,SWO,OK,ASW,CE,Federal Contract Tower,0,0,11,3,14,0,4,136,1,141,0,4,147,4,155,282,6,288,443
03/07/2013,SWO,OK,ASW,CE,Federal Contract Tower,0,3,7,4,14,0,3,77,8,88,0,6,84,12,102,126,14,140,242
03/08/2013,SWO,OK,ASW,CE,Federal Contract Tower,0,0,19,0,19,0,2,46,0,48,0,2,65,0,67,184,0,184,251
03/09/2013,SWO,OK,ASW,CE,Federal Contract Tower,0,0,24,0,24,0,0,1,0,1,0,0,25,0,25,8,0,8,33
03/10/2013,SWO,OK,ASW,CE,Federal Contract Tower,0,0,4,0,4,0,2,2,0,4,0,2,6,0,8,14,0,14,22
03/11/2013,SWO,OK,ASW,CE,Federal Contract Tower,0,0,20,0,20,0,0,107,0,107,0,0,127,0,127,154,0,154,281
03/12/2013,SWO,OK,ASW,CE,Federal Contract Tower,0,0,17,0,17,0,1,90,0,91,0,1,107,0,108,188,0,188,296
03/13/2013,SWO,OK,ASW,CE,Federal Contract Tower,0,0,20,6,26,0,3,134,2,139,0,3,154,8,165,262,8,270,435
03/14/2013,SWO,OK,ASW,CE,Federal Contract Tower,0,0,16,8,24,0,4,76,0,80,0,4,92,8,104,138,12,150,254
03/15/2013,SWO,OK,ASW,CE,Federal Contract Tower,0,0,14,0,14,0,2,84,0,86,0,2,98,0,100,148,0,148,248
03/16/2013,SWO,OK,ASW,CE,Federal Contract Tower,0,0,4,0,4,0,0,43,0,43,0,0,47,0,47,18,0,18,65
03/17/2013,SWO,OK,ASW,CE,Federal Contract Tower,0,0,6,0,6,0,0,1,0,1,0,0,7,0,7,0,0,0,7
03/18/2013,SWO,OK,ASW,CE,Federal Contract Tower,0,0,5,2,7,0,2,31,0,33,0,2,36,2,40,22,0,22,62
03/19/2013,SWO,OK,ASW,CE,Federal Contract Tower,0,1,7,6,14,0,3,53,4,60,0,4,60,10,74,68,0,68,142
03/20/2013,SWO,OK,ASW,CE,Federal Contract Tower,0,0,11,7,18,0,5,51,2,58,0,5,62,9,76,98,26,124,200
03/21/2013,SWO,OK,ASW,CE,Federal Contract Tower,0,0,1,2,3,0,0,10,0,10,0,0,11,2,13,6,0,6,19
03/22/2013,SWO,OK,ASW,CE,Federal Contract Tower,0,0,11,4,15,0,0,7,0,7,0,0,18,4,22,16,0,16,38
03/23/2013,SWO,OK,ASW,CE,Federal Contract Tower,0,0,2,0,2,0,0,0,0,0,0,0,2,0,2,0,0,0,2
03/24/2013,SWO,OK,ASW,CE,Federal Contract Tower,0,0,9,0,9,0,0,7,0,7,0,0,16,0,16,0,0,0,16
03/25/2013,SWO,OK,ASW,CE,Federal Contract Tower,0,0,10,0,10,0,4,66,0,70,0,4,76,0,80,42,0,42,122
03/26/2013,SWO,OK,ASW,CE,Federal Contract Tower,0,0,15,0,15,0,2,88,0,90,0,2,103,0,105,158,0,158,263
03/27/2013,SWO,OK,ASW,CE,Federal Contract Tower,0,0,12,0,12,0,3,70,0,73,0,3,82,0,85,46,0,46,131
03/28/2013,SWO,OK,ASW,CE,Federal Contract Tower,0,0,13,0,13,0,0,75,1,76,0,0,88,1,89,160,0,160,249
03/29/2013,SWO,OK,ASW,CE,Federal Contract Tower,0,0,26,2,28,0,7,63,0,70,0,7,89,2,98,106,10,116,214
03/30/2013,SWO,OK,ASW,CE,Federal Contract Tower,0,0,7,0,7,0,2,17,0,19,0,2,24,0,26,42,0,42,68
03/31/2013,SWO,OK,ASW,CE,Federal Contract Tower,0,0,9,0,9,0,4,41,0,45,0,4,50,0,54,78,0,78,132
04/01/2013,SWO,OK,ASW,CE,Federal Contract Tower,0,0,13,0,13,0,8,85,0,93,0,8,98,0,106,102,0,102,208
04/02/2013,SWO,OK,ASW,CE,Federal Contract Tower,0,0,2,0,2,0,0,0,0,0,0,0,2,0,2,0,0,0,2
04/03/2013,SWO,OK,ASW,CE,Federal Contract Tower,0,0,2,0,2,0,0,1,0,1,0,0,3,0,3,14,0,14,17
04/04/2013,SWO,OK,ASW,CE,Federal Contract Tower,0,0,20,0,20,0,2,66,0,68,0,2,86,0,88,160,0,160,248
04/05/2013,SWO,OK,ASW,CE,Federal Contract Tower,0,0,22,1,23,0,0,92,2,94,0,0,114,3,117,202,0,202,319
04/06/2013,SWO,OK,ASW,CE,Federal Contract Tower,0,0,10,0,10,0,2,80,0,82,0,2,90,0,92,170,0,170,262
04/07/2013,SWO,OK,ASW,CE,Federal Contract Tower,0,0,13,0,13,0,0,13,0,13,0,0,26,0,26,22,0,22,48
04/08/2013,SWO,OK,ASW,CE,Federal Contract Tower,0,0,4,0,4,0,4,37,0,41,0,4,41,0,45,160,0,160,205
04/09/2013,SWO,OK,ASW,CE,Federal Contract Tower,0,0,18,3,21,0,0,33,1,34,0,0,51,4,55,120,0,120,175
04/10/2013,SWO,OK,ASW,CE,Federal Contract Tower,0,2,2,0,4,0,0,0,0,0,0,2,2,0,4,0,0,0,4
04/11/2013,SWO,OK,ASW,CE,Federal Contract Tower,0,1,14,2,17,0,3,67,2,72,0,4,81,4,89,200,10,210,299
04/12/2013,SWO,OK,ASW,CE,Federal Contract Tower,0,0,21,0,21,0,3,118,2,123,0,3,139,2,144,234,0,234,378
04/13/2013,SWO,OK,ASW,CE,Federal Contract Tower,0,0,1,1,2,0,0,32,1,33,0,0,33,2,35,42,18,60,95
04/14/2013,SWO,OK,ASW,CE,Federal Contract Tower,0,0,10,0,10,0,8,24,0,32,0,8,34,0,42,44,0,44,86
04/15/2013,SWO,OK,ASW,CE,Federal Contract Tower,0,0,39,6,45,0,1,126,0,127,0,1,165,6,172,118,0,118,290
04/16/2013,SWO,OK,ASW,CE,Federal Contract Tower,0,0,25,13,38,0,0,8,0,8,0,0,33,13,46,24,0,24,70
04/17/2013,SWO,OK,ASW,CE,Federal Contract Tower,0,0,0,0,0,0,0,0,0,0,0,0,0,0,0,0,0,0,0
04/18/2013,SWO,OK,ASW,CE,Federal Contract Tower,0,0,6,0,6,0,0,9,0,9,0,0,15,0,15,38,0,38,53
04/19/2013,SWO,OK,ASW,CE,Federal Contract Tower,0,0,30,5,35,0,9,112,2,123,0,9,142,7,158,170,10,180,338
04/20/2013,SWO,OK,ASW,CE,Federal Contract Tower,0,0,13,0,13,0,4,37,0,41,0,4,50,0,54,48,0,48,102
04/21/2013,SWO,OK,ASW,CE,Federal Contract Tower,0,0,10,0,10,0,4,57,0,61,0,4,67,0,71,56,0,56,127
04/22/2013,SWO,OK,ASW,CE,Federal Contract Tower,0,0,10,5,15,0,0,69,1,70,0,0,79,6,85,104,4,108,193
04/23/2013,SWO,OK,ASW,CE,Federal Contract Tower,0,0,4,0,4,0,0,0,0,0,0,0,4,0,4,0,0,0,4
04/24/2013,SWO,OK,ASW,CE,Federal Contract Tower,0,0,38,0,38,0,0,134,0,134,0,0,172,0,172,192,0,192,364
04/25/2013,SWO,OK,ASW,CE,Federal Contract Tower,2,2,19,2,25,0,2,77,0,79,2,4,96,2,104,194,2,196,300
04/26/2013,SWO,OK,ASW,CE,Federal Contract Tower,0,0,12,6,18,0,0,15,0,15,0,0,27,6,33,20,0,20,53
04/27/2013,SWO,OK,ASW,CE,Federal Contract Tower,0,0,10,0,10,0,0,7,0,7,0,0,17,0,17,26,0,26,43
04/28/2013,SWO,OK,ASW,CE,Federal Contract Tower,0,2,7,0,9,0,3,75,0,78,0,5,82,0,87,106,0,106,193
04/29/2013,SWO,OK,ASW,CE,Federal Contract Tower,0,0,10,3,13,0,0,79,2,81,0,0,89,5,94,118,0,118,212
04/30/2013,SWO,OK,ASW,CE,Federal Contract Tower,0,0,1,6,7,0,0,47,2,49,0,0,48,8,56,48,10,58,114
05/01/2013,SWO,OK,ASW,CE,Federal Contract Tower,0,0,3,4,7,0,2,40,0,42,0,2,43,4,49,144,6,150,199
05/02/2013,SWO,OK,ASW,CE,Federal Contract Tower,0,0,3,0,3,0,2,0,0,2,0,2,3,0,5,0,0,0,5
05/03/2013,SWO,OK,ASW,CE,Federal Contract Tower,0,0,15,2,17,0,0,59,1,60,0,0,74,3,77,114,0,114,191
05/04/2013,SWO,OK,ASW,CE,Federal Contract Tower,0,0,21,0,21,0,2,12,0,14,0,2,33,0,35,36,0,36,71
05/05/2013,SWO,OK,ASW,CE,Federal Contract Tower,0,0,11,0,11,0,2,14,0,16,0,2,25,0,27,50,0,50,77
05/06/2013,SWO,OK,ASW,CE,Federal Contract Tower,0,0,6,6,12,0,1,63,3,67,0,1,69,9,79,102,30,132,211
05/07/2013,SWO,OK,ASW,CE,Federal Contract Tower,0,0,14,7,21,0,4,65,5,74,0,4,79,12,95,68,26,94,189
05/08/2013,SWO,OK,ASW,CE,Federal Contract Tower,0,0,13,3,16,0,3,48,6,57,0,3,61,9,73,92,8,100,173
05/09/2013,SWO,OK,ASW,CE,Federal Contract Tower,0,0,4,7,11,0,4,34,2,40,0,4,38,9,51,164,2,166,217
05/10/2013,SWO,OK,ASW,CE,Federal Contract Tower,0,0,14,1,15,0,4,31,4,39,0,4,45,5,54,24,4,28,82
05/11/2013,SWO,OK,ASW,CE,Federal Contract Tower,0,0,5,0,5,0,2,33,0,35,0,2,38,0,40,0,0,0,40
05/12/2013,SWO,OK,ASW,CE,Federal Contract Tower,0,0,3,2,5,0,2,29,0,31,0,2,32,2,36,34,4,38,74
05/13/2013,SWO,OK,ASW,CE,Federal Contract Tower,0,0,14,2,16,0,1,89,0,90,0,1,103,2,106,136,0,136,242
05/14/2013,SWO,OK,ASW,CE,Federal Contract Tower,0,0,11,8,19,0,0,69,0,69,0,0,80,8,88,80,0,80,168
05/15/2013,SWO,OK,ASW,CE,Federal Contract Tower,0,0,8,2,10,0,0,28,1,29,0,0,36,3,39,56,0,56,95
05/16/2013,SWO,OK,ASW,CE,Federal Contract Tower,0,0,13,2,15,0,2,35,0,37,0,2,48,2,52,70,8,78,130
05/17/2013,SWO,OK,ASW,CE,Federal Contract Tower,0,0,8,11,19,0,0,6,2,8,0,0,14,13,27,0,4,4,31
05/18/2013,SWO,OK,ASW,CE,Federal Contract Tower,0,2,10,1,13,0,0,8,1,9,0,2,18,2,22,6,4,10,32
05/19/2013,SWO,OK,ASW,CE,Federal Contract Tower,0,0,6,1,7,0,5,13,1,19,0,5,19,2,26,14,8,22,48
05/20/2013,SWO,OK,ASW,CE,Federal Contract Tower,0,0,5,0,5,0,7,22,0,29,0,7,27,0,34,116,0,116,150
05/21/2013,SWO,OK,ASW,CE,Federal Contract Tower,0,1,12,2,15,0,2,18,2,22,0,3,30,4,37,24,2,26,63
05/22/2013,SWO,OK,ASW,CE,Federal Contract Tower,0,0,21,3,24,0,9,112,4,125,0,9,133,7,149,140,12,152,301
05/23/2013,SWO,OK,ASW,CE,Federal Contract Tower,0,0,3,0,3,0,0,1,0,1,0,0,4,0,4,0,0,0,4
05/24/2013,SWO,OK,ASW,CE,Federal Contract Tower,0,0,26,0,26,0,4,32,0,36,0,4,58,0,62,0,0,0,62
05/25/2013,SWO,OK,ASW,CE,Federal Contract Tower,0,0,6,0,6,0,2,19,0,21,0,2,25,0,27,8,0,8,35
05/26/2013,SWO,OK,ASW,CE,Federal Contract Tower,0,0,5,0,5,0,3,12,0,15,0,3,17,0,20,0,2,2,22
05/27/2013,SWO,OK,ASW,CE,Federal Contract Tower,0,0,3,0,3,0,1,5,0,6,0,1,8,0,9,30,0,30,39
05/28/2013,SWO,OK,ASW,CE,Federal Contract Tower,0,0,3,7,10,0,4,9,5,18,0,4,12,12,28,20,42,62,90
05/29/2013,SWO,OK,ASW,CE,Federal Contract Tower,0,0,7,10,17,0,1,2,0,3,0,1,9,10,20,0,10,10,30
05/30/2013,SWO,OK,ASW,CE,Federal Contract Tower,0,2,4,6,12,0,0,2,0,2,0,2,6,6,14,0,0,0,14
05/31/2013,SWO,OK,ASW,CE,Federal Contract Tower,0,0,18,10,28,0,1,25,2,28,0,1,43,12,56,28,12,40,96
06/01/2013,SWO,OK,ASW,CE,Federal Contract Tower,0,0,14,8,22,0,0,44,0,44,0,0,58,8,66,46,20,66,132
06/02/2013,SWO,OK,ASW,CE,Federal Contract Tower,0,0,6,1,7,0,2,56,1,59,0,2,62,2,66,114,0,114,180
06/03/2013,SWO,OK,ASW,CE,Federal Contract Tower,0,0,20,4,24,0,0,91,0,91,0,0,111,4,115,122,0,122,237
06/04/2013,SWO,OK,ASW,CE,Federal Contract Tower,0,0,15,5,20,0,0,44,0,44,0,0,59,5,64,56,0,56,120
06/05/2013,SWO,OK,ASW,CE,Federal Contract Tower,0,0,6,0,6,0,0,16,0,16,0,0,22,0,22,74,0,74,96
06/06/2013,SWO,OK,ASW,CE,Federal Contract Tower,0,0,20,0,20,0,0,66,0,66,0,0,86,0,86,116,0,116,202
06/07/2013,SWO,OK,ASW,CE,Federal Contract Tower,0,0,7,1,8,0,0,77,4,81,0,0,84,5,89,142,0,142,231
06/08/2013,SWO,OK,ASW,CE,Federal Contract Tower,0,0,7,1,8,0,5,22,0,27,0,5,29,1,35,50,12,62,97
06/09/2013,SWO,OK,ASW,CE,Federal Contract Tower,0,0,9,0,9,0,0,51,0,51,0,0,60,0,60,110,0,110,170
06/10/2013,SWO,OK,ASW,CE,Federal Contract Tower,0,0,4,0,4,0,0,39,0,39,0,0,43,0,43,46,0,46,89
06/11/2013,SWO,OK,ASW,CE,Federal Contract Tower,0,0,14,6,20,0,0,43,0,43,0,0,57,6,63,32,10,42,105
06/12/2013,SWO,OK,ASW,CE,Federal Contract Tower,0,0,9,2,11,0,0,64,5,69,0,0,73,7,80,70,6,76,156
06/13/2013,SWO,OK,ASW,CE,Federal Contract Tower,0,0,25,5,30,0,4,78,1,83,0,4,103,6,113,136,16,152,265
06/14/2013,SWO,OK,ASW,CE,Federal Contract Tower,0,0,6,2,8,0,2,38,1,41,0,2,44,3,49,18,10,28,77
06/15/2013,SWO,OK,ASW,CE,Federal Contract Tower,0,0,6,0,6,0,2,10,0,12,0,2,16,0,18,20,0,20,38
06/16/2013,SWO,OK,ASW,CE,Federal Contract Tower,0,0,4,2,6,0,0,8,2,10,0,0,12,4,16,6,0,6,22
06/17/2013,SWO,OK,ASW,CE,Federal Contract Tower,0,0,9,4,13,0,0,34,4,38,0,0,43,8,51,48,14,62,113
06/18/2013,SWO,OK,ASW,CE,Federal Contract Tower,0,0,13,1,14,0,0,69,1,70,0,0,82,2,84,148,0,148,232
06/19/2013,SWO,OK,ASW,CE,Federal Contract Tower,0,0,16,2,18,0,2,61,2,65,0,2,77,4,83,86,16,102,185
06/20/2013,SWO,OK,ASW,CE,Federal Contract Tower,0,0,18,2,20,0,4,77,5,86,0,4,95,7,106,78,28,106,212
06/21/2013,SWO,OK,ASW,CE,Federal Contract Tower,0,0,5,2,7,0,4,30,0,34,0,4,35,2,41,54,0,54,95
06/22/2013,SWO,OK,ASW,CE,Federal Contract Tower,0,0,1,0,1,0,0,30,2,32,0,0,31,2,33,48,12,60,93
06/23/2013,SWO,OK,ASW,CE,Federal Contract Tower,0,0,7,0,7,0,5,26,0,31,0,5,33,0,38,6,0,6,44
06/24/2013,SWO,OK,ASW,CE,Federal Contract Tower,0,0,12,0,12,0,0,55,1,56,0,0,67,1,68,62,0,62,130
06/25/2013,SWO,OK,ASW,CE,Federal Contract Tower,0,0,7,6,13,0,0,48,3,51,0,0,55,9,64,42,18,60,124
06/26/2013,SWO,OK,ASW,CE,Federal Contract Tower,0,0,10,0,10,0,0,78,0,78,0,0,88,0,88,84,0,84,172
06/27/2013,SWO,OK,ASW,CE,Federal Contract Tower,0,0,14,0,14,0,1,62,0,63,0,1,76,0,77,106,0,106,183
06/28/2013,SWO,OK,ASW,CE,Federal Contract Tower,0,0,12,2,14,0,0,80,2,82,0,0,92,4,96,94,4,98,194
06/29/2013,SWO,OK,ASW,CE,Federal Contract Tower,0,0,4,2,6,0,3,39,2,44,0,3,43,4,50,62,10,72,122
06/30/2013,SWO,OK,ASW,CE,Federal Contract Tower,0,0,4,2,6,0,2,23,0,25,0,2,27,2,31,60,0,60,91
07/01/2013,SWO,OK,ASW,CE,Federal Contract Tower,0,0,11,0,11,0,0,67,0,67,0,0,78,0,78,170,0,170,248
07/02/2013,SWO,OK,ASW,CE,Federal Contract Tower,0,0,11,0,11,0,0,48,5,53,0,0,59,5,64,70,0,70,134
07/03/2013,SWO,OK,ASW,CE,Federal Contract Tower,0,0,17,0,17,0,3,58,1,62,0,3,75,1,79,58,0,58,137
07/04/2013,SWO,OK,ASW,CE,Federal Contract Tower,0,0,2,0,2,0,1,18,0,19,0,1,20,0,21,0,0,0,21
07/05/2013,SWO,OK,ASW,CE,Federal Contract Tower,0,0,0,0,0,0,6,9,0,15,0,6,9,0,15,0,0,0,15
07/06/2013,SWO,OK,ASW,CE,Federal Contract Tower,0,0,3,0,3,0,0,23,0,23,0,0,26,0,26,48,0,48,74
07/07/2013,SWO,OK,ASW,CE,Federal Contract Tower,0,0,5,0,5,0,2,26,0,28,0,2,31,0,33,14,0,14,47
07/08/2013,SWO,OK,ASW,CE,Federal Contract Tower,0,0,12,0,12,0,2,50,3,55,0,2,62,3,67,64,10,74,141
07/09/2013,SWO,OK,ASW,CE,Federal Contract Tower,0,0,6,0,6,0,2,55,0,57,0,2,61,0,63,34,0,34,97
07/10/2013,SWO,OK,ASW,CE,Federal Contract Tower,0,0,11,0,11,0,0,71,0,71,0,0,82,0,82,62,0,62,144
07/11/2013,SWO,OK,ASW,CE,Federal Contract Tower,0,0,14,0,14,0,1,41,0,42,0,1,55,0,56,52,0,52,108
07/12/2013,SWO,OK,ASW,CE,Federal Contract Tower,0,0,7,4,11,0,0,65,1,66,0,0,72,5,77,76,32,108,185
07/13/2013,SWO,OK,ASW,CE,Federal Contract Tower,0,0,3,0,3,0,2,48,0,50,0,2,51,0,53,4,0,4,57
07/14/2013,SWO,OK,ASW,CE,Federal Contract Tower,0,0,6,0,6,0,0,4,0,4,0,0,10,0,10,0,0,0,10
07/15/2013,SWO,OK,ASW,CE,Federal Contract Tower,0,0,8,0,8,0,0,10,0,10,0,0,18,0,18,24,0,24,42
07/16/2013,SWO,OK,ASW,CE,Federal Contract Tower,0,0,19,0,19,0,0,40,0,40,0,0,59,0,59,28,0,28,87
07/17/2013,SWO,OK,ASW,CE,Federal Contract Tower,0,0,17,1,18,0,0,54,0,54,0,0,71,1,72,78,0,78,150
07/18/2013,SWO,OK,ASW,CE,Federal Contract Tower,0,0,14,0,14,0,0,82,0,82,0,0,96,0,96,106,0,106,202
07/19/2013,SWO,OK,ASW,CE,Federal Contract Tower,0,0,9,3,12,0,2,80,1,83,0,2,89,4,95,84,6,90,185
07/20/2013,SWO,OK,ASW,CE,Federal Contract Tower,0,0,4,2,6,0,0,38,0,38,0,0,42,2,44,30,0,30,74
07/21/2013,SWO,OK,ASW,CE,Federal Contract Tower,0,0,9,4,13,0,2,17,0,19,0,2,26,4,32,32,0,32,64
07/22/2013,SWO,OK,ASW,CE,Federal Contract Tower,0,0,9,2,11,0,1,47,3,51,0,1,56,5,62,92,0,92,154
07/23/2013,SWO,OK,ASW,CE,Federal Contract Tower,0,2,10,0,12,0,5,68,3,76,0,7,78,3,88,78,0,78,166
07/24/2013,SWO,OK,ASW,CE,Federal Contract Tower,0,0,10,0,10,0,3,38,2,43,0,3,48,2,53,48,0,48,101
07/25/2013,SWO,OK,ASW,CE,Federal Contract Tower,0,0,10,3,13,0,1,34,0,35,0,1,44,3,48,50,0,50,98
07/26/2013,SWO,OK,ASW,CE,Federal Contract Tower,0,0,5,1,6,0,3,3,1,7,0,3,8,2,13,0,0,0,13
07/27/2013,SWO,OK,ASW,CE,Federal Contract Tower,0,0,6,0,6,0,0,50,2,52,0,0,56,2,58,40,4,44,102
07/28/2013,SWO,OK,ASW,CE,Federal Contract Tower,0,0,8,2,10,0,4,36,3,43,0,4,44,5,53,22,36,58,111
07/29/2013,SWO,OK,ASW,CE,Federal Contract Tower,0,0,1,3,4,0,4,22,0,26,0,4,23,3,30,30,0,30,60
07/30/2013,SWO,OK,ASW,CE,Federal Contract Tower,0,0,12,12,24,0,0,53,2,55,0,0,65,14,79,74,16,90,169
07/31/2013,SWO,OK,ASW,CE,Federal Contract Tower,0,0,8,0,8,0,0,43,0,43,0,0,51,0,51,56,0,56,107
08/01/2013,SWO,OK,ASW,CE,Federal Contract Tower,0,0,9,1,10,0,0,68,1,69,0,0,77,2,79,90,0,90,169
08/02/2013,SWO,OK,ASW,CE,Federal Contract Tower,0,0,4,7,11,0,2,26,2,30,0,2,30,9,41,120,0,120,161
08/03/2013,SWO,OK,ASW,CE,Federal Contract Tower,0,0,2,0,2,0,0,32,0,32,0,0,34,0,34,6,0,6,40
08/04/2013,SWO,OK,ASW,CE,Federal Contract Tower,0,0,9,6,15,0,1,29,4,34,0,1,38,10,49,8,28,36,85
08/05/2013,SWO,OK,ASW,CE,Federal Contract Tower,0,0,12,3,15,0,2,25,0,27,0,2,37,3,42,92,0,92,134
08/06/2013,SWO,OK,ASW,CE,Federal Contract Tower,0,0,6,3,9,0,1,28,2,31,0,1,34,5,40,24,28,52,92
08/07/2013,SWO,OK,ASW,CE,Federal Contract Tower,0,0,13,1,14,0,0,37,1,38,0,0,50,2,52,108,0,108,160
08/08/2013,SWO,OK,ASW,CE,Federal Contract Tower,0,0,8,0,8,0,2,10,0,12,0,2,18,0,20,4,0,4,24
08/09/2013,SWO,OK,ASW,CE,Federal Contract Tower,0,0,7,2,9,0,3,13,0,16,0,3,20,2,25,10,0,10,35
08/10/2013,SWO,OK,ASW,CE,Federal Contract Tower,0,0,10,1,11,0,1,31,2,34,0,1,41,3,45,60,0,60,105
08/11/2013,SWO,OK,ASW,CE,Federal Contract Tower,0,0,10,1,11,0,0,28,1,29,0,0,38,2,40,88,8,96,136
08/12/2013,SWO,OK,ASW,CE,Federal Contract Tower,0,0,5,1,6,0,0,15,6,21,0,0,20,7,27,44,4,48,75
08/13/2013,SWO,OK,ASW,CE,Federal Contract Tower,0,0,1,11,12,0,0,11,3,14,0,0,12,14,26,38,0,38,64
08/14/2013,SWO,OK,ASW,CE,Federal Contract Tower,0,0,12,6,18,0,0,59,1,60,0,0,71,7,78,100,6,106,184
08/15/2013,SWO,OK,ASW,CE,Federal Contract Tower,0,0,9,6,15,0,0,48,0,48,0,0,57,6,63,72,22,94,157
08/16/2013,SWO,OK,ASW,CE,Federal Contract Tower,0,0,9,0,9,0,2,38,0,40,0,2,47,0,49,56,0,56,105
08/17/2013,SWO,OK,ASW,CE,Federal Contract Tower,0,0,11,0,11,0,1,88,2,91,0,1,99,2,102,60,8,68,170
08/18/2013,SWO,OK,ASW,CE,Federal Contract Tower,0,0,4,2,6,0,2,51,0,53,0,2,55,2,59,10,2,12,71
08/19/2013,SWO,OK,ASW,CE,Federal Contract Tower,0,0,17,6,23,0,0,71,0,71,0,0,88,6,94,56,44,100,194
08/20/2013,SWO,OK,ASW,CE,Federal Contract Tower,0,0,8,0,8,0,0,72,0,72,0,0,80,0,80,98,0,98,178
08/21/2013,SWO,OK,ASW,CE,Federal Contract Tower,0,0,16,3,19,0,2,93,1,96,0,2,109,4,115,130,0,130,245
08/22/2013,SWO,OK,ASW,CE,Federal Contract Tower,0,0,8,2,10,0,2,59,3,64,0,2,67,5,74,92,10,102,176
08/23/2013,SWO,OK,ASW,CE,Federal Contract Tower,0,0,15,1,16,0,0,81,3,84,0,0,96,4,100,134,20,154,254
08/24/2013,SWO,OK,ASW,CE,Federal Contract Tower,0,0,0,11,11,0,3,51,2,56,0,3,51,13,67,96,16,112,179
08/25/2013,SWO,OK,ASW,CE,Federal Contract Tower,0,0,7,0,7,0,3,22,1,26,0,3,29,1,33,32,20,52,85
08/26/2013,SWO,OK,ASW,CE,Federal Contract Tower,0,0,13,0,13,0,2,94,0,96,0,2,107,0,109,100,0,100,209
08/27/2013,SWO,OK,ASW,CE,Federal Contract Tower,0,0,10,2,12,0,1,63,0,64,0,1,73,2,76,90,0,90,166
08/28/2013,SWO,OK,ASW,CE,Federal Contract Tower,0,0,15,0,15,0,0,98,3,101,0,0,113,3,116,168,12,180,296
08/29/2013,SWO,OK,ASW,CE,Federal Contract Tower,0,0,18,1,19,0,2,86,1,89,0,2,104,2,108,119,0,119,227
08/30/2013,SWO,OK,ASW,CE,Federal Contract Tower,2,0,17,0,19,0,5,91,0,96,2,5,108,0,115,124,0,124,239
08/31/2013,SWO,OK,ASW,CE,Federal Contract Tower,0,0,1,0,1,0,0,24,0,24,0,0,25,0,25,74,0,74,99
09/01/2013,SWO,OK,ASW,CE,Federal Contract Tower,0,0,1,0,1,0,4,12,0,16,0,4,13,0,17,0,0,0,17
09/02/2013,SWO,OK,ASW,CE,Federal Contract Tower,0,0,8,0,8,0,2,35,0,37,0,2,43,0,45,18,0,18,63
09/03/2013,SWO,OK,ASW,CE,Federal Contract Tower,0,0,9,5,14,0,8,91,3,102,0,8,100,8,116,188,8,196,312
09/04/2013,SWO,OK,ASW,CE,Federal Contract Tower,0,0,15,1,16,0,0,92,2,94,0,0,107,3,110,112,6,118,228
09/05/2013,SWO,OK,ASW,CE,Federal Contract Tower,0,0,10,0,10,0,1,95,0,96,0,1,105,0,106,306,0,306,412
09/06/2013,SWO,OK,ASW,CE,Federal Contract Tower,2,0,32,7,41,0,6,100,3,109,2,6,132,10,150,86,36,122,272
09/07/2013,SWO,OK,ASW,CE,Federal Contract Tower,2,0,5,0,7,0,3,28,1,32,2,3,33,1,39,32,6,38,77
09/08/2013,SWO,OK,ASW,CE,Federal Contract Tower,0,0,7,0,7,0,0,29,0,29,0,0,36,0,36,46,0,46,82
09/09/2013,SWO,OK,ASW,CE,Federal Contract Tower,0,1,11,2,14,0,6,78,4,88,0,7,89,6,102,134,6,140,242
09/10/2013,SWO,OK,ASW,CE,Federal Contract Tower,0,0,15,2,17,0,0,82,0,82,0,0,97,2,99,138,2,140,239
09/11/2013,SWO,OK,ASW,CE,Federal Contract Tower,0,0,14,0,14,0,0,90,0,90,0,0,104,0,104,128,0,128,232
09/12/2013,SWO,OK,ASW,CE,Federal Contract Tower,0,16,0,0,16,0,0,73,0,73,0,16,73,0,89,210,0,210,299
09/13/2013,SWO,OK,ASW,CE,Federal Contract Tower,0,0,18,2,20,0,0,128,0,128,0,0,146,2,148,194,0,194,342
09/14/2013,SWO,OK,ASW,CE,Federal Contract Tower,0,0,24,0,24,0,1,67,0,68,0,1,91,0,92,26,0,26,118
09/15/2013,SWO,OK,ASW,CE,Federal Contract Tower,0,0,10,4,14,0,0,39,0,39,0,0,49,4,53,54,0,54,107
09/16/2013,SWO,OK,ASW,CE,Federal Contract Tower,0,0,13,8,21,0,0,27,1,28,0,0,40,9,49,48,0,48,97
09/17/2013,SWO,OK,ASW,CE,Federal Contract Tower,0,0,6,0,6,0,0,64,0,64,0,0,70,0,70,149,0,149,219
09/18/2013,SWO,OK,ASW,CE,Federal Contract Tower,0,0,15,0,15,0,0,91,0,91,0,0,106,0,106,144,0,144,250
09/19/2013,SWO,OK,ASW,CE,Federal Contract Tower,0,0,14,1,15,0,0,68,0,68,0,0,82,1,83,213,0,213,296
09/20/2013,SWO,OK,ASW,CE,Federal Contract Tower,0,0,16,3,19,0,6,81,2,89,0,6,97,5,108,132,0,132,240
09/21/2013,SWO,OK,ASW,CE,Federal Contract Tower,0,0,16,0,16,0,1,79,0,80,0,1,95,0,96,36,0,36,132
09/22/2013,SWO,OK,ASW,CE,Federal Contract Tower,0,1,10,1,12,0,3,54,1,58,0,4,64,2,70,98,0,98,168
09/23/2013,SWO,OK,ASW,CE,Federal Contract Tower,0,0,26,0,26,0,0,102,0,102,0,0,128,0,128,222,0,222,350
09/24/2013,SWO,OK,ASW,CE,Federal Contract Tower,0,0,7,1,8,0,2,92,4,98,0,2,99,5,106,200,22,222,328
09/25/2013,SWO,OK,ASW,CE,Federal Contract Tower,0,0,23,0,23,0,1,108,0,109,0,1,131,0,132,284,0,284,416
09/26/2013,SWO,OK,ASW,CE,Federal Contract Tower,0,0,17,0,17,0,1,79,0,80,0,1,96,0,97,212,0,212,309
09/27/2013,SWO,OK,ASW,CE,Federal Contract Tower,2,0,17,0,19,0,0,79,0,79,2,0,96,0,98,154,0,154,252
09/28/2013,SWO,OK,ASW,CE,Federal Contract Tower,1,0,2,0,3,0,0,10,0,10,1,0,12,0,13,62,0,62,75
09/29/2013,SWO,OK,ASW,CE,Federal Contract Tower,0,0,10,0,10,0,1,63,0,64,0,1,73,0,74,264,0,264,338
09/30/2013,SWO,OK,ASW,CE,Federal Contract Tower,0,0,22,0,22,0,5,106,0,111,0,5,128,0,133,266,0,266,399
10/01/2013,SWO,OK,ASW,CE,Federal Contract Tower,0,0,13,6,19,0,2,75,4,81,0,2,88,10,100,196,36,232,332
10/02/2013,SWO,OK,ASW,CE,Federal Contract Tower,0,0,30,0,30,0,4,43,0,47,0,4,73,0,77,104,0,104,181
10/03/2013,SWO,OK,ASW,CE,Federal Contract Tower,0,0,17,7,24,0,1,53,0,54,0,1,70,7,78,119,0,119,197
10/04/2013,SWO,OK,ASW,CE,Federal Contract Tower,0,0,28,8,36,0,3,71,6,80,0,3,99,14,116,46,16,62,178
10/05/2013,SWO,OK,ASW,CE,Federal Contract Tower,2,0,42,0,44,0,1,48,0,49,2,1,90,0,93,10,0,10,103
10/06/2013,SWO,OK,ASW,CE,Federal Contract Tower,0,0,9,11,20,0,0,45,4,49,0,0,54,15,69,22,34,56,125
10/07/2013,SWO,OK,ASW,CE,Federal Contract Tower,0,0,13,5,18,0,1,85,0,86,0,1,98,5,104,250,10,260,364
10/08/2013,SWO,OK,ASW,CE,Federal Contract Tower,0,0,26,2,28,0,1,101,0,102,0,1,127,2,130,196,0,196,326
10/09/2013,SWO,OK,ASW,CE,Federal Contract Tower,0,0,20,1,21,0,2,99,1,102,0,2,119,2,123,162,4,166,289
10/10/2013,SWO,OK,ASW,CE,Federal Contract Tower,0,2,11,9,22,0,2,102,3,107,0,4,113,12,129,176,6,182,311
10/11/2013,SWO,OK,ASW,CE,Federal Contract Tower,0,0,11,4,15,0,6,48,2,56,0,6,59,6,71,60,12,72,143
10/12/2013,SWO,OK,ASW,CE,Federal Contract Tower,0,0,7,1,8,0,4,22,1,27,0,4,29,2,35,2,12,14,49
10/13/2013,SWO,OK,ASW,CE,Federal Contract Tower,0,1,9,0,10,0,0,2,0,2,0,1,11,0,12,0,0,0,12
10/14/2013,SWO,OK,ASW,CE,Federal Contract Tower,0,0,12,0,12,0,0,0,0,0,0,0,12,0,12,0,0,0,12
10/15/2013,SWO,OK,ASW,CE,Federal Contract Tower,0,0,11,2,13,0,11,64,5,80,0,11,75,7,93,224,10,234,327
10/16/2013,SWO,OK,ASW,CE,Federal Contract Tower,0,1,25,8,34,0,0,97,4,101,0,1,122,12,135,278,4,282,417
10/17/2013,SWO,OK,ASW,CE,Federal Contract Tower,0,0,19,0,19,0,1,92,5,98,0,1,111,5,117,306,26,332,449
10/18/2013,SWO,OK,ASW,CE,Federal Contract Tower,0,0,22,4,26,0,1,32,0,33,0,1,54,4,59,146,0,146,205
10/19/2013,SWO,OK,ASW,CE,Federal Contract Tower,2,0,42,0,44,0,5,60,1,66,2,5,102,1,110,2,10,12,122
10/20/2013,SWO,OK,ASW,CE,Federal Contract Tower,0,0,13,0,13,0,9,49,1,59,0,9,62,1,72,144,6,150,222
10/21/2013,SWO,OK,ASW,CE,Federal Contract Tower,0,0,19,0,19,0,11,80,2,93,0,11,99,2,112,260,0,260,372
10/22/2013,SWO,OK,ASW,CE,Federal Contract Tower,0,0,19,6,25,0,4,88,0,92,0,4,107,6,117,256,0,256,373
10/23/2013,SWO,OK,ASW,CE,Federal Contract Tower,0,0,18,3,21,0,1,109,3,113,0,1,127,6,134,252,0,252,386
10/24/2013,SWO,OK,ASW,CE,Federal Contract Tower,0,0,19,8,27,0,65,77,2,144,0,65,96,10,171,232,16,248,419
10/25/2013,SWO,OK,ASW,CE,Federal Contract Tower,1,0,27,3,31,0,2,116,4,122,1,2,143,7,153,318,34,352,505
10/26/2013,SWO,OK,ASW,CE,Federal Contract Tower,2,0,14,0,16,0,0,69,0,69,2,0,83,0,85,258,0,258,343
10/27/2013,SWO,OK,ASW,CE,Federal Contract Tower,0,0,11,0,11,0,2,108,0,110,0,2,119,0,121,582,0,582,703
10/28/2013,SWO,OK,ASW,CE,Federal Contract Tower,0,1,6,0,7,0,1,61,0,62,0,2,67,0,69,348,0,348,417
10/29/2013,SWO,OK,ASW,CE,Federal Contract Tower,0,0,5,0,5,0,4,55,0,59,0,4,60,0,64,224,0,224,288
10/30/2013,SWO,OK,ASW,CE,Federal Contract Tower,0,0,8,0,8,0,0,0,0,0,0,0,8,0,8,6,0,6,14
10/31/2013,SWO,OK,ASW,CE,Federal Contract Tower,0,0,11,4,15,0,2,42,2,46,0,2,53,6,61,36,0,36,97
11/01/2013,SWO,OK,ASW,CE,Federal Contract Tower,2,0,20,3,25,0,0,120,3,123,2,0,140,6,148,106,0,106,254
11/02/2013,SWO,OK,ASW,CE,Federal Contract Tower,0,0,9,0,9,0,3,73,0,76,0,3,82,0,85,154,0,154,239
11/03/2013,SWO,OK,ASW,CE,Federal Contract Tower,0,0,6,0,6,0,0,30,7,37,0,0,36,7,43,62,10,72,115
11/04/2013,SWO,OK,ASW,CE,Federal Contract Tower,0,0,24,6,30,0,0,62,2,64,0,0,86,8,94,138,40,178,272
11/05/2013,SWO,OK,ASW,CE,Federal Contract Tower,0,0,21,3,24,0,0,0,0,0,0,0,21,3,24,0,0,0,24
11/06/2013,SWO,OK,ASW,CE,Federal Contract Tower,0,1,28,3,32,0,0,57,5,62,0,1,85,8,94,168,40,208,302
11/07/2013,SWO,OK,ASW,CE,Federal Contract Tower,0,2,29,2,33,0,0,109,6,115,0,2,138,8,148,260,36,296,444
11/08/2013,SWO,OK,ASW,CE,Federal Contract Tower,0,0,12,3,15,0,4,78,1,83,0,4,90,4,98,84,0,84,182
11/09/2013,SWO,OK,ASW,CE,Federal Contract Tower,0,0,34,0,34,0,2,51,0,53,0,2,85,0,87,48,0,48,135
11/10/2013,SWO,OK,ASW,CE,Federal Contract Tower,0,0,21,0,21,0,2,63,0,65,0,2,84,0,86,68,0,68,154
11/11/2013,SWO,OK,ASW,CE,Federal Contract Tower,0,0,15,0,15,0,1,57,0,58,0,1,72,0,73,194,0,194,267
11/12/2013,SWO,OK,ASW,CE,Federal Contract Tower,0,0,11,0,11,0,4,60,0,64,0,4,71,0,75,142,0,142,217
11/13/2013,SWO,OK,ASW,CE,Federal Contract Tower,0,0,18,14,32,0,1,84,4,89,0,1,102,18,121,166,8,174,295
11/14/2013,SWO,OK,ASW,CE,Federal Contract Tower,0,1,8,6,15,0,0,69,0,69,0,1,77,6,84,140,8,148,232
11/15/2013,SWO,OK,ASW,CE,Federal Contract Tower,2,0,27,1,30,0,6,111,3,120,2,6,138,4,150,138,14,152,302
11/16/2013,SWO,OK,ASW,CE,Federal Contract Tower,0,0,6,0,6,0,3,8,0,11,0,3,14,0,17,0,0,0,17
11/17/2013,SWO,OK,ASW,CE,Federal Contract Tower,0,0,12,0,12,0,5,55,3,63,0,5,67,3,75,84,0,84,159
11/18/2013,SWO,OK,ASW,CE,Federal Contract Tower,0,0,23,1,24,0,3,97,2,102,0,3,120,3,126,176,6,182,308
11/19/2013,SWO,OK,ASW,CE,Federal Contract Tower,0,0,23,0,23,0,3,89,0,92,0,3,112,0,115,140,0,140,255
11/20/2013,SWO,OK,ASW,CE,Federal Contract Tower,0,5,13,5,23,0,2,51,6,59,0,7,64,11,82,120,6,126,208
11/21/2013,SWO,OK,ASW,CE,Federal Contract Tower,0,0,7,0,7,0,2,0,0,2,0,2,7,0,9,0,0,0,9
11/22/2013,SWO,OK,ASW,CE,Federal Contract Tower,0,0,2,0,2,0,1,0,0,1,0,1,2,0,3,0,0,0,3
11/23/2013,SWO,OK,ASW,CE,Federal Contract Tower,2,0,31,0,33,0,9,39,0,48,2,9,70,0,81,48,0,48,129
11/24/2013,SWO,OK,ASW,CE,Federal Contract Tower,0,0,6,0,6,0,1,6,0,7,0,1,12,0,13,0,0,0,13
11/25/2013,SWO,OK,ASW,CE,Federal Contract Tower,0,0,7,0,7,0,2,4,0,6,0,2,11,0,13,8,0,8,21
11/26/2013,SWO,OK,ASW,CE,Federal Contract Tower,0,0,22,2,24,0,9,60,2,71,0,9,82,4,95,116,0,116,211
11/27/2013,SWO,OK,ASW,CE,Federal Contract Tower,0,0,6,1,7,0,0,39,2,41,0,0,45,3,48,48,10,58,106
11/28/2013,SWO,OK,ASW,CE,Federal Contract Tower,0,0,1,0,1,0,0,7,0,7,0,0,8,0,8,0,0,0,8
11/29/2013,SWO,OK,ASW,CE,Federal Contract Tower,0,0,0,0,0,0,6,16,0,22,0,6,16,0,22,18,0,18,40
11/30/2013,SWO,OK,ASW,CE,Federal Contract Tower,0,0,2,0,2,0,4,19,0,23,0,4,21,0,25,2,0,2,27
12/01/2013,SWO,OK,ASW,CE,Federal Contract Tower,0,0,14,0,14,0,0,20,0,20,0,0,34,0,34,0,0,0,34
12/02/2013,SWO,OK,ASW,CE,Federal Contract Tower,0,0,12,0,12,0,2,36,1,39,0,2,48,1,51,24,0,24,75
12/03/2013,SWO,OK,ASW,CE,Federal Contract Tower,0,0,9,3,12,0,0,75,4,79,0,0,84,7,91,142,12,154,245
12/04/2013,SWO,OK,ASW,CE,Federal Contract Tower,0,0,10,3,13,0,4,35,1,40,0,4,45,4,53,123,4,127,180
12/05/2013,SWO,OK,ASW,CE,Federal Contract Tower,0,0,4,6,10,0,1,15,5,21,0,1,19,11,31,36,6,42,73
12/06/2013,SWO,OK,ASW,CE,Federal Contract Tower,0,0,5,0,5,0,2,3,0,5,0,2,8,0,10,0,0,0,10
12/07/2013,SWO,OK,ASW,CE,Federal Contract Tower,0,0,24,0,24,0,2,14,0,16,0,2,38,0,40,0,0,0,40
12/08/2013,SWO,OK,ASW,CE,Federal Contract Tower,0,0,0,0,0,0,4,0,0,4,0,4,0,0,4,0,0,0,4
12/09/2013,SWO,OK,ASW,CE,Federal Contract Tower,0,0,5,0,5,0,5,16,0,21,0,5,21,0,26,12,0,12,38
12/10/2013,SWO,OK,ASW,CE,Federal Contract Tower,0,0,18,2,20,0,0,80,1,81,0,0,98,3,101,144,4,148,249
12/11/2013,SWO,OK,ASW,CE,Federal Contract Tower,0,0,16,1,17,0,7,91,1,99,0,7,107,2,116,162,0,162,278
12/12/2013,SWO,OK,ASW,CE,Federal Contract Tower,0,0,16,0,16,0,0,79,0,79,0,0,95,0,95,130,0,130,225
12/13/2013,SWO,OK,ASW,CE,Federal Contract Tower,0,0,8,9,17,0,6,14,1,21,0,6,22,10,38,22,0,22,60
12/14/2013,SWO,OK,ASW,CE,Federal Contract Tower,0,0,10,0,10,0,0,20,2,22,0,0,30,2,32,38,0,38,70
12/15/2013,SWO,OK,ASW,CE,Federal Contract Tower,0,0,17,1,18,0,1,61,1,63,0,1,78,2,81,32,20,52,133
12/16/2013,SWO,OK,ASW,CE,Federal Contract Tower,0,0,11,0,11,0,2,58,0,60,0,2,69,0,71,88,0,88,159
12/17/2013,SWO,OK,ASW,CE,Federal Contract Tower,0,0,14,0,14,0,0,57,5,62,0,0,71,5,76,76,16,92,168
12/18/2013,SWO,OK,ASW,CE,Federal Contract Tower,0,4,10,4,18,0,0,41,0,41,0,4,51,4,59,40,0,40,99
12/19/2013,SWO,OK,ASW,CE,Federal Contract Tower,0,0,14,0,14,0,0,18,0,18,0,0,32,0,32,0,0,0,32
12/20/2013,SWO,OK,ASW,CE,Federal Contract Tower,0,0,6,0,6,0,4,0,0,4,0,4,6,0,10,0,4,4,14
12/21/2013,SWO,OK,ASW,CE,Federal Contract Tower,0,0,0,0,0,0,0,0,0,0,0,0,0,0,0,0,0,0,0
12/22/2013,SWO,OK,ASW,CE,Federal Contract Tower,0,0,2,0,2,0,0,2,0,2,0,0,4,0,4,0,0,0,4
12/23/2013,SWO,OK,ASW,CE,Federal Contract Tower,0,0,5,0,5,0,2,2,0,4,0,2,7,0,9,0,0,0,9
12/24/2013,SWO,OK,ASW,CE,Federal Contract Tower,0,0,2,0,2,0,0,5,0,5,0,0,7,0,7,0,0,0,7
12/25/2013,SWO,OK,ASW,CE,Federal Contract Tower,0,0,0,0,0,0,0,8,0,8,0,0,8,0,8,4,0,4,12
12/26/2013,SWO,OK,ASW,CE,Federal Contract Tower,0,0,3,0,3,0,1,15,0,16,0,1,18,0,19,8,0,8,27
12/27/2013,SWO,OK,ASW,CE,Federal Contract Tower,0,0,5,0,5,0,2,26,0,28,0,2,31,0,33,30,0,30,63
12/28/2013,SWO,OK,ASW,CE,Federal Contract Tower,0,0,8,0,8,0,3,19,0,22,0,3,27,0,30,46,0,46,76
12/29/2013,SWO,OK,ASW,CE,Federal Contract Tower,0,0,6,0,6,0,2,5,0,7,0,2,11,0,13,2,0,2,15
12/30/2013,SWO,OK,ASW,CE,Federal Contract Tower,0,0,6,0,6,0,7,25,0,32,0,7,31,0,38,28,0,28,66
12/31/2013,SWO,OK,ASW,CE,Federal Contract Tower,0,0,1,0,1,0,0,12,0,12,0,0,13,0,13,0,0,0,13
01/01/2014,SWO,OK,ASW,CE,Federal Contract Tower,0,2,0,0,2,0,7,9,0,16,0,9,9,0,18,14,0,14,32
01/02/2014,SWO,OK,ASW,CE,Federal Contract Tower,1,0,9,2,12,0,3,34,1,38,1,3,43,3,50,10,0,10,60
01/03/2014,SWO,OK,ASW,CE,Federal Contract Tower,0,0,4,7,11,0,1,8,0,9,0,1,12,7,20,2,4,6,26
01/04/2014,SWO,OK,ASW,CE,Federal Contract Tower,0,0,9,3,12,0,2,32,1,35,0,2,41,4,47,36,36,72,119
01/05/2014,SWO,OK,ASW,CE,Federal Contract Tower,0,0,4,0,4,0,5,0,0,5,0,5,4,0,9,0,0,0,9
01/06/2014,SWO,OK,ASW,CE,Federal Contract Tower,0,0,5,0,5,0,5,11,0,16,0,5,16,0,21,30,0,30,51
01/07/2014,SWO,OK,ASW,CE,Federal Contract Tower,1,0,5,0,6,0,5,34,1,40,1,5,39,1,46,22,8,30,76
01/08/2014,SWO,OK,ASW,CE,Federal Contract Tower,1,0,7,0,8,0,1,8,0,9,1,1,15,0,17,34,0,34,51
01/09/2014,SWO,OK,ASW,CE,Federal Contract Tower,0,0,4,0,4,0,0,0,0,0,0,0,4,0,4,0,0,0,4
01/10/2014,SWO,OK,ASW,CE,Federal Contract Tower,4,0,12,0,16,0,3,14,0,17,4,3,26,0,33,14,0,14,47
01/11/2014,SWO,OK,ASW,CE,Federal Contract Tower,0,0,9,3,12,0,2,57,0,59,0,2,66,3,71,62,0,62,133
01/12/2014,SWO,OK,ASW,CE,Federal Contract Tower,0,0,11,0,11,0,2,8,0,10,0,2,19,0,21,0,8,8,29
01/13/2014,SWO,OK,ASW,CE,Federal Contract Tower,0,0,13,5,18,0,3,64,0,67,0,3,77,5,85,92,0,92,177
01/14/2014,SWO,OK,ASW,CE,Federal Contract Tower,0,0,11,3,14,0,4,43,1,48,0,4,54,4,62,46,4,50,112
01/15/2014,SWO,OK,ASW,CE,Federal Contract Tower,0,0,19,0,19,0,2,122,0,124,0,2,141,0,143,210,0,210,353
01/16/2014,SWO,OK,ASW,CE,Federal Contract Tower,0,0,16,0,16,0,2,54,1,57,0,2,70,1,73,68,0,68,141
01/17/2014,SWO,OK,ASW,CE,Federal Contract Tower,0,0,28,4,32,0,5,118,1,124,0,5,146,5,156,190,6,196,352
01/18/2014,SWO,OK,ASW,CE,Federal Contract Tower,0,0,12,0,12,0,7,35,0,42,0,7,47,0,54,12,0,12,66
01/19/2014,SWO,OK,ASW,CE,Federal Contract Tower,0,0,6,0,6,0,1,35,0,36,0,1,41,0,42,22,0,22,64
01/20/2014,SWO,OK,ASW,CE,Federal Contract Tower,0,0,13,1,14,0,0,19,0,19,0,0,32,1,33,48,0,48,81
01/21/2014,SWO,OK,ASW,CE,Federal Contract Tower,0,1,17,0,18,0,2,91,1,94,0,3,108,1,112,160,0,160,272
01/22/2014,SWO,OK,ASW,CE,Federal Contract Tower,0,0,18,4,22,0,0,92,7,99,0,0,110,11,121,96,20,116,237
01/23/2014,SWO,OK,ASW,CE,Federal Contract Tower,0,0,11,1,12,0,2,72,3,77,0,2,83,4,89,92,0,92,181
01/24/2014,SWO,OK,ASW,CE,Federal Contract Tower,0,0,17,4,21,0,2,68,0,70,0,2,85,4,91,90,0,90,181
01/25/2014,SWO,OK,ASW,CE,Federal Contract Tower,3,0,18,2,23,0,2,66,2,70,3,2,84,4,93,124,12,136,229
01/26/2014,SWO,OK,ASW,CE,Federal Contract Tower,2,0,9,0,11,0,10,80,0,90,2,10,89,0,101,86,10,96,197
01/27/2014,SWO,OK,ASW,CE,Federal Contract Tower,0,0,11,3,14,0,0,59,0,59,0,0,70,3,73,128,6,134,207
01/28/2014,SWO,OK,ASW,CE,Federal Contract Tower,0,0,11,0,11,0,3,56,0,59,0,3,67,0,70,138,0,138,208
01/29/2014,SWO,OK,ASW,CE,Federal Contract Tower,0,0,12,0,12,0,0,77,0,77,0,0,89,0,89,130,0,130,219
01/30/2014,SWO,OK,ASW,CE,Federal Contract Tower,0,0,15,0,15,0,0,61,1,62,0,0,76,1,77,152,8,160,237
01/31/2014,SWO,OK,ASW,CE,Federal Contract Tower,0,0,9,6,15,0,1,3,0,4,0,1,12,6,19,0,0,0,19
02/01/2014,SWO,OK,ASW,CE,Federal Contract Tower,0,2,10,0,12,0,0,15,0,15,0,2,25,0,27,56,0,56,83
02/02/2014,SWO,OK,ASW,CE,Federal Contract Tower,0,0,3,0,3,0,1,7,0,8,0,1,10,0,11,0,0,0,11
02/03/2014,SWO,OK,ASW,CE,Federal Contract Tower,0,0,7,6,13,0,2,56,2,60,0,2,63,8,73,150,0,150,223
02/04/2014,SWO,OK,ASW,CE,Federal Contract Tower,0,0,0,0,0,0,0,0,0,0,0,0,0,0,0,0,0,0,0
02/05/2014,SWO,OK,ASW,CE,Federal Contract Tower,0,0,11,0,11,0,0,18,1,19,0,0,29,1,30,64,14,78,108
02/06/2014,SWO,OK,ASW,CE,Federal Contract Tower,0,0,3,0,3,0,0,4,0,4,0,0,7,0,7,0,0,0,7
02/07/2014,SWO,OK,ASW,CE,Federal Contract Tower,0,0,5,0,5,0,4,24,0,28,0,4,29,0,33,120,0,120,153
02/08/2014,SWO,OK,ASW,CE,Federal Contract Tower,0,0,3,0,3,0,0,1,0,1,0,0,4,0,4,0,0,0,4
02/09/2014,SWO,OK,ASW,CE,Federal Contract Tower,2,0,8,7,17,0,3,12,5,20,2,3,20,12,37,52,0,52,89
02/10/2014,SWO,OK,ASW,CE,Federal Contract Tower,0,0,2,8,10,0,0,28,0,28,0,0,30,8,38,56,0,56,94
02/11/2014,SWO,OK,ASW,CE,Federal Contract Tower,0,0,11,0,11,0,1,64,2,67,0,1,75,2,78,150,0,150,228
02/12/2014,SWO,OK,ASW,CE,Federal Contract Tower,0,0,28,2,30,0,4,125,0,129,0,4,153,2,159,178,0,178,337
02/13/2014,SWO,OK,ASW,CE,Federal Contract Tower,0,0,23,2,25,0,2,82,3,87,0,2,105,5,112,206,0,206,318
02/14/2014,SWO,OK,ASW,CE,Federal Contract Tower,0,0,16,5,21,0,2,46,3,51,0,2,62,8,72,80,8,88,160
02/15/2014,SWO,OK,ASW,CE,Federal Contract Tower,0,1,23,0,24,0,1,46,0,47,0,2,69,0,71,58,0,58,129
02/16/2014,SWO,OK,ASW,CE,Federal Contract Tower,2,0,4,2,8,0,2,35,2,39,2,2,39,4,47,50,10,60,107
02/17/2014,SWO,OK,ASW,CE,Federal Contract Tower,0,0,11,3,14,0,2,66,0,68,0,2,77,3,82,168,0,168,250
02/18/2014,SWO,OK,ASW,CE,Federal Contract Tower,1,0,6,14,21,0,0,71,1,72,1,0,77,15,93,88,2,90,183
02/19/2014,SWO,OK,ASW,CE,Federal Contract Tower,0,0,12,0,12,0,0,58,3,61,0,0,70,3,73,70,0,70,143
02/20/2014,SWO,OK,ASW,CE,Federal Contract Tower,1,0,4,5,10,0,0,13,1,14,1,0,17,6,24,12,0,12,36
02/21/2014,SWO,OK,ASW,CE,Federal Contract Tower,2,2,14,1,19,0,7,87,0,94,2,9,101,1,113,92,0,92,205
02/22/2014,SWO,OK,ASW,CE,Federal Contract Tower,3,1,22,0,26,0,0,79,0,79,3,1,101,0,105,52,0,52,157
02/23/2014,SWO,OK,ASW,CE,Federal Contract Tower,2,0,8,3,13,0,2,36,1,39,2,2,44,4,52,44,14,58,110
02/24/2014,SWO,OK,ASW,CE,Federal Contract Tower,0,0,17,0,17,0,1,73,0,74,0,1,90,0,91,184,0,184,275
02/25/2014,SWO,OK,ASW,CE,Federal Contract Tower,0,0,16,1,17,0,2,104,1,107,0,2,120,2,124,162,8,170,294
02/26/2014,SWO,OK,ASW,CE,Federal Contract Tower,0,0,19,1,20,0,0,105,1,106,0,0,124,2,126,222,0,222,348
02/27/2014,SWO,OK,ASW,CE,Federal Contract Tower,0,0,16,4,20,0,1,106,2,109,0,1,122,6,129,172,0,172,301
02/28/2014,SWO,OK,ASW,CE,Federal Contract Tower,0,0,15,2,17,0,2,86,2,90,0,2,101,4,107,222,22,244,351
03/01/2014,SWO,OK,ASW,CE,Federal Contract Tower,0,0,11,0,11,0,3,2,0,5,0,3,13,0,16,0,0,0,16
03/02/2014,SWO,OK,ASW,CE,Federal Contract Tower,0,0,0,0,0,0,0,0,0,0,0,0,0,0,0,0,0,0,0
03/03/2014,SWO,OK,ASW,CE,Federal Contract Tower,0,0,9,0,9,0,8,5,0,13,0,8,14,0,22,0,0,0,22
03/04/2014,SWO,OK,ASW,CE,Federal Contract Tower,0,0,12,5,17,0,1,81,3,85,0,1,93,8,102,121,6,127,229
03/05/2014,SWO,OK,ASW,CE,Federal Contract Tower,0,0,18,0,18,0,0,73,0,73,0,0,91,0,91,184,0,184,275
03/06/2014,SWO,OK,ASW,CE,Federal Contract Tower,0,0,23,18,41,0,5,60,3,68,0,5,83,21,109,100,0,100,209
03/07/2014,SWO,OK,ASW,CE,Federal Contract Tower,1,0,22,6,29,0,2,81,1,84,1,2,103,7,113,156,42,198,311
03/08/2014,SWO,OK,ASW,CE,Federal Contract Tower,2,2,2,0,6,0,0,3,0,3,2,2,5,0,9,14,0,14,23
03/09/2014,SWO,OK,ASW,CE,Federal Contract Tower,0,0,16,2,18,0,2,82,6,90,0,2,98,8,108,137,20,157,265
03/10/2014,SWO,OK,ASW,CE,Federal Contract Tower,0,0,16,14,30,0,0,83,12,95,0,0,99,26,125,132,38,170,295
03/11/2014,SWO,OK,ASW,CE,Federal Contract Tower,0,0,15,0,15,0,3,42,0,45,0,3,57,0,60,74,0,74,134
03/12/2014,SWO,OK,ASW,CE,Federal Contract Tower,0,0,32,1,33,0,0,69,3,72,0,0,101,4,105,140,0,140,245
03/13/2014,SWO,OK,ASW,CE,Federal Contract Tower,0,0,17,5,22,0,5,90,4,99,0,5,107,9,121,134,36,170,291
03/14/2014,SWO,OK,ASW,CE,Federal Contract Tower,0,0,31,8,39,0,1,100,3,104,0,1,131,11,143,198,0,198,341
03/15/2014,SWO,OK,ASW,CE,Federal Contract Tower,0,0,13,0,13,0,0,13,0,13,0,0,26,0,26,22,0,22,48
03/16/2014,SWO,OK,ASW,CE,Federal Contract Tower,0,0,5,0,5,0,1,1,7,9,0,1,6,7,14,0,12,12,26
03/17/2014,SWO,OK,ASW,CE,Federal Contract Tower,0,1,6,0,7,0,6,53,0,59,0,7,59,0,66,60,0,60,126
03/18/2014,SWO,OK,ASW,CE,Federal Contract Tower,1,0,7,4,12,0,0,23,0,23,1,0,30,4,35,28,0,28,63
03/19/2014,SWO,OK,ASW,CE,Federal Contract Tower,0,0,8,6,14,0,1,49,2,52,0,1,57,8,66,30,10,40,106
03/20/2014,SWO,OK,ASW,CE,Federal Contract Tower,2,0,5,7,14,0,2,38,2,42,2,2,43,9,56,34,12,46,102
03/21/2014,SWO,OK,ASW,CE,Federal Contract Tower,0,0,3,5,8,0,0,31,0,31,0,0,34,5,39,12,4,16,55
03/22/2014,SWO,OK,ASW,CE,Federal Contract Tower,2,0,10,4,16,0,1,17,2,20,2,1,27,6,36,6,16,22,58
03/23/2014,SWO,OK,ASW,CE,Federal Contract Tower,0,0,2,3,5,0,0,20,8,28,0,0,22,11,33,30,5,35,68
03/24/2014,SWO,OK,ASW,CE,Federal Contract Tower,0,0,28,1,29,0,0,97,1,98,0,0,125,2,127,182,0,182,309
03/25/2014,SWO,OK,ASW,CE,Federal Contract Tower,0,0,21,5,26,0,2,111,4,117,0,2,132,9,143,192,0,192,335
03/26/2014,SWO,OK,ASW,CE,Federal Contract Tower,1,0,21,3,25,0,1,35,1,37,1,1,56,4,62,62,4,66,128
03/27/2014,SWO,OK,ASW,CE,Federal Contract Tower,1,0,7,0,8,0,3,12,0,15,1,3,19,0,23,4,0,4,27
03/28/2014,SWO,OK,ASW,CE,Federal Contract Tower,0,2,23,2,27,0,0,95,1,96,0,2,118,3,123,210,0,210,333
03/29/2014,SWO,OK,ASW,CE,Federal Contract Tower,0,0,5,1,6,0,0,111,1,112,0,0,116,2,118,244,0,244,362
03/30/2014,SWO,OK,ASW,CE,Federal Contract Tower,0,0,5,7,12,0,0,30,4,34,0,0,35,11,46,62,0,62,108
03/31/2014,SWO,OK,ASW,CE,Federal Contract Tower,0,0,20,4,24,0,3,92,13,108,0,3,112,17,132,194,28,222,354
04/01/2014,SWO,OK,ASW,CE,Federal Contract Tower,0,0,30,9,39,0,1,82,11,94,0,1,112,20,133,310,42,352,485
04/02/2014,SWO,OK,ASW,CE,Federal Contract Tower,0,0,21,5,26,0,0,48,1,49,0,0,69,6,75,160,0,160,235
04/03/2014,SWO,OK,ASW,CE,Federal Contract Tower,0,3,14,5,22,0,2,50,7,59,0,5,64,12,81,94,58,152,233
04/04/2014,SWO,OK,ASW,CE,Federal Contract Tower,0,0,17,3,20,0,5,111,9,125,0,5,128,12,145,244,32,276,421
04/05/2014,SWO,OK,ASW,CE,Federal Contract Tower,0,5,9,3,17,0,5,54,3,62,0,10,63,6,79,66,6,72,151
04/06/2014,SWO,OK,ASW,CE,Federal Contract Tower,0,0,7,1,8,0,0,33,3,36,0,0,40,4,44,102,42,144,188
04/07/2014,SWO,OK,ASW,CE,Federal Contract Tower,0,0,9,2,11,0,2,58,1,61,0,2,67,3,72,192,0,192,264
04/08/2014,SWO,OK,ASW,CE,Federal Contract Tower,0,0,17,3,20,0,3,53,1,57,0,3,70,4,77,126,28,154,231
04/09/2014,SWO,OK,ASW,CE,Federal Contract Tower,0,0,36,1,37,0,1,106,2,109,0,1,142,3,146,202,0,202,348
04/10/2014,SWO,OK,ASW,CE,Federal Contract Tower,0,0,18,2,20,0,2,84,1,87,0,2,102,3,107,136,0,136,243
04/11/2014,SWO,OK,ASW,CE,Federal Contract Tower,0,2,10,6,18,0,0,93,2,95,0,2,103,8,113,182,10,192,305
04/12/2014,SWO,OK,ASW,CE,Federal Contract Tower,0,0,11,13,24,0,0,12,3,15,0,0,23,16,39,10,50,60,99
04/13/2014,SWO,OK,ASW,CE,Federal Contract Tower,0,0,3,0,3,0,0,1,0,1,0,0,4,0,4,0,0,0,4
04/14/2014,SWO,OK,ASW,CE,Federal Contract Tower,0,2,4,2,8,0,3,19,5,27,0,5,23,7,35,58,16,74,109
04/15/2014,SWO,OK,ASW,CE,Federal Contract Tower,0,2,19,5,26,0,4,100,2,106,0,6,119,7,132,250,10,260,392
04/16/2014,SWO,OK,ASW,CE,Federal Contract Tower,0,2,20,1,23,0,6,40,4,50,0,8,60,5,73,18,0,18,91
04/17/2014,SWO,OK,ASW,CE,Federal Contract Tower,0,0,21,0,21,0,5,53,0,58,0,5,74,0,79,186,0,186,265
04/18/2014,SWO,OK,ASW,CE,Federal Contract Tower,0,0,13,0,13,0,2,130,0,132,0,2,143,0,145,306,0,306,451
04/19/2014,SWO,OK,ASW,CE,Federal Contract Tower,0,0,3,0,3,0,0,29,2,31,0,0,32,2,34,38,14,52,86
04/20/2014,SWO,OK,ASW,CE,Federal Contract Tower,0,0,4,0,4,0,2,13,0,15,0,2,17,0,19,0,0,0,19
04/21/2014,SWO,OK,ASW,CE,Federal Contract Tower,0,0,22,0,22,0,6,21,0,27,0,6,43,0,49,74,0,74,123
04/22/2014,SWO,OK,ASW,CE,Federal Contract Tower,0,0,17,2,19,5,82,2,0,89,5,82,19,2,108,166,28,194,302
04/23/2014,SWO,OK,ASW,CE,Federal Contract Tower,0,0,9,10,19,0,1,60,3,64,0,1,69,13,83,164,12,176,259
04/24/2014,SWO,OK,ASW,CE,Federal Contract Tower,0,0,10,1,11,0,2,26,4,32,0,2,36,5,43,34,4,38,81
04/25/2014,SWO,OK,ASW,CE,Federal Contract Tower,0,0,20,3,23,0,3,105,7,115,0,3,125,10,138,160,60,220,358
04/26/2014,SWO,OK,ASW,CE,Federal Contract Tower,0,0,5,0,5,0,0,28,0,28,0,0,33,0,33,4,0,4,37
04/27/2014,SWO,OK,ASW,CE,Federal Contract Tower,0,1,6,0,7,0,3,13,0,16,0,4,19,0,23,4,0,4,27
04/28/2014,SWO,OK,ASW,CE,Federal Contract Tower,0,1,16,0,17,0,3,54,0,57,0,4,70,0,74,28,0,28,102
04/29/2014,SWO,OK,ASW,CE,Federal Contract Tower,0,0,10,8,18,0,3,22,0,25,0,3,32,8,43,44,0,44,87
04/30/2014,SWO,OK,ASW,CE,Federal Contract Tower,0,3,21,5,29,0,1,85,3,89,0,4,106,8,118,138,16,154,272
05/01/2014,SWO,OK,ASW,CE,Federal Contract Tower,0,0,32,6,38,0,2,139,2,143,0,2,171,8,181,156,0,156,337
05/02/2014,SWO,OK,ASW,CE,Federal Contract Tower,0,0,22,1,23,0,1,118,1,120,0,1,140,2,143,158,0,158,301
05/03/2014,SWO,OK,ASW,CE,Federal Contract Tower,0,0,18,0,18,0,0,81,6,87,0,0,99,6,105,56,64,120,225
05/04/2014,SWO,OK,ASW,CE,Federal Contract Tower,0,0,2,0,2,0,7,25,8,40,0,7,27,8,42,16,38,54,96
05/05/2014,SWO,OK,ASW,CE,Federal Contract Tower,0,0,10,0,10,0,3,82,0,85,0,3,92,0,95,194,0,194,289
05/06/2014,SWO,OK,ASW,CE,Federal Contract Tower,0,0,11,0,11,0,2,72,0,74,0,2,83,0,85,134,0,134,219
05/07/2014,SWO,OK,ASW,CE,Federal Contract Tower,0,0,16,13,29,0,3,70,5,78,0,3,86,18,107,140,16,156,263
05/08/2014,SWO,OK,ASW,CE,Federal Contract Tower,0,0,10,0,10,0,5,50,2,57,0,5,60,2,67,56,4,60,127
05/09/2014,SWO,OK,ASW,CE,Federal Contract Tower,0,0,20,0,20,0,0,96,4,100,0,0,116,4,120,184,18,202,322
05/10/2014,SWO,OK,ASW,CE,Federal Contract Tower,0,0,15,5,20,0,0,50,4,54,0,0,65,9,74,42,22,64,138
05/11/2014,SWO,OK,ASW,CE,Federal Contract Tower,0,2,7,1,10,0,0,5,3,8,0,2,12,4,18,2,0,2,20
05/12/2014,SWO,OK,ASW,CE,Federal Contract Tower,0,0,8,0,8,0,2,24,0,26,0,2,32,0,34,66,0,66,100
05/13/2014,SWO,OK,ASW,CE,Federal Contract Tower,0,1,20,2,23,0,2,72,4,78,0,3,92,6,101,168,8,176,277
05/14/2014,SWO,OK,ASW,CE,Federal Contract Tower,0,0,8,4,12,0,0,81,4,85,0,0,89,8,97,148,22,170,267
05/15/2014,SWO,OK,ASW,CE,Federal Contract Tower,0,0,10,1,11,0,0,81,1,82,0,0,91,2,93,114,22,136,229
05/16/2014,SWO,OK,ASW,CE,Federal Contract Tower,0,0,11,5,16,0,2,67,1,70,0,2,78,6,86,116,10,126,212
05/17/2014,SWO,OK,ASW,CE,Federal Contract Tower,0,1,13,0,14,0,1,52,1,54,0,2,65,1,68,68,0,68,136
05/18/2014,SWO,OK,ASW,CE,Federal Contract Tower,0,3,5,0,8,0,0,22,0,22,0,3,27,0,30,50,0,50,80
05/19/2014,SWO,OK,ASW,CE,Federal Contract Tower,0,0,6,2,8,0,0,25,2,27,0,0,31,4,35,22,12,34,69
05/20/2014,SWO,OK,ASW,CE,Federal Contract Tower,0,0,8,3,11,0,4,17,4,25,0,4,25,7,36,32,18,50,86
05/21/2014,SWO,OK,ASW,CE,Federal Contract Tower,0,0,8,1,9,0,4,63,1,68,0,4,71,2,77,110,10,120,197
05/22/2014,SWO,OK,ASW,CE,Federal Contract Tower,0,0,6,3,9,0,2,64,5,71,0,2,70,8,80,162,8,170,250
05/23/2014,SWO,OK,ASW,CE,Federal Contract Tower,0,1,12,0,13,0,0,50,2,52,0,1,62,2,65,112,4,116,181
05/24/2014,SWO,OK,ASW,CE,Federal Contract Tower,0,0,9,0,9,0,5,8,1,14,0,5,17,1,23,12,3,15,38
05/25/2014,SWO,OK,ASW,CE,Federal Contract Tower,0,2,4,0,6,0,3,5,0,8,0,5,9,0,14,6,0,6,20
05/26/2014,SWO,OK,ASW,CE,Federal Contract Tower,0,2,0,0,2,0,0,5,0,5,0,2,5,0,7,24,0,24,31
05/27/2014,SWO,OK,ASW,CE,Federal Contract Tower,0,0,8,6,14,0,0,5,0,5,0,0,13,6,19,14,0,14,33
05/28/2014,SWO,OK,ASW,CE,Federal Contract Tower,0,0,16,0,16,0,4,43,0,47,0,4,59,0,63,110,0,110,173
05/29/2014,SWO,OK,ASW,CE,Federal Contract Tower,0,1,6,8,15,0,10,48,5,63,0,11,54,13,78,78,20,98,176
05/30/2014,SWO,OK,ASW,CE,Federal Contract Tower,0,0,6,1,7,0,2,25,1,28,0,2,31,2,35,54,2,56,91
05/31/2014,SWO,OK,ASW,CE,Federal Contract Tower,0,1,8,0,9,0,7,18,0,25,0,8,26,0,34,38,0,38,72
06/01/2014,SWO,OK,ASW,CE,Federal Contract Tower,0,0,8,0,8,0,3,12,0,15,0,3,20,0,23,16,0,16,39
06/02/2014,SWO,OK,ASW,CE,Federal Contract Tower,0,0,17,6,23,0,0,35,0,35,0,0,52,6,58,142,0,142,200
06/03/2014,SWO,OK,ASW,CE,Federal Contract Tower,0,0,13,0,13,0,3,61,0,64,0,3,74,0,77,126,0,126,203
06/04/2014,SWO,OK,ASW,CE,Federal Contract Tower,0,0,9,4,13,0,1,22,3,26,0,1,31,7,39,66,8,74,113
06/05/2014,SWO,OK,ASW,CE,Federal Contract Tower,0,0,9,2,11,0,2,11,0,13,0,2,20,2,24,40,0,40,64
06/06/2014,SWO,OK,ASW,CE,Federal Contract Tower,0,0,4,0,4,0,3,11,0,14,0,3,15,0,18,46,0,46,64
06/07/2014,SWO,OK,ASW,CE,Federal Contract Tower,0,0,4,2,6,0,0,8,0,8,0,0,12,2,14,6,8,14,28
06/08/2014,SWO,OK,ASW,CE,Federal Contract Tower,0,3,5,8,16,0,4,4,0,8,0,7,9,8,24,0,0,0,24
06/09/2014,SWO,OK,ASW,CE,Federal Contract Tower,0,1,10,0,11,0,4,13,0,17,0,5,23,0,28,40,0,40,68
06/10/2014,SWO,OK,ASW,CE,Federal Contract Tower,0,0,8,0,8,0,0,23,1,24,0,0,31,1,32,52,8,60,92
06/11/2014,SWO,OK,ASW,CE,Federal Contract Tower,0,1,15,5,21,0,2,81,2,85,0,3,96,7,106,144,0,144,250
06/12/2014,SWO,OK,ASW,CE,Federal Contract Tower,0,1,8,3,12,0,4,22,0,26,0,5,30,3,38,42,0,42,80
06/13/2014,SWO,OK,ASW,CE,Federal Contract Tower,0,0,7,6,13,0,1,56,2,59,0,1,63,8,72,102,12,114,186
06/14/2014,SWO,OK,ASW,CE,Federal Contract Tower,0,0,5,2,7,0,0,16,0,16,0,0,21,2,23,20,18,38,61
06/15/2014,SWO,OK,ASW,CE,Federal Contract Tower,0,2,6,0,8,0,1,9,1,11,0,3,15,1,19,16,8,24,43
06/16/2014,SWO,OK,ASW,CE,Federal Contract Tower,0,0,13,0,13,0,4,40,0,44,0,4,53,0,57,54,0,54,111
06/17/2014,SWO,OK,ASW,CE,Federal Contract Tower,0,0,14,4,18,0,1,39,1,41,0,1,53,5,59,68,4,72,131
06/18/2014,SWO,OK,ASW,CE,Federal Contract Tower,0,0,13,4,17,0,7,60,1,68,0,7,73,5,85,66,10,76,161
06/19/2014,SWO,OK,ASW,CE,Federal Contract Tower,0,0,10,3,13,0,0,33,1,34,0,0,43,4,47,102,18,120,167
06/20/2014,SWO,OK,ASW,CE,Federal Contract Tower,0,0,7,0,7,0,3,73,0,76,0,3,80,0,83,96,0,96,179
06/21/2014,SWO,OK,ASW,CE,Federal Contract Tower,0,0,14,5,19,0,2,28,6,36,0,2,42,11,55,40,22,62,117
06/22/2014,SWO,OK,ASW,CE,Federal Contract Tower,0,0,12,0,12,0,1,22,0,23,0,1,34,0,35,4,0,4,39
06/23/2014,SWO,OK,ASW,CE,Federal Contract Tower,0,0,1,2,3,0,0,26,0,26,0,0,27,2,29,60,0,60,89
06/24/2014,SWO,OK,ASW,CE,Federal Contract Tower,0,0,5,0,5,0,3,49,2,54,0,3,54,2,59,78,0,78,137
06/25/2014,SWO,OK,ASW,CE,Federal Contract Tower,0,0,2,1,3,0,2,32,2,36,0,2,34,3,39,58,8,66,105
06/26/2014,SWO,OK,ASW,CE,Federal Contract Tower,0,0,14,0,14,0,2,18,0,20,0,2,32,0,34,34,0,34,68
06/27/2014,SWO,OK,ASW,CE,Federal Contract Tower,0,0,10,8,18,0,9,32,0,41,0,9,42,8,59,20,16,36,95
06/28/2014,SWO,OK,ASW,CE,Federal Contract Tower,0,0,2,2,4,0,0,3,0,3,0,0,5,2,7,0,0,0,7
06/29/2014,SWO,OK,ASW,CE,Federal Contract Tower,0,2,4,0,6,0,0,13,0,13,0,2,17,0,19,4,0,4,23
06/30/2014,SWO,OK,ASW,CE,Federal Contract Tower,0,0,10,0,10,0,4,36,0,40,0,4,46,0,50,48,0,48,98
07/01/2014,SWO,OK,ASW,CE,Federal Contract Tower,0,0,4,4,8,0,2,37,2,41,0,2,41,6,49,100,2,102,151
07/02/2014,SWO,OK,ASW,CE,Federal Contract Tower,0,0,7,1,8,0,4,38,3,45,0,4,45,4,53,88,6,94,147
07/03/2014,SWO,OK,ASW,CE,Federal Contract Tower,0,0,19,0,19,0,5,47,3,55,0,5,66,3,74,84,12,96,170
07/04/2014,SWO,OK,ASW,CE,Federal Contract Tower,0,0,2,0,2,0,4,18,0,22,0,4,20,0,24,4,0,4,28
07/05/2014,SWO,OK,ASW,CE,Federal Contract Tower,0,3,5,0,8,0,2,12,0,14,0,5,17,0,22,0,0,0,22
07/06/2014,SWO,OK,ASW,CE,Federal Contract Tower,0,2,4,0,6,0,3,21,0,24,0,5,25,0,30,28,0,28,58
07/07/2014,SWO,OK,ASW,CE,Federal Contract Tower,0,0,11,0,11,0,2,40,0,42,0,2,51,0,53,30,0,30,83
07/08/2014,SWO,OK,ASW,CE,Federal Contract Tower,0,0,7,0,7,0,3,51,0,54,0,3,58,0,61,44,0,44,105
07/09/2014,SWO,OK,ASW,CE,Federal Contract Tower,0,0,19,3,22,0,3,51,1,55,0,3,70,4,77,82,6,88,165
07/10/2014,SWO,OK,ASW,CE,Federal Contract Tower,0,0,13,0,13,0,2,45,0,47,0,2,58,0,60,28,0,28,88
07/11/2014,SWO,OK,ASW,CE,Federal Contract Tower,0,0,7,1,8,0,1,44,4,49,0,1,51,5,57,48,12,60,117
07/12/2014,SWO,OK,ASW,CE,Federal Contract Tower,0,0,2,0,2,0,0,17,0,17,0,0,19,0,19,30,0,30,49
07/13/2014,SWO,OK,ASW,CE,Federal Contract Tower,0,0,5,3,8,0,0,25,2,27,0,0,30,5,35,15,6,21,56
07/14/2014,SWO,OK,ASW,CE,Federal Contract Tower,0,0,4,0,4,0,1,31,3,35,0,1,35,3,39,30,10,40,79
07/15/2014,SWO,OK,ASW,CE,Federal Contract Tower,0,0,2,2,4,0,4,35,0,39,0,4,37,2,43,74,0,74,117
07/16/2014,SWO,OK,ASW,CE,Federal Contract Tower,0,0,13,1,14,0,3,19,1,23,0,3,32,2,37,90,4,94,131
07/17/2014,SWO,OK,ASW,CE,Federal Contract Tower,0,0,6,0,6,0,0,0,0,0,0,0,6,0,6,0,0,0,6
07/18/2014,SWO,OK,ASW,CE,Federal Contract Tower,0,0,8,1,9,0,0,18,1,19,0,0,26,2,28,12,14,26,54
07/19/2014,SWO,OK,ASW,CE,Federal Contract Tower,0,0,16,0,16,0,2,56,0,58,0,2,72,0,74,18,0,18,92
07/20/2014,SWO,OK,ASW,CE,Federal Contract Tower,0,0,7,7,14,0,0,16,1,17,0,0,23,8,31,16,0,16,47
07/21/2014,SWO,OK,ASW,CE,Federal Contract Tower,0,0,4,9,13,0,5,43,3,51,0,5,47,12,64,92,0,92,156
07/22/2014,SWO,OK,ASW,CE,Federal Contract Tower,0,0,4,0,4,0,2,47,5,54,0,2,51,5,58,92,28,120,178
07/23/2014,SWO,OK,ASW,CE,Federal Contract Tower,0,0,3,4,7,0,3,44,6,53,0,3,47,10,60,98,12,110,170
07/24/2014,SWO,OK,ASW,CE,Federal Contract Tower,0,0,3,3,6,0,0,56,4,60,0,0,59,7,66,94,32,126,192
07/25/2014,SWO,OK,ASW,CE,Federal Contract Tower,0,0,4,0,4,0,0,39,0,39,0,0,43,0,43,44,0,44,87
07/26/2014,SWO,OK,ASW,CE,Federal Contract Tower,0,0,4,0,4,0,4,27,2,33,0,4,31,2,37,6,14,20,57
07/27/2014,SWO,OK,ASW,CE,Federal Contract Tower,0,0,4,1,5,0,5,25,5,35,0,5,29,6,40,34,8,42,82
07/28/2014,SWO,OK,ASW,CE,Federal Contract Tower,0,0,6,0,6,0,1,41,0,42,0,1,47,0,48,54,0,54,102
07/29/2014,SWO,OK,ASW,CE,Federal Contract Tower,0,0,11,5,16,0,10,57,4,71,0,10,68,9,87,14,42,56,143
07/30/2014,SWO,OK,ASW,CE,Federal Contract Tower,0,1,6,4,11,0,0,2,0,2,0,1,8,4,13,8,0,8,21
07/31/2014,SWO,OK,ASW,CE,Federal Contract Tower,0,0,14,1,15,0,0,9,0,9,0,0,23,1,24,18,0,18,42
08/01/2014,SWO,OK,ASW,CE,Federal Contract Tower,0,0,6,0,6,0,2,34,0,36,0,2,40,0,42,10,0,10,52
08/02/2014,SWO,OK,ASW,CE,Federal Contract Tower,0,0,7,1,8,0,2,35,1,38,0,2,42,2,46,42,0,42,88
08/03/2014,SWO,OK,ASW,CE,Federal Contract Tower,0,0,8,0,8,0,1,33,0,34,0,1,41,0,42,80,0,80,122
08/04/2014,SWO,OK,ASW,CE,Federal Contract Tower,0,0,7,1,8,0,0,44,3,47,0,0,51,4,55,40,6,46,101
08/05/2014,SWO,OK,ASW,CE,Federal Contract Tower,0,0,14,1,15,0,3,51,1,55,0,3,65,2,70,48,0,48,118
08/06/2014,SWO,OK,ASW,CE,Federal Contract Tower,0,0,14,1,15,0,2,68,2,72,0,2,82,3,87,88,0,88,175
08/07/2014,SWO,OK,ASW,CE,Federal Contract Tower,0,0,6,3,9,0,0,45,3,48,0,0,51,6,57,116,38,154,211
08/08/2014,SWO,OK,ASW,CE,Federal Contract Tower,0,0,3,6,9,0,32,0,0,32,0,32,3,6,41,64,0,64,105
08/09/2014,SWO,OK,ASW,CE,Federal Contract Tower,0,0,5,0,5,0,3,26,0,29,0,3,31,0,34,24,0,24,58
08/10/2014,SWO,OK,ASW,CE,Federal Contract Tower,0,0,7,0,7,0,0,23,0,23,0,0,30,0,30,28,0,28,58
08/11/2014,SWO,OK,ASW,CE,Federal Contract Tower,0,0,2,1,3,0,0,44,2,46,0,0,46,3,49,78,4,82,131
08/12/2014,SWO,OK,ASW,CE,Federal Contract Tower,0,0,16,0,16,0,0,57,1,58,0,0,73,1,74,78,0,78,152
08/13/2014,SWO,OK,ASW,CE,Federal Contract Tower,0,0,13,6,19,0,1,68,3,72,0,1,81,9,91,100,20,120,211
08/14/2014,SWO,OK,ASW,CE,Federal Contract Tower,0,0,9,0,9,0,0,61,0,61,0,0,70,0,70,94,0,94,164
08/15/2014,SWO,OK,ASW,CE,Federal Contract Tower,0,0,12,1,13,0,0,63,4,67,0,0,75,5,80,62,6,68,148
08/16/2014,SWO,OK,ASW,CE,Federal Contract Tower,0,0,12,0,12,0,0,20,0,20,0,0,32,0,32,40,0,40,72
08/17/2014,SWO,OK,ASW,CE,Federal Contract Tower,0,0,3,6,9,0,2,29,1,32,0,2,32,7,41,46,0,46,87
08/18/2014,SWO,OK,ASW,CE,Federal Contract Tower,0,0,2,0,2,0,2,21,0,23,0,2,23,0,25,34,0,34,59
08/19/2014,SWO,OK,ASW,CE,Federal Contract Tower,0,0,4,16,20,0,0,70,1,71,0,0,74,17,91,144,20,164,255
08/20/2014,SWO,OK,ASW,CE,Federal Contract Tower,0,0,6,1,7,0,0,47,1,48,0,0,53,2,55,82,12,94,149
08/21/2014,SWO,OK,ASW,CE,Federal Contract Tower,0,1,11,8,20,0,2,56,4,62,0,3,67,12,82,108,6,114,196
08/22/2014,SWO,OK,ASW,CE,Federal Contract Tower,0,0,14,10,24,0,0,54,7,61,0,0,68,17,85,120,24,144,229
08/23/2014,SWO,OK,ASW,CE,Federal Contract Tower,0,0,4,0,4,0,0,48,0,48,0,0,52,0,52,90,0,90,142
08/24/2014,SWO,OK,ASW,CE,Federal Contract Tower,0,0,3,1,4,0,4,21,3,28,0,4,24,4,32,22,0,22,54
08/25/2014,SWO,OK,ASW,CE,Federal Contract Tower,0,0,13,0,13,0,5,86,0,91,0,5,99,0,104,164,0,164,268
08/26/2014,SWO,OK,ASW,CE,Federal Contract Tower,0,0,12,3,15,0,6,89,4,99,0,6,101,7,114,172,0,172,286
08/27/2014,SWO,OK,ASW,CE,Federal Contract Tower,0,0,9,7,16,0,4,106,9,119,0,4,115,16,135,164,12,176,311
08/28/2014,SWO,OK,ASW,CE,Federal Contract Tower,0,0,13,1,14,0,1,100,2,103,0,1,113,3,117,148,0,148,265
08/29/2014,SWO,OK,ASW,CE,Federal Contract Tower,2,0,20,1,23,0,2,77,8,87,2,2,97,9,110,180,0,180,290
08/30/2014,SWO,OK,ASW,CE,Federal Contract Tower,0,0,2,0,2,0,6,18,2,26,0,6,20,2,28,20,6,26,54
08/31/2014,SWO,OK,ASW,CE,Federal Contract Tower,0,0,10,0,10,0,3,12,0,15,0,3,22,0,25,6,0,6,31
09/01/2014,SWO,OK,ASW,CE,Federal Contract Tower,0,0,4,0,4,0,0,17,0,17,0,0,21,0,21,26,0,26,47
09/02/2014,SWO,OK,ASW,CE,Federal Contract Tower,0,0,9,2,11,0,2,48,4,54,0,2,57,6,65,100,6,106,171
09/03/2014,SWO,OK,ASW,CE,Federal Contract Tower,0,0,12,5,17,0,6,119,2,127,0,6,131,7,144,182,0,182,326
09/04/2014,SWO,OK,ASW,CE,Federal Contract Tower,0,0,12,14,26,0,2,120,3,125,0,2,132,17,151,188,10,198,349
09/05/2014,SWO,OK,ASW,CE,Federal Contract Tower,0,0,8,2,10,0,2,82,0,84,0,2,90,2,94,102,0,102,196
09/06/2014,SWO,OK,ASW,CE,Federal Contract Tower,0,0,44,0,44,0,2,0,0,2,0,2,44,0,46,0,0,0,46
09/07/2014,SWO,OK,ASW,CE,Federal Contract Tower,0,0,7,0,7,0,4,51,0,55,0,4,58,0,62,82,0,82,144
09/08/2014,SWO,OK,ASW,CE,Federal Contract Tower,0,2,9,2,13,0,3,100,0,103,0,5,109,2,116,128,0,128,244
09/09/2014,SWO,OK,ASW,CE,Federal Contract Tower,0,0,12,1,13,0,0,107,6,113,0,0,119,7,126,154,20,174,300
09/10/2014,SWO,OK,ASW,CE,Federal Contract Tower,0,0,8,9,17,0,4,80,5,89,0,4,88,14,106,264,0,264,370
09/11/2014,SWO,OK,ASW,CE,Federal Contract Tower,0,0,26,2,28,0,2,46,0,48,0,2,72,2,76,108,0,108,184
09/12/2014,SWO,OK,ASW,CE,Federal Contract Tower,0,0,17,2,19,0,0,15,0,15,0,0,32,2,34,90,0,90,124
09/13/2014,SWO,OK,ASW,CE,Federal Contract Tower,1,0,52,0,53,0,1,50,0,51,1,1,102,0,104,116,0,116,220
09/14/2014,SWO,OK,ASW,CE,Federal Contract Tower,0,0,11,0,11,0,3,64,0,67,0,3,75,0,78,146,0,146,224
09/15/2014,SWO,OK,ASW,CE,Federal Contract Tower,0,0,10,11,21,0,3,105,2,110,0,3,115,13,131,208,4,212,343
09/16/2014,SWO,OK,ASW,CE,Federal Contract Tower,0,0,22,0,22,0,5,38,0,43,0,5,60,0,65,306,0,306,371
09/17/2014,SWO,OK,ASW,CE,Federal Contract Tower,0,0,12,10,22,0,1,117,4,122,0,1,129,14,144,176,42,218,362
09/18/2014,SWO,OK,ASW,CE,Federal Contract Tower,0,0,18,1,19,0,3,100,4,107,0,3,118,5,126,242,30,272,398
09/19/2014,SWO,OK,ASW,CE,Federal Contract Tower,0,1,17,1,19,0,2,59,2,63,0,3,76,3,82,164,0,164,246
09/20/2014,SWO,OK,ASW,CE,Federal Contract Tower,0,0,5,0,5,0,5,34,0,39,0,5,39,0,44,114,0,114,158
09/21/2014,SWO,OK,ASW,CE,Federal Contract Tower,0,2,7,0,9,0,5,32,0,37,0,7,39,0,46,132,0,132,178
09/22/2014,SWO,OK,ASW,CE,Federal Contract Tower,0,0,21,0,21,0,0,128,0,128,0,0,149,0,149,282,0,282,431
09/23/2014,SWO,OK,ASW,CE,Federal Contract Tower,0,0,23,6,29,0,2,112,3,117,0,2,135,9,146,184,8,192,338
09/24/2014,SWO,OK,ASW,CE,Federal Contract Tower,0,0,17,2,19,0,1,134,2,137,0,1,151,4,156,274,0,274,430
09/25/2014,SWO,OK,ASW,CE,Federal Contract Tower,1,20,45,3,69,0,4,134,5,143,1,24,179,8,212,194,26,220,432
09/26/2014,SWO,OK,ASW,CE,Federal Contract Tower,0,2,17,2,21,0,3,144,3,150,0,5,161,5,171,322,54,376,547
09/27/2014,SWO,OK,ASW,CE,Federal Contract Tower,0,0,7,0,7,0,4,107,0,111,0,4,114,0,118,216,0,216,334
09/28/2014,SWO,OK,ASW,CE,Federal Contract Tower,0,0,17,0,17,0,2,47,0,49,0,2,64,0,66,326,0,326,392
09/29/2014,SWO,OK,ASW,CE,Federal Contract Tower,0,0,18,0,18,0,0,123,0,123,0,0,141,0,141,286,0,286,427
09/30/2014,SWO,OK,ASW,CE,Federal Contract Tower,0,0,27,0,27,0,8,141,0,149,0,8,168,0,176,238,0,238,414
10/01/2014,SWO,OK,ASW,CE,Federal Contract Tower,0,0,21,4,25,0,4,104,0,108,0,4,125,4,133,304,0,304,437
10/02/2014,SWO,OK,ASW,CE,Federal Contract Tower,0,0,18,6,24,0,4,55,6,65,0,4,73,12,89,110,12,122,211
10/03/2014,SWO,OK,ASW,CE,Federal Contract Tower,0,0,31,1,32,0,0,89,1,90,0,0,120,2,122,128,0,128,250
10/04/2014,SWO,OK,ASW,CE,Federal Contract Tower,3,0,32,0,35,0,1,69,0,70,3,1,101,0,105,4,0,4,109
10/05/2014,SWO,OK,ASW,CE,Federal Contract Tower,0,0,19,0,19,0,0,73,0,73,0,0,92,0,92,238,0,238,330
10/06/2014,SWO,OK,ASW,CE,Federal Contract Tower,0,2,28,6,36,0,4,141,6,151,0,6,169,12,187,262,8,270,457
10/07/2014,SWO,OK,ASW,CE,Federal Contract Tower,0,0,23,9,32,0,4,130,4,138,0,4,153,13,170,268,10,278,448
10/08/2014,SWO,OK,ASW,CE,Federal Contract Tower,0,4,26,0,30,0,3,147,2,152,0,7,173,2,182,374,0,374,556
10/09/2014,SWO,OK,ASW,CE,Federal Contract Tower,0,0,17,0,17,0,1,101,0,102,0,1,118,0,119,306,0,306,425
10/10/2014,SWO,OK,ASW,CE,Federal Contract Tower,2,0,14,3,19,0,0,0,0,0,2,0,14,3,19,0,0,0,19
10/11/2014,SWO,OK,ASW,CE,Federal Contract Tower,0,0,9,0,9,0,0,17,0,17,0,0,26,0,26,58,0,58,84
10/12/2014,SWO,OK,ASW,CE,Federal Contract Tower,0,0,12,0,12,0,3,47,0,50,0,3,59,0,62,164,0,164,226
10/13/2014,SWO,OK,ASW,CE,Federal Contract Tower,0,0,5,0,5,0,0,10,0,10,0,0,15,0,15,44,0,44,59
10/14/2014,SWO,OK,ASW,CE,Federal Contract Tower,0,0,10,8,18,0,4,82,3,89,0,4,92,11,107,298,12,310,417
10/15/2014,SWO,OK,ASW,CE,Federal Contract Tower,0,0,11,11,22,0,2,138,5,145,0,2,149,16,167,286,0,286,453
10/16/2014,SWO,OK,ASW,CE,Federal Contract Tower,0,0,20,8,28,0,2,140,4,146,0,2,160,12,174,259,4,263,437
10/17/2014,SWO,OK,ASW,CE,Federal Contract Tower,1,1,33,7,42,0,2,133,0,135,1,3,166,7,177,256,14,270,447
10/18/2014,SWO,OK,ASW,CE,Federal Contract Tower,0,0,3,0,3,0,1,41,0,42,0,1,44,0,45,38,0,38,83
10/19/2014,SWO,OK,ASW,CE,Federal Contract Tower,0,0,16,0,16,0,0,40,0,40,0,0,56,0,56,58,0,58,114
10/20/2014,SWO,OK,ASW,CE,Federal Contract Tower,0,2,34,2,38,0,1,107,1,109,0,3,141,3,147,260,14,274,421
10/21/2014,SWO,OK,ASW,CE,Federal Contract Tower,0,0,18,6,24,0,2,101,2,105,0,2,119,8,129,192,30,222,351
10/22/2014,SWO,OK,ASW,CE,Federal Contract Tower,0,0,22,1,23,0,4,131,5,140,0,4,153,6,163,252,24,276,439
10/23/2014,SWO,OK,ASW,CE,Federal Contract Tower,0,0,28,5,33,0,1,83,2,86,0,1,111,7,119,188,4,192,311
10/24/2014,SWO,OK,ASW,CE,Federal Contract Tower,0,0,35,4,39,0,2,113,2,117,0,2,148,6,156,116,4,120,276
10/25/2014,SWO,OK,ASW,CE,Federal Contract Tower,2,0,45,1,48,0,0,65,0,65,2,0,110,1,113,8,0,8,121
10/26/2014,SWO,OK,ASW,CE,Federal Contract Tower,0,0,24,0,24,0,1,46,0,47,0,1,70,0,71,32,0,32,103
10/27/2014,SWO,OK,ASW,CE,Federal Contract Tower,0,0,27,9,36,0,3,142,5,150,0,3,169,14,186,182,24,206,392
10/28/2014,SWO,OK,ASW,CE,Federal Contract Tower,0,0,16,6,22,0,2,95,1,98,0,2,111,7,120,224,14,238,358
10/29/2014,SWO,OK,ASW,CE,Federal Contract Tower,0,0,32,0,32,0,6,118,3,127,0,6,150,3,159,215,0,215,374
10/30/2014,SWO,OK,ASW,CE,Federal Contract Tower,0,0,36,1,37,0,8,92,8,108,0,8,128,9,145,231,22,253,398
10/31/2014,SWO,OK,ASW,CE,Federal Contract Tower,2,0,29,1,32,0,6,76,1,83,2,6,105,2,115,160,4,164,279
11/01/2014,SWO,OK,ASW,CE,Federal Contract Tower,0,0,13,0,13,0,0,54,2,56,0,0,67,2,69,54,4,58,127
11/02/2014,SWO,OK,ASW,CE,Federal Contract Tower,0,0,6,0,6,0,3,12,0,15,0,3,18,0,21,16,0,16,37
11/03/2014,SWO,OK,ASW,CE,Federal Contract Tower,0,0,16,2,18,0,0,54,0,54,0,0,70,2,72,86,0,86,158
11/04/2014,SWO,OK,ASW,CE,Federal Contract Tower,0,0,17,1,18,0,2,66,1,69,0,2,83,2,87,140,0,140,227
11/05/2014,SWO,OK,ASW,CE,Federal Contract Tower,0,0,26,3,29,0,0,115,5,120,0,0,141,8,149,218,10,228,377
11/06/2014,SWO,OK,ASW,CE,Federal Contract Tower,0,0,36,1,37,0,3,135,0,138,0,3,171,1,175,224,0,224,399
11/07/2014,SWO,OK,ASW,CE,Federal Contract Tower,0,0,20,2,22,0,5,73,10,88,0,5,93,12,110,135,2,137,247
11/08/2014,SWO,OK,ASW,CE,Federal Contract Tower,0,0,9,0,9,0,2,38,0,40,0,2,47,0,49,62,0,62,111
11/09/2014,SWO,OK,ASW,CE,Federal Contract Tower,0,0,4,0,4,0,2,42,0,44,0,2,46,0,48,52,0,52,100
11/10/2014,SWO,OK,ASW,CE,Federal Contract Tower,0,0,14,2,16,0,0,36,0,36,0,0,50,2,52,46,0,46,98
11/11/2014,SWO,OK,ASW,CE,Federal Contract Tower,0,0,20,0,20,0,0,74,0,74,0,0,94,0,94,106,0,106,200
11/12/2014,SWO,OK,ASW,CE,Federal Contract Tower,0,0,25,5,30,0,2,81,3,86,0,2,106,8,116,82,12,94,210
11/13/2014,SWO,OK,ASW,CE,Federal Contract Tower,0,0,21,0,21,0,2,88,3,93,0,2,109,3,114,182,0,182,296
11/14/2014,SWO,OK,ASW,CE,Federal Contract Tower,0,0,39,0,39,0,0,109,0,109,0,0,148,0,148,230,0,230,378
11/15/2014,SWO,OK,ASW,CE,Federal Contract Tower,0,11,38,1,50,0,3,20,1,24,0,14,58,2,74,14,0,14,88
11/16/2014,SWO,OK,ASW,CE,Federal Contract Tower,0,1,3,0,4,0,1,2,0,3,0,2,5,0,7,0,0,0,7
11/17/2014,SWO,OK,ASW,CE,Federal Contract Tower,0,0,21,0,21,0,2,83,2,87,0,2,104,2,108,158,0,158,266
11/18/2014,SWO,OK,ASW,CE,Federal Contract Tower,0,0,25,6,31,0,5,85,3,93,0,5,110,9,124,128,38,166,290
11/19/2014,SWO,OK,ASW,CE,Federal Contract Tower,0,0,24,4,28,0,1,106,2,109,0,1,130,6,137,278,14,292,429
11/20/2014,SWO,OK,ASW,CE,Federal Contract Tower,0,0,21,2,23,0,2,102,2,106,0,2,123,4,129,238,0,238,367
11/21/2014,SWO,OK,ASW,CE,Federal Contract Tower,2,0,7,0,9,0,0,0,0,0,2,0,7,0,9,0,0,0,9
11/22/2014,SWO,OK,ASW,CE,Federal Contract Tower,0,0,2,0,2,0,2,5,0,7,0,2,7,0,9,26,0,26,35
11/23/2014,SWO,OK,ASW,CE,Federal Contract Tower,0,1,17,0,18,0,2,2,0,4,0,3,19,0,22,0,0,0,22
11/24/2014,SWO,OK,ASW,CE,Federal Contract Tower,0,1,20,0,21,0,3,93,0,96,0,4,113,0,117,138,0,138,255
11/25/2014,SWO,OK,ASW,CE,Federal Contract Tower,0,0,25,3,28,0,0,85,1,86,0,0,110,4,114,156,6,162,276
11/26/2014,SWO,OK,ASW,CE,Federal Contract Tower,0,0,7,1,8,0,0,41,1,42,0,0,48,2,50,38,0,38,88
11/27/2014,SWO,OK,ASW,CE,Federal Contract Tower,0,0,1,0,1,0,3,11,0,14,0,3,12,0,15,0,0,0,15
11/28/2014,SWO,OK,ASW,CE,Federal Contract Tower,0,0,6,0,6,0,0,22,0,22,0,0,28,0,28,10,0,10,38
11/29/2014,SWO,OK,ASW,CE,Federal Contract Tower,0,0,3,0,3,0,1,12,0,13,0,1,15,0,16,6,0,6,22
11/30/2014,SWO,OK,ASW,CE,Federal Contract Tower,0,0,9,0,9,0,8,28,0,36,0,8,37,0,45,20,0,20,65
12/01/2014,SWO,OK,ASW,CE,Federal Contract Tower,0,1,17,2,20,0,2,63,2,67,0,3,80,4,87,136,0,136,223
12/02/2014,SWO,OK,ASW,CE,Federal Contract Tower,0,0,24,1,25,0,2,114,2,118,0,2,138,3,143,154,12,166,309
12/03/2014,SWO,OK,ASW,CE,Federal Contract Tower,0,0,35,0,35,0,2,73,3,78,0,2,108,3,113,172,0,172,285
12/04/2014,SWO,OK,ASW,CE,Federal Contract Tower,0,0,7,2,9,0,0,0,0,0,0,0,7,2,9,0,0,0,9
12/05/2014,SWO,OK,ASW,CE,Federal Contract Tower,0,0,14,0,14,0,0,0,0,0,0,0,14,0,14,0,0,0,14
12/06/2014,SWO,OK,ASW,CE,Federal Contract Tower,0,0,6,0,6,0,0,0,0,0,0,0,6,0,6,0,0,0,6
12/07/2014,SWO,OK,ASW,CE,Federal Contract Tower,0,0,5,0,5,0,0,0,0,0,0,0,5,0,5,0,0,0,5
12/08/2014,SWO,OK,ASW,CE,Federal Contract Tower,0,0,25,0,25,0,2,83,0,85,0,2,108,0,110,142,0,142,252
12/09/2014,SWO,OK,ASW,CE,Federal Contract Tower,0,0,22,3,25,0,0,121,1,122,0,0,143,4,147,170,6,176,323
12/10/2014,SWO,OK,ASW,CE,Federal Contract Tower,0,0,24,6,30,0,2,104,2,108,0,2,128,8,138,166,4,170,308
12/11/2014,SWO,OK,ASW,CE,Federal Contract Tower,0,0,14,0,14,0,1,70,0,71,0,1,84,0,85,126,0,126,211
12/12/2014,SWO,OK,ASW,CE,Federal Contract Tower,0,0,10,0,10,0,0,0,0,0,0,0,10,0,10,0,0,0,10
12/13/2014,SWO,OK,ASW,CE,Federal Contract Tower,0,0,3,2,5,0,0,0,0,0,0,0,3,2,5,0,0,0,5
12/14/2014,SWO,OK,ASW,CE,Federal Contract Tower,0,0,0,2,2,0,2,1,0,3,0,2,1,2,5,0,0,0,5
12/15/2014,SWO,OK,ASW,CE,Federal Contract Tower,0,4,7,5,16,0,0,38,1,39,0,4,45,6,55,18,10,28,83
12/16/2014,SWO,OK,ASW,CE,Federal Contract Tower,0,0,12,7,19,0,0,83,1,84,0,0,95,8,103,120,8,128,231
12/17/2014,SWO,OK,ASW,CE,Federal Contract Tower,0,0,8,1,9,0,2,24,0,26,0,2,32,1,35,4,10,14,49
12/18/2014,SWO,OK,ASW,CE,Federal Contract Tower,0,0,5,0,5,0,0,0,0,0,0,0,5,0,5,0,0,0,5
12/19/2014,SWO,OK,ASW,CE,Federal Contract Tower,0,2,7,0,9,0,0,0,0,0,0,2,7,0,9,0,0,0,9
12/20/2014,SWO,OK,ASW,CE,Federal Contract Tower,2,1,4,0,7,0,2,4,0,6,2,3,8,0,13,56,0,56,69
12/21/2014,SWO,OK,ASW,CE,Federal Contract Tower,2,0,2,0,4,0,0,0,0,0,2,0,2,0,4,0,0,0,4
12/22/2014,SWO,OK,ASW,CE,Federal Contract Tower,0,0,3,10,13,0,0,13,2,15,0,0,16,12,28,0,4,4,32
12/23/2014,SWO,OK,ASW,CE,Federal Contract Tower,0,0,2,0,2,0,4,12,0,16,0,4,14,0,18,6,0,6,24
12/24/2014,SWO,OK,ASW,CE,Federal Contract Tower,0,0,2,0,2,0,2,9,0,11,0,2,11,0,13,0,0,0,13
12/25/2014,SWO,OK,ASW,CE,Federal Contract Tower,0,0,0,0,0,0,4,2,0,6,0,4,2,0,6,0,0,0,6
12/26/2014,SWO,OK,ASW,CE,Federal Contract Tower,0,0,7,0,7,0,0,6,0,6,0,0,13,0,13,0,0,0,13
12/27/2014,SWO,OK,ASW,CE,Federal Contract Tower,0,0,1,0,1,0,3,14,0,17,0,3,15,0,18,0,0,0,18
12/28/2014,SWO,OK,ASW,CE,Federal Contract Tower,0,0,7,0,7,0,0,31,0,31,0,0,38,0,38,16,0,16,54
12/29/2014,SWO,OK,ASW,CE,Federal Contract Tower,0,0,2,0,2,0,5,19,0,24,0,5,21,0,26,0,0,0,26
12/30/2014,SWO,OK,ASW,CE,Federal Contract Tower,0,0,2,0,2,0,2,2,0,4,0,2,4,0,6,0,0,0,6
12/31/2014,SWO,OK,ASW,CE,Federal Contract Tower,0,0,2,0,2,0,4,7,0,11,0,4,9,0,13,4,0,4,17
01/01/2015,SWO,OK,ASW,CE,Federal Contract Tower,0,0,0,0,0,0,0,0,0,0,0,0,0,0,0,0,0,0,0
01/02/2015,SWO,OK,ASW,CE,Federal Contract Tower,0,0,0,0,0,0,0,0,0,0,0,0,0,0,0,0,0,0,0
01/03/2015,SWO,OK,ASW,CE,Federal Contract Tower,0,0,8,0,8,0,0,0,0,0,0,0,8,0,8,0,0,0,8
01/04/2015,SWO,OK,ASW,CE,Federal Contract Tower,0,0,0,0,0,0,3,35,0,38,0,3,35,0,38,12,0,12,50
01/05/2015,SWO,OK,ASW,CE,Federal Contract Tower,2,0,5,11,18,0,6,19,1,26,2,6,24,12,44,26,0,26,70
01/06/2015,SWO,OK,ASW,CE,Federal Contract Tower,0,0,9,2,11,0,5,57,0,62,0,5,66,2,73,26,0,26,99
01/07/2015,SWO,OK,ASW,CE,Federal Contract Tower,0,0,1,1,2,0,0,4,5,9,0,0,5,6,11,2,0,2,13
01/08/2015,SWO,OK,ASW,CE,Federal Contract Tower,0,0,4,1,5,0,0,34,6,40,0,0,38,7,45,23,52,75,120
01/09/2015,SWO,OK,ASW,CE,Federal Contract Tower,0,2,9,3,14,0,0,37,1,38,0,2,46,4,52,18,0,18,70
01/10/2015,SWO,OK,ASW,CE,Federal Contract Tower,2,0,10,4,16,0,3,39,6,48,2,3,49,10,64,34,0,34,98
01/11/2015,SWO,OK,ASW,CE,Federal Contract Tower,0,0,2,2,4,0,0,0,0,0,0,0,2,2,4,0,0,0,4
01/12/2015,SWO,OK,ASW,CE,Federal Contract Tower,0,1,13,4,18,0,8,49,0,57,0,9,62,4,75,56,0,56,131
01/13/2015,SWO,OK,ASW,CE,Federal Contract Tower,0,0,21,7,28,0,4,89,3,96,0,4,110,10,124,92,16,108,232
01/14/2015,SWO,OK,ASW,CE,Federal Contract Tower,0,0,13,0,13,0,0,89,1,90,0,0,102,1,103,290,12,302,405
01/15/2015,SWO,OK,ASW,CE,Federal Contract Tower,0,0,15,0,15,0,0,66,1,67,0,0,81,1,82,110,18,128,210
01/16/2015,SWO,OK,ASW,CE,Federal Contract Tower,1,0,19,2,22,0,2,113,2,117,1,2,132,4,139,118,0,118,257
01/17/2015,SWO,OK,ASW,CE,Federal Contract Tower,1,0,12,3,16,0,5,56,1,62,1,5,68,4,78,24,0,24,102
01/18/2015,SWO,OK,ASW,CE,Federal Contract Tower,0,0,8,0,8,0,3,48,0,51,0,3,56,0,59,38,0,38,97
01/19/2015,SWO,OK,ASW,CE,Federal Contract Tower,0,0,2,0,2,0,4,60,0,64,0,4,62,0,66,24,0,24,90
01/20/2015,SWO,OK,ASW,CE,Federal Contract Tower,0,0,21,6,27,0,0,87,0,87,0,0,108,6,114,64,0,64,178
01/21/2015,SWO,OK,ASW,CE,Federal Contract Tower,0,0,19,0,19,0,3,87,2,92,0,3,106,2,111,160,2,162,273
01/22/2015,SWO,OK,ASW,CE,Federal Contract Tower,0,0,23,0,23,0,6,93,2,101,0,6,116,2,124,132,0,132,256
01/23/2015,SWO,OK,ASW,CE,Federal Contract Tower,0,0,18,0,18,0,1,117,3,121,0,1,135,3,139,174,0,174,313
01/24/2015,SWO,OK,ASW,CE,Federal Contract Tower,0,0,8,0,8,0,3,95,0,98,0,3,103,0,106,100,0,100,206
01/25/2015,SWO,OK,ASW,CE,Federal Contract Tower,0,0,2,4,6,0,3,15,0,18,0,3,17,4,24,18,0,18,42
01/26/2015,SWO,OK,ASW,CE,Federal Contract Tower,2,0,15,2,19,0,0,122,0,122,2,0,137,2,141,160,0,160,301
01/27/2015,SWO,OK,ASW,CE,Federal Contract Tower,0,0,26,0,26,0,2,110,0,112,0,2,136,0,138,170,0,170,308
01/28/2015,SWO,OK,ASW,CE,Federal Contract Tower,0,0,11,0,11,0,0,88,0,88,0,0,99,0,99,144,0,144,243
01/29/2015,SWO,OK,ASW,CE,Federal Contract Tower,0,0,21,0,21,0,14,64,0,78,0,14,85,0,99,116,0,116,215
01/30/2015,SWO,OK,ASW,CE,Federal Contract Tower,2,0,21,7,30,0,0,92,2,94,2,0,113,9,124,178,8,186,310
01/31/2015,SWO,OK,ASW,CE,Federal Contract Tower,0,0,4,0,4,0,0,0,0,0,0,0,4,0,4,0,0,0,4
02/01/2015,SWO,OK,ASW,CE,Federal Contract Tower,0,0,3,1,4,0,0,6,7,13,0,0,9,8,17,0,22,22,39
02/02/2015,SWO,OK,ASW,CE,Federal Contract Tower,0,0,27,1,28,0,0,97,3,100,0,0,124,4,128,138,20,158,286
02/03/2015,SWO,OK,ASW,CE,Federal Contract Tower,0,0,23,0,23,0,3,106,2,111,0,3,129,2,134,148,0,148,282
02/04/2015,SWO,OK,ASW,CE,Federal Contract Tower,0,0,5,9,14,1,0,27,0,28,1,0,32,9,42,40,20,60,102
02/05/2015,SWO,OK,ASW,CE,Federal Contract Tower,0,1,20,3,24,0,3,123,0,126,0,4,143,3,150,154,4,158,308
02/06/2015,SWO,OK,ASW,CE,Federal Contract Tower,0,0,26,0,26,0,2,106,4,112,0,2,132,4,138,174,14,188,326
02/07/2015,SWO,OK,ASW,CE,Federal Contract Tower,0,0,20,0,20,0,2,93,0,95,0,2,113,0,115,70,0,70,185
02/08/2015,SWO,OK,ASW,CE,Federal Contract Tower,0,3,3,0,6,0,5,37,0,42,0,8,40,0,48,44,0,44,92
02/09/2015,SWO,OK,ASW,CE,Federal Contract Tower,0,0,30,4,34,0,2,125,3,130,0,2,155,7,164,214,16,230,394
02/10/2015,SWO,OK,ASW,CE,Federal Contract Tower,0,0,21,3,24,0,2,108,2,112,0,2,129,5,136,104,0,104,240
02/11/2015,SWO,OK,ASW,CE,Federal Contract Tower,0,0,28,0,28,0,2,54,0,56,0,2,82,0,84,66,0,66,150
02/12/2015,SWO,OK,ASW,CE,Federal Contract Tower,0,0,2,14,16,0,0,73,1,74,0,0,75,15,90,58,0,58,148
02/13/2015,SWO,OK,ASW,CE,Federal Contract Tower,1,0,23,1,25,0,3,86,1,90,1,3,109,2,115,142,0,142,257
02/14/2015,SWO,OK,ASW,CE,Federal Contract Tower,0,0,13,0,13,0,2,86,0,88,0,2,99,0,101,256,0,256,357
02/15/2015,SWO,OK,ASW,CE,Federal Contract Tower,0,0,7,0,7,0,1,33,1,35,0,1,40,1,42,148,2,150,192
02/16/2015,SWO,OK,ASW,CE,Federal Contract Tower,0,0,2,0,2,0,4,2,0,6,0,4,4,0,8,0,0,0,8
02/17/2015,SWO,OK,ASW,CE,Federal Contract Tower,2,0,12,0,14,0,3,85,5,93,2,3,97,5,107,110,6,116,223
02/18/2015,SWO,OK,ASW,CE,Federal Contract Tower,0,0,26,6,32,0,6,68,0,74,0,6,94,6,106,190,0,190,296
02/19/2015,SWO,OK,ASW,CE,Federal Contract Tower,0,0,18,0,18,0,2,96,0,98,0,2,114,0,116,102,0,102,218
02/20/2015,SWO,OK,ASW,CE,Federal Contract Tower,2,0,26,2,30,0,0,9,0,9,2,0,35,2,39,60,0,60,99
02/21/2015,SWO,OK,ASW,CE,Federal Contract Tower,2,0,16,0,18,0,3,54,0,57,2,3,70,0,75,128,0,128,203
02/22/2015,SWO,OK,ASW,CE,Federal Contract Tower,0,0,1,0,1,0,0,1,0,1,0,0,2,0,2,0,0,0,2
02/23/2015,SWO,OK,ASW,CE,Federal Contract Tower,0,0,1,0,1,0,0,2,0,2,0,0,3,0,3,0,0,0,3
02/24/2015,SWO,OK,ASW,CE,Federal Contract Tower,0,0,27,0,27,0,1,98,0,99,0,1,125,0,126,156,0,156,282
02/25/2015,SWO,OK,ASW,CE,Federal Contract Tower,0,0,30,0,30,0,2,150,1,153,0,2,180,1,183,262,4,266,449
02/26/2015,SWO,OK,ASW,CE,Federal Contract Tower,0,0,18,7,25,0,6,64,2,72,0,6,82,9,97,100,14,114,211
02/27/2015,SWO,OK,ASW,CE,Federal Contract Tower,0,0,2,0,2,0,3,15,0,18,0,3,17,0,20,46,0,46,66
02/28/2015,SWO,OK,ASW,CE,Federal Contract Tower,0,0,0,0,0,0,0,0,0,0,0,0,0,0,0,0,0,0,0
03/01/2015,SWO,OK,ASW,CE,Federal Contract Tower,0,0,0,0,0,0,0,0,0,0,0,0,0,0,0,0,0,0,0
03/02/2015,SWO,OK,ASW,CE,Federal Contract Tower,0,0,0,4,4,0,10,4,0,14,0,10,4,4,18,6,0,6,24
03/03/2015,SWO,OK,ASW,CE,Federal Contract Tower,0,0,25,0,25,0,3,60,0,63,0,3,85,0,88,94,0,94,182
03/04/2015,SWO,OK,ASW,CE,Federal Contract Tower,0,0,0,0,0,0,0,0,0,0,0,0,0,0,0,0,0,0,0
03/05/2015,SWO,OK,ASW,CE,Federal Contract Tower,0,0,15,0,15,0,7,132,0,139,0,7,147,0,154,350,0,350,504
03/06/2015,SWO,OK,ASW,CE,Federal Contract Tower,0,0,23,0,23,0,6,115,4,125,0,6,138,4,148,220,0,220,368
03/07/2015,SWO,OK,ASW,CE,Federal Contract Tower,1,0,18,0,19,0,2,106,0,108,1,2,124,0,127,306,0,306,433
03/08/2015,SWO,OK,ASW,CE,Federal Contract Tower,0,0,4,0,4,0,0,76,0,76,0,0,80,0,80,330,0,330,410
03/09/2015,SWO,OK,ASW,CE,Federal Contract Tower,0,0,8,4,12,0,2,16,0,18,0,2,24,4,30,24,0,24,54
03/10/2015,SWO,OK,ASW,CE,Federal Contract Tower,0,0,23,0,23,0,0,89,4,93,0,0,112,4,116,136,0,136,252
03/11/2015,SWO,OK,ASW,CE,Federal Contract Tower,0,0,24,0,24,0,1,145,6,152,0,1,169,6,176,268,4,272,448
03/12/2015,SWO,OK,ASW,CE,Federal Contract Tower,0,0,21,1,22,0,4,113,8,125,0,4,134,9,147,246,8,254,401
03/13/2015,SWO,OK,ASW,CE,Federal Contract Tower,0,0,16,2,18,0,0,33,2,35,0,0,49,4,53,92,0,92,145
03/14/2015,SWO,OK,ASW,CE,Federal Contract Tower,0,0,10,0,10,0,0,39,0,39,0,0,49,0,49,28,0,28,77
03/15/2015,SWO,OK,ASW,CE,Federal Contract Tower,0,0,4,0,4,0,1,52,1,54,0,1,56,1,58,44,6,50,108
03/16/2015,SWO,OK,ASW,CE,Federal Contract Tower,0,2,5,8,15,0,3,58,1,62,0,5,63,9,77,44,10,54,131
03/17/2015,SWO,OK,ASW,CE,Federal Contract Tower,0,0,5,1,6,0,5,16,2,23,0,5,21,3,29,30,6,36,65
03/18/2015,SWO,OK,ASW,CE,Federal Contract Tower,0,0,12,0,12,0,0,0,0,0,0,0,12,0,12,0,0,0,12
03/19/2015,SWO,OK,ASW,CE,Federal Contract Tower,0,0,9,0,9,0,0,0,0,0,0,0,9,0,9,0,0,0,9
03/20/2015,SWO,OK,ASW,CE,Federal Contract Tower,0,0,12,2,14,0,0,43,1,44,0,0,55,3,58,40,28,68,126
03/21/2015,SWO,OK,ASW,CE,Federal Contract Tower,2,0,11,0,13,0,6,63,2,71,2,6,74,2,84,16,6,22,106
03/22/2015,SWO,OK,ASW,CE,Federal Contract Tower,0,0,6,0,6,0,0,49,0,49,0,0,55,0,55,102,0,102,157
03/23/2015,SWO,OK,ASW,CE,Federal Contract Tower,0,0,20,1,21,0,0,124,5,129,0,0,144,6,150,138,34,172,322
03/24/2015,SWO,OK,ASW,CE,Federal Contract Tower,0,0,14,1,15,0,0,66,1,67,0,0,80,2,82,88,8,96,178
03/25/2015,SWO,OK,ASW,CE,Federal Contract Tower,0,0,11,2,13,0,3,16,0,19,0,3,27,2,32,100,0,100,132
03/26/2015,SWO,OK,ASW,CE,Federal Contract Tower,0,0,21,0,21,0,1,129,2,132,0,1,150,2,153,164,0,164,317
03/27/2015,SWO,OK,ASW,CE,Federal Contract Tower,0,0,17,0,17,0,0,86,0,86,0,0,103,0,103,112,0,112,215
03/28/2015,SWO,OK,ASW,CE,Federal Contract Tower,0,0,17,2,19,0,2,95,0,97,0,2,112,2,116,138,0,138,254
03/29/2015,SWO,OK,ASW,CE,Federal Contract Tower,0,0,11,2,13,0,0,58,0,58,0,0,69,2,71,142,0,142,213
03/30/2015,SWO,OK,ASW,CE,Federal Contract Tower,0,0,13,0,13,0,1,97,0,98,0,1,110,0,111,204,0,204,315
03/31/2015,SWO,OK,ASW,CE,Federal Contract Tower,0,0,28,3,31,0,3,94,1,98,0,3,122,4,129,106,14,120,249
04/01/2015,SWO,OK,ASW,CE,Federal Contract Tower,0,0,25,4,29,0,4,87,1,92,0,4,112,5,121,158,0,158,279
04/02/2015,SWO,OK,ASW,CE,Federal Contract Tower,0,0,32,0,32,0,4,99,0,103,0,4,131,0,135,188,0,188,323
04/03/2015,SWO,OK,ASW,CE,Federal Contract Tower,0,0,16,0,16,0,2,44,3,49,0,2,60,3,65,30,10,40,105
04/04/2015,SWO,OK,ASW,CE,Federal Contract Tower,0,0,15,0,15,0,5,109,0,114,0,5,124,0,129,82,0,82,211
04/05/2015,SWO,OK,ASW,CE,Federal Contract Tower,0,0,8,0,8,0,1,3,0,4,0,1,11,0,12,0,0,0,12
04/06/2015,SWO,OK,ASW,CE,Federal Contract Tower,0,0,12,0,12,0,3,60,0,63,0,3,72,0,75,198,0,198,273
04/07/2015,SWO,OK,ASW,CE,Federal Contract Tower,0,0,22,3,25,0,3,85,6,94,0,3,107,9,119,170,8,178,297
04/08/2015,SWO,OK,ASW,CE,Federal Contract Tower,0,0,6,6,12,0,4,48,8,60,0,4,54,14,72,78,6,84,156
04/09/2015,SWO,OK,ASW,CE,Federal Contract Tower,0,0,19,3,22,0,3,52,1,56,0,3,71,4,78,116,0,116,194
04/10/2015,SWO,OK,ASW,CE,Federal Contract Tower,0,0,22,0,22,0,1,123,0,124,0,1,145,0,146,342,0,342,488
04/11/2015,SWO,OK,ASW,CE,Federal Contract Tower,0,0,19,0,19,0,4,33,0,37,0,4,52,0,56,70,0,70,126
04/12/2015,SWO,OK,ASW,CE,Federal Contract Tower,0,0,20,0,20,0,0,45,0,45,0,0,65,0,65,166,0,166,231
04/13/2015,SWO,OK,ASW,CE,Federal Contract Tower,0,0,21,0,21,0,0,33,0,33,0,0,54,0,54,102,0,102,156
04/14/2015,SWO,OK,ASW,CE,Federal Contract Tower,0,0,26,0,26,0,0,28,0,28,0,0,54,0,54,24,0,24,78
04/15/2015,SWO,OK,ASW,CE,Federal Contract Tower,0,0,33,0,33,0,10,70,1,81,0,10,103,1,114,136,0,136,250
04/16/2015,SWO,OK,ASW,CE,Federal Contract Tower,0,0,31,1,32,0,4,119,1,124,0,4,150,2,156,254,4,258,414
04/17/2015,SWO,OK,ASW,CE,Federal Contract Tower,0,0,13,0,13,0,3,42,0,45,0,3,55,0,58,66,0,66,124
04/18/2015,SWO,OK,ASW,CE,Federal Contract Tower,0,0,13,1,14,0,2,47,3,52,0,2,60,4,66,150,20,170,236
04/19/2015,SWO,OK,ASW,CE,Federal Contract Tower,0,0,12,3,15,0,2,35,0,37,0,2,47,3,52,124,8,132,184
04/20/2015,SWO,OK,ASW,CE,Federal Contract Tower,0,0,30,3,33,0,2,144,2,148,0,2,174,5,181,280,8,288,469
04/21/2015,SWO,OK,ASW,CE,Federal Contract Tower,0,0,27,5,32,0,2,114,6,122,0,2,141,11,154,152,10,162,316
04/22/2015,SWO,OK,ASW,CE,Federal Contract Tower,0,0,23,0,23,0,0,107,2,109,0,0,130,2,132,138,0,138,270
04/23/2015,SWO,OK,ASW,CE,Federal Contract Tower,0,0,29,0,29,0,4,31,0,35,0,4,60,0,64,130,0,130,194
04/24/2015,SWO,OK,ASW,CE,Federal Contract Tower,0,1,17,0,18,0,2,25,1,28,0,3,42,1,46,42,4,46,92
04/25/2015,SWO,OK,ASW,CE,Federal Contract Tower,0,0,18,0,18,0,4,180,3,187,0,4,198,3,205,102,0,102,307
04/26/2015,SWO,OK,ASW,CE,Federal Contract Tower,0,0,6,3,9,0,5,32,0,37,0,5,38,3,46,102,0,102,148
04/27/2015,SWO,OK,ASW,CE,Federal Contract Tower,0,0,9,0,9,0,1,18,0,19,0,1,27,0,28,52,0,52,80
04/28/2015,SWO,OK,ASW,CE,Federal Contract Tower,0,0,26,3,29,0,1,98,2,101,0,1,124,5,130,110,14,124,254
04/29/2015,SWO,OK,ASW,CE,Federal Contract Tower,0,0,32,0,32,0,0,178,2,180,0,0,210,2,212,218,0,218,430
04/30/2015,SWO,OK,ASW,CE,Federal Contract Tower,0,0,25,5,30,0,0,124,6,130,0,0,149,11,160,216,12,228,388
05/01/2015,SWO,OK,ASW,CE,Federal Contract Tower,0,0,17,2,19,0,3,136,2,141,0,3,153,4,160,306,0,306,466
05/02/2015,SWO,OK,ASW,CE,Federal Contract Tower,0,0,7,1,8,0,2,70,9,81,0,2,77,10,89,192,22,214,303
05/03/2015,SWO,OK,ASW,CE,Federal Contract Tower,0,0,7,6,13,0,0,35,3,38,0,0,42,9,51,54,46,100,151
05/04/2015,SWO,OK,ASW,CE,Federal Contract Tower,0,0,74,0,74,0,3,137,0,140,0,3,211,0,214,240,0,240,454
05/05/2015,SWO,OK,ASW,CE,Federal Contract Tower,0,0,12,0,12,0,0,49,0,49,0,0,61,0,61,82,0,82,143
05/06/2015,SWO,OK,ASW,CE,Federal Contract Tower,0,0,12,0,12,0,1,9,0,10,0,1,21,0,22,52,0,52,74
05/07/2015,SWO,OK,ASW,CE,Federal Contract Tower,0,0,17,1,18,0,4,55,0,59,0,4,72,1,77,60,0,60,137
05/08/2015,SWO,OK,ASW,CE,Federal Contract Tower,0,0,14,3,17,0,1,24,0,25,0,1,38,3,42,74,0,74,116
05/09/2015,SWO,OK,ASW,CE,Federal Contract Tower,0,0,9,0,9,0,0,1,0,1,0,0,10,0,10,0,0,0,10
05/10/2015,SWO,OK,ASW,CE,Federal Contract Tower,0,0,3,4,7,0,1,25,3,29,0,1,28,7,36,24,16,40,76
05/11/2015,SWO,OK,ASW,CE,Federal Contract Tower,0,0,27,3,30,0,0,114,2,116,0,0,141,5,146,94,12,106,252
05/12/2015,SWO,OK,ASW,CE,Federal Contract Tower,0,0,17,1,18,0,0,87,2,89,0,0,104,3,107,176,2,178,285
05/13/2015,SWO,OK,ASW,CE,Federal Contract Tower,0,0,7,0,7,0,0,2,0,2,0,0,9,0,9,0,0,0,9
05/14/2015,SWO,OK,ASW,CE,Federal Contract Tower,0,0,12,0,12,0,0,28,0,28,0,0,40,0,40,78,0,78,118
05/15/2015,SWO,OK,ASW,CE,Federal Contract Tower,0,0,11,0,11,0,0,44,4,48,0,0,55,4,59,100,2,102,161
05/16/2015,SWO,OK,ASW,CE,Federal Contract Tower,0,0,6,0,6,0,5,12,0,17,0,5,18,0,23,38,0,38,61
05/17/2015,SWO,OK,ASW,CE,Federal Contract Tower,0,0,13,0,13,0,1,55,2,58,0,1,68,2,71,68,8,76,147
05/18/2015,SWO,OK,ASW,CE,Federal Contract Tower,0,0,19,0,19,0,6,74,0,80,0,6,93,0,99,132,0,132,231
05/19/2015,SWO,OK,ASW,CE,Federal Contract Tower,0,0,11,2,13,0,0,29,0,29,0,0,40,2,42,112,0,112,154
05/20/2015,SWO,OK,ASW,CE,Federal Contract Tower,0,1,23,4,28,0,6,25,0,31,0,7,48,4,59,62,0,62,121
05/21/2015,SWO,OK,ASW,CE,Federal Contract Tower,0,0,33,6,39,0,2,108,6,116,0,2,141,12,155,156,16,172,327
05/22/2015,SWO,OK,ASW,CE,Federal Contract Tower,0,0,11,0,11,0,1,0,0,1,0,1,11,0,12,0,0,0,12
05/23/2015,SWO,OK,ASW,CE,Federal Contract Tower,0,0,2,0,2,0,0,0,0,0,0,0,2,0,2,0,0,0,2
05/24/2015,SWO,OK,ASW,CE,Federal Contract Tower,0,0,0,0,0,0,0,2,0,2,0,0,2,0,2,0,0,0,2
05/25/2015,SWO,OK,ASW,CE,Federal Contract Tower,0,0,5,0,5,0,2,0,0,2,0,2,5,0,7,0,0,0,7
05/26/2015,SWO,OK,ASW,CE,Federal Contract Tower,0,0,19,2,21,0,4,97,0,101,0,4,116,2,122,122,0,122,244
05/27/2015,SWO,OK,ASW,CE,Federal Contract Tower,0,0,28,5,33,0,3,88,9,100,0,3,116,14,133,112,6,118,251
05/28/2015,SWO,OK,ASW,CE,Federal Contract Tower,0,0,17,2,19,0,3,64,1,68,0,3,81,3,87,114,0,114,201
05/29/2015,SWO,OK,ASW,CE,Federal Contract Tower,0,0,28,3,31,0,3,46,2,51,0,3,74,5,82,60,0,60,142
05/30/2015,SWO,OK,ASW,CE,Federal Contract Tower,0,0,13,4,17,0,4,19,0,23,0,4,32,4,40,4,0,4,44
05/31/2015,SWO,OK,ASW,CE,Federal Contract Tower,0,0,25,0,25,0,5,42,1,48,0,5,67,1,73,80,10,90,163
06/01/2015,SWO,OK,ASW,CE,Federal Contract Tower,0,0,14,0,14,0,0,57,0,57,0,0,71,0,71,116,0,116,187
06/02/2015,SWO,OK,ASW,CE,Federal Contract Tower,0,0,18,0,18,0,4,79,5,88,0,4,97,5,106,168,16,184,290
06/03/2015,SWO,OK,ASW,CE,Federal Contract Tower,0,0,11,0,11,0,2,52,6,60,0,2,63,6,71,107,16,123,194
06/04/2015,SWO,OK,ASW,CE,Federal Contract Tower,0,0,14,3,17,0,1,55,7,63,0,1,69,10,80,146,16,162,242
06/05/2015,SWO,OK,ASW,CE,Federal Contract Tower,0,0,15,3,18,0,0,70,3,73,0,0,85,6,91,50,4,54,145
06/06/2015,SWO,OK,ASW,CE,Federal Contract Tower,0,0,9,0,9,0,3,44,2,49,0,3,53,2,58,36,0,36,94
06/07/2015,SWO,OK,ASW,CE,Federal Contract Tower,0,0,7,0,7,0,7,17,3,27,0,7,24,3,34,38,10,48,82
06/08/2015,SWO,OK,ASW,CE,Federal Contract Tower,0,0,15,4,19,0,2,77,0,79,0,2,92,4,98,138,2,140,238
06/09/2015,SWO,OK,ASW,CE,Federal Contract Tower,0,0,15,3,18,0,6,84,2,92,0,6,99,5,110,150,0,150,260
06/10/2015,SWO,OK,ASW,CE,Federal Contract Tower,0,0,17,0,17,0,4,70,0,74,0,4,87,0,91,90,0,90,181
06/11/2015,SWO,OK,ASW,CE,Federal Contract Tower,0,0,11,1,12,0,2,49,2,53,0,2,60,3,65,64,0,64,129
06/12/2015,SWO,OK,ASW,CE,Federal Contract Tower,0,0,11,3,14,0,0,23,2,25,0,0,34,5,39,10,8,18,57
06/13/2015,SWO,OK,ASW,CE,Federal Contract Tower,0,0,7,0,7,0,2,5,0,7,0,2,12,0,14,0,0,0,14
06/14/2015,SWO,OK,ASW,CE,Federal Contract Tower,0,0,13,0,13,0,2,17,0,19,0,2,30,0,32,34,0,34,66
06/15/2015,SWO,OK,ASW,CE,Federal Contract Tower,0,0,10,4,14,0,7,44,2,53,0,7,54,6,67,56,12,68,135
06/16/2015,SWO,OK,ASW,CE,Federal Contract Tower,0,0,23,0,23,0,0,37,0,37,0,0,60,0,60,24,0,24,84
06/17/2015,SWO,OK,ASW,CE,Federal Contract Tower,0,0,4,0,4,0,0,19,0,19,0,0,23,0,23,64,0,64,87
06/18/2015,SWO,OK,ASW,CE,Federal Contract Tower,0,0,9,4,13,0,0,16,0,16,0,0,25,4,29,26,0,26,55
06/19/2015,SWO,OK,ASW,CE,Federal Contract Tower,0,0,14,0,14,0,0,59,2,61,0,0,73,2,75,50,0,50,125
06/20/2015,SWO,OK,ASW,CE,Federal Contract Tower,0,0,13,0,13,0,3,27,0,30,0,3,40,0,43,40,0,40,83
06/21/2015,SWO,OK,ASW,CE,Federal Contract Tower,0,0,6,0,6,0,5,12,0,17,0,5,18,0,23,14,0,14,37
06/22/2015,SWO,OK,ASW,CE,Federal Contract Tower,0,0,14,0,14,0,8,47,0,55,0,8,61,0,69,70,0,70,139
06/23/2015,SWO,OK,ASW,CE,Federal Contract Tower,0,0,13,8,21,0,2,69,7,78,0,2,82,15,99,104,16,120,219
06/24/2015,SWO,OK,ASW,CE,Federal Contract Tower,0,0,15,5,20,0,0,64,4,68,0,0,79,9,88,78,44,122,210
06/25/2015,SWO,OK,ASW,CE,Federal Contract Tower,0,0,13,4,17,0,6,48,2,56,0,6,61,6,73,132,4,136,209
06/26/2015,SWO,OK,ASW,CE,Federal Contract Tower,0,0,13,2,15,0,5,45,2,52,0,5,58,4,67,82,0,82,149
06/27/2015,SWO,OK,ASW,CE,Federal Contract Tower,0,0,13,0,13,0,10,72,2,84,0,10,85,2,97,88,8,96,193
06/28/2015,SWO,OK,ASW,CE,Federal Contract Tower,0,0,3,0,3,0,5,23,0,28,0,5,26,0,31,46,0,46,77
06/29/2015,SWO,OK,ASW,CE,Federal Contract Tower,0,0,6,0,6,0,3,66,1,70,0,3,72,1,76,92,12,104,180
06/30/2015,SWO,OK,ASW,CE,Federal Contract Tower,0,0,10,2,12,0,0,79,4,83,0,0,89,6,95,152,0,152,247
07/01/2015,SWO,OK,ASW,CE,Federal Contract Tower,0,0,22,2,24,0,3,62,4,69,0,3,84,6,93,120,0,120,213
07/02/2015,SWO,OK,ASW,CE,Federal Contract Tower,0,0,7,0,7,0,2,62,0,64,0,2,69,0,71,130,0,130,201
07/03/2015,SWO,OK,ASW,CE,Federal Contract Tower,0,0,9,0,9,0,5,6,0,11,0,5,15,0,20,0,0,0,20
07/04/2015,SWO,OK,ASW,CE,Federal Contract Tower,0,0,1,0,1,0,2,7,0,9,0,2,8,0,10,20,0,20,30
07/05/2015,SWO,OK,ASW,CE,Federal Contract Tower,0,0,4,0,4,0,3,10,0,13,0,3,14,0,17,0,0,0,17
07/06/2015,SWO,OK,ASW,CE,Federal Contract Tower,0,0,13,0,13,0,2,40,0,42,0,2,53,0,55,106,0,106,161
07/07/2015,SWO,OK,ASW,CE,Federal Contract Tower,0,0,18,0,18,0,0,0,0,0,0,0,18,0,18,0,0,0,18
07/08/2015,SWO,OK,ASW,CE,Federal Contract Tower,0,1,18,1,20,0,0,3,1,4,0,1,21,2,24,0,0,0,24
07/09/2015,SWO,OK,ASW,CE,Federal Contract Tower,0,0,10,0,10,0,7,17,0,24,0,7,27,0,34,23,0,23,57
07/10/2015,SWO,OK,ASW,CE,Federal Contract Tower,0,0,13,2,15,0,0,87,2,89,0,0,100,4,104,134,0,134,238
07/11/2015,SWO,OK,ASW,CE,Federal Contract Tower,0,0,6,0,6,0,4,47,2,53,0,4,53,2,59,60,10,70,129
07/12/2015,SWO,OK,ASW,CE,Federal Contract Tower,0,0,6,0,6,0,2,48,3,53,0,2,54,3,59,62,22,84,143
07/13/2015,SWO,OK,ASW,CE,Federal Contract Tower,0,0,11,9,20,0,2,64,1,67,0,2,75,10,87,86,0,86,173
07/14/2015,SWO,OK,ASW,CE,Federal Contract Tower,0,0,5,2,7,0,1,59,4,64,0,1,64,6,71,110,12,122,193
07/15/2015,SWO,OK,ASW,CE,Federal Contract Tower,0,0,17,5,22,0,0,82,2,84,0,0,99,7,106,120,0,120,226
07/16/2015,SWO,OK,ASW,CE,Federal Contract Tower,0,0,20,3,23,0,5,67,3,75,0,5,87,6,98,132,12,144,242
07/17/2015,SWO,OK,ASW,CE,Federal Contract Tower,0,0,18,2,20,0,5,59,1,65,0,5,77,3,85,86,6,92,177
07/18/2015,SWO,OK,ASW,CE,Federal Contract Tower,0,0,4,0,4,0,3,23,0,26,0,3,27,0,30,16,0,16,46
07/19/2015,SWO,OK,ASW,CE,Federal Contract Tower,0,0,5,0,5,0,4,26,0,30,0,4,31,0,35,22,0,22,57
07/20/2015,SWO,OK,ASW,CE,Federal Contract Tower,0,0,10,5,15,0,3,38,0,41,0,3,48,5,56,98,0,98,154
07/21/2015,SWO,OK,ASW,CE,Federal Contract Tower,0,0,3,0,3,0,0,10,0,10,0,0,13,0,13,6,0,6,19
07/22/2015,SWO,OK,ASW,CE,Federal Contract Tower,0,0,13,0,13,0,1,36,0,37,0,1,49,0,50,76,0,76,126
07/23/2015,SWO,OK,ASW,CE,Federal Contract Tower,0,0,7,12,19,0,2,35,5,42,0,2,42,17,61,26,0,26,87
07/24/2015,SWO,OK,ASW,CE,Federal Contract Tower,0,0,8,7,15,0,1,38,6,45,0,1,46,13,60,20,10,30,90
07/25/2015,SWO,OK,ASW,CE,Federal Contract Tower,0,0,4,0,4,0,0,20,2,22,0,0,24,2,26,28,0,28,54
07/26/2015,SWO,OK,ASW,CE,Federal Contract Tower,0,0,5,0,5,0,0,28,0,28,0,0,33,0,33,20,0,20,53
07/27/2015,SWO,OK,ASW,CE,Federal Contract Tower,0,0,20,0,20,0,1,58,4,63,0,1,78,4,83,62,0,62,145
07/28/2015,SWO,OK,ASW,CE,Federal Contract Tower,0,0,6,3,9,0,2,65,3,70,0,2,71,6,79,76,30,106,185
07/29/2015,SWO,OK,ASW,CE,Federal Contract Tower,0,0,11,0,11,0,0,59,6,65,0,0,70,6,76,64,12,76,152
07/30/2015,SWO,OK,ASW,CE,Federal Contract Tower,0,0,7,3,10,0,2,24,3,29,0,2,31,6,39,48,6,54,93
07/31/2015,SWO,OK,ASW,CE,Federal Contract Tower,0,0,4,0,4,0,1,23,0,24,0,1,27,0,28,54,0,54,82
08/01/2015,SWO,OK,ASW,CE,Federal Contract Tower,0,0,7,0,7,0,0,30,0,30,0,0,37,0,37,44,0,44,81
08/02/2015,SWO,OK,ASW,CE,Federal Contract Tower,0,0,3,0,3,0,2,18,0,20,0,2,21,0,23,36,0,36,59
08/03/2015,SWO,OK,ASW,CE,Federal Contract Tower,0,0,11,0,11,0,0,56,0,56,0,0,67,0,67,114,0,114,181
08/04/2015,SWO,OK,ASW,CE,Federal Contract Tower,0,0,15,6,21,0,0,67,2,69,0,0,82,8,90,104,14,118,208
08/05/2015,SWO,OK,ASW,CE,Federal Contract Tower,0,0,13,0,13,0,0,45,3,48,0,0,58,3,61,74,0,74,135
08/06/2015,SWO,OK,ASW,CE,Federal Contract Tower,0,0,5,2,7,0,1,48,2,51,0,1,53,4,58,56,0,56,114
08/07/2015,SWO,OK,ASW,CE,Federal Contract Tower,0,0,14,1,15,0,5,72,3,80,0,5,86,4,95,64,0,64,159
08/08/2015,SWO,OK,ASW,CE,Federal Contract Tower,0,0,2,9,11,0,4,21,1,26,0,4,23,10,37,40,8,48,85
08/09/2015,SWO,OK,ASW,CE,Federal Contract Tower,0,0,9,0,9,0,1,21,2,24,0,1,30,2,33,22,10,32,65
08/10/2015,SWO,OK,ASW,CE,Federal Contract Tower,0,0,17,2,19,0,3,41,0,44,0,3,58,2,63,8,0,8,71
08/11/2015,SWO,OK,ASW,CE,Federal Contract Tower,0,0,12,2,14,0,0,50,3,53,0,0,62,5,67,62,0,62,129
08/12/2015,SWO,OK,ASW,CE,Federal Contract Tower,0,0,15,1,16,0,4,83,8,95,0,4,98,9,111,54,36,90,201
08/13/2015,SWO,OK,ASW,CE,Federal Contract Tower,0,0,9,3,12,0,2,66,0,68,0,2,75,3,80,58,0,58,138
08/14/2015,SWO,OK,ASW,CE,Federal Contract Tower,0,0,16,0,16,0,1,48,4,53,0,1,64,4,69,30,0,30,99
08/15/2015,SWO,OK,ASW,CE,Federal Contract Tower,0,0,2,0,2,0,4,38,0,42,0,4,40,0,44,44,0,44,88
08/16/2015,SWO,OK,ASW,CE,Federal Contract Tower,0,2,3,6,11,0,1,48,5,54,0,3,51,11,65,24,20,44,109
08/17/2015,SWO,OK,ASW,CE,Federal Contract Tower,0,2,24,6,32,0,3,87,1,91,0,5,111,7,123,82,10,92,215
08/18/2015,SWO,OK,ASW,CE,Federal Contract Tower,0,0,10,0,10,0,0,55,2,57,0,0,65,2,67,52,6,58,125
08/19/2015,SWO,OK,ASW,CE,Federal Contract Tower,0,0,24,6,30,0,0,56,7,63,0,0,80,13,93,76,18,94,187
08/20/2015,SWO,OK,ASW,CE,Federal Contract Tower,0,0,23,0,23,0,0,96,0,96,0,0,119,0,119,146,0,146,265
08/21/2015,SWO,OK,ASW,CE,Federal Contract Tower,0,0,33,2,35,0,0,29,0,29,0,0,62,2,64,50,0,50,114
08/22/2015,SWO,OK,ASW,CE,Federal Contract Tower,0,0,6,1,7,0,3,53,1,57,0,3,59,2,64,158,0,158,222
08/23/2015,SWO,OK,ASW,CE,Federal Contract Tower,0,0,20,1,21,0,0,39,1,40,0,0,59,2,61,172,10,182,243
08/24/2015,SWO,OK,ASW,CE,Federal Contract Tower,0,0,29,0,29,0,2,142,4,148,0,2,171,4,177,212,0,212,389
08/25/2015,SWO,OK,ASW,CE,Federal Contract Tower,0,0,13,0,13,0,10,112,0,122,0,10,125,0,135,212,0,212,347
08/26/2015,SWO,OK,ASW,CE,Federal Contract Tower,0,0,21,3,24,0,2,132,3,137,0,2,153,6,161,174,14,188,349
08/27/2015,SWO,OK,ASW,CE,Federal Contract Tower,0,0,24,1,25,0,6,90,0,96,0,6,114,1,121,152,0,152,273
08/28/2015,SWO,OK,ASW,CE,Federal Contract Tower,0,0,18,2,20,0,1,120,2,123,0,1,138,4,143,226,0,226,369
08/29/2015,SWO,OK,ASW,CE,Federal Contract Tower,0,0,9,0,9,0,3,75,0,78,0,3,84,0,87,310,0,310,397
08/30/2015,SWO,OK,ASW,CE,Federal Contract Tower,0,1,16,3,20,0,1,86,2,89,0,2,102,5,109,302,10,312,421
08/31/2015,SWO,OK,ASW,CE,Federal Contract Tower,0,0,9,1,10,0,5,102,1,108,0,5,111,2,118,138,4,142,260
09/01/2015,SWO,OK,ASW,CE,Federal Contract Tower,0,0,14,1,15,0,4,81,8,93,0,4,95,9,108,160,10,170,278
09/02/2015,SWO,OK,ASW,CE,Federal Contract Tower,2,0,14,0,16,0,4,117,3,124,2,4,131,3,140,218,6,224,364
09/03/2015,SWO,OK,ASW,CE,Federal Contract Tower,0,0,20,0,20,0,4,88,1,93,0,4,108,1,113,210,0,210,323
09/04/2015,SWO,OK,ASW,CE,Federal Contract Tower,0,0,17,0,17,0,2,105,0,107,0,2,122,0,124,168,0,168,292
09/05/2015,SWO,OK,ASW,CE,Federal Contract Tower,0,0,7,0,7,0,6,16,0,22,0,6,23,0,29,6,0,6,35
09/06/2015,SWO,OK,ASW,CE,Federal Contract Tower,0,0,2,0,2,0,3,24,0,27,0,3,26,0,29,26,0,26,55
09/07/2015,SWO,OK,ASW,CE,Federal Contract Tower,0,0,7,0,7,0,2,33,0,35,0,2,40,0,42,20,0,20,62
09/08/2015,SWO,OK,ASW,CE,Federal Contract Tower,0,0,11,0,11,0,0,85,3,88,0,0,96,3,99,148,0,148,247
09/09/2015,SWO,OK,ASW,CE,Federal Contract Tower,0,0,21,0,21,0,25,88,1,114,0,25,109,1,135,326,10,336,471
09/10/2015,SWO,OK,ASW,CE,Federal Contract Tower,0,0,23,2,25,0,3,144,0,147,0,3,167,2,172,286,0,286,458
09/11/2015,SWO,OK,ASW,CE,Federal Contract Tower,0,0,17,0,17,0,0,46,0,46,0,0,63,0,63,146,0,146,209
09/12/2015,SWO,OK,ASW,CE,Federal Contract Tower,0,0,25,0,25,0,2,96,0,98,0,2,121,0,123,258,0,258,381
09/13/2015,SWO,OK,ASW,CE,Federal Contract Tower,0,0,19,6,25,0,6,100,3,109,0,6,119,9,134,344,2,346,480
09/14/2015,SWO,OK,ASW,CE,Federal Contract Tower,0,0,19,3,22,0,2,53,1,56,0,2,72,4,78,62,0,62,140
09/15/2015,SWO,OK,ASW,CE,Federal Contract Tower,0,0,16,1,17,0,2,90,2,94,0,2,106,3,111,120,10,130,241
09/16/2015,SWO,OK,ASW,CE,Federal Contract Tower,0,0,10,2,12,0,0,79,5,84,0,0,89,7,96,152,34,186,282
09/17/2015,SWO,OK,ASW,CE,Federal Contract Tower,0,0,20,1,21,0,8,91,5,104,0,8,111,6,125,168,16,184,309
09/18/2015,SWO,OK,ASW,CE,Federal Contract Tower,0,0,22,0,22,0,3,71,0,74,0,3,93,0,96,142,0,142,238
09/19/2015,SWO,OK,ASW,CE,Federal Contract Tower,1,0,20,2,23,0,6,78,0,84,1,6,98,2,107,114,0,114,221
09/20/2015,SWO,OK,ASW,CE,Federal Contract Tower,0,0,4,0,4,0,3,3,0,6,0,3,7,0,10,8,0,8,18
09/21/2015,SWO,OK,ASW,CE,Federal Contract Tower,0,0,25,2,27,0,0,101,1,102,0,0,126,3,129,208,0,208,337
09/22/2015,SWO,OK,ASW,CE,Federal Contract Tower,0,0,15,0,15,0,0,130,2,132,0,0,145,2,147,246,0,246,393
09/23/2015,SWO,OK,ASW,CE,Federal Contract Tower,1,0,22,1,24,0,2,112,1,115,1,2,134,2,139,168,6,174,313
09/24/2015,SWO,OK,ASW,CE,Federal Contract Tower,0,0,22,1,23,0,1,127,4,132,0,1,149,5,155,262,12,274,429
09/25/2015,SWO,OK,ASW,CE,Federal Contract Tower,0,0,28,6,34,0,0,93,2,95,0,0,121,8,129,156,0,156,285
09/26/2015,SWO,OK,ASW,CE,Federal Contract Tower,0,0,7,0,7,0,4,100,0,104,0,4,107,0,111,74,0,74,185
09/27/2015,SWO,OK,ASW,CE,Federal Contract Tower,0,0,14,0,14,0,6,57,0,63,0,6,71,0,77,130,0,130,207
09/28/2015,SWO,OK,ASW,CE,Federal Contract Tower,0,0,20,0,20,0,0,93,0,93,0,0,113,0,113,220,0,220,333
09/29/2015,SWO,OK,ASW,CE,Federal Contract Tower,0,0,21,0,21,0,3,120,0,123,0,3,141,0,144,176,0,176,320
09/30/2015,SWO,OK,ASW,CE,Federal Contract Tower,0,0,19,0,19,0,0,66,0,66,0,0,85,0,85,244,0,244,329
10/01/2015,SWO,OK,ASW,CE,Federal Contract Tower,0,0,21,0,21,0,0,98,0,98,0,0,119,0,119,136,0,136,255
10/02/2015,SWO,OK,ASW,CE,Federal Contract Tower,0,0,32,0,32,0,4,116,0,120,0,4,148,0,152,262,0,262,414
10/03/2015,SWO,OK,ASW,CE,Federal Contract Tower,0,0,37,2,39,0,2,60,2,64,0,2,97,4,103,24,8,32,135
10/04/2015,SWO,OK,ASW,CE,Federal Contract Tower,0,0,15,0,15,0,0,55,0,55,0,0,70,0,70,186,0,186,256
10/05/2015,SWO,OK,ASW,CE,Federal Contract Tower,0,0,13,0,13,0,1,20,0,21,0,1,33,0,34,140,0,140,174
10/06/2015,SWO,OK,ASW,CE,Federal Contract Tower,0,0,14,0,14,0,0,98,0,98,0,0,112,0,112,246,0,246,358
10/07/2015,SWO,OK,ASW,CE,Federal Contract Tower,0,0,20,0,20,0,2,120,0,122,0,2,140,0,142,256,0,256,398
10/08/2015,SWO,OK,ASW,CE,Federal Contract Tower,0,0,12,6,18,0,3,101,1,105,0,3,113,7,123,162,4,166,289
10/09/2015,SWO,OK,ASW,CE,Federal Contract Tower,0,0,15,0,15,0,2,41,3,46,0,2,56,3,61,182,4,186,247
10/10/2015,SWO,OK,ASW,CE,Federal Contract Tower,0,0,9,0,9,0,7,69,0,76,0,7,78,0,85,124,0,124,209
10/11/2015,SWO,OK,ASW,CE,Federal Contract Tower,0,0,9,0,9,0,1,71,1,73,0,1,80,1,82,206,6,212,294
10/12/2015,SWO,OK,ASW,CE,Federal Contract Tower,0,0,16,0,16,0,4,72,2,78,0,4,88,2,94,228,0,228,322
10/13/2015,SWO,OK,ASW,CE,Federal Contract Tower,0,0,8,3,11,0,8,77,1,86,0,8,85,4,97,264,0,264,361
10/14/2015,SWO,OK,ASW,CE,Federal Contract Tower,0,0,14,1,15,0,0,110,4,114,0,0,124,5,129,278,4,282,411
10/15/2015,SWO,OK,ASW,CE,Federal Contract Tower,0,0,19,1,20,0,2,105,1,108,0,2,124,2,128,306,0,306,434
10/16/2015,SWO,OK,ASW,CE,Federal Contract Tower,0,0,24,3,27,0,1,85,13,99,0,1,109,16,126,114,0,114,240
10/17/2015,SWO,OK,ASW,CE,Federal Contract Tower,0,0,11,4,15,0,0,83,0,83,0,0,94,4,98,152,0,152,250
10/18/2015,SWO,OK,ASW,CE,Federal Contract Tower,0,0,16,3,19,0,2,72,0,74,0,2,88,3,93,98,8,106,199
10/19/2015,SWO,OK,ASW,CE,Federal Contract Tower,0,0,21,1,22,0,0,61,0,61,0,0,82,1,83,124,0,124,207
10/20/2015,SWO,OK,ASW,CE,Federal Contract Tower,0,0,25,0,25,0,3,93,4,100,0,3,118,4,125,161,10,171,296
10/21/2015,SWO,OK,ASW,CE,Federal Contract Tower,0,0,26,12,38,0,4,93,4,101,0,4,119,16,139,166,8,174,313
10/22/2015,SWO,OK,ASW,CE,Federal Contract Tower,0,0,18,2,20,0,0,37,2,39,0,0,55,4,59,64,22,86,145
10/23/2015,SWO,OK,ASW,CE,Federal Contract Tower,0,0,30,0,30,0,0,27,0,27,0,0,57,0,57,62,0,62,119
10/24/2015,SWO,OK,ASW,CE,Federal Contract Tower,0,0,33,0,33,0,34,45,7,86,0,34,78,7,119,8,6,14,133
10/25/2015,SWO,OK,ASW,CE,Federal Contract Tower,0,0,20,0,20,0,2,82,2,86,0,2,102,2,106,100,0,100,206
10/26/2015,SWO,OK,ASW,CE,Federal Contract Tower,0,0,19,15,34,0,0,113,2,115,0,0,132,17,149,178,18,196,345
10/27/2015,SWO,OK,ASW,CE,Federal Contract Tower,0,0,25,1,26,0,0,143,1,144,0,0,168,2,170,248,14,262,432
10/28/2015,SWO,OK,ASW,CE,Federal Contract Tower,0,0,23,9,32,0,5,122,5,132,0,5,145,14,164,220,26,246,410
10/29/2015,SWO,OK,ASW,CE,Federal Contract Tower,0,0,29,0,29,0,3,127,3,133,0,3,156,3,162,196,24,220,382
10/30/2015,SWO,OK,ASW,CE,Federal Contract Tower,0,0,14,0,14,0,0,7,0,7,0,0,21,0,21,4,0,4,25
10/31/2015,SWO,OK,ASW,CE,Federal Contract Tower,0,0,22,0,22,0,1,3,0,4,0,1,25,0,26,36,0,36,62
11/01/2015,SWO,OK,ASW,CE,Federal Contract Tower,0,0,12,0,12,0,1,54,0,55,0,1,66,0,67,112,0,112,179
11/02/2015,SWO,OK,ASW,CE,Federal Contract Tower,0,0,12,6,18,0,3,54,0,57,0,3,66,6,75,82,0,82,157
11/03/2015,SWO,OK,ASW,CE,Federal Contract Tower,0,0,28,0,28,0,0,89,3,92,0,0,117,3,120,172,8,180,300
11/04/2015,SWO,OK,ASW,CE,Federal Contract Tower,0,0,30,5,35,0,4,70,3,77,0,4,100,8,112,178,22,200,312
11/05/2015,SWO,OK,ASW,CE,Federal Contract Tower,0,0,15,0,15,0,2,55,0,57,0,2,70,0,72,120,0,120,192
11/06/2015,SWO,OK,ASW,CE,Federal Contract Tower,0,0,23,2,25,0,2,148,2,152,0,2,171,4,177,248,0,248,425
11/07/2015,SWO,OK,ASW,CE,Federal Contract Tower,0,0,75,0,75,0,4,77,0,81,0,4,152,0,156,46,0,46,202
11/08/2015,SWO,OK,ASW,CE,Federal Contract Tower,0,0,12,5,17,0,2,81,2,85,0,2,93,7,102,130,10,140,242
11/09/2015,SWO,OK,ASW,CE,Federal Contract Tower,1,0,15,0,16,0,3,84,0,87,1,3,99,0,103,162,0,162,265
11/10/2015,SWO,OK,ASW,CE,Federal Contract Tower,0,0,9,4,13,0,4,101,0,105,0,4,110,4,118,194,0,194,312
11/11/2015,SWO,OK,ASW,CE,Federal Contract Tower,0,0,3,0,3,0,2,10,0,12,0,2,13,0,15,0,0,0,15
11/12/2015,SWO,OK,ASW,CE,Federal Contract Tower,0,0,23,5,28,0,3,139,3,145,0,3,162,8,173,242,15,257,430
11/13/2015,SWO,OK,ASW,CE,Federal Contract Tower,0,0,40,2,42,0,2,151,1,154,0,2,191,3,196,256,0,256,452
11/14/2015,SWO,OK,ASW,CE,Federal Contract Tower,0,0,13,0,13,0,8,69,6,83,0,8,82,6,96,114,14,128,224
11/15/2015,SWO,OK,ASW,CE,Federal Contract Tower,0,0,12,3,15,0,2,28,3,33,0,2,40,6,48,108,6,114,162
11/16/2015,SWO,OK,ASW,CE,Federal Contract Tower,0,0,1,8,9,0,0,0,0,0,0,0,1,8,9,0,0,0,9
11/17/2015,SWO,OK,ASW,CE,Federal Contract Tower,0,0,16,2,18,0,0,56,5,61,0,0,72,7,79,88,10,98,177
11/18/2015,SWO,OK,ASW,CE,Federal Contract Tower,0,0,18,0,18,0,5,76,2,83,0,5,94,2,101,158,8,166,267
11/19/2015,SWO,OK,ASW,CE,Federal Contract Tower,0,0,8,2,10,0,2,88,4,94,0,2,96,6,104,156,6,162,266
11/20/2015,SWO,OK,ASW,CE,Federal Contract Tower,0,0,22,0,22,0,4,68,0,72,0,4,90,0,94,144,0,144,238
11/21/2015,SWO,OK,ASW,CE,Federal Contract Tower,0,0,56,0,56,0,0,48,0,48,0,0,104,0,104,10,0,10,114
11/22/2015,SWO,OK,ASW,CE,Federal Contract Tower,0,0,10,0,10,0,1,60,0,61,0,1,70,0,71,70,0,70,141
11/23/2015,SWO,OK,ASW,CE,Federal Contract Tower,0,0,17,0,17,0,1,78,0,79,0,1,95,0,96,142,0,142,238
11/24/2015,SWO,OK,ASW,CE,Federal Contract Tower,0,0,23,2,25,0,1,59,2,62,0,1,82,4,87,34,0,34,121
11/25/2015,SWO,OK,ASW,CE,Federal Contract Tower,0,0,13,1,14,0,2,9,0,11,0,2,22,1,25,8,2,10,35
11/26/2015,SWO,OK,ASW,CE,Federal Contract Tower,0,0,0,0,0,0,0,0,0,0,0,0,0,0,0,0,0,0,0
11/27/2015,SWO,OK,ASW,CE,Federal Contract Tower,0,0,0,0,0,0,0,0,0,0,0,0,0,0,0,0,0,0,0
11/28/2015,SWO,OK,ASW,CE,Federal Contract Tower,0,0,21,0,21,0,0,0,0,0,0,0,21,0,21,0,0,0,21
11/29/2015,SWO,OK,ASW,CE,Federal Contract Tower,0,0,9,0,9,0,0,0,0,0,0,0,9,0,9,0,0,0,9
11/30/2015,SWO,OK,ASW,CE,Federal Contract Tower,0,0,7,0,7,0,1,1,0,2,0,1,8,0,9,0,0,0,9
12/01/2015,SWO,OK,ASW,CE,Federal Contract Tower,0,0,12,0,12,0,1,80,1,82,0,1,92,1,94,190,2,192,286
12/02/2015,SWO,OK,ASW,CE,Federal Contract Tower,0,0,10,0,10,0,4,96,5,105,0,4,106,5,115,134,0,134,249
12/03/2015,SWO,OK,ASW,CE,Federal Contract Tower,0,1,21,2,24,0,0,105,2,107,0,1,126,4,131,184,0,184,315
12/04/2015,SWO,OK,ASW,CE,Federal Contract Tower,0,0,18,1,19,0,0,95,3,98,0,0,113,4,117,160,4,164,281
12/05/2015,SWO,OK,ASW,CE,Federal Contract Tower,0,0,3,0,3,0,0,54,0,54,0,0,57,0,57,121,0,121,178
12/06/2015,SWO,OK,ASW,CE,Federal Contract Tower,0,0,8,0,8,0,0,54,8,62,0,0,62,8,70,92,8,100,170
12/07/2015,SWO,OK,ASW,CE,Federal Contract Tower,0,0,13,0,13,0,0,67,5,72,0,0,80,5,85,94,18,112,197
12/08/2015,SWO,OK,ASW,CE,Federal Contract Tower,0,0,7,4,11,0,4,64,0,68,0,4,71,4,79,176,0,176,255
12/09/2015,SWO,OK,ASW,CE,Federal Contract Tower,0,0,9,4,13,0,1,89,3,93,0,1,98,7,106,238,10,248,354
12/10/2015,SWO,OK,ASW,CE,Federal Contract Tower,0,0,16,0,16,0,3,66,1,70,0,3,82,1,86,122,0,122,208
12/11/2015,SWO,OK,ASW,CE,Federal Contract Tower,0,0,17,5,22,0,0,85,10,95,0,0,102,15,117,148,12,160,277
12/12/2015,SWO,OK,ASW,CE,Federal Contract Tower,0,0,11,0,11,0,1,1,0,2,0,1,12,0,13,0,0,0,13
12/13/2015,SWO,OK,ASW,CE,Federal Contract Tower,1,0,8,0,9,0,1,0,0,1,1,1,8,0,10,0,0,0,10
12/14/2015,SWO,OK,ASW,CE,Federal Contract Tower,0,0,8,0,8,0,1,36,2,39,0,1,44,2,47,90,12,102,149
12/15/2015,SWO,OK,ASW,CE,Federal Contract Tower,0,0,12,2,14,0,0,66,2,68,0,0,78,4,82,94,2,96,178
12/16/2015,SWO,OK,ASW,CE,Federal Contract Tower,0,0,17,0,17,0,1,47,1,49,0,1,64,1,66,30,66,96,162
12/17/2015,SWO,OK,ASW,CE,Federal Contract Tower,0,0,9,4,13,0,1,23,4,28,0,1,32,8,41,26,0,26,67
12/18/2015,SWO,OK,ASW,CE,Federal Contract Tower,0,0,12,0,12,0,2,56,0,58,0,2,68,0,70,46,0,46,116
12/19/2015,SWO,OK,ASW,CE,Federal Contract Tower,0,0,0,0,0,0,3,31,0,34,0,3,31,0,34,39,0,39,73
12/20/2015,SWO,OK,ASW,CE,Federal Contract Tower,0,0,2,0,2,0,4,0,0,4,0,4,2,0,6,0,0,0,6
12/21/2015,SWO,OK,ASW,CE,Federal Contract Tower,0,0,10,2,12,0,2,20,5,27,0,2,30,7,39,16,2,18,57
12/22/2015,SWO,OK,ASW,CE,Federal Contract Tower,0,0,3,1,4,0,0,16,4,20,0,0,19,5,24,2,0,2,26
12/23/2015,SWO,OK,ASW,CE,Federal Contract Tower,0,0,5,0,5,0,0,11,0,11,0,0,16,0,16,6,0,6,22
12/24/2015,SWO,OK,ASW,CE,Federal Contract Tower,0,0,2,0,2,0,1,19,0,20,0,1,21,0,22,0,0,0,22
12/25/2015,SWO,OK,ASW,CE,Federal Contract Tower,0,0,0,0,0,0,4,9,0,13,0,4,9,0,13,0,0,0,13
12/26/2015,SWO,OK,ASW,CE,Federal Contract Tower,0,0,5,0,5,0,0,0,0,0,0,0,5,0,5,0,0,0,5
12/27/2015,SWO,OK,ASW,CE,Federal Contract Tower,0,0,0,0,0,0,0,0,0,0,0,0,0,0,0,0,0,0,0
12/28/2015,SWO,OK,ASW,CE,Federal Contract Tower,0,0,0,0,0,0,0,0,0,0,0,0,0,0,0,0,0,0,0
12/29/2015,SWO,OK,ASW,CE,Federal Contract Tower,0,0,6,0,6,0,3,1,0,4,0,3,7,0,10,0,0,0,10
12/30/2015,SWO,OK,ASW,CE,Federal Contract Tower,0,0,4,0,4,0,0,2,0,2,0,0,6,0,6,0,0,0,6
12/31/2015,SWO,OK,ASW,CE,Federal Contract Tower,0,0,2,0,2,0,4,3,0,7,0,4,5,0,9,0,0,0,9
01/01/2016,SWO,OK,ASW,CE,Federal Contract Tower,0,0,2,0,2,0,0,10,0,10,0,0,12,0,12,6,0,6,18
01/02/2016,SWO,OK,ASW,CE,Federal Contract Tower,0,0,10,0,10,0,0,44,0,44,0,0,54,0,54,34,0,34,88
01/03/2016,SWO,OK,ASW,CE,Federal Contract Tower,0,0,1,0,1,0,6,34,0,40,0,6,35,0,41,44,0,44,85
01/04/2016,SWO,OK,ASW,CE,Federal Contract Tower,2,0,7,1,10,0,0,29,0,29,2,0,36,1,39,58,10,68,107
01/05/2016,SWO,OK,ASW,CE,Federal Contract Tower,0,0,11,6,17,0,0,33,9,42,0,0,44,15,59,46,60,106,165
01/06/2016,SWO,OK,ASW,CE,Federal Contract Tower,0,0,19,4,23,0,2,4,0,6,0,2,23,4,29,30,0,30,59
01/07/2016,SWO,OK,ASW,CE,Federal Contract Tower,0,0,11,0,11,0,1,5,0,6,0,1,16,0,17,18,0,18,35
01/08/2016,SWO,OK,ASW,CE,Federal Contract Tower,0,4,11,7,22,0,1,13,0,14,0,5,24,7,36,34,0,34,70
01/09/2016,SWO,OK,ASW,CE,Federal Contract Tower,0,0,9,0,9,0,0,11,0,11,0,0,20,0,20,30,0,30,50
01/10/2016,SWO,OK,ASW,CE,Federal Contract Tower,0,0,7,0,7,0,2,65,0,67,0,2,72,0,74,94,0,94,168
01/11/2016,SWO,OK,ASW,CE,Federal Contract Tower,0,1,15,2,18,0,6,95,3,104,0,7,110,5,122,192,2,194,316
01/12/2016,SWO,OK,ASW,CE,Federal Contract Tower,0,0,25,2,27,0,5,107,2,114,0,5,132,4,141,168,4,172,313
01/13/2016,SWO,OK,ASW,CE,Federal Contract Tower,0,0,19,6,25,0,1,123,9,133,0,1,142,15,158,249,2,251,409
01/14/2016,SWO,OK,ASW,CE,Federal Contract Tower,0,0,13,1,14,0,3,102,2,107,0,3,115,3,121,168,2,170,291
01/15/2016,SWO,OK,ASW,CE,Federal Contract Tower,0,0,23,0,23,0,2,101,0,103,0,2,124,0,126,198,0,198,324
01/16/2016,SWO,OK,ASW,CE,Federal Contract Tower,0,0,6,0,6,0,0,74,0,74,0,0,80,0,80,258,0,258,338
01/17/2016,SWO,OK,ASW,CE,Federal Contract Tower,0,0,4,0,4,0,4,33,0,37,0,4,37,0,41,90,0,90,131
01/18/2016,SWO,OK,ASW,CE,Federal Contract Tower,0,0,7,0,7,0,0,19,0,19,0,0,26,0,26,24,0,24,50
01/19/2016,SWO,OK,ASW,CE,Federal Contract Tower,0,0,16,0,16,0,3,3,0,6,0,3,19,0,22,26,0,26,48
01/20/2016,SWO,OK,ASW,CE,Federal Contract Tower,0,0,3,0,3,0,0,0,0,0,0,0,3,0,3,0,0,0,3
01/22/2016,SWO,OK,ASW,CE,Federal Contract Tower,0,0,9,2,11,0,0,21,2,23,0,0,30,4,34,172,0,172,206
01/23/2016,SWO,OK,ASW,CE,Federal Contract Tower,0,0,5,2,7,0,0,62,0,62,0,0,67,2,69,122,0,122,191
01/24/2016,SWO,OK,ASW,CE,Federal Contract Tower,0,0,10,2,12,0,2,72,0,74,0,2,82,2,86,128,6,134,220
01/25/2016,SWO,OK,ASW,CE,Federal Contract Tower,0,0,14,0,14,0,0,47,0,47,0,0,61,0,61,98,0,98,159
01/26/2016,SWO,OK,ASW,CE,Federal Contract Tower,0,0,22,11,33,0,1,127,3,131,0,1,149,14,164,140,2,142,306
01/27/2016,SWO,OK,ASW,CE,Federal Contract Tower,0,1,15,2,18,0,6,145,16,167,0,7,160,18,185,186,8,194,379
01/28/2016,SWO,OK,ASW,CE,Federal Contract Tower,0,0,27,3,30,0,3,106,2,111,0,3,133,5,141,178,4,182,323
01/29/2016,SWO,OK,ASW,CE,Federal Contract Tower,0,0,12,0,12,0,2,92,0,94,0,2,104,0,106,0,126,126,232
01/30/2016,SWO,OK,ASW,CE,Federal Contract Tower,0,0,11,4,15,0,1,87,2,90,0,1,98,6,105,108,0,108,213
01/31/2016,SWO,OK,ASW,CE,Federal Contract Tower,0,0,11,0,11,0,0,51,2,53,0,0,62,2,64,72,0,72,136
02/01/2016,SWO,OK,ASW,CE,Federal Contract Tower,0,0,15,8,23,0,3,87,3,93,0,3,102,11,116,84,28,112,228
02/03/2016,SWO,OK,ASW,CE,Federal Contract Tower,0,0,18,4,22,0,3,100,4,107,0,3,118,8,129,199,4,203,332
02/04/2016,SWO,OK,ASW,CE,Federal Contract Tower,0,0,19,2,21,0,2,98,1,101,0,2,117,3,122,102,2,104,226
02/05/2016,SWO,OK,ASW,CE,Federal Contract Tower,0,0,16,6,22,0,0,119,2,121,0,0,135,8,143,214,20,234,377
02/06/2016,SWO,OK,ASW,CE,Federal Contract Tower,0,0,17,0,17,0,2,108,0,110,0,2,125,0,127,110,0,110,237
02/07/2016,SWO,OK,ASW,CE,Federal Contract Tower,2,0,11,0,13,0,0,48,0,48,2,0,59,0,61,74,0,74,135
02/08/2016,SWO,OK,ASW,CE,Federal Contract Tower,0,0,13,0,13,0,0,26,2,28,0,0,39,2,41,14,4,18,59
02/09/2016,SWO,OK,ASW,CE,Federal Contract Tower,2,0,17,2,21,0,4,74,1,79,2,4,91,3,100,84,2,86,186
02/10/2016,SWO,OK,ASW,CE,Federal Contract Tower,0,0,22,1,23,0,3,121,2,126,0,3,143,3,149,200,0,200,349
02/11/2016,SWO,OK,ASW,CE,Federal Contract Tower,0,0,30,2,32,0,0,136,0,136,0,0,166,2,168,176,2,178,346
02/12/2016,SWO,OK,ASW,CE,Federal Contract Tower,0,0,8,12,20,0,1,92,7,100,0,1,100,19,120,160,20,180,300
02/13/2016,SWO,OK,ASW,CE,Federal Contract Tower,0,0,11,0,11,0,0,66,0,66,0,0,77,0,77,264,0,264,341
02/14/2016,SWO,OK,ASW,CE,Federal Contract Tower,0,0,10,0,10,0,2,46,0,48,0,2,56,0,58,90,0,90,148
02/15/2016,SWO,OK,ASW,CE,Federal Contract Tower,0,0,20,0,20,0,2,92,0,94,0,2,112,0,114,184,0,184,298
02/16/2016,SWO,OK,ASW,CE,Federal Contract Tower,2,0,11,0,13,0,4,69,2,75,2,4,80,2,88,136,16,152,240
02/17/2016,SWO,OK,ASW,CE,Federal Contract Tower,0,0,26,1,27,0,1,88,11,100,0,1,114,12,127,158,8,166,293
02/18/2016,SWO,OK,ASW,CE,Federal Contract Tower,0,0,7,0,7,0,0,19,4,23,0,0,26,4,30,20,0,20,50
02/19/2016,SWO,OK,ASW,CE,Federal Contract Tower,0,0,19,1,20,0,1,133,2,136,0,1,152,3,156,288,2,290,446
02/20/2016,SWO,OK,ASW,CE,Federal Contract Tower,0,0,13,0,13,0,0,88,0,88,0,0,101,0,101,290,0,290,391
02/21/2016,SWO,OK,ASW,CE,Federal Contract Tower,0,0,9,1,10,0,4,58,3,65,0,4,67,4,75,148,16,164,239
02/22/2016,SWO,OK,ASW,CE,Federal Contract Tower,0,0,14,0,14,0,8,127,2,137,0,8,141,2,151,306,0,306,457
02/23/2016,SWO,OK,ASW,CE,Federal Contract Tower,0,0,4,4,8,0,0,13,0,13,0,0,17,4,21,55,0,55,76
02/24/2016,SWO,OK,ASW,CE,Federal Contract Tower,0,0,23,4,27,0,3,117,2,122,0,3,140,6,149,196,0,196,345
02/25/2016,SWO,OK,ASW,CE,Federal Contract Tower,0,0,22,3,25,0,3,93,6,102,0,3,115,9,127,108,14,122,249
02/26/2016,SWO,OK,ASW,CE,Federal Contract Tower,0,0,24,14,38,0,5,144,4,153,0,5,168,18,191,242,4,246,437
02/27/2016,SWO,OK,ASW,CE,Federal Contract Tower,0,0,7,4,11,0,0,80,1,81,0,0,87,5,92,138,34,172,264
02/28/2016,SWO,OK,ASW,CE,Federal Contract Tower,0,1,13,3,17,0,6,52,4,62,0,7,65,7,79,48,12,60,139
02/29/2016,SWO,OK,ASW,CE,Federal Contract Tower,0,0,7,0,7,0,5,67,1,73,0,5,74,1,80,146,0,146,226
03/01/2016,SWO,OK,ASW,CE,Federal Contract Tower,0,0,22,3,25,0,3,105,2,110,0,3,127,5,135,168,4,172,307
03/02/2016,SWO,OK,ASW,CE,Federal Contract Tower,0,0,14,0,14,0,2,65,1,68,0,2,79,1,82,68,8,76,158
03/03/2016,SWO,OK,ASW,CE,Federal Contract Tower,0,0,19,4,23,0,0,67,0,67,0,0,86,4,90,104,4,108,198
03/04/2016,SWO,OK,ASW,CE,Federal Contract Tower,0,0,19,0,19,0,2,118,0,120,0,2,137,0,139,244,0,244,383
03/05/2016,SWO,OK,ASW,CE,Federal Contract Tower,0,0,6,0,6,0,0,103,0,103,0,0,109,0,109,302,0,302,411
03/06/2016,SWO,OK,ASW,CE,Federal Contract Tower,0,0,9,0,9,0,4,13,0,17,0,4,22,0,26,28,0,28,54
03/07/2016,SWO,OK,ASW,CE,Federal Contract Tower,0,0,6,16,22,0,0,5,0,5,0,0,11,16,27,28,4,32,59
03/08/2016,SWO,OK,ASW,CE,Federal Contract Tower,0,0,0,0,0,0,4,0,0,4,0,4,0,0,4,0,0,0,4
03/09/2016,SWO,OK,ASW,CE,Federal Contract Tower,0,0,12,5,17,0,2,0,0,2,0,2,12,5,19,0,0,0,19
03/10/2016,SWO,OK,ASW,CE,Federal Contract Tower,0,0,29,3,32,0,1,111,5,117,0,1,140,8,149,171,14,185,334
03/11/2016,SWO,OK,ASW,CE,Federal Contract Tower,0,0,26,1,27,0,0,84,1,85,0,0,110,2,112,126,12,138,250
03/12/2016,SWO,OK,ASW,CE,Federal Contract Tower,0,0,5,0,5,0,0,2,0,2,0,0,7,0,7,10,0,10,17
03/13/2016,SWO,OK,ASW,CE,Federal Contract Tower,0,0,5,0,5,0,1,4,0,5,0,1,9,0,10,0,0,0,10
03/14/2016,SWO,OK,ASW,CE,Federal Contract Tower,0,1,19,12,32,0,0,70,6,76,0,1,89,18,108,64,8,72,180
03/15/2016,SWO,OK,ASW,CE,Federal Contract Tower,0,0,7,1,8,0,1,42,1,44,0,1,49,2,52,18,0,18,70
03/16/2016,SWO,OK,ASW,CE,Federal Contract Tower,0,0,12,1,13,0,2,81,4,87,0,2,93,5,100,110,14,124,224
03/17/2016,SWO,OK,ASW,CE,Federal Contract Tower,0,0,9,0,9,0,0,58,0,58,0,0,67,0,67,86,0,86,153
03/18/2016,SWO,OK,ASW,CE,Federal Contract Tower,0,0,6,3,9,0,2,15,0,17,0,2,21,3,26,4,0,4,30
03/19/2016,SWO,OK,ASW,CE,Federal Contract Tower,2,0,6,0,8,0,2,58,2,62,2,2,64,2,70,16,0,16,86
03/20/2016,SWO,OK,ASW,CE,Federal Contract Tower,0,0,9,0,9,0,0,50,0,50,0,0,59,0,59,80,0,80,139
03/21/2016,SWO,OK,ASW,CE,Federal Contract Tower,0,0,23,5,28,0,0,91,3,94,0,0,114,8,122,168,8,176,298
03/22/2016,SWO,OK,ASW,CE,Federal Contract Tower,0,0,7,8,15,0,0,40,5,45,0,0,47,13,60,64,0,64,124
03/23/2016,SWO,OK,ASW,CE,Federal Contract Tower,0,0,6,0,6,0,0,26,2,28,0,0,32,2,34,30,0,30,64
03/24/2016,SWO,OK,ASW,CE,Federal Contract Tower,0,0,20,6,26,0,0,119,0,119,0,0,139,6,145,188,0,188,333
03/25/2016,SWO,OK,ASW,CE,Federal Contract Tower,0,0,25,0,25,0,1,149,2,152,0,1,174,2,177,250,0,250,427
03/26/2016,SWO,OK,ASW,CE,Federal Contract Tower,0,0,6,0,6,0,5,73,0,78,0,5,79,0,84,122,0,122,206
03/27/2016,SWO,OK,ASW,CE,Federal Contract Tower,0,0,7,0,7,0,4,35,2,41,0,4,42,2,48,110,0,110,158
03/28/2016,SWO,OK,ASW,CE,Federal Contract Tower,0,0,30,5,35,0,1,134,2,137,0,1,164,7,172,248,10,258,430
03/29/2016,SWO,OK,ASW,CE,Federal Contract Tower,0,0,25,0,25,0,1,89,3,93,0,1,114,3,118,88,4,92,210
03/30/2016,SWO,OK,ASW,CE,Federal Contract Tower,0,0,16,4,20,0,2,10,0,12,0,2,26,4,32,10,0,10,42
03/31/2016,SWO,OK,ASW,CE,Federal Contract Tower,0,0,24,0,24,0,0,101,2,103,0,0,125,2,127,126,2,128,255
04/01/2016,SWO,OK,ASW,CE,Federal Contract Tower,0,0,14,1,15,0,2,138,2,142,0,2,152,3,157,262,0,262,419
04/02/2016,SWO,OK,ASW,CE,Federal Contract Tower,0,0,8,0,8,0,3,162,0,165,0,3,170,0,173,28,0,28,201
04/03/2016,SWO,OK,ASW,CE,Federal Contract Tower,1,0,3,0,4,0,2,50,0,52,1,2,53,0,56,72,0,72,128
04/04/2016,SWO,OK,ASW,CE,Federal Contract Tower,0,0,14,3,17,0,2,105,3,110,0,2,119,6,127,334,8,342,469
04/05/2016,SWO,OK,ASW,CE,Federal Contract Tower,0,0,10,4,14,0,3,45,0,48,0,3,55,4,62,126,0,126,188
04/06/2016,SWO,OK,ASW,CE,Federal Contract Tower,0,0,5,3,8,0,2,33,3,38,0,2,38,6,46,64,4,68,114
04/07/2016,SWO,OK,ASW,CE,Federal Contract Tower,0,0,21,1,22,0,0,128,4,132,0,0,149,5,154,154,8,162,316
04/08/2016,SWO,OK,ASW,CE,Federal Contract Tower,0,0,22,3,25,0,3,151,3,157,0,3,173,6,182,326,0,326,508
04/10/2016,SWO,OK,ASW,CE,Federal Contract Tower,0,0,4,0,4,0,2,23,0,25,0,2,27,0,29,0,0,0,29
04/11/2016,SWO,OK,ASW,CE,Federal Contract Tower,0,0,20,4,24,0,2,53,0,55,0,2,73,4,79,98,0,98,177
04/12/2016,SWO,OK,ASW,CE,Federal Contract Tower,0,0,31,0,31,0,0,157,0,157,0,0,188,0,188,318,0,318,506
04/13/2016,SWO,OK,ASW,CE,Federal Contract Tower,0,0,15,0,15,0,0,13,2,15,0,0,28,2,30,44,0,44,74
04/14/2016,SWO,OK,ASW,CE,Federal Contract Tower,0,0,36,2,38,0,2,117,0,119,0,2,153,2,157,280,6,286,443
04/15/2016,SWO,OK,ASW,CE,Federal Contract Tower,0,0,22,1,23,0,2,133,3,138,0,2,155,4,161,160,0,160,321
04/16/2016,SWO,OK,ASW,CE,Federal Contract Tower,0,0,8,0,8,0,7,14,0,21,0,7,22,0,29,84,0,84,113
04/17/2016,SWO,OK,ASW,CE,Federal Contract Tower,0,0,2,0,2,0,0,0,0,0,0,0,2,0,2,0,0,0,2
04/18/2016,SWO,OK,ASW,CE,Federal Contract Tower,0,0,7,2,9,0,1,3,0,4,0,1,10,2,13,4,0,4,17
04/19/2016,SWO,OK,ASW,CE,Federal Contract Tower,0,0,11,0,11,0,1,14,0,15,0,1,25,0,26,100,0,100,126
04/20/2016,SWO,OK,ASW,CE,Federal Contract Tower,0,0,13,5,18,0,6,67,6,79,0,6,80,11,97,210,10,220,317
04/21/2016,SWO,OK,ASW,CE,Federal Contract Tower,0,0,26,3,29,0,0,140,2,142,0,0,166,5,171,206,14,220,391
04/22/2016,SWO,OK,ASW,CE,Federal Contract Tower,0,0,19,1,20,0,1,144,2,147,0,1,163,3,167,320,6,326,493
04/23/2016,SWO,OK,ASW,CE,Federal Contract Tower,0,0,13,0,13,0,4,87,0,91,0,4,100,0,104,108,0,108,212
04/24/2016,SWO,OK,ASW,CE,Federal Contract Tower,0,0,6,6,12,0,2,36,3,41,0,2,42,9,53,118,14,132,185
04/25/2016,SWO,OK,ASW,CE,Federal Contract Tower,0,0,25,5,30,0,0,86,1,87,0,0,111,6,117,246,0,246,363
04/26/2016,SWO,OK,ASW,CE,Federal Contract Tower,0,0,3,9,12,0,1,11,2,14,0,1,14,11,26,20,0,20,46
04/27/2016,SWO,OK,ASW,CE,Federal Contract Tower,0,0,15,8,23,0,2,87,9,98,0,2,102,17,121,148,10,158,279
04/28/2016,SWO,OK,ASW,CE,Federal Contract Tower,0,0,18,3,21,0,0,100,3,103,0,0,118,6,124,136,12,148,272
04/29/2016,SWO,OK,ASW,CE,Federal Contract Tower,0,0,5,0,5,0,0,2,0,2,0,0,7,0,7,8,0,8,15
04/30/2016,SWO,OK,ASW,CE,Federal Contract Tower,0,0,9,0,9,0,0,38,0,38,0,0,47,0,47,196,0,196,243
05/01/2016,SWO,OK,ASW,CE,Federal Contract Tower,0,0,16,0,16,0,2,67,0,69,0,2,83,0,85,152,0,152,237
05/02/2016,SWO,OK,ASW,CE,Federal Contract Tower,0,0,13,2,15,0,1,45,0,46,0,1,58,2,61,112,0,112,173
05/03/2016,SWO,OK,ASW,CE,Federal Contract Tower,0,0,13,6,19,0,0,95,1,96,0,0,108,7,115,230,10,240,355
05/04/2016,SWO,OK,ASW,CE,Federal Contract Tower,0,0,13,0,13,0,2,101,1,104,0,2,114,1,117,162,12,174,291
05/05/2016,SWO,OK,ASW,CE,Federal Contract Tower,0,0,26,1,27,0,0,115,1,116,0,0,141,2,143,84,0,84,227
05/06/2016,SWO,OK,ASW,CE,Federal Contract Tower,0,0,17,2,19,0,0,103,5,108,0,0,120,7,127,164,12,176,303
05/07/2016,SWO,OK,ASW,CE,Federal Contract Tower,0,0,5,0,5,0,3,23,0,26,0,3,28,0,31,8,0,8,39
05/08/2016,SWO,OK,ASW,CE,Federal Contract Tower,0,0,4,0,4,0,3,10,0,13,0,3,14,0,17,0,0,0,17
05/09/2016,SWO,OK,ASW,CE,Federal Contract Tower,0,0,2,0,2,0,3,8,0,11,0,3,10,0,13,10,0,10,23
05/10/2016,SWO,OK,ASW,CE,Federal Contract Tower,0,0,9,0,9,0,8,81,0,89,0,8,90,0,98,172,6,178,276
05/11/2016,SWO,OK,ASW,CE,Federal Contract Tower,0,0,1,0,1,0,1,51,0,52,0,1,52,0,53,92,0,92,145
05/12/2016,SWO,OK,ASW,CE,Federal Contract Tower,0,0,5,1,6,0,4,71,1,76,0,4,76,2,82,188,0,188,270
05/13/2016,SWO,OK,ASW,CE,Federal Contract Tower,0,0,2,0,2,0,0,47,2,49,0,0,49,2,51,38,0,38,89
05/14/2016,SWO,OK,ASW,CE,Federal Contract Tower,0,0,3,0,3,0,0,17,0,17,0,0,20,0,20,2,0,2,22
05/15/2016,SWO,OK,ASW,CE,Federal Contract Tower,0,0,5,0,5,0,0,14,0,14,0,0,19,0,19,32,0,32,51
05/16/2016,SWO,OK,ASW,CE,Federal Contract Tower,0,0,12,0,12,0,0,0,0,0,0,0,12,0,12,0,0,0,12
05/17/2016,SWO,OK,ASW,CE,Federal Contract Tower,0,0,7,0,7,0,0,17,0,17,0,0,24,0,24,90,0,90,114
05/18/2016,SWO,OK,ASW,CE,Federal Contract Tower,0,0,13,3,16,0,1,45,1,47,0,1,58,4,63,132,10,142,205
05/19/2016,SWO,OK,ASW,CE,Federal Contract Tower,0,0,24,4,28,0,4,32,0,36,0,4,56,4,64,120,0,120,184
05/20/2016,SWO,OK,ASW,CE,Federal Contract Tower,0,0,8,2,10,0,0,24,2,26,0,0,32,4,36,48,0,48,84
05/21/2016,SWO,OK,ASW,CE,Federal Contract Tower,0,0,9,0,9,0,4,57,0,61,0,4,66,0,70,38,0,38,108
05/22/2016,SWO,OK,ASW,CE,Federal Contract Tower,0,0,6,6,12,0,5,19,1,25,0,5,25,7,37,28,14,42,79
05/23/2016,SWO,OK,ASW,CE,Federal Contract Tower,0,2,5,0,7,0,1,7,0,8,0,3,12,0,15,12,0,12,27
05/24/2016,SWO,OK,ASW,CE,Federal Contract Tower,0,0,14,0,14,0,2,35,0,37,0,2,49,0,51,36,0,36,87
05/25/2016,SWO,OK,ASW,CE,Federal Contract Tower,0,0,18,0,18,0,1,52,0,53,0,1,70,0,71,40,0,40,111
05/26/2016,SWO,OK,ASW,CE,Federal Contract Tower,0,0,14,0,14,0,2,16,2,20,0,2,30,2,34,32,0,32,66
05/27/2016,SWO,OK,ASW,CE,Federal Contract Tower,0,0,3,0,3,0,4,12,0,16,0,4,15,0,19,12,0,12,31
05/28/2016,SWO,OK,ASW,CE,Federal Contract Tower,0,0,2,0,2,0,2,14,0,16,0,2,16,0,18,24,0,24,42
05/29/2016,SWO,OK,ASW,CE,Federal Contract Tower,0,0,1,0,1,0,7,8,0,15,0,7,9,0,16,0,0,0,16
05/30/2016,SWO,OK,ASW,CE,Federal Contract Tower,0,0,6,0,6,0,0,24,0,24,0,0,30,0,30,38,0,38,68
05/31/2016,SWO,OK,ASW,CE,Federal Contract Tower,0,0,6,0,6,0,5,19,0,24,0,5,25,0,30,26,0,26,56
06/01/2016,SWO,OK,ASW,CE,Federal Contract Tower,0,1,5,4,10,0,7,10,0,17,0,8,15,4,27,6,0,6,33
06/02/2016,SWO,OK,ASW,CE,Federal Contract Tower,0,0,9,0,9,0,0,15,0,15,0,0,24,0,24,20,0,20,44
06/03/2016,SWO,OK,ASW,CE,Federal Contract Tower,0,0,11,0,11,0,1,28,3,32,0,1,39,3,43,66,6,72,115
06/04/2016,SWO,OK,ASW,CE,Federal Contract Tower,0,0,7,4,11,0,0,32,2,34,0,0,39,6,45,66,20,86,131
06/05/2016,SWO,OK,ASW,CE,Federal Contract Tower,0,0,5,0,5,0,3,63,0,66,0,3,68,0,71,56,0,56,127
06/06/2016,SWO,OK,ASW,CE,Federal Contract Tower,0,0,7,0,7,0,0,82,0,82,0,0,89,0,89,122,0,122,211
06/07/2016,SWO,OK,ASW,CE,Federal Contract Tower,0,0,18,0,18,0,0,63,0,63,0,0,81,0,81,138,0,138,219
06/08/2016,SWO,OK,ASW,CE,Federal Contract Tower,0,0,20,0,20,0,5,80,0,85,0,5,100,0,105,104,0,104,209
06/09/2016,SWO,OK,ASW,CE,Federal Contract Tower,0,0,12,0,12,0,2,61,0,63,0,2,73,0,75,92,0,92,167
06/10/2016,SWO,OK,ASW,CE,Federal Contract Tower,0,1,7,1,9,0,1,71,0,72,0,2,78,1,81,84,6,90,171
06/11/2016,SWO,OK,ASW,CE,Federal Contract Tower,0,0,3,0,3,0,1,44,0,45,0,1,47,0,48,42,0,42,90
06/12/2016,SWO,OK,ASW,CE,Federal Contract Tower,0,0,6,0,6,0,2,24,0,26,0,2,30,0,32,24,0,24,56
06/13/2016,SWO,OK,ASW,CE,Federal Contract Tower,1,0,23,0,24,0,2,27,0,29,1,2,50,0,53,56,0,56,109
06/14/2016,SWO,OK,ASW,CE,Federal Contract Tower,0,1,12,4,17,0,2,55,0,57,0,3,67,4,74,120,0,120,194
06/15/2016,SWO,OK,ASW,CE,Federal Contract Tower,0,0,10,0,10,0,2,55,0,57,0,2,65,0,67,74,0,74,141
06/16/2016,SWO,OK,ASW,CE,Federal Contract Tower,0,0,13,1,14,0,2,75,3,80,0,2,88,4,94,61,16,77,171
06/17/2016,SWO,OK,ASW,CE,Federal Contract Tower,0,0,10,0,10,0,0,55,4,59,0,0,65,4,69,54,12,66,135
06/18/2016,SWO,OK,ASW,CE,Federal Contract Tower,0,0,3,3,6,0,2,12,4,18,0,2,15,7,24,6,2,8,32
06/19/2016,SWO,OK,ASW,CE,Federal Contract Tower,0,0,2,0,2,0,0,27,1,28,0,0,29,1,30,0,16,16,46
06/20/2016,SWO,OK,ASW,CE,Federal Contract Tower,0,0,11,0,11,0,1,48,4,53,0,1,59,4,64,74,22,96,160
06/21/2016,SWO,OK,ASW,CE,Federal Contract Tower,0,0,6,0,6,0,2,61,1,64,0,2,67,1,70,140,0,140,210
06/22/2016,SWO,OK,ASW,CE,Federal Contract Tower,0,0,7,0,7,0,1,31,2,34,0,1,38,2,41,50,0,50,91
06/23/2016,SWO,OK,ASW,CE,Federal Contract Tower,0,0,9,0,9,0,2,48,0,50,0,2,57,0,59,96,0,96,155
06/24/2016,SWO,OK,ASW,CE,Federal Contract Tower,0,0,8,0,8,0,0,55,0,55,0,0,63,0,63,92,0,92,155
06/25/2016,SWO,OK,ASW,CE,Federal Contract Tower,0,0,4,0,4,0,0,32,1,33,0,0,36,1,37,26,0,26,63
06/26/2016,SWO,OK,ASW,CE,Federal Contract Tower,0,0,6,0,6,0,2,27,0,29,0,2,33,0,35,68,0,68,103
06/27/2016,SWO,OK,ASW,CE,Federal Contract Tower,0,0,14,0,14,0,3,40,0,43,0,3,54,0,57,96,0,96,153
06/28/2016,SWO,OK,ASW,CE,Federal Contract Tower,0,0,4,0,4,0,2,63,0,65,0,2,67,0,69,122,0,122,191
06/29/2016,SWO,OK,ASW,CE,Federal Contract Tower,0,0,7,0,7,0,0,65,0,65,0,0,72,0,72,172,0,172,244
06/30/2016,SWO,OK,ASW,CE,Federal Contract Tower,0,0,3,0,3,0,0,42,4,46,0,0,45,4,49,102,6,108,157
07/01/2016,SWO,OK,ASW,CE,Federal Contract Tower,0,0,0,0,0,0,4,12,0,16,0,4,12,0,16,60,0,60,76
07/02/2016,SWO,OK,ASW,CE,Federal Contract Tower,0,0,2,0,2,0,0,17,0,17,0,0,19,0,19,0,0,0,19
07/03/2016,SWO,OK,ASW,CE,Federal Contract Tower,0,0,1,0,1,0,1,2,0,3,0,1,3,0,4,16,0,16,20
07/04/2016,SWO,OK,ASW,CE,Federal Contract Tower,0,0,2,0,2,0,0,4,0,4,0,0,6,0,6,0,0,0,6
07/05/2016,SWO,OK,ASW,CE,Federal Contract Tower,0,0,5,0,5,0,3,37,2,42,0,3,42,2,47,92,8,100,147
07/06/2016,SWO,OK,ASW,CE,Federal Contract Tower,0,0,10,0,10,0,2,52,0,54,0,2,62,0,64,74,0,74,138
07/07/2016,SWO,OK,ASW,CE,Federal Contract Tower,0,0,4,0,4,0,1,33,0,34,0,1,37,0,38,22,0,22,60
07/08/2016,SWO,OK,ASW,CE,Federal Contract Tower,0,0,5,0,5,0,3,32,0,35,0,3,37,0,40,22,0,22,62
07/09/2016,SWO,OK,ASW,CE,Federal Contract Tower,0,0,3,0,3,0,1,35,6,42,0,1,38,6,45,64,0,64,109
07/10/2016,SWO,OK,ASW,CE,Federal Contract Tower,0,0,2,1,3,0,0,28,2,30,0,0,30,3,33,62,8,70,103
07/11/2016,SWO,OK,ASW,CE,Federal Contract Tower,0,0,4,0,4,0,1,24,0,25,0,1,28,0,29,18,0,18,47
07/12/2016,SWO,OK,ASW,CE,Federal Contract Tower,0,0,6,0,6,0,0,35,0,35,0,0,41,0,41,16,0,16,57
07/13/2016,SWO,OK,ASW,CE,Federal Contract Tower,0,0,10,1,11,0,3,51,0,54,0,3,61,1,65,76,0,76,141
07/14/2016,SWO,OK,ASW,CE,Federal Contract Tower,0,0,4,0,4,0,0,28,0,28,0,0,32,0,32,50,0,50,82
07/15/2016,SWO,OK,ASW,CE,Federal Contract Tower,0,0,7,0,7,0,0,49,2,51,0,0,56,2,58,70,0,70,128
07/16/2016,SWO,OK,ASW,CE,Federal Contract Tower,0,0,4,0,4,0,2,27,0,29,0,2,31,0,33,42,0,42,75
07/17/2016,SWO,OK,ASW,CE,Federal Contract Tower,0,0,6,0,6,0,3,43,0,46,0,3,49,0,52,50,6,56,108
07/18/2016,SWO,OK,ASW,CE,Federal Contract Tower,0,0,20,1,21,0,2,61,2,65,0,2,81,3,86,108,4,112,198
07/19/2016,SWO,OK,ASW,CE,Federal Contract Tower,0,0,8,3,11,0,0,56,0,56,0,0,64,3,67,114,10,124,191
07/20/2016,SWO,OK,ASW,CE,Federal Contract Tower,0,0,8,3,11,0,1,48,6,55,0,1,56,9,66,78,0,78,144
07/21/2016,SWO,OK,ASW,CE,Federal Contract Tower,0,0,9,12,21,0,5,43,2,50,0,5,52,14,71,86,12,98,169
07/22/2016,SWO,OK,ASW,CE,Federal Contract Tower,0,0,5,2,7,0,1,36,0,37,0,1,41,2,44,74,0,74,118
07/23/2016,SWO,OK,ASW,CE,Federal Contract Tower,0,0,2,1,3,0,0,42,2,44,0,0,44,3,47,42,10,52,99
07/24/2016,SWO,OK,ASW,CE,Federal Contract Tower,0,0,2,0,2,0,1,32,4,37,0,1,34,4,39,42,10,52,91
07/25/2016,SWO,OK,ASW,CE,Federal Contract Tower,0,0,7,0,7,0,0,41,0,41,0,0,48,0,48,16,0,16,64
07/26/2016,SWO,OK,ASW,CE,Federal Contract Tower,0,0,6,0,6,0,0,12,0,12,0,0,18,0,18,14,0,14,32
07/27/2016,SWO,OK,ASW,CE,Federal Contract Tower,0,0,5,0,5,0,2,16,3,21,0,2,21,3,26,32,6,38,64
07/28/2016,SWO,OK,ASW,CE,Federal Contract Tower,0,0,16,0,16,0,0,47,6,53,0,0,63,6,69,88,6,94,163
07/29/2016,SWO,OK,ASW,CE,Federal Contract Tower,0,0,7,0,7,0,1,24,0,25,0,1,31,0,32,18,0,18,50
07/30/2016,SWO,OK,ASW,CE,Federal Contract Tower,0,0,5,0,5,0,0,21,4,25,0,0,26,4,30,32,12,44,74
07/31/2016,SWO,OK,ASW,CE,Federal Contract Tower,0,0,4,3,7,0,3,28,2,33,0,3,32,5,40,52,6,58,98
08/01/2016,SWO,OK,ASW,CE,Federal Contract Tower,0,0,17,0,17,0,2,37,2,41,0,2,54,2,58,44,0,44,102
08/02/2016,SWO,OK,ASW,CE,Federal Contract Tower,0,0,12,3,15,0,0,53,1,54,0,0,65,4,69,74,20,94,163
08/03/2016,SWO,OK,ASW,CE,Federal Contract Tower,0,0,4,0,4,0,0,60,0,60,0,0,64,0,64,96,0,96,160
08/04/2016,SWO,OK,ASW,CE,Federal Contract Tower,0,0,6,0,6,0,2,39,0,41,0,2,45,0,47,66,0,66,113
08/05/2016,SWO,OK,ASW,CE,Federal Contract Tower,0,0,6,0,6,0,3,53,1,57,0,3,59,1,63,46,0,46,109
08/06/2016,SWO,OK,ASW,CE,Federal Contract Tower,0,0,3,2,5,0,2,25,2,29,0,2,28,4,34,74,4,78,112
08/08/2016,SWO,OK,ASW,CE,Federal Contract Tower,0,0,5,0,5,0,0,37,1,38,0,0,42,1,43,64,20,84,127
08/09/2016,SWO,OK,ASW,CE,Federal Contract Tower,0,0,10,0,10,0,3,51,0,54,0,3,61,0,64,72,0,72,136
08/10/2016,SWO,OK,ASW,CE,Federal Contract Tower,0,0,8,0,8,0,1,39,4,44,0,1,47,4,52,62,0,62,114
08/11/2016,SWO,OK,ASW,CE,Federal Contract Tower,0,0,4,3,7,0,0,58,1,59,0,0,62,4,66,102,4,106,172
08/12/2016,SWO,OK,ASW,CE,Federal Contract Tower,0,0,6,0,6,0,0,45,2,47,0,0,51,2,53,78,0,78,131
08/13/2016,SWO,OK,ASW,CE,Federal Contract Tower,0,0,4,0,4,0,2,44,2,48,0,2,48,2,52,66,4,70,122
08/14/2016,SWO,OK,ASW,CE,Federal Contract Tower,0,0,6,0,6,0,0,50,0,50,0,0,56,0,56,82,0,82,138
08/15/2016,SWO,OK,ASW,CE,Federal Contract Tower,0,0,10,0,10,0,1,60,0,61,0,1,70,0,71,82,0,82,153
08/16/2016,SWO,OK,ASW,CE,Federal Contract Tower,0,0,6,2,8,0,0,62,0,62,0,0,68,2,70,126,8,134,204
08/17/2016,SWO,OK,ASW,CE,Federal Contract Tower,0,0,11,4,15,0,0,60,2,62,0,0,71,6,77,90,2,92,169
08/18/2016,SWO,OK,ASW,CE,Federal Contract Tower,0,0,15,0,15,0,2,72,0,74,0,2,87,0,89,142,0,142,231
08/19/2016,SWO,OK,ASW,CE,Federal Contract Tower,0,0,18,1,19,0,2,93,0,95,0,2,111,1,114,176,18,194,308
08/20/2016,SWO,OK,ASW,CE,Federal Contract Tower,0,0,7,1,8,0,1,61,1,63,0,1,68,2,71,150,0,150,221
08/21/2016,SWO,OK,ASW,CE,Federal Contract Tower,0,1,7,0,8,0,0,45,0,45,0,1,52,0,53,82,0,82,135
08/22/2016,SWO,OK,ASW,CE,Federal Contract Tower,0,0,15,2,17,0,0,100,0,100,0,0,115,2,117,210,12,222,339
08/23/2016,SWO,OK,ASW,CE,Federal Contract Tower,2,0,4,1,7,0,0,58,1,59,2,0,62,2,66,170,0,170,236
08/24/2016,SWO,OK,ASW,CE,Federal Contract Tower,0,0,11,2,13,0,4,97,3,104,0,4,108,5,117,182,12,194,311
08/25/2016,SWO,OK,ASW,CE,Federal Contract Tower,2,0,6,11,19,0,5,87,3,95,2,5,93,14,114,128,8,136,250
08/26/2016,SWO,OK,ASW,CE,Federal Contract Tower,0,0,22,3,25,0,3,113,0,116,0,3,135,3,141,252,0,252,393
08/27/2016,SWO,OK,ASW,CE,Federal Contract Tower,1,0,1,2,4,0,4,57,2,63,1,4,58,4,67,178,6,184,251
08/28/2016,SWO,OK,ASW,CE,Federal Contract Tower,2,0,3,0,5,0,0,41,0,41,2,0,44,0,46,138,0,138,184
08/29/2016,SWO,OK,ASW,CE,Federal Contract Tower,2,0,6,4,12,0,1,74,0,75,2,1,80,4,87,107,0,107,194
08/30/2016,SWO,OK,ASW,CE,Federal Contract Tower,2,0,22,4,28,0,2,101,0,103,2,2,123,4,131,194,0,194,325
08/31/2016,SWO,OK,ASW,CE,Federal Contract Tower,0,0,12,8,20,0,0,86,1,87,0,0,98,9,107,206,6,212,319
09/01/2016,SWO,OK,ASW,CE,Federal Contract Tower,0,0,17,0,17,0,4,32,0,36,0,4,49,0,53,146,0,146,199
09/02/2016,SWO,OK,ASW,CE,Federal Contract Tower,4,1,29,0,34,0,1,152,0,153,4,2,181,0,187,298,0,298,485
09/03/2016,SWO,OK,ASW,CE,Federal Contract Tower,2,0,14,0,16,0,1,58,0,59,2,1,72,0,75,26,0,26,101
09/04/2016,SWO,OK,ASW,CE,Federal Contract Tower,2,0,6,0,8,0,1,39,1,41,2,1,45,1,49,0,0,0,49
09/05/2016,SWO,OK,ASW,CE,Federal Contract Tower,2,0,7,0,9,0,0,29,0,29,2,0,36,0,38,2,0,2,40
09/06/2016,SWO,OK,ASW,CE,Federal Contract Tower,2,0,17,4,23,0,4,109,2,115,2,4,126,6,138,194,18,212,350
09/07/2016,SWO,OK,ASW,CE,Federal Contract Tower,2,1,14,1,18,0,4,115,4,123,2,5,129,5,141,250,14,264,405
09/08/2016,SWO,OK,ASW,CE,Federal Contract Tower,0,0,10,2,12,0,0,98,0,98,0,0,108,2,110,188,0,188,298
09/09/2016,SWO,OK,ASW,CE,Federal Contract Tower,1,0,26,1,28,0,1,94,3,98,1,1,120,4,126,226,16,242,368
09/10/2016,SWO,OK,ASW,CE,Federal Contract Tower,2,0,17,0,19,0,1,51,0,52,2,1,68,0,71,18,0,18,89
09/11/2016,SWO,OK,ASW,CE,Federal Contract Tower,2,0,6,2,10,0,0,77,6,83,2,0,83,8,93,230,0,230,323
09/12/2016,SWO,OK,ASW,CE,Federal Contract Tower,2,0,19,2,23,0,2,133,0,135,2,2,152,2,158,260,6,266,424
09/13/2016,SWO,OK,ASW,CE,Federal Contract Tower,2,0,20,1,23,0,0,105,8,113,2,0,125,9,136,292,6,298,434
09/14/2016,SWO,OK,ASW,CE,Federal Contract Tower,2,1,10,0,13,0,0,33,0,33,2,1,43,0,46,176,0,176,222
09/15/2016,SWO,OK,ASW,CE,Federal Contract Tower,0,2,18,12,32,0,2,98,3,103,0,4,116,15,135,148,12,160,295
09/16/2016,SWO,OK,ASW,CE,Federal Contract Tower,4,0,20,5,29,0,0,84,1,85,4,0,104,6,114,116,14,130,244
09/17/2016,SWO,OK,ASW,CE,Federal Contract Tower,3,0,24,0,27,0,2,42,0,44,3,2,66,0,71,36,0,36,107
09/18/2016,SWO,OK,ASW,CE,Federal Contract Tower,2,0,20,1,23,0,2,53,5,60,2,2,73,6,83,66,24,90,173
09/19/2016,SWO,OK,ASW,CE,Federal Contract Tower,2,0,25,2,29,0,2,123,2,127,2,2,148,4,156,196,0,196,352
09/20/2016,SWO,OK,ASW,CE,Federal Contract Tower,2,0,21,0,23,0,4,151,2,157,2,4,172,2,180,290,0,290,470
09/21/2016,SWO,OK,ASW,CE,Federal Contract Tower,2,0,32,2,36,0,0,152,2,154,2,0,184,4,190,238,4,242,432
09/22/2016,SWO,OK,ASW,CE,Federal Contract Tower,2,0,20,0,22,0,4,117,0,121,2,4,137,0,143,208,0,208,351
09/23/2016,SWO,OK,ASW,CE,Federal Contract Tower,4,0,28,0,32,0,0,123,0,123,4,0,151,0,155,206,0,206,361
09/24/2016,SWO,OK,ASW,CE,Federal Contract Tower,2,0,5,6,13,0,1,32,0,33,2,1,37,6,46,114,16,130,176
09/25/2016,SWO,OK,ASW,CE,Federal Contract Tower,2,0,5,0,7,0,2,7,0,9,2,2,12,0,16,4,0,4,20
09/26/2016,SWO,OK,ASW,CE,Federal Contract Tower,2,0,25,2,29,0,4,117,3,124,2,4,142,5,153,304,0,304,457
09/27/2016,SWO,OK,ASW,CE,Federal Contract Tower,2,0,24,2,28,0,0,138,2,140,2,0,162,4,168,262,30,292,460
09/28/2016,SWO,OK,ASW,CE,Federal Contract Tower,2,0,21,1,24,0,0,112,7,119,2,0,133,8,143,324,2,326,469
09/29/2016,SWO,OK,ASW,CE,Federal Contract Tower,2,0,21,0,23,0,0,140,0,140,2,0,161,0,163,292,0,292,455
09/30/2016,SWO,OK,ASW,CE,Federal Contract Tower,2,0,34,0,36,0,0,134,0,134,2,0,168,0,170,270,0,270,440
10/01/2016,SWO,OK,ASW,CE,Federal Contract Tower,4,2,55,0,61,0,1,74,0,75,4,3,129,0,136,4,0,4,140
10/02/2016,SWO,OK,ASW,CE,Federal Contract Tower,2,0,11,0,13,0,5,79,2,86,2,5,90,2,99,168,0,168,267
10/03/2016,SWO,OK,ASW,CE,Federal Contract Tower,2,0,33,0,35,0,0,105,0,105,2,0,138,0,140,226,0,226,366
10/04/2016,SWO,OK,ASW,CE,Federal Contract Tower,0,2,18,0,20,0,0,47,1,48,0,2,65,1,68,74,14,88,156
10/05/2016,SWO,OK,ASW,CE,Federal Contract Tower,2,0,28,3,33,0,0,78,1,79,2,0,106,4,112,164,2,166,278
10/06/2016,SWO,OK,ASW,CE,Federal Contract Tower,3,0,17,0,20,0,6,55,0,61,3,6,72,0,81,112,0,112,193
10/07/2016,SWO,OK,ASW,CE,Federal Contract Tower,0,1,21,0,22,0,3,107,2,112,0,4,128,2,134,192,6,198,332
10/08/2016,SWO,OK,ASW,CE,Federal Contract Tower,4,0,32,0,36,0,7,53,0,60,4,7,85,0,96,4,0,4,100
10/09/2016,SWO,OK,ASW,CE,Federal Contract Tower,2,0,17,0,19,0,4,65,0,69,2,4,82,0,88,176,0,176,264
10/10/2016,SWO,OK,ASW,CE,Federal Contract Tower,2,0,19,1,22,0,2,96,0,98,2,2,115,1,120,226,0,226,346
10/11/2016,SWO,OK,ASW,CE,Federal Contract Tower,2,5,23,0,30,0,2,89,0,91,2,7,112,0,121,124,0,124,245
10/12/2016,SWO,OK,ASW,CE,Federal Contract Tower,2,0,15,6,23,0,0,26,0,26,2,0,41,6,49,22,0,22,71
10/13/2016,SWO,OK,ASW,CE,Federal Contract Tower,2,0,12,3,17,0,0,23,2,25,2,0,35,5,42,118,0,118,160
10/14/2016,SWO,OK,ASW,CE,Federal Contract Tower,2,0,6,4,12,0,6,78,7,91,2,6,84,11,103,212,16,228,331
10/15/2016,SWO,OK,ASW,CE,Federal Contract Tower,2,2,2,1,7,0,2,17,1,20,2,4,19,2,27,54,0,54,81
10/16/2016,SWO,OK,ASW,CE,Federal Contract Tower,2,1,7,2,12,0,1,38,1,40,2,2,45,3,52,42,0,42,94
10/17/2016,SWO,OK,ASW,CE,Federal Contract Tower,2,0,16,4,22,0,0,41,0,41,2,0,57,4,63,0,0,0,63
10/18/2016,SWO,OK,ASW,CE,Federal Contract Tower,2,0,19,6,27,0,4,107,0,111,2,4,126,6,138,268,0,268,406
10/19/2016,SWO,OK,ASW,CE,Federal Contract Tower,2,0,28,1,31,0,5,88,3,96,2,5,116,4,127,183,0,183,310
10/20/2016,SWO,OK,ASW,CE,Federal Contract Tower,2,0,11,0,13,0,5,77,5,87,2,5,88,5,100,200,10,210,310
10/21/2016,SWO,OK,ASW,CE,Federal Contract Tower,4,0,28,0,32,0,2,126,1,129,4,2,154,1,161,120,0,120,281
10/22/2016,SWO,OK,ASW,CE,Federal Contract Tower,4,0,12,0,16,0,2,47,0,49,4,2,59,0,65,116,0,116,181
10/23/2016,SWO,OK,ASW,CE,Federal Contract Tower,2,0,12,2,16,0,2,70,0,72,2,2,82,2,88,94,12,106,194
10/24/2016,SWO,OK,ASW,CE,Federal Contract Tower,2,1,35,0,38,0,2,104,0,106,2,3,139,0,144,172,0,172,316
10/25/2016,SWO,OK,ASW,CE,Federal Contract Tower,2,0,26,4,32,0,0,111,1,112,2,0,137,5,144,208,12,220,364
10/26/2016,SWO,OK,ASW,CE,Federal Contract Tower,2,0,13,4,19,0,0,76,3,79,2,0,89,7,98,194,16,210,308
10/27/2016,SWO,OK,ASW,CE,Federal Contract Tower,2,0,24,14,40,0,5,52,0,57,2,5,76,14,97,76,0,76,173
10/28/2016,SWO,OK,ASW,CE,Federal Contract Tower,2,0,26,0,28,0,6,73,3,82,2,6,99,3,110,158,34,192,302
10/29/2016,SWO,OK,ASW,CE,Federal Contract Tower,4,3,35,0,42,0,3,64,1,68,4,6,99,1,110,12,0,12,122
10/30/2016,SWO,OK,ASW,CE,Federal Contract Tower,2,0,22,0,24,0,0,19,0,19,2,0,41,0,43,12,0,12,55
10/31/2016,SWO,OK,ASW,CE,Federal Contract Tower,2,0,18,0,20,0,4,68,0,72,2,4,86,0,92,98,0,98,190
11/01/2016,SWO,OK,ASW,CE,Federal Contract Tower,2,0,24,2,28,0,0,100,1,101,2,0,124,3,129,142,38,180,309
11/02/2016,SWO,OK,ASW,CE,Federal Contract Tower,2,0,24,0,26,0,0,92,1,93,2,0,116,1,119,176,8,184,303
11/03/2016,SWO,OK,ASW,CE,Federal Contract Tower,2,0,37,2,41,0,4,108,6,118,2,4,145,8,159,196,16,212,371
11/04/2016,SWO,OK,ASW,CE,Federal Contract Tower,4,0,12,0,16,0,0,57,2,59,4,0,69,2,75,70,0,70,145
11/05/2016,SWO,OK,ASW,CE,Federal Contract Tower,2,0,6,0,8,0,2,55,0,57,2,2,61,0,65,66,0,66,131
11/06/2016,SWO,OK,ASW,CE,Federal Contract Tower,2,0,7,1,10,0,3,41,1,45,2,3,48,2,55,80,0,80,135
11/07/2016,SWO,OK,ASW,CE,Federal Contract Tower,2,0,21,5,28,0,0,5,2,7,2,0,26,7,35,14,0,14,49
11/08/2016,SWO,OK,ASW,CE,Federal Contract Tower,2,0,31,2,35,0,2,45,0,47,2,2,76,2,82,76,2,78,160
11/09/2016,SWO,OK,ASW,CE,Federal Contract Tower,2,0,29,6,37,0,4,137,1,142,2,4,166,7,179,218,6,224,403
11/10/2016,SWO,OK,ASW,CE,Federal Contract Tower,2,0,22,2,26,0,1,117,1,119,2,1,139,3,145,175,2,177,322
11/11/2016,SWO,OK,ASW,CE,Federal Contract Tower,2,1,36,0,39,0,4,140,0,144,2,5,176,0,183,180,0,180,363
11/12/2016,SWO,OK,ASW,CE,Federal Contract Tower,3,0,43,0,46,0,1,54,0,55,3,1,97,0,101,10,0,10,111
11/13/2016,SWO,OK,ASW,CE,Federal Contract Tower,2,0,17,0,19,0,1,69,0,70,2,1,86,0,89,94,0,94,183
11/14/2016,SWO,OK,ASW,CE,Federal Contract Tower,2,0,25,0,27,0,2,107,0,109,2,2,132,0,136,184,0,184,320
11/15/2016,SWO,OK,ASW,CE,Federal Contract Tower,3,0,22,1,26,0,1,103,3,107,3,1,125,4,133,266,6,272,405
11/16/2016,SWO,OK,ASW,CE,Federal Contract Tower,1,0,11,0,12,0,0,83,6,89,1,0,94,6,101,149,14,163,264
11/17/2016,SWO,OK,ASW,CE,Federal Contract Tower,2,0,13,4,19,0,2,41,3,46,2,2,54,7,65,30,0,30,95
11/18/2016,SWO,OK,ASW,CE,Federal Contract Tower,4,0,7,1,12,0,4,26,1,31,4,4,33,2,43,10,0,10,53
11/19/2016,SWO,OK,ASW,CE,Federal Contract Tower,4,0,15,0,19,0,0,53,2,55,4,0,68,2,74,14,0,14,88
11/20/2016,SWO,OK,ASW,CE,Federal Contract Tower,2,0,8,3,13,0,2,41,2,45,2,2,49,5,58,64,8,72,130
11/21/2016,SWO,OK,ASW,CE,Federal Contract Tower,2,0,17,0,19,0,3,88,0,91,2,3,105,0,110,178,0,178,288
11/22/2016,SWO,OK,ASW,CE,Federal Contract Tower,2,0,15,1,18,0,0,23,3,26,2,0,38,4,44,28,0,28,72
11/24/2016,SWO,OK,ASW,CE,Federal Contract Tower,1,0,0,0,1,0,2,6,0,8,1,2,6,0,9,0,0,0,9
11/25/2016,SWO,OK,ASW,CE,Federal Contract Tower,3,0,1,0,4,0,0,22,0,22,3,0,23,0,26,6,0,6,32
11/26/2016,SWO,OK,ASW,CE,Federal Contract Tower,2,4,5,0,11,0,0,27,0,27,2,4,32,0,38,0,0,0,38
11/27/2016,SWO,OK,ASW,CE,Federal Contract Tower,2,0,6,0,8,0,0,1,0,1,2,0,7,0,9,0,0,0,9
11/28/2016,SWO,OK,ASW,CE,Federal Contract Tower,2,0,17,2,21,0,2,76,3,81,2,2,93,5,102,98,6,104,206
11/29/2016,SWO,OK,ASW,CE,Federal Contract Tower,2,0,14,2,18,0,2,89,5,96,2,2,103,7,114,110,4,114,228
11/30/2016,SWO,OK,ASW,CE,Federal Contract Tower,2,0,13,6,21,0,0,53,4,57,2,0,66,10,78,74,10,84,162
12/01/2016,SWO,OK,ASW,CE,Federal Contract Tower,2,0,19,1,22,0,2,80,1,83,2,2,99,2,105,106,0,106,211
12/02/2016,SWO,OK,ASW,CE,Federal Contract Tower,4,1,16,4,25,0,3,80,3,86,4,4,96,7,111,84,16,100,211
12/03/2016,SWO,OK,ASW,CE,Federal Contract Tower,2,0,5,2,9,0,0,16,0,16,2,0,21,2,25,50,0,50,75
12/04/2016,SWO,OK,ASW,CE,Federal Contract Tower,2,0,7,0,9,0,0,34,0,34,2,0,41,0,43,50,0,50,93
12/05/2016,SWO,OK,ASW,CE,Federal Contract Tower,2,0,11,5,18,0,0,45,6,51,2,0,56,11,69,100,32,132,201
12/06/2016,SWO,OK,ASW,CE,Federal Contract Tower,2,1,11,4,18,0,4,49,4,57,2,5,60,8,75,64,28,92,167
12/07/2016,SWO,OK,ASW,CE,Federal Contract Tower,2,0,1,0,3,0,5,4,0,9,2,5,5,0,12,0,0,0,12
12/08/2016,SWO,OK,ASW,CE,Federal Contract Tower,2,0,10,4,16,0,0,52,0,52,2,0,62,4,68,40,0,40,108
12/09/2016,SWO,OK,ASW,CE,Federal Contract Tower,1,0,2,5,8,0,2,49,6,57,1,2,51,11,65,132,4,136,201
12/10/2016,SWO,OK,ASW,CE,Federal Contract Tower,1,0,3,0,4,0,0,29,1,30,1,0,32,1,34,20,8,28,62
12/11/2016,SWO,OK,ASW,CE,Federal Contract Tower,2,0,4,0,6,0,0,24,0,24,2,0,28,0,30,12,0,12,42
12/12/2016,SWO,OK,ASW,CE,Federal Contract Tower,2,0,4,8,14,0,0,45,6,51,2,0,49,14,65,38,6,44,109
12/13/2016,SWO,OK,ASW,CE,Federal Contract Tower,2,0,8,10,20,0,0,30,6,36,2,0,38,16,56,18,10,28,84
12/14/2016,SWO,OK,ASW,CE,Federal Contract Tower,2,0,19,8,29,0,1,40,2,43,2,1,59,10,72,46,20,66,138
12/15/2016,SWO,OK,ASW,CE,Federal Contract Tower,2,1,5,5,13,0,1,17,4,22,2,2,22,9,35,12,16,28,63
12/16/2016,SWO,OK,ASW,CE,Federal Contract Tower,2,0,2,4,8,0,0,3,0,3,2,0,5,4,11,0,0,0,11
12/17/2016,SWO,OK,ASW,CE,Federal Contract Tower,2,2,1,0,5,0,0,0,0,0,2,2,1,0,5,0,0,0,5
12/18/2016,SWO,OK,ASW,CE,Federal Contract Tower,2,0,5,1,8,0,2,23,4,29,2,2,28,5,37,56,8,64,101
12/19/2016,SWO,OK,ASW,CE,Federal Contract Tower,2,0,6,0,8,0,0,51,0,51,2,0,57,0,59,70,0,70,129
12/20/2016,SWO,OK,ASW,CE,Federal Contract Tower,2,0,3,0,5,0,0,45,2,47,2,0,48,2,52,40,14,54,106
12/21/2016,SWO,OK,ASW,CE,Federal Contract Tower,2,0,4,6,12,0,3,36,4,43,2,3,40,10,55,70,6,76,131
12/22/2016,SWO,OK,ASW,CE,Federal Contract Tower,2,2,9,3,16,0,3,22,3,28,2,5,31,6,44,45,0,45,89
12/23/2016,SWO,OK,ASW,CE,Federal Contract Tower,3,1,0,0,4,0,0,0,0,0,3,1,0,0,4,0,0,0,4
12/24/2016,SWO,OK,ASW,CE,Federal Contract Tower,2,0,1,0,3,0,0,2,0,2,2,0,3,0,5,0,0,0,5
12/25/2016,SWO,OK,ASW,CE,Federal Contract Tower,2,0,1,0,3,0,0,2,0,2,2,0,3,0,5,0,0,0,5
12/26/2016,SWO,OK,ASW,CE,Federal Contract Tower,1,0,4,0,5,0,2,17,0,19,1,2,21,0,24,12,0,12,36
12/27/2016,SWO,OK,ASW,CE,Federal Contract Tower,2,0,2,0,4,0,2,15,0,17,2,2,17,0,21,0,0,0,21
12/28/2016,SWO,OK,ASW,CE,Federal Contract Tower,2,0,3,0,5,0,1,20,0,21,2,1,23,0,26,0,0,0,26
12/29/2016,SWO,OK,ASW,CE,Federal Contract Tower,2,0,10,0,12,0,0,13,0,13,2,0,23,0,25,2,0,2,27
12/30/2016,SWO,OK,ASW,CE,Federal Contract Tower,4,0,10,0,14,0,0,3,0,3,4,0,13,0,17,2,0,2,19
12/31/2016,SWO,OK,ASW,CE,Federal Contract Tower,4,1,0,0,5,0,3,22,0,25,4,4,22,0,30,10,0,10,40
01/01/2017,SWO,OK,ASW,CE,Federal Contract Tower,2,2,3,0,7,0,0,5,0,5,2,2,8,0,12,0,0,0,12
01/02/2017,SWO,OK,ASW,CE,Federal Contract Tower,2,0,5,0,7,0,0,17,0,17,2,0,22,0,24,6,0,6,30
01/03/2017,SWO,OK,ASW,CE,Federal Contract Tower,4,0,7,0,11,0,0,12,0,12,4,0,19,0,23,14,0,14,37
01/04/2017,SWO,OK,ASW,CE,Federal Contract Tower,2,0,10,3,15,0,3,26,5,34,2,3,36,8,49,52,18,70,119
01/05/2017,SWO,OK,ASW,CE,Federal Contract Tower,2,0,7,4,13,0,0,34,0,34,2,0,41,4,47,116,4,120,167
01/06/2017,SWO,OK,ASW,CE,Federal Contract Tower,4,0,1,1,6,0,1,6,1,8,4,1,7,2,14,0,4,4,18
01/07/2017,SWO,OK,ASW,CE,Federal Contract Tower,4,1,6,0,11,0,1,27,2,30,4,2,33,2,41,30,0,30,71
01/08/2017,SWO,OK,ASW,CE,Federal Contract Tower,1,0,5,5,11,0,0,33,3,36,1,0,38,8,47,56,0,56,103
01/09/2017,SWO,OK,ASW,CE,Federal Contract Tower,4,0,14,1,19,0,0,48,3,51,4,0,62,4,70,80,6,86,156
01/10/2017,SWO,OK,ASW,CE,Federal Contract Tower,2,2,9,2,15,0,2,52,7,61,2,4,61,9,76,38,10,48,124
01/11/2017,SWO,OK,ASW,CE,Federal Contract Tower,2,0,7,2,11,0,0,46,4,50,2,0,53,6,61,64,10,74,135
01/12/2017,SWO,OK,ASW,CE,Federal Contract Tower,2,0,11,2,15,0,4,43,8,55,2,4,54,10,70,82,18,100,170
01/13/2017,SWO,OK,ASW,CE,Federal Contract Tower,3,0,0,0,3,0,0,0,0,0,3,0,0,0,3,0,0,0,3
01/14/2017,SWO,OK,ASW,CE,Federal Contract Tower,1,0,0,0,1,0,0,0,0,0,1,0,0,0,1,0,0,0,1
01/15/2017,SWO,OK,ASW,CE,Federal Contract Tower,4,0,2,0,6,0,0,0,0,0,4,0,2,0,6,0,0,0,6
01/16/2017,SWO,OK,ASW,CE,Federal Contract Tower,3,0,7,0,10,0,1,3,0,4,3,1,10,0,14,20,0,20,34
01/17/2017,SWO,OK,ASW,CE,Federal Contract Tower,5,0,6,2,13,0,2,33,4,39,5,2,39,6,52,26,12,38,90
01/18/2017,SWO,OK,ASW,CE,Federal Contract Tower,2,0,6,6,14,0,0,63,2,65,2,0,69,8,79,208,0,208,287
01/19/2017,SWO,OK,ASW,CE,Federal Contract Tower,2,2,18,2,24,0,2,25,0,27,2,4,43,2,51,50,0,50,101
01/20/2017,SWO,OK,ASW,CE,Federal Contract Tower,3,1,7,0,11,0,2,86,0,88,3,3,93,0,99,148,0,148,247
01/21/2017,SWO,OK,ASW,CE,Federal Contract Tower,4,0,3,1,8,0,3,47,2,52,4,3,50,3,60,168,0,168,228
01/22/2017,SWO,OK,ASW,CE,Federal Contract Tower,2,0,4,3,9,0,2,7,1,10,2,2,11,4,19,12,0,12,31
01/23/2017,SWO,OK,ASW,CE,Federal Contract Tower,2,1,21,0,24,1,3,134,3,141,3,4,155,3,165,216,8,224,389
01/24/2017,SWO,OK,ASW,CE,Federal Contract Tower,2,1,16,2,21,0,0,71,4,75,2,1,87,6,96,124,20,144,240
01/25/2017,SWO,OK,ASW,CE,Federal Contract Tower,2,0,15,2,19,0,2,102,4,108,2,2,117,6,127,188,16,204,331
01/26/2017,SWO,OK,ASW,CE,Federal Contract Tower,2,0,22,0,24,0,4,126,0,130,2,4,148,0,154,152,0,152,306
01/27/2017,SWO,OK,ASW,CE,Federal Contract Tower,2,2,11,3,18,0,4,132,6,142,2,6,143,9,160,244,14,258,418
01/28/2017,SWO,OK,ASW,CE,Federal Contract Tower,2,3,7,0,12,0,2,47,0,49,2,5,54,0,61,62,0,62,123
01/29/2017,SWO,OK,ASW,CE,Federal Contract Tower,2,0,7,1,10,0,3,54,0,57,2,3,61,1,67,170,0,170,237
01/30/2017,SWO,OK,ASW,CE,Federal Contract Tower,2,0,26,3,31,0,0,163,2,165,2,0,189,5,196,286,18,304,500
01/31/2017,SWO,OK,ASW,CE,Federal Contract Tower,1,6,20,0,27,0,0,111,1,112,1,6,131,1,139,196,6,202,341
02/01/2017,SWO,OK,ASW,CE,Federal Contract Tower,2,0,23,2,27,0,2,127,4,133,2,2,150,6,160,254,11,265,425
02/02/2017,SWO,OK,ASW,CE,Federal Contract Tower,2,2,21,1,26,0,0,81,4,85,2,2,102,5,111,236,4,240,351
02/03/2017,SWO,OK,ASW,CE,Federal Contract Tower,2,6,15,2,25,0,6,102,1,109,2,12,117,3,134,302,0,302,436
02/04/2017,SWO,OK,ASW,CE,Federal Contract Tower,1,1,10,1,13,0,3,29,0,32,1,4,39,1,45,74,0,74,119
02/05/2017,SWO,OK,ASW,CE,Federal Contract Tower,2,0,7,2,11,0,0,13,0,13,2,0,20,2,24,76,0,76,100
02/06/2017,SWO,OK,ASW,CE,Federal Contract Tower,2,2,20,0,24,0,3,67,0,70,2,5,87,0,94,55,0,55,149
02/07/2017,SWO,OK,ASW,CE,Federal Contract Tower,4,0,24,0,28,0,0,116,1,117,4,0,140,1,145,196,6,202,347
02/08/2017,SWO,OK,ASW,CE,Federal Contract Tower,2,0,15,15,32,0,1,81,6,88,2,1,96,21,120,172,16,188,308
02/09/2017,SWO,OK,ASW,CE,Federal Contract Tower,2,0,19,5,26,0,2,90,7,99,2,2,109,12,125,173,0,173,298
02/10/2017,SWO,OK,ASW,CE,Federal Contract Tower,5,2,8,0,15,0,1,105,0,106,5,3,113,0,121,156,0,156,277
02/11/2017,SWO,OK,ASW,CE,Federal Contract Tower,4,0,11,1,16,0,0,76,1,77,4,0,87,2,93,60,0,60,153
02/12/2017,SWO,OK,ASW,CE,Federal Contract Tower,2,1,2,1,6,0,1,10,1,12,2,2,12,2,18,44,18,62,80
02/13/2017,SWO,OK,ASW,CE,Federal Contract Tower,3,0,9,1,13,0,3,89,6,98,3,3,98,7,111,186,0,186,297
02/14/2017,SWO,OK,ASW,CE,Federal Contract Tower,1,0,14,0,15,0,0,39,1,40,1,0,53,1,55,124,0,124,179
02/15/2017,SWO,OK,ASW,CE,Federal Contract Tower,2,1,25,0,28,0,1,156,3,160,2,2,181,3,188,256,0,256,444
02/16/2017,SWO,OK,ASW,CE,Federal Contract Tower,2,2,25,0,29,0,4,140,3,147,2,6,165,3,176,180,0,180,356
02/17/2017,SWO,OK,ASW,CE,Federal Contract Tower,5,3,19,2,29,0,6,146,2,154,5,9,165,4,183,214,0,214,397
02/18/2017,SWO,OK,ASW,CE,Federal Contract Tower,2,2,17,0,21,0,4,55,0,59,2,6,72,0,80,46,0,46,126
02/19/2017,SWO,OK,ASW,CE,Federal Contract Tower,2,7,14,0,23,0,0,14,0,14,2,7,28,0,37,72,0,72,109
02/20/2017,SWO,OK,ASW,CE,Federal Contract Tower,2,2,27,0,31,0,2,130,0,132,2,4,157,0,163,230,0,230,393
02/21/2017,SWO,OK,ASW,CE,Federal Contract Tower,2,3,27,2,34,0,5,149,7,161,2,8,176,9,195,326,0,326,521
02/22/2017,SWO,OK,ASW,CE,Federal Contract Tower,2,0,19,1,22,0,2,134,1,137,2,2,153,2,159,306,2,308,467
02/23/2017,SWO,OK,ASW,CE,Federal Contract Tower,2,0,26,0,28,0,3,131,2,136,2,3,157,2,164,126,0,126,290
02/24/2017,SWO,OK,ASW,CE,Federal Contract Tower,4,3,16,1,24,0,1,77,1,79,4,4,93,2,103,86,0,86,189
02/25/2017,SWO,OK,ASW,CE,Federal Contract Tower,3,1,16,0,20,0,5,93,0,98,3,6,109,0,118,84,0,84,202
02/26/2017,SWO,OK,ASW,CE,Federal Contract Tower,4,0,9,0,13,0,2,31,0,33,4,2,40,0,46,60,0,60,106
02/27/2017,SWO,OK,ASW,CE,Federal Contract Tower,0,4,23,0,27,0,2,79,0,81,0,6,102,0,108,120,0,120,228
02/28/2017,SWO,OK,ASW,CE,Federal Contract Tower,0,2,16,1,19,0,0,67,2,69,0,2,83,3,88,164,14,178,266
03/01/2017,SWO,OK,ASW,CE,Federal Contract Tower,2,0,16,0,18,0,2,125,0,127,2,2,141,0,145,200,0,200,345
03/02/2017,SWO,OK,ASW,CE,Federal Contract Tower,0,2,13,4,19,0,6,139,0,145,0,8,152,4,164,210,0,210,374
03/03/2017,SWO,OK,ASW,CE,Federal Contract Tower,0,4,17,0,21,0,4,129,3,136,0,8,146,3,157,208,16,224,381
03/04/2017,SWO,OK,ASW,CE,Federal Contract Tower,0,4,8,0,12,0,3,65,0,68,0,7,73,0,80,60,0,60,140
03/05/2017,SWO,OK,ASW,CE,Federal Contract Tower,0,2,12,7,21,0,3,2,0,5,0,5,14,7,26,40,0,40,66
03/06/2017,SWO,OK,ASW,CE,Federal Contract Tower,0,2,10,0,12,0,0,38,0,38,0,2,48,0,50,40,0,40,90
03/07/2017,SWO,OK,ASW,CE,Federal Contract Tower,0,2,18,3,23,0,3,120,5,128,0,5,138,8,151,310,26,336,487
03/08/2017,SWO,OK,ASW,CE,Federal Contract Tower,0,4,18,1,23,0,2,157,1,160,0,6,175,2,183,234,2,236,419
03/09/2017,SWO,OK,ASW,CE,Federal Contract Tower,0,2,26,0,28,0,5,122,1,128,0,7,148,1,156,156,12,168,324
03/10/2017,SWO,OK,ASW,CE,Federal Contract Tower,0,2,10,0,12,0,1,93,3,97,0,3,103,3,109,130,2,132,241
03/11/2017,SWO,OK,ASW,CE,Federal Contract Tower,0,6,3,0,9,0,0,0,0,0,0,6,3,0,9,0,0,0,9
03/12/2017,SWO,OK,ASW,CE,Federal Contract Tower,0,2,9,0,11,0,0,12,0,12,0,2,21,0,23,10,0,10,33
03/13/2017,SWO,OK,ASW,CE,Federal Contract Tower,0,4,12,2,18,0,0,53,0,53,0,4,65,2,71,94,10,104,175
03/14/2017,SWO,OK,ASW,CE,Federal Contract Tower,0,2,16,3,21,0,1,84,1,86,0,3,100,4,107,214,10,224,331
03/15/2017,SWO,OK,ASW,CE,Federal Contract Tower,1,3,24,0,28,0,2,66,2,70,1,5,90,2,98,88,0,88,186
03/16/2017,SWO,OK,ASW,CE,Federal Contract Tower,0,2,10,2,14,0,1,35,0,36,0,3,45,2,50,66,0,66,116
03/17/2017,SWO,OK,ASW,CE,Federal Contract Tower,0,2,15,5,22,0,0,21,0,21,0,2,36,5,43,38,0,38,81
03/18/2017,SWO,OK,ASW,CE,Federal Contract Tower,0,3,11,0,14,0,2,61,0,63,0,5,72,0,77,16,0,16,93
03/19/2017,SWO,OK,ASW,CE,Federal Contract Tower,0,6,7,0,13,0,4,25,0,29,0,10,32,0,42,24,0,24,66
03/20/2017,SWO,OK,ASW,CE,Federal Contract Tower,2,0,16,2,20,0,2,125,2,129,2,2,141,4,149,304,2,306,455
03/21/2017,SWO,OK,ASW,CE,Federal Contract Tower,0,2,12,0,14,0,0,102,1,103,0,2,114,1,117,202,6,208,325
03/22/2017,SWO,OK,ASW,CE,Federal Contract Tower,0,2,26,2,30,0,2,126,0,128,0,4,152,2,158,252,0,252,410
03/23/2017,SWO,OK,ASW,CE,Federal Contract Tower,0,5,20,0,25,0,1,57,0,58,0,6,77,0,83,90,0,90,173
03/24/2017,SWO,OK,ASW,CE,Federal Contract Tower,0,2,13,1,16,0,5,81,2,88,0,7,94,3,104,168,14,182,286
03/25/2017,SWO,OK,ASW,CE,Federal Contract Tower,0,2,11,0,13,0,0,16,0,16,0,2,27,0,29,36,0,36,65
03/26/2017,SWO,OK,ASW,CE,Federal Contract Tower,0,3,4,0,7,0,4,33,0,37,0,7,37,0,44,28,0,28,72
03/28/2017,SWO,OK,ASW,CE,Federal Contract Tower,0,2,7,0,9,0,2,30,0,32,0,4,37,0,41,128,0,128,169
03/29/2017,SWO,OK,ASW,CE,Federal Contract Tower,0,2,11,6,19,0,3,28,1,32,0,5,39,7,51,44,6,50,101
03/30/2017,SWO,OK,ASW,CE,Federal Contract Tower,0,2,21,0,23,0,3,49,0,52,0,5,70,0,75,80,0,80,155
03/31/2017,SWO,OK,ASW,CE,Federal Contract Tower,0,4,22,0,26,0,4,80,0,84,0,8,102,0,110,228,0,228,338
04/01/2017,SWO,OK,ASW,CE,Federal Contract Tower,0,5,8,0,13,0,2,28,0,30,0,7,36,0,43,68,0,68,111
04/02/2017,SWO,OK,ASW,CE,Federal Contract Tower,0,8,2,0,10,0,0,6,0,6,0,8,8,0,16,68,0,68,84
04/03/2017,SWO,OK,ASW,CE,Federal Contract Tower,0,2,17,0,19,0,4,124,0,128,0,6,141,0,147,228,0,228,375
04/04/2017,SWO,OK,ASW,CE,Federal Contract Tower,0,2,16,2,20,0,1,58,0,59,0,3,74,2,79,232,0,232,311
04/05/2017,SWO,OK,ASW,CE,Federal Contract Tower,0,2,7,0,9,0,0,60,0,60,0,2,67,0,69,92,0,92,161
04/06/2017,SWO,OK,ASW,CE,Federal Contract Tower,0,2,27,2,31,0,2,161,0,163,0,4,188,2,194,244,6,250,444
04/07/2017,SWO,OK,ASW,CE,Federal Contract Tower,0,2,28,9,39,0,6,154,6,166,0,8,182,15,205,188,20,208,413
04/08/2017,SWO,OK,ASW,CE,Federal Contract Tower,0,3,16,1,20,0,5,65,0,70,0,8,81,1,90,80,20,100,190
04/09/2017,SWO,OK,ASW,CE,Federal Contract Tower,0,4,3,0,7,0,0,22,0,22,0,4,25,0,29,32,0,32,61
04/10/2017,SWO,OK,ASW,CE,Federal Contract Tower,0,2,26,2,30,0,0,140,3,143,0,2,166,5,173,310,14,324,497
04/11/2017,SWO,OK,ASW,CE,Federal Contract Tower,0,2,17,0,19,0,4,142,4,150,0,6,159,4,169,334,0,334,503
04/12/2017,SWO,OK,ASW,CE,Federal Contract Tower,0,2,22,1,25,0,2,89,0,91,0,4,111,1,116,206,0,206,322
04/13/2017,SWO,OK,ASW,CE,Federal Contract Tower,0,2,11,3,16,0,0,54,11,65,0,2,65,14,81,150,8,158,239
04/14/2017,SWO,OK,ASW,CE,Federal Contract Tower,0,2,10,1,13,0,2,88,6,96,0,4,98,7,109,82,2,84,193
04/15/2017,SWO,OK,ASW,CE,Federal Contract Tower,0,6,4,0,10,0,0,35,2,37,0,6,39,2,47,110,6,116,163
04/16/2017,SWO,OK,ASW,CE,Federal Contract Tower,0,2,5,0,7,0,2,14,0,16,0,4,19,0,23,28,0,28,51
04/17/2017,SWO,OK,ASW,CE,Federal Contract Tower,0,2,11,6,19,0,0,79,1,80,0,2,90,7,99,218,0,218,317
04/18/2017,SWO,OK,ASW,CE,Federal Contract Tower,0,4,11,1,16,0,1,93,1,95,0,5,104,2,111,230,0,230,341
04/19/2017,SWO,OK,ASW,CE,Federal Contract Tower,0,2,21,4,27,0,0,81,3,84,0,2,102,7,111,230,0,230,341
04/20/2017,SWO,OK,ASW,CE,Federal Contract Tower,0,2,16,0,18,0,2,58,1,61,0,4,74,1,79,178,0,178,257
04/21/2017,SWO,OK,ASW,CE,Federal Contract Tower,0,9,4,1,14,0,0,0,0,0,0,9,4,1,14,0,0,0,14
04/22/2017,SWO,OK,ASW,CE,Federal Contract Tower,0,5,11,0,16,0,2,51,2,55,0,7,62,2,71,58,0,58,129
04/23/2017,SWO,OK,ASW,CE,Federal Contract Tower,0,3,10,1,14,0,0,65,0,65,0,3,75,1,79,100,0,100,179
04/24/2017,SWO,OK,ASW,CE,Federal Contract Tower,0,2,15,0,17,0,0,121,2,123,0,2,136,2,140,266,0,266,406
04/25/2017,SWO,OK,ASW,CE,Federal Contract Tower,0,4,11,10,25,0,3,119,5,127,0,7,130,15,152,230,4,234,386
04/26/2017,SWO,OK,ASW,CE,Federal Contract Tower,0,3,16,2,21,0,1,49,1,51,0,4,65,3,72,188,2,190,262
04/27/2017,SWO,OK,ASW,CE,Federal Contract Tower,0,6,12,1,19,0,0,100,3,103,0,6,112,4,122,182,0,182,304
04/28/2017,SWO,OK,ASW,CE,Federal Contract Tower,0,2,15,2,19,0,0,94,1,95,0,2,109,3,114,152,4,156,270
04/29/2017,SWO,OK,ASW,CE,Federal Contract Tower,0,2,1,0,3,0,0,0,0,0,0,2,1,0,3,0,0,0,3
04/30/2017,SWO,OK,ASW,CE,Federal Contract Tower,0,5,5,0,10,0,0,7,0,7,0,5,12,0,17,0,0,0,17
05/01/2017,SWO,OK,ASW,CE,Federal Contract Tower,0,2,18,0,20,0,7,109,3,119,0,9,127,3,139,148,8,156,295
05/02/2017,SWO,OK,ASW,CE,Federal Contract Tower,0,2,16,0,18,0,0,143,3,146,0,2,159,3,164,200,0,200,364
05/03/2017,SWO,OK,ASW,CE,Federal Contract Tower,0,2,14,1,17,0,1,37,2,40,0,3,51,3,57,124,10,134,191
05/04/2017,SWO,OK,ASW,CE,Federal Contract Tower,0,2,16,4,22,0,0,103,2,105,0,2,119,6,127,170,0,170,297
05/05/2017,SWO,OK,ASW,CE,Federal Contract Tower,0,4,24,3,31,0,1,156,7,164,0,5,180,10,195,198,6,204,399
05/06/2017,SWO,OK,ASW,CE,Federal Contract Tower,0,2,20,0,22,0,6,83,2,91,0,8,103,2,113,76,0,76,189
05/07/2017,SWO,OK,ASW,CE,Federal Contract Tower,0,3,7,0,10,0,3,17,0,20,0,6,24,0,30,12,0,12,42
05/08/2017,SWO,OK,ASW,CE,Federal Contract Tower,0,2,24,0,26,0,0,111,7,118,0,2,135,7,144,186,6,192,336
05/09/2017,SWO,OK,ASW,CE,Federal Contract Tower,0,3,21,0,24,0,8,110,6,124,0,11,131,6,148,278,8,286,434
05/10/2017,SWO,OK,ASW,CE,Federal Contract Tower,0,2,6,0,8,0,1,18,4,23,0,3,24,4,31,0,40,40,71
05/11/2017,SWO,OK,ASW,CE,Federal Contract Tower,0,3,17,0,20,0,0,7,0,7,0,3,24,0,27,0,0,0,27
05/12/2017,SWO,OK,ASW,CE,Federal Contract Tower,0,3,11,0,14,0,4,39,2,45,0,7,50,2,59,76,0,76,135
05/13/2017,SWO,OK,ASW,CE,Federal Contract Tower,0,8,16,0,24,0,2,39,0,41,0,10,55,0,65,32,0,32,97
05/14/2017,SWO,OK,ASW,CE,Federal Contract Tower,0,2,7,0,9,0,0,35,0,35,0,2,42,0,44,34,0,34,78
05/15/2017,SWO,OK,ASW,CE,Federal Contract Tower,0,5,14,2,21,0,3,82,2,87,0,8,96,4,108,122,8,130,238
05/16/2017,SWO,OK,ASW,CE,Federal Contract Tower,0,3,18,4,25,0,3,59,0,62,0,6,77,4,87,122,0,122,209
05/17/2017,SWO,OK,ASW,CE,Federal Contract Tower,0,5,13,0,18,0,3,28,0,31,0,8,41,0,49,52,0,52,101
05/18/2017,SWO,OK,ASW,CE,Federal Contract Tower,0,3,19,0,22,0,1,51,0,52,0,4,70,0,74,72,0,72,146
05/19/2017,SWO,OK,ASW,CE,Federal Contract Tower,0,2,11,0,13,0,4,33,0,37,0,6,44,0,50,54,0,54,104
05/20/2017,SWO,OK,ASW,CE,Federal Contract Tower,0,4,4,0,8,0,5,30,0,35,0,9,34,0,43,52,0,52,95
05/21/2017,SWO,OK,ASW,CE,Federal Contract Tower,0,2,6,0,8,0,4,60,2,66,0,6,66,2,74,115,0,115,189
05/22/2017,SWO,OK,ASW,CE,Federal Contract Tower,0,4,13,0,17,0,4,80,0,84,0,8,93,0,101,152,0,152,253
05/23/2017,SWO,OK,ASW,CE,Federal Contract Tower,0,3,20,0,23,0,6,59,0,65,0,9,79,0,88,86,0,86,174
05/24/2017,SWO,OK,ASW,CE,Federal Contract Tower,0,3,19,0,22,0,2,128,0,130,0,5,147,0,152,170,0,170,322
05/25/2017,SWO,OK,ASW,CE,Federal Contract Tower,0,2,21,1,24,0,1,91,0,92,0,3,112,1,116,66,12,78,194
05/26/2017,SWO,OK,ASW,CE,Federal Contract Tower,0,3,19,0,22,0,5,92,0,97,0,8,111,0,119,122,0,122,241
05/27/2017,SWO,OK,ASW,CE,Federal Contract Tower,0,2,8,0,10,0,2,10,0,12,0,4,18,0,22,4,0,4,26
05/28/2017,SWO,OK,ASW,CE,Federal Contract Tower,0,2,0,0,2,0,2,12,0,14,0,4,12,0,16,4,0,4,20
05/29/2017,SWO,OK,ASW,CE,Federal Contract Tower,0,2,3,0,5,0,2,21,0,23,0,4,24,0,28,0,0,0,28
05/30/2017,SWO,OK,ASW,CE,Federal Contract Tower,0,5,19,0,24,0,0,95,3,98,0,5,114,3,122,178,4,182,304
05/31/2017,SWO,OK,ASW,CE,Federal Contract Tower,0,3,22,0,25,0,1,101,1,103,0,4,123,1,128,200,18,218,346
06/01/2017,SWO,OK,ASW,CE,Federal Contract Tower,0,3,8,3,14,0,4,60,3,67,0,7,68,6,81,164,0,164,245
06/02/2017,SWO,OK,ASW,CE,Federal Contract Tower,0,3,13,0,16,0,0,36,0,36,0,3,49,0,52,114,0,114,166
06/03/2017,SWO,OK,ASW,CE,Federal Contract Tower,0,11,8,0,19,0,1,7,0,8,0,12,15,0,27,60,0,60,87
06/04/2017,SWO,OK,ASW,CE,Federal Contract Tower,0,4,5,0,9,0,0,7,0,7,0,4,12,0,16,0,0,0,16
06/05/2017,SWO,OK,ASW,CE,Federal Contract Tower,0,4,13,0,17,0,4,69,0,73,0,8,82,0,90,122,0,122,212
06/06/2017,SWO,OK,ASW,CE,Federal Contract Tower,0,4,17,0,21,0,0,86,2,88,0,4,103,2,109,120,0,120,229
06/07/2017,SWO,OK,ASW,CE,Federal Contract Tower,0,6,23,2,31,0,3,97,2,102,0,9,120,4,133,150,10,160,293
06/08/2017,SWO,OK,ASW,CE,Federal Contract Tower,0,3,10,0,13,0,2,72,0,74,0,5,82,0,87,128,0,128,215
06/09/2017,SWO,OK,ASW,CE,Federal Contract Tower,0,4,13,4,21,0,2,60,2,64,0,6,73,6,85,66,0,66,151
06/10/2017,SWO,OK,ASW,CE,Federal Contract Tower,0,8,7,2,17,0,2,38,0,40,0,10,45,2,57,26,4,30,87
06/11/2017,SWO,OK,ASW,CE,Federal Contract Tower,0,4,9,2,15,0,3,28,0,31,0,7,37,2,46,22,10,32,78
06/12/2017,SWO,OK,ASW,CE,Federal Contract Tower,0,4,13,2,19,0,2,49,0,51,0,6,62,2,70,66,0,66,136
06/13/2017,SWO,OK,ASW,CE,Federal Contract Tower,0,6,5,0,11,0,5,56,0,61,0,11,61,0,72,112,0,112,184
06/14/2017,SWO,OK,ASW,CE,Federal Contract Tower,0,4,14,0,18,0,0,74,1,75,0,4,88,1,93,122,2,124,217
06/15/2017,SWO,OK,ASW,CE,Federal Contract Tower,0,6,11,0,17,0,2,68,4,74,0,8,79,4,91,64,0,64,155
06/16/2017,SWO,OK,ASW,CE,Federal Contract Tower,0,4,15,0,19,0,0,51,0,51,0,4,66,0,70,102,0,102,172
06/17/2017,SWO,OK,ASW,CE,Federal Contract Tower,0,6,4,0,10,0,2,23,0,25,0,8,27,0,35,10,0,10,45
06/18/2017,SWO,OK,ASW,CE,Federal Contract Tower,0,4,7,0,11,0,3,22,3,28,0,7,29,3,39,56,0,56,95
06/19/2017,SWO,OK,ASW,CE,Federal Contract Tower,0,4,15,1,20,0,2,75,2,79,0,6,90,3,99,136,10,146,245
06/20/2017,SWO,OK,ASW,CE,Federal Contract Tower,0,4,14,3,21,0,2,87,5,94,0,6,101,8,115,146,0,146,261
06/21/2017,SWO,OK,ASW,CE,Federal Contract Tower,0,4,18,0,22,0,4,65,2,71,0,8,83,2,93,96,0,96,189
06/22/2017,SWO,OK,ASW,CE,Federal Contract Tower,0,4,23,2,29,0,3,75,1,79,0,7,98,3,108,78,2,80,188
06/23/2017,SWO,OK,ASW,CE,Federal Contract Tower,0,4,5,0,9,0,0,37,0,37,0,4,42,0,46,38,0,38,84
06/24/2017,SWO,OK,ASW,CE,Federal Contract Tower,0,6,5,0,11,0,5,54,0,59,0,11,59,0,70,46,0,46,116
06/25/2017,SWO,OK,ASW,CE,Federal Contract Tower,0,4,5,7,16,0,3,30,1,34,0,7,35,8,50,110,0,110,160
06/26/2017,SWO,OK,ASW,CE,Federal Contract Tower,0,6,19,0,25,0,4,65,8,77,0,10,84,8,102,94,2,96,198
06/27/2017,SWO,OK,ASW,CE,Federal Contract Tower,0,4,20,1,25,0,4,67,2,73,0,8,87,3,98,84,14,98,196
06/28/2017,SWO,OK,ASW,CE,Federal Contract Tower,0,5,7,5,17,0,1,44,4,49,0,6,51,9,66,56,24,80,146
06/29/2017,SWO,OK,ASW,CE,Federal Contract Tower,0,4,12,1,17,0,1,52,0,53,0,5,64,1,70,52,14,66,136
06/30/2017,SWO,OK,ASW,CE,Federal Contract Tower,0,4,16,0,20,0,3,58,0,61,0,7,74,0,81,136,0,136,217
07/01/2017,SWO,OK,ASW,CE,Federal Contract Tower,0,3,2,0,5,0,2,23,0,25,0,5,25,0,30,26,0,26,56
07/02/2017,SWO,OK,ASW,CE,Federal Contract Tower,0,4,0,0,4,0,2,4,0,6,0,6,4,0,10,22,0,22,32
07/03/2017,SWO,OK,ASW,CE,Federal Contract Tower,0,4,0,0,4,0,1,3,0,4,0,5,3,0,8,30,0,30,38
07/04/2017,SWO,OK,ASW,CE,Federal Contract Tower,0,4,2,0,6,0,3,12,0,15,0,7,14,0,21,0,0,0,21
07/05/2017,SWO,OK,ASW,CE,Federal Contract Tower,0,7,8,4,19,0,6,24,1,31,0,13,32,5,50,34,0,34,84
07/06/2017,SWO,OK,ASW,CE,Federal Contract Tower,0,5,11,4,20,0,6,89,2,97,0,11,100,6,117,184,0,184,301
07/07/2017,SWO,OK,ASW,CE,Federal Contract Tower,0,4,10,2,16,0,0,64,0,64,0,4,74,2,80,98,0,98,178
07/08/2017,SWO,OK,ASW,CE,Federal Contract Tower,0,6,9,0,15,0,2,38,0,40,0,8,47,0,55,50,0,50,105
07/09/2017,SWO,OK,ASW,CE,Federal Contract Tower,0,4,11,1,16,0,1,30,1,32,0,5,41,2,48,26,0,26,74
07/10/2017,SWO,OK,ASW,CE,Federal Contract Tower,0,4,10,0,14,0,1,87,0,88,0,5,97,0,102,110,0,110,212
07/11/2017,SWO,OK,ASW,CE,Federal Contract Tower,0,4,15,1,20,0,0,75,2,77,0,4,90,3,97,146,0,146,243
07/12/2017,SWO,OK,ASW,CE,Federal Contract Tower,0,5,15,3,23,0,3,68,0,71,0,8,83,3,94,120,0,120,214
07/13/2017,SWO,OK,ASW,CE,Federal Contract Tower,0,9,11,1,21,2,4,75,1,82,2,13,86,2,103,82,0,82,185
07/14/2017,SWO,OK,ASW,CE,Federal Contract Tower,0,5,7,6,18,0,4,73,1,78,0,9,80,7,96,72,64,136,232
07/15/2017,SWO,OK,ASW,CE,Federal Contract Tower,0,4,5,0,9,0,4,52,0,56,0,8,57,0,65,80,0,80,145
07/16/2017,SWO,OK,ASW,CE,Federal Contract Tower,0,4,10,0,14,0,0,43,0,43,0,4,53,0,57,56,0,56,113
07/17/2017,SWO,OK,ASW,CE,Federal Contract Tower,0,5,10,7,22,0,3,53,0,56,0,8,63,7,78,134,0,134,212
07/18/2017,SWO,OK,ASW,CE,Federal Contract Tower,0,10,12,2,24,0,0,86,2,88,0,10,98,4,112,142,0,142,254
07/19/2017,SWO,OK,ASW,CE,Federal Contract Tower,0,4,9,0,13,0,0,94,0,94,0,4,103,0,107,134,0,134,241
07/20/2017,SWO,OK,ASW,CE,Federal Contract Tower,0,4,18,0,22,0,3,80,0,83,0,7,98,0,105,112,0,112,217
07/21/2017,SWO,OK,ASW,CE,Federal Contract Tower,0,3,15,0,18,0,6,53,4,63,0,9,68,4,81,54,0,54,135
07/22/2017,SWO,OK,ASW,CE,Federal Contract Tower,0,8,4,2,14,0,0,41,0,41,0,8,45,2,55,62,0,62,117
07/23/2017,SWO,OK,ASW,CE,Federal Contract Tower,0,7,0,0,7,0,0,16,0,16,0,7,16,0,23,14,0,14,37
07/24/2017,SWO,OK,ASW,CE,Federal Contract Tower,0,7,7,7,21,0,1,59,1,61,0,8,66,8,82,106,0,106,188
07/25/2017,SWO,OK,ASW,CE,Federal Contract Tower,0,4,12,2,18,0,6,57,2,65,0,10,69,4,83,90,6,96,179
07/26/2017,SWO,OK,ASW,CE,Federal Contract Tower,0,8,17,2,27,0,0,78,4,82,0,8,95,6,109,84,0,84,193
07/27/2017,SWO,OK,ASW,CE,Federal Contract Tower,0,4,7,2,13,0,3,39,0,42,0,7,46,2,55,90,0,90,145
07/28/2017,SWO,OK,ASW,CE,Federal Contract Tower,0,5,20,1,26,0,3,37,3,43,0,8,57,4,69,108,0,108,177
07/29/2017,SWO,OK,ASW,CE,Federal Contract Tower,0,5,11,2,18,0,1,45,5,51,0,6,56,7,69,46,14,60,129
07/30/2017,SWO,OK,ASW,CE,Federal Contract Tower,0,4,9,0,13,0,0,23,0,23,0,4,32,0,36,32,0,32,68
07/31/2017,SWO,OK,ASW,CE,Federal Contract Tower,0,4,25,2,31,0,2,104,3,109,0,6,129,5,140,132,10,142,282
08/01/2017,SWO,OK,ASW,CE,Federal Contract Tower,0,4,21,0,25,0,1,34,1,36,0,5,55,1,61,54,0,54,115
08/02/2017,SWO,OK,ASW,CE,Federal Contract Tower,0,5,18,0,23,0,1,90,0,91,0,6,108,0,114,100,0,100,214
08/03/2017,SWO,OK,ASW,CE,Federal Contract Tower,0,8,19,1,28,0,0,80,1,81,0,8,99,2,109,76,16,92,201
08/04/2017,SWO,OK,ASW,CE,Federal Contract Tower,0,4,8,0,12,0,0,56,2,58,0,4,64,2,70,56,0,56,126
08/05/2017,SWO,OK,ASW,CE,Federal Contract Tower,0,9,5,0,14,0,3,22,0,25,0,12,27,0,39,16,0,16,55
08/06/2017,SWO,OK,ASW,CE,Federal Contract Tower,0,4,2,0,6,0,0,13,0,13,0,4,15,0,19,26,0,26,45
08/07/2017,SWO,OK,ASW,CE,Federal Contract Tower,0,4,13,0,17,0,4,35,1,40,0,8,48,1,57,40,0,40,97
08/08/2017,SWO,OK,ASW,CE,Federal Contract Tower,0,4,24,0,28,0,5,92,0,97,0,9,116,0,125,144,0,144,269
08/09/2017,SWO,OK,ASW,CE,Federal Contract Tower,0,4,19,3,26,0,2,70,1,73,0,6,89,4,99,60,0,60,159
08/10/2017,SWO,OK,ASW,CE,Federal Contract Tower,0,4,10,2,16,0,2,55,5,62,0,6,65,7,78,50,32,82,160
08/11/2017,SWO,OK,ASW,CE,Federal Contract Tower,0,4,10,2,16,0,1,27,1,29,0,5,37,3,45,72,0,72,117
08/12/2017,SWO,OK,ASW,CE,Federal Contract Tower,0,4,1,0,5,0,0,4,0,4,0,4,5,0,9,22,0,22,31
08/13/2017,SWO,OK,ASW,CE,Federal Contract Tower,0,4,0,0,4,0,2,7,0,9,0,6,7,0,13,0,0,0,13
08/14/2017,SWO,OK,ASW,CE,Federal Contract Tower,0,4,9,2,15,0,2,39,2,43,0,6,48,4,58,88,8,96,154
08/15/2017,SWO,OK,ASW,CE,Federal Contract Tower,0,4,11,0,15,0,4,17,0,21,0,8,28,0,36,12,0,12,48
08/16/2017,SWO,OK,ASW,CE,Federal Contract Tower,0,4,6,4,14,0,5,48,2,55,0,9,54,6,69,90,10,100,169
08/17/2017,SWO,OK,ASW,CE,Federal Contract Tower,0,4,23,0,27,0,1,105,4,110,0,5,128,4,137,140,0,140,277
08/18/2017,SWO,OK,ASW,CE,Federal Contract Tower,0,5,15,4,24,0,0,66,1,67,0,5,81,5,91,110,20,130,221
08/19/2017,SWO,OK,ASW,CE,Federal Contract Tower,0,4,11,0,15,0,12,52,0,64,0,16,63,0,79,74,0,74,153
08/20/2017,SWO,OK,ASW,CE,Federal Contract Tower,0,4,14,0,18,0,4,34,12,50,0,8,48,12,68,44,0,44,112
08/21/2017,SWO,OK,ASW,CE,Federal Contract Tower,0,5,8,3,16,0,1,79,2,82,0,6,87,5,98,136,0,136,234
08/22/2017,SWO,OK,ASW,CE,Federal Contract Tower,0,2,7,5,14,0,0,53,1,54,0,2,60,6,68,80,0,80,148
08/23/2017,SWO,OK,ASW,CE,Federal Contract Tower,0,3,21,0,24,0,1,114,2,117,0,4,135,2,141,180,0,180,321
08/24/2017,SWO,OK,ASW,CE,Federal Contract Tower,0,4,13,2,19,0,3,90,3,96,0,7,103,5,115,136,0,136,251
08/25/2017,SWO,OK,ASW,CE,Federal Contract Tower,0,2,10,0,12,0,0,81,2,83,0,2,91,2,95,114,0,114,209
08/26/2017,SWO,OK,ASW,CE,Federal Contract Tower,0,3,7,2,12,0,0,41,2,43,0,3,48,4,55,296,0,296,351
08/27/2017,SWO,OK,ASW,CE,Federal Contract Tower,0,4,5,2,11,0,0,54,1,55,0,4,59,3,66,52,4,56,122
08/28/2017,SWO,OK,ASW,CE,Federal Contract Tower,0,2,18,1,21,0,0,121,1,122,0,2,139,2,143,148,0,148,291
08/29/2017,SWO,OK,ASW,CE,Federal Contract Tower,0,5,15,0,20,0,2,144,7,153,0,7,159,7,173,208,2,210,383
08/30/2017,SWO,OK,ASW,CE,Federal Contract Tower,0,2,9,0,11,0,4,142,0,146,0,6,151,0,157,254,0,254,411
08/31/2017,SWO,OK,ASW,CE,Federal Contract Tower,0,22,43,1,66,0,2,131,8,141,0,24,174,9,207,134,0,134,341
09/01/2017,SWO,OK,ASW,CE,Federal Contract Tower,0,3,14,0,17,0,7,112,0,119,0,10,126,0,136,182,0,182,318
09/02/2017,SWO,OK,ASW,CE,Federal Contract Tower,0,3,4,0,7,0,3,50,0,53,0,6,54,0,60,90,0,90,150
09/03/2017,SWO,OK,ASW,CE,Federal Contract Tower,0,3,0,0,3,0,4,22,0,26,0,7,22,0,29,62,0,62,91
09/04/2017,SWO,OK,ASW,CE,Federal Contract Tower,0,2,10,0,12,0,2,36,0,38,0,4,46,0,50,0,0,0,50
09/05/2017,SWO,OK,ASW,CE,Federal Contract Tower,0,3,11,2,16,0,0,110,3,113,0,3,121,5,129,182,10,192,321
09/06/2017,SWO,OK,ASW,CE,Federal Contract Tower,0,4,8,5,17,0,4,125,8,137,0,8,133,13,154,204,20,224,378
09/07/2017,SWO,OK,ASW,CE,Federal Contract Tower,2,2,22,3,29,0,2,139,7,148,2,4,161,10,177,198,8,206,383
09/08/2017,SWO,OK,ASW,CE,Federal Contract Tower,0,2,16,4,22,0,2,126,9,137,0,4,142,13,159,148,40,188,347
09/09/2017,SWO,OK,ASW,CE,Federal Contract Tower,0,6,9,0,15,0,4,87,0,91,0,10,96,0,106,124,0,124,230
09/10/2017,SWO,OK,ASW,CE,Federal Contract Tower,0,2,2,0,4,0,1,45,0,46,0,3,47,0,50,96,0,96,146
09/11/2017,SWO,OK,ASW,CE,Federal Contract Tower,0,2,16,3,21,0,8,116,5,129,0,10,132,8,150,194,18,212,362
09/12/2017,SWO,OK,ASW,CE,Federal Contract Tower,0,2,19,5,26,0,2,135,5,142,0,4,154,10,168,202,22,224,392
09/13/2017,SWO,OK,ASW,CE,Federal Contract Tower,0,4,15,1,20,0,0,124,0,124,0,4,139,1,144,114,0,114,258
09/14/2017,SWO,OK,ASW,CE,Federal Contract Tower,0,2,15,6,23,0,6,108,2,116,0,8,123,8,139,142,2,144,283
09/15/2017,SWO,OK,ASW,CE,Federal Contract Tower,2,2,12,3,19,0,2,77,1,80,2,4,89,4,99,86,0,86,185
09/16/2017,SWO,OK,ASW,CE,Federal Contract Tower,2,4,9,0,15,0,6,57,0,63,2,10,66,0,78,46,0,46,124
09/17/2017,SWO,OK,ASW,CE,Federal Contract Tower,0,2,3,0,5,0,1,8,0,9,0,3,11,0,14,10,0,10,24
09/18/2017,SWO,OK,ASW,CE,Federal Contract Tower,0,4,18,2,24,0,2,104,0,106,0,6,122,2,130,202,0,202,332
09/19/2017,SWO,OK,ASW,CE,Federal Contract Tower,0,2,10,0,12,0,3,90,1,94,0,5,100,1,106,80,8,88,194
09/20/2017,SWO,OK,ASW,CE,Federal Contract Tower,2,0,18,3,23,0,0,130,3,133,2,0,148,6,156,174,4,178,334
09/21/2017,SWO,OK,ASW,CE,Federal Contract Tower,0,5,21,6,32,0,5,113,5,123,0,10,134,11,155,120,10,130,285
09/22/2017,SWO,OK,ASW,CE,Federal Contract Tower,0,5,15,0,20,0,4,92,6,102,0,9,107,6,122,164,0,164,286
09/23/2017,SWO,OK,ASW,CE,Federal Contract Tower,1,18,54,0,73,0,2,79,1,82,1,20,133,1,155,26,0,26,181
09/24/2017,SWO,OK,ASW,CE,Federal Contract Tower,0,3,12,4,19,0,0,49,4,53,0,3,61,8,72,88,2,90,162
09/25/2017,SWO,OK,ASW,CE,Federal Contract Tower,0,2,23,11,36,0,2,130,7,139,0,4,153,18,175,218,0,218,393
09/26/2017,SWO,OK,ASW,CE,Federal Contract Tower,0,4,8,0,12,0,0,0,0,0,0,4,8,0,12,0,0,0,12
09/27/2017,SWO,OK,ASW,CE,Federal Contract Tower,0,2,37,0,39,0,0,0,0,0,0,2,37,0,39,0,0,0,39
09/28/2017,SWO,OK,ASW,CE,Federal Contract Tower,0,2,29,1,32,0,1,132,2,135,0,3,161,3,167,168,20,188,355
09/29/2017,SWO,OK,ASW,CE,Federal Contract Tower,2,2,22,2,28,0,5,111,3,119,2,7,133,5,147,158,6,164,311
09/30/2017,SWO,OK,ASW,CE,Federal Contract Tower,0,6,3,0,9,0,6,79,0,85,0,12,82,0,94,156,0,156,250
10/01/2017,SWO,OK,ASW,CE,Federal Contract Tower,0,2,11,0,13,0,5,34,0,39,0,7,45,0,52,120,0,120,172
10/02/2017,SWO,OK,ASW,CE,Federal Contract Tower,0,3,15,0,18,0,8,123,0,131,0,11,138,0,149,212,0,212,361
10/03/2017,SWO,OK,ASW,CE,Federal Contract Tower,0,2,23,20,45,0,0,78,0,78,0,2,101,20,123,234,6,240,363
10/04/2017,SWO,OK,ASW,CE,Federal Contract Tower,0,4,3,0,7,0,0,0,0,0,0,4,3,0,7,0,0,0,7
10/05/2017,SWO,OK,ASW,CE,Federal Contract Tower,0,2,25,2,29,0,2,102,2,106,0,4,127,4,135,184,0,184,319
10/06/2017,SWO,OK,ASW,CE,Federal Contract Tower,0,4,21,2,27,0,6,121,4,131,0,10,142,6,158,220,0,220,378
10/07/2017,SWO,OK,ASW,CE,Federal Contract Tower,0,7,12,0,19,0,6,81,0,87,0,13,93,0,106,228,0,228,334
10/08/2017,SWO,OK,ASW,CE,Federal Contract Tower,0,6,7,0,13,0,4,48,0,52,0,10,55,0,65,176,0,176,241
10/09/2017,SWO,OK,ASW,CE,Federal Contract Tower,0,5,9,0,14,0,8,100,0,108,0,13,109,0,122,218,0,218,340
10/10/2017,SWO,OK,ASW,CE,Federal Contract Tower,0,2,24,3,29,0,4,78,3,85,0,6,102,6,114,372,0,372,486
10/11/2017,SWO,OK,ASW,CE,Federal Contract Tower,0,4,12,4,20,0,2,126,6,134,0,6,138,10,154,272,26,298,452
10/12/2017,SWO,OK,ASW,CE,Federal Contract Tower,0,2,26,8,36,0,1,144,6,151,0,3,170,14,187,220,14,234,421
10/13/2017,SWO,OK,ASW,CE,Federal Contract Tower,0,10,28,1,39,0,9,110,2,121,0,19,138,3,160,164,14,178,338
10/14/2017,SWO,OK,ASW,CE,Federal Contract Tower,2,7,35,0,44,0,3,40,0,43,2,10,75,0,87,0,8,8,95
10/15/2017,SWO,OK,ASW,CE,Federal Contract Tower,0,7,8,1,16,0,0,25,3,28,0,7,33,4,44,0,16,16,60
10/16/2017,SWO,OK,ASW,CE,Federal Contract Tower,0,2,25,10,37,0,7,129,5,141,0,9,154,15,178,296,0,296,474
10/17/2017,SWO,OK,ASW,CE,Federal Contract Tower,0,2,22,1,25,0,7,116,1,124,0,9,138,2,149,222,2,224,373
10/18/2017,SWO,OK,ASW,CE,Federal Contract Tower,0,4,24,0,28,0,6,138,2,146,0,10,162,2,174,202,0,202,376
10/19/2017,SWO,OK,ASW,CE,Federal Contract Tower,0,2,27,17,46,0,8,133,7,148,0,10,160,24,194,136,20,156,350
10/20/2017,SWO,OK,ASW,CE,Federal Contract Tower,2,2,15,0,19,0,3,34,1,38,2,5,49,1,57,18,4,22,79
10/21/2017,SWO,OK,ASW,CE,Federal Contract Tower,2,0,7,0,9,0,5,11,0,16,2,5,18,0,25,50,0,50,75
10/22/2017,SWO,OK,ASW,CE,Federal Contract Tower,0,5,3,0,8,0,3,29,0,32,0,8,32,0,40,2,0,2,42
10/23/2017,SWO,OK,ASW,CE,Federal Contract Tower,0,2,26,0,28,0,12,104,0,116,0,14,130,0,144,180,0,180,324
10/24/2017,SWO,OK,ASW,CE,Federal Contract Tower,0,4,21,2,27,0,12,73,3,88,0,16,94,5,115,86,12,98,213
10/25/2017,SWO,OK,ASW,CE,Federal Contract Tower,0,3,22,6,31,0,12,143,4,159,0,15,165,10,190,256,12,268,458
10/26/2017,SWO,OK,ASW,CE,Federal Contract Tower,0,2,15,1,18,0,9,158,5,172,0,11,173,6,190,294,8,302,492
10/27/2017,SWO,OK,ASW,CE,Federal Contract Tower,2,2,24,3,31,0,1,94,1,96,2,3,118,4,127,130,0,130,257
10/28/2017,SWO,OK,ASW,CE,Federal Contract Tower,2,0,10,0,12,0,4,69,0,73,2,4,79,0,85,132,0,132,217
10/29/2017,SWO,OK,ASW,CE,Federal Contract Tower,0,4,4,1,9,0,3,25,3,31,0,7,29,4,40,20,10,30,70
10/30/2017,SWO,OK,ASW,CE,Federal Contract Tower,0,2,20,0,22,0,4,98,1,103,0,6,118,1,125,144,8,152,277
10/31/2017,SWO,OK,ASW,CE,Federal Contract Tower,0,3,15,0,18,0,7,141,0,148,0,10,156,0,166,238,0,238,404
11/01/2017,SWO,OK,ASW,CE,Federal Contract Tower,0,2,39,0,41,0,5,130,2,137,0,7,169,2,178,220,0,220,398
11/02/2017,SWO,OK,ASW,CE,Federal Contract Tower,0,2,21,1,24,0,9,137,1,147,0,11,158,2,171,244,0,244,415
11/03/2017,SWO,OK,ASW,CE,Federal Contract Tower,0,11,37,0,48,0,0,2,0,2,0,11,39,0,50,0,0,0,50
11/04/2017,SWO,OK,ASW,CE,Federal Contract Tower,0,15,45,0,60,0,2,25,0,27,0,17,70,0,87,6,0,6,93
11/05/2017,SWO,OK,ASW,CE,Federal Contract Tower,0,12,23,2,37,0,2,12,2,16,0,14,35,4,53,50,0,50,103
11/06/2017,SWO,OK,ASW,CE,Federal Contract Tower,0,4,33,13,50,0,1,8,1,10,0,5,41,14,60,26,0,26,86
11/07/2017,SWO,OK,ASW,CE,Federal Contract Tower,0,3,11,0,14,0,0,6,0,6,0,3,17,0,20,72,0,72,92
11/08/2017,SWO,OK,ASW,CE,Federal Contract Tower,0,3,23,0,26,0,3,159,1,163,0,6,182,1,189,302,2,304,493
11/09/2017,SWO,OK,ASW,CE,Federal Contract Tower,0,2,24,1,27,0,3,161,1,165,0,5,185,2,192,208,0,208,400
11/10/2017,SWO,OK,ASW,CE,Federal Contract Tower,2,6,18,0,26,0,2,127,0,129,2,8,145,0,155,250,8,258,413
11/11/2017,SWO,OK,ASW,CE,Federal Contract Tower,2,1,15,0,18,0,1,16,0,17,2,2,31,0,35,30,0,30,65
11/12/2017,SWO,OK,ASW,CE,Federal Contract Tower,0,4,18,0,22,0,1,12,0,13,0,5,30,0,35,30,0,30,65
11/13/2017,SWO,OK,ASW,CE,Federal Contract Tower,0,5,32,0,37,0,5,79,0,84,0,10,111,0,121,304,0,304,425
11/14/2017,SWO,OK,ASW,CE,Federal Contract Tower,0,4,11,0,15,0,0,7,0,7,0,4,18,0,22,48,0,48,70
11/15/2017,SWO,OK,ASW,CE,Federal Contract Tower,0,2,21,8,31,0,2,111,2,115,0,4,132,10,146,228,8,236,382
11/16/2017,SWO,OK,ASW,CE,Federal Contract Tower,0,7,20,0,27,0,4,113,0,117,0,11,133,0,144,272,0,272,416
11/17/2017,SWO,OK,ASW,CE,Federal Contract Tower,0,4,29,6,39,0,5,107,4,116,0,9,136,10,155,148,0,148,303
11/18/2017,SWO,OK,ASW,CE,Federal Contract Tower,2,8,33,0,43,0,2,26,1,29,2,10,59,1,72,6,0,6,78
11/19/2017,SWO,OK,ASW,CE,Federal Contract Tower,0,2,23,0,25,0,1,96,0,97,0,3,119,0,122,132,0,132,254
11/20/2017,SWO,OK,ASW,CE,Federal Contract Tower,0,4,21,2,27,0,1,113,2,116,0,5,134,4,143,120,0,120,263
11/21/2017,SWO,OK,ASW,CE,Federal Contract Tower,0,1,19,1,21,0,1,112,3,116,0,2,131,4,137,154,0,154,291
11/22/2017,SWO,OK,ASW,CE,Federal Contract Tower,0,4,4,1,9,0,5,58,0,63,0,9,62,1,72,90,6,96,168
11/23/2017,SWO,OK,ASW,CE,Federal Contract Tower,0,2,2,0,4,0,3,10,0,13,0,5,12,0,17,0,0,0,17
11/24/2017,SWO,OK,ASW,CE,Federal Contract Tower,0,4,3,0,7,0,2,15,0,17,0,6,18,0,24,0,0,0,24
11/25/2017,SWO,OK,ASW,CE,Federal Contract Tower,0,1,21,0,22,0,0,23,0,23,0,1,44,0,45,0,0,0,45
11/26/2017,SWO,OK,ASW,CE,Federal Contract Tower,0,4,12,0,16,0,2,32,0,34,0,6,44,0,50,0,0,0,50
11/27/2017,SWO,OK,ASW,CE,Federal Contract Tower,0,5,18,0,23,0,0,100,2,102,0,5,118,2,125,218,0,218,343
11/28/2017,SWO,OK,ASW,CE,Federal Contract Tower,0,4,25,4,33,0,2,106,1,109,0,6,131,5,142,224,0,224,366
11/29/2017,SWO,OK,ASW,CE,Federal Contract Tower,0,6,30,2,38,0,0,40,0,40,0,6,70,2,78,146,0,146,224
11/30/2017,SWO,OK,ASW,CE,Federal Contract Tower,0,2,20,1,23,0,4,184,1,189,0,6,204,2,212,330,0,330,542
12/01/2017,SWO,OK,ASW,CE,Federal Contract Tower,0,3,29,3,35,0,4,148,3,155,0,7,177,6,190,290,38,328,518
12/02/2017,SWO,OK,ASW,CE,Federal Contract Tower,0,1,18,0,19,0,1,101,0,102,0,2,119,0,121,206,0,206,327
12/03/2017,SWO,OK,ASW,CE,Federal Contract Tower,0,6,12,0,18,0,1,63,0,64,0,7,75,0,82,128,0,128,210
12/04/2017,SWO,OK,ASW,CE,Federal Contract Tower,0,6,19,4,29,0,0,44,4,48,0,6,63,8,77,10,0,10,87
12/05/2017,SWO,OK,ASW,CE,Federal Contract Tower,0,2,31,1,34,0,0,137,1,138,0,2,168,2,172,186,2,188,360
12/06/2017,SWO,OK,ASW,CE,Federal Contract Tower,0,4,33,2,39,0,6,176,0,182,0,10,209,2,221,272,0,272,493
12/07/2017,SWO,OK,ASW,CE,Federal Contract Tower,0,11,32,1,44,0,4,144,1,149,0,15,176,2,193,154,0,154,347
12/08/2017,SWO,OK,ASW,CE,Federal Contract Tower,0,4,23,0,27,0,0,141,2,143,0,4,164,2,170,200,4,204,374
12/09/2017,SWO,OK,ASW,CE,Federal Contract Tower,0,1,27,0,28,0,155,0,0,155,0,156,27,0,183,176,0,176,359
12/10/2017,SWO,OK,ASW,CE,Federal Contract Tower,0,6,33,0,39,0,3,109,0,112,0,9,142,0,151,172,0,172,323
12/11/2017,SWO,OK,ASW,CE,Federal Contract Tower,0,3,29,3,35,0,5,156,5,166,0,8,185,8,201,254,10,264,465
12/12/2017,SWO,OK,ASW,CE,Federal Contract Tower,0,2,23,7,32,0,3,147,1,151,0,5,170,8,183,272,0,272,455
12/13/2017,SWO,OK,ASW,CE,Federal Contract Tower,0,3,33,5,41,0,0,128,8,136,0,3,161,13,177,218,18,236,413
12/14/2017,SWO,OK,ASW,CE,Federal Contract Tower,0,4,13,6,23,0,0,95,3,98,0,4,108,9,121,226,14,240,361
12/15/2017,SWO,OK,ASW,CE,Federal Contract Tower,0,2,18,3,23,0,0,91,8,99,0,2,109,11,122,74,10,84,206
12/16/2017,SWO,OK,ASW,CE,Federal Contract Tower,0,2,7,0,9,0,0,18,0,18,0,2,25,0,27,10,0,10,37
12/17/2017,SWO,OK,ASW,CE,Federal Contract Tower,0,2,5,0,7,0,4,2,0,6,0,6,7,0,13,16,0,16,29
12/18/2017,SWO,OK,ASW,CE,Federal Contract Tower,0,2,22,6,30,0,0,52,7,59,0,2,74,13,89,52,0,52,141
12/19/2017,SWO,OK,ASW,CE,Federal Contract Tower,0,5,18,0,23,0,0,7,0,7,0,5,25,0,30,48,0,48,78
12/20/2017,SWO,OK,ASW,CE,Federal Contract Tower,0,7,15,6,28,0,0,3,0,3,0,7,18,6,31,18,0,18,49
12/21/2017,SWO,OK,ASW,CE,Federal Contract Tower,0,5,14,7,26,0,5,59,7,71,0,10,73,14,97,48,14,62,159
12/22/2017,SWO,OK,ASW,CE,Federal Contract Tower,1,6,1,0,8,0,0,0,0,0,1,6,1,0,8,0,0,0,8
12/23/2017,SWO,OK,ASW,CE,Federal Contract Tower,0,4,3,0,7,0,4,18,0,22,0,8,21,0,29,20,0,20,49
12/24/2017,SWO,OK,ASW,CE,Federal Contract Tower,0,2,0,0,2,0,6,10,0,16,0,8,10,0,18,0,0,0,18
12/25/2017,SWO,OK,ASW,CE,Federal Contract Tower,0,2,0,0,2,0,0,2,0,2,0,2,2,0,4,0,0,0,4
12/26/2017,SWO,OK,ASW,CE,Federal Contract Tower,1,4,3,0,8,0,2,23,0,25,1,6,26,0,33,12,0,12,45
12/27/2017,SWO,OK,ASW,CE,Federal Contract Tower,0,9,11,0,20,0,6,25,0,31,0,15,36,0,51,40,0,40,91
12/28/2017,SWO,OK,ASW,CE,Federal Contract Tower,0,5,3,0,8,0,9,15,0,24,0,14,18,0,32,48,0,48,80
12/29/2017,SWO,OK,ASW,CE,Federal Contract Tower,5,4,5,0,14,0,3,4,0,7,5,7,9,0,21,20,0,20,41
12/30/2017,SWO,OK,ASW,CE,Federal Contract Tower,0,0,0,0,0,0,0,7,0,7,0,0,7,0,7,36,0,36,43
12/31/2017,SWO,OK,ASW,CE,Federal Contract Tower,0,1,0,0,1,0,3,13,0,16,0,4,13,0,17,2,0,2,19
01/01/2018,SWO,OK,ASW,CE,Federal Contract Tower,0,2,4,0,6,0,3,8,0,11,0,5,12,0,17,48,0,48,65
01/02/2018,SWO,OK,ASW,CE,Federal Contract Tower,0,4,6,0,10,0,4,32,0,36,0,8,38,0,46,22,0,22,68
01/03/2018,SWO,OK,ASW,CE,Federal Contract Tower,0,4,4,0,8,0,2,43,2,47,0,6,47,2,55,30,0,30,85
01/04/2018,SWO,OK,ASW,CE,Federal Contract Tower,0,2,3,4,9,0,2,55,10,67,0,4,58,14,76,74,62,136,212
01/05/2018,SWO,OK,ASW,CE,Federal Contract Tower,0,4,7,2,13,0,3,58,4,65,0,7,65,6,78,50,6,56,134
01/06/2018,SWO,OK,ASW,CE,Federal Contract Tower,0,4,2,0,6,0,4,44,2,50,0,8,46,2,56,34,0,34,90
01/07/2018,SWO,OK,ASW,CE,Federal Contract Tower,0,2,0,0,2,0,0,0,0,0,0,2,0,0,2,0,0,0,2
01/08/2018,SWO,OK,ASW,CE,Federal Contract Tower,0,2,10,2,14,0,6,49,4,59,0,8,59,6,73,84,0,84,157
01/09/2018,SWO,OK,ASW,CE,Federal Contract Tower,0,2,23,1,26,0,3,62,4,69,0,5,85,5,95,50,8,58,153
01/10/2018,SWO,OK,ASW,CE,Federal Contract Tower,0,2,17,9,28,0,2,52,3,57,0,4,69,12,85,64,6,70,155
01/11/2018,SWO,OK,ASW,CE,Federal Contract Tower,0,2,1,2,5,0,3,3,2,8,0,5,4,4,13,10,10,20,33
01/13/2018,SWO,OK,ASW,CE,Federal Contract Tower,1,0,18,2,21,0,1,68,0,69,1,1,86,2,90,119,0,119,209
01/14/2018,SWO,OK,ASW,CE,Federal Contract Tower,1,4,8,0,13,0,3,44,0,47,1,7,52,0,60,44,0,44,104
01/15/2018,SWO,OK,ASW,CE,Federal Contract Tower,0,4,1,0,5,0,6,5,0,11,0,10,6,0,16,0,0,0,16
01/16/2018,SWO,OK,ASW,CE,Federal Contract Tower,0,4,14,2,20,0,2,68,2,72,0,6,82,4,92,50,10,60,152
01/17/2018,SWO,OK,ASW,CE,Federal Contract Tower,0,3,20,12,35,0,1,89,2,92,0,4,109,14,127,146,0,146,273
01/18/2018,SWO,OK,ASW,CE,Federal Contract Tower,0,4,18,0,22,0,7,72,2,81,0,11,90,2,103,64,16,80,183
01/19/2018,SWO,OK,ASW,CE,Federal Contract Tower,0,2,27,0,29,0,5,113,0,118,0,7,140,0,147,144,0,144,291
01/20/2018,SWO,OK,ASW,CE,Federal Contract Tower,0,1,12,0,13,0,0,59,0,59,0,1,71,0,72,110,0,110,182
01/21/2018,SWO,OK,ASW,CE,Federal Contract Tower,0,2,3,5,10,0,1,4,3,8,0,3,7,8,18,8,2,10,28
01/22/2018,SWO,OK,ASW,CE,Federal Contract Tower,0,4,0,0,4,0,1,1,0,2,0,5,1,0,6,0,0,0,6
01/23/2018,SWO,OK,ASW,CE,Federal Contract Tower,0,3,14,5,22,0,0,103,3,106,0,3,117,8,128,122,10,132,260
01/24/2018,SWO,OK,ASW,CE,Federal Contract Tower,0,2,23,3,28,0,0,150,7,157,0,2,173,10,185,222,2,224,409
01/25/2018,SWO,OK,ASW,CE,Federal Contract Tower,0,2,9,0,11,0,3,87,6,96,0,5,96,6,107,144,38,182,289
01/26/2018,SWO,OK,ASW,CE,Federal Contract Tower,0,3,18,2,23,0,0,55,2,57,0,3,73,4,80,84,0,84,164
01/27/2018,SWO,OK,ASW,CE,Federal Contract Tower,0,0,8,0,8,0,7,75,0,82,0,7,83,0,90,114,0,114,204
01/28/2018,SWO,OK,ASW,CE,Federal Contract Tower,0,2,4,6,12,0,0,43,0,43,0,2,47,6,55,76,0,76,131
01/29/2018,SWO,OK,ASW,CE,Federal Contract Tower,0,2,21,3,26,0,3,132,4,139,0,5,153,7,165,244,18,262,427
01/30/2018,SWO,OK,ASW,CE,Federal Contract Tower,0,4,18,3,25,0,6,119,4,129,0,10,137,7,154,214,10,224,378
01/31/2018,SWO,OK,ASW,CE,Federal Contract Tower,0,2,15,1,18,0,3,122,1,126,0,5,137,2,144,238,0,238,382
02/01/2018,SWO,OK,ASW,CE,Federal Contract Tower,0,2,12,1,15,0,6,91,3,100,0,8,103,4,115,140,0,140,255
02/02/2018,SWO,OK,ASW,CE,Federal Contract Tower,0,4,11,0,15,0,4,104,0,108,0,8,115,0,123,186,0,186,309
02/03/2018,SWO,OK,ASW,CE,Federal Contract Tower,0,0,9,0,9,0,2,62,0,64,0,2,71,0,73,116,0,116,189
02/04/2018,SWO,OK,ASW,CE,Federal Contract Tower,0,4,2,0,6,0,4,4,0,8,0,8,6,0,14,0,0,0,14
02/05/2018,SWO,OK,ASW,CE,Federal Contract Tower,0,2,12,2,16,0,5,81,2,88,0,7,93,4,104,186,0,186,290
02/06/2018,SWO,OK,ASW,CE,Federal Contract Tower,0,3,5,0,8,0,0,71,2,73,0,3,76,2,81,224,0,224,305
02/07/2018,SWO,OK,ASW,CE,Federal Contract Tower,0,2,22,2,26,0,2,147,10,159,0,4,169,12,185,212,30,242,427
02/08/2018,SWO,OK,ASW,CE,Federal Contract Tower,0,2,27,3,32,0,2,130,2,134,0,4,157,5,166,158,0,158,324
02/09/2018,SWO,OK,ASW,CE,Federal Contract Tower,0,6,16,5,27,0,0,113,5,118,0,6,129,10,145,180,4,184,329
02/10/2018,SWO,OK,ASW,CE,Federal Contract Tower,0,2,1,0,3,0,0,4,0,4,0,2,5,0,7,6,0,6,13
02/11/2018,SWO,OK,ASW,CE,Federal Contract Tower,0,2,9,1,12,0,4,23,1,28,0,6,32,2,40,80,0,80,120
02/12/2018,SWO,OK,ASW,CE,Federal Contract Tower,0,4,20,2,26,0,5,97,0,102,0,9,117,2,128,102,0,102,230
02/13/2018,SWO,OK,ASW,CE,Federal Contract Tower,0,3,16,1,20,0,0,84,1,85,0,3,100,2,105,304,0,304,409
02/14/2018,SWO,OK,ASW,CE,Federal Contract Tower,0,3,11,2,16,0,2,62,0,64,0,5,73,2,80,152,0,152,232
02/15/2018,SWO,OK,ASW,CE,Federal Contract Tower,0,2,13,3,18,0,11,97,6,114,0,13,110,9,132,152,2,154,286
02/16/2018,SWO,OK,ASW,CE,Federal Contract Tower,0,2,16,2,20,0,1,111,2,114,0,3,127,4,134,134,12,146,280
02/17/2018,SWO,OK,ASW,CE,Federal Contract Tower,0,1,22,0,23,0,2,94,0,96,0,3,116,0,119,164,0,164,283
02/18/2018,SWO,OK,ASW,CE,Federal Contract Tower,0,2,6,0,8,0,0,0,0,0,0,2,6,0,8,0,0,0,8
02/19/2018,SWO,OK,ASW,CE,Federal Contract Tower,0,2,7,0,9,0,2,0,0,2,0,4,7,0,11,32,0,32,43
02/20/2018,SWO,OK,ASW,CE,Federal Contract Tower,0,2,3,0,5,0,0,0,0,0,0,2,3,0,5,0,0,0,5
02/21/2018,SWO,OK,ASW,CE,Federal Contract Tower,0,2,2,0,4,0,0,0,0,0,0,2,2,0,4,0,0,0,4
02/22/2018,SWO,OK,ASW,CE,Federal Contract Tower,0,0,0,0,0,0,0,0,0,0,0,0,0,0,0,0,0,0,0
02/23/2018,SWO,OK,ASW,CE,Federal Contract Tower,0,6,3,0,9,0,0,0,0,0,0,6,3,0,9,0,0,0,9
02/24/2018,SWO,OK,ASW,CE,Federal Contract Tower,0,5,5,0,10,0,5,6,0,11,0,10,11,0,21,4,0,4,25
02/25/2018,SWO,OK,ASW,CE,Federal Contract Tower,0,4,5,0,9,0,0,42,0,42,0,4,47,0,51,106,0,106,157
02/26/2018,SWO,OK,ASW,CE,Federal Contract Tower,0,6,20,1,27,0,0,153,1,154,0,6,173,2,181,234,0,234,415
02/27/2018,SWO,OK,ASW,CE,Federal Contract Tower,0,2,15,0,17,0,0,27,0,27,0,2,42,0,44,84,0,84,128
02/28/2018,SWO,OK,ASW,CE,Federal Contract Tower,0,2,21,1,24,0,4,94,5,103,0,6,115,6,127,106,0,106,233
03/01/2018,SWO,OK,ASW,CE,Federal Contract Tower,0,2,24,0,26,0,0,143,0,143,0,2,167,0,169,232,0,232,401
03/02/2018,SWO,OK,ASW,CE,Federal Contract Tower,0,2,29,5,36,0,1,131,1,133,0,3,160,6,169,184,0,184,353
03/03/2018,SWO,OK,ASW,CE,Federal Contract Tower,2,6,16,7,31,0,4,122,1,127,2,10,138,8,158,84,0,84,242
03/04/2018,SWO,OK,ASW,CE,Federal Contract Tower,0,2,5,4,11,0,0,4,1,5,0,2,9,5,16,30,10,40,56
03/05/2018,SWO,OK,ASW,CE,Federal Contract Tower,0,2,4,4,10,0,4,17,2,23,0,6,21,6,33,46,0,46,79
03/06/2018,SWO,OK,ASW,CE,Federal Contract Tower,0,2,6,2,10,0,0,18,0,18,0,2,24,2,28,12,0,12,40
03/07/2018,SWO,OK,ASW,CE,Federal Contract Tower,0,2,27,5,34,0,5,127,3,135,0,7,154,8,169,222,2,224,393
03/08/2018,SWO,OK,ASW,CE,Federal Contract Tower,0,2,20,2,24,0,3,147,3,153,0,5,167,5,177,228,12,240,417
03/09/2018,SWO,OK,ASW,CE,Federal Contract Tower,0,3,20,0,23,0,10,138,0,148,0,13,158,0,171,238,0,238,409
03/10/2018,SWO,OK,ASW,CE,Federal Contract Tower,0,2,21,0,23,0,0,84,0,84,0,2,105,0,107,146,0,146,253
03/11/2018,SWO,OK,ASW,CE,Federal Contract Tower,0,2,12,2,16,0,2,26,2,30,0,4,38,4,46,24,0,24,70
03/12/2018,SWO,OK,ASW,CE,Federal Contract Tower,0,2,18,5,25,0,2,129,5,136,0,4,147,10,161,302,0,302,463
03/13/2018,SWO,OK,ASW,CE,Federal Contract Tower,0,5,23,6,34,0,6,119,5,130,0,11,142,11,164,320,26,346,510
03/14/2018,SWO,OK,ASW,CE,Federal Contract Tower,0,2,25,4,31,0,2,165,2,169,0,4,190,6,200,294,0,294,494
03/15/2018,SWO,OK,ASW,CE,Federal Contract Tower,2,7,11,1,21,0,8,77,3,88,2,15,88,4,109,178,4,182,291
03/16/2018,SWO,OK,ASW,CE,Federal Contract Tower,0,2,9,0,11,0,4,50,0,54,0,6,59,0,65,70,0,70,135
03/17/2018,SWO,OK,ASW,CE,Federal Contract Tower,0,0,8,1,9,0,3,62,1,66,0,3,70,2,75,100,4,104,179
03/18/2018,SWO,OK,ASW,CE,Federal Contract Tower,0,3,10,0,13,0,1,15,0,16,0,4,25,0,29,12,0,12,41
03/19/2018,SWO,OK,ASW,CE,Federal Contract Tower,0,3,8,0,11,0,2,5,0,7,0,5,13,0,18,4,0,4,22
03/20/2018,SWO,OK,ASW,CE,Federal Contract Tower,0,2,10,4,16,0,0,25,4,29,0,2,35,8,45,8,16,24,69
03/21/2018,SWO,OK,ASW,CE,Federal Contract Tower,0,2,15,2,19,0,1,51,2,54,0,3,66,4,73,62,4,66,139
03/22/2018,SWO,OK,ASW,CE,Federal Contract Tower,0,2,8,4,14,0,4,21,3,28,0,6,29,7,42,22,20,42,84
03/23/2018,SWO,OK,ASW,CE,Federal Contract Tower,0,5,10,0,15,0,3,40,0,43,0,8,50,0,58,58,0,58,116
03/24/2018,SWO,OK,ASW,CE,Federal Contract Tower,0,3,7,0,10,0,6,30,6,42,0,9,37,6,52,44,0,44,96
03/25/2018,SWO,OK,ASW,CE,Federal Contract Tower,0,4,3,1,8,0,3,7,1,11,0,7,10,2,19,32,0,32,51
03/26/2018,SWO,OK,ASW,CE,Federal Contract Tower,0,2,18,12,32,0,2,11,0,13,0,4,29,12,45,82,0,82,127
03/27/2018,SWO,OK,ASW,CE,Federal Contract Tower,0,1,16,0,17,0,2,0,0,2,0,3,16,0,19,0,0,0,19
03/28/2018,SWO,OK,ASW,CE,Federal Contract Tower,0,2,30,0,32,0,0,23,0,23,0,2,53,0,55,24,0,24,79
03/29/2018,SWO,OK,ASW,CE,Federal Contract Tower,0,1,23,4,28,0,2,47,1,50,0,3,70,5,78,304,4,308,386
03/30/2018,SWO,OK,ASW,CE,Federal Contract Tower,0,5,13,0,18,0,7,151,3,161,0,12,164,3,179,354,14,368,547
03/31/2018,SWO,OK,ASW,CE,Federal Contract Tower,0,1,11,6,18,0,2,61,1,64,0,3,72,7,82,104,0,104,186
04/01/2018,SWO,OK,ASW,CE,Federal Contract Tower,0,2,2,0,4,0,2,4,0,6,0,4,6,0,10,34,0,34,44
04/02/2018,SWO,OK,ASW,CE,Federal Contract Tower,0,2,2,16,20,0,2,0,0,2,0,4,2,16,22,0,0,0,22
04/03/2018,SWO,OK,ASW,CE,Federal Contract Tower,0,2,5,0,7,0,4,4,0,8,0,6,9,0,15,8,0,8,23
04/04/2018,SWO,OK,ASW,CE,Federal Contract Tower,0,0,20,2,22,0,1,150,1,152,0,1,170,3,174,268,2,270,444
04/05/2018,SWO,OK,ASW,CE,Federal Contract Tower,0,6,16,0,22,0,5,109,0,114,0,11,125,0,136,256,0,256,392
04/06/2018,SWO,OK,ASW,CE,Federal Contract Tower,0,2,3,2,7,0,0,3,0,3,0,2,6,2,10,0,0,0,10
04/07/2018,SWO,OK,ASW,CE,Federal Contract Tower,0,2,10,0,12,0,9,35,0,44,0,11,45,0,56,92,0,92,148
04/08/2018,SWO,OK,ASW,CE,Federal Contract Tower,0,5,6,1,12,0,4,28,1,33,0,9,34,2,45,94,0,94,139
04/09/2018,SWO,OK,ASW,CE,Federal Contract Tower,0,2,34,2,38,0,2,148,2,152,0,4,182,4,190,312,0,312,502
04/10/2018,SWO,OK,ASW,CE,Federal Contract Tower,0,2,21,2,25,0,4,135,5,144,0,6,156,7,169,236,12,248,417
04/11/2018,SWO,OK,ASW,CE,Federal Contract Tower,0,2,14,0,16,0,8,75,3,86,0,10,89,3,102,82,18,100,202
04/12/2018,SWO,OK,ASW,CE,Federal Contract Tower,0,3,7,3,13,0,0,45,3,48,0,3,52,6,61,102,18,120,181
04/13/2018,SWO,OK,ASW,CE,Federal Contract Tower,0,2,11,0,13,0,3,9,5,17,0,5,20,5,30,16,18,34,64
04/14/2018,SWO,OK,ASW,CE,Federal Contract Tower,0,4,6,0,10,0,2,5,0,7,0,6,11,0,17,0,0,0,17
04/15/2018,SWO,OK,ASW,CE,Federal Contract Tower,0,6,10,2,18,0,3,24,0,27,0,9,34,2,45,40,8,48,93
04/16/2018,SWO,OK,ASW,CE,Federal Contract Tower,0,3,31,1,35,0,1,166,1,168,0,4,197,2,203,324,0,324,527
04/17/2018,SWO,OK,ASW,CE,Federal Contract Tower,0,4,11,0,15,0,8,88,0,96,0,12,99,0,111,168,0,168,279
04/18/2018,SWO,OK,ASW,CE,Federal Contract Tower,0,4,15,1,20,0,0,45,4,49,0,4,60,5,69,54,0,54,123
04/19/2018,SWO,OK,ASW,CE,Federal Contract Tower,0,4,21,3,28,0,4,142,3,149,0,8,163,6,177,318,12,330,507
04/20/2018,SWO,OK,ASW,CE,Federal Contract Tower,0,2,22,0,24,0,3,107,2,112,0,5,129,2,136,146,4,150,286
04/21/2018,SWO,OK,ASW,CE,Federal Contract Tower,0,5,3,0,8,0,0,0,0,0,0,5,3,0,8,0,0,0,8
04/22/2018,SWO,OK,ASW,CE,Federal Contract Tower,0,2,11,0,13,0,0,15,0,15,0,2,26,0,28,58,0,58,86
04/23/2018,SWO,OK,ASW,CE,Federal Contract Tower,0,2,20,0,22,0,3,163,2,168,0,5,183,2,190,394,0,394,584
04/24/2018,SWO,OK,ASW,CE,Federal Contract Tower,0,3,31,1,35,0,5,176,1,182,0,8,207,2,217,406,0,406,623
04/25/2018,SWO,OK,ASW,CE,Federal Contract Tower,0,5,31,0,36,0,2,9,0,11,0,7,40,0,47,132,0,132,179
04/26/2018,SWO,OK,ASW,CE,Federal Contract Tower,0,2,30,2,34,0,0,174,2,176,0,2,204,4,210,402,2,404,614
04/27/2018,SWO,OK,ASW,CE,Federal Contract Tower,0,4,25,0,29,0,2,141,3,146,0,6,166,3,175,226,2,228,403
04/28/2018,SWO,OK,ASW,CE,Federal Contract Tower,0,4,15,0,19,0,0,103,3,106,0,4,118,3,125,162,2,164,289
04/29/2018,SWO,OK,ASW,CE,Federal Contract Tower,0,4,5,2,11,0,5,29,2,36,0,9,34,4,47,32,0,32,79
04/30/2018,SWO,OK,ASW,CE,Federal Contract Tower,0,2,10,2,14,0,0,58,6,64,0,2,68,8,78,94,24,118,196
05/01/2018,SWO,OK,ASW,CE,Federal Contract Tower,0,2,18,5,25,0,0,47,0,47,0,2,65,5,72,156,0,156,228
05/02/2018,SWO,OK,ASW,CE,Federal Contract Tower,0,4,18,0,22,0,2,37,0,39,0,6,55,0,61,88,0,88,149
05/03/2018,SWO,OK,ASW,CE,Federal Contract Tower,0,1,7,0,8,0,4,41,0,45,0,5,48,0,53,98,0,98,151
05/04/2018,SWO,OK,ASW,CE,Federal Contract Tower,0,2,20,2,24,0,8,119,0,127,0,10,139,2,151,286,0,286,437
05/05/2018,SWO,OK,ASW,CE,Federal Contract Tower,0,2,8,0,10,0,2,71,0,73,0,4,79,0,83,160,0,160,243
05/06/2018,SWO,OK,ASW,CE,Federal Contract Tower,0,4,6,0,10,0,46,0,0,46,0,50,6,0,56,36,0,36,92
05/07/2018,SWO,OK,ASW,CE,Federal Contract Tower,0,2,15,2,19,0,2,106,6,114,0,4,121,8,133,262,24,286,419
05/08/2018,SWO,OK,ASW,CE,Federal Contract Tower,0,2,18,4,24,0,0,102,4,106,0,2,120,8,130,224,4,228,358
05/09/2018,SWO,OK,ASW,CE,Federal Contract Tower,0,2,13,4,19,0,5,147,5,157,0,7,160,9,176,348,18,366,542
05/10/2018,SWO,OK,ASW,CE,Federal Contract Tower,0,6,10,4,20,0,2,68,5,75,0,8,78,9,95,114,12,126,221
05/11/2018,SWO,OK,ASW,CE,Federal Contract Tower,0,4,13,1,18,0,4,43,6,53,0,8,56,7,71,42,18,60,131
05/12/2018,SWO,OK,ASW,CE,Federal Contract Tower,0,7,19,0,26,0,8,24,0,32,0,15,43,0,58,48,0,48,106
05/13/2018,SWO,OK,ASW,CE,Federal Contract Tower,0,2,6,1,9,0,0,19,0,19,0,2,25,1,28,32,0,32,60
05/14/2018,SWO,OK,ASW,CE,Federal Contract Tower,0,2,9,0,11,0,4,59,0,63,0,6,68,0,74,140,0,140,214
05/15/2018,SWO,OK,ASW,CE,Federal Contract Tower,0,3,12,1,16,0,4,64,1,69,0,7,76,2,85,170,2,172,257
05/16/2018,SWO,OK,ASW,CE,Federal Contract Tower,0,4,19,0,23,0,2,84,2,88,0,6,103,2,111,148,10,158,269
05/17/2018,SWO,OK,ASW,CE,Federal Contract Tower,0,5,23,1,29,0,6,97,1,104,0,11,120,2,133,242,0,242,375
05/18/2018,SWO,OK,ASW,CE,Federal Contract Tower,0,2,18,0,20,0,7,81,1,89,0,9,99,1,109,92,2,94,203
05/19/2018,SWO,OK,ASW,CE,Federal Contract Tower,0,2,8,2,12,0,1,13,0,14,0,3,21,2,26,10,0,10,36
05/20/2018,SWO,OK,ASW,CE,Federal Contract Tower,0,3,5,2,10,0,4,11,0,15,0,7,16,2,25,10,0,10,35
05/21/2018,SWO,OK,ASW,CE,Federal Contract Tower,0,2,22,4,28,0,3,95,3,101,0,5,117,7,129,226,0,226,355
05/22/2018,SWO,OK,ASW,CE,Federal Contract Tower,0,8,22,0,30,0,3,90,1,94,0,11,112,1,124,146,0,146,270
05/23/2018,SWO,OK,ASW,CE,Federal Contract Tower,0,8,26,4,38,0,7,83,0,90,0,15,109,4,128,182,0,182,310
05/24/2018,SWO,OK,ASW,CE,Federal Contract Tower,0,2,9,0,11,0,2,46,4,52,0,4,55,4,63,76,22,98,161
05/25/2018,SWO,OK,ASW,CE,Federal Contract Tower,0,3,6,0,9,0,7,18,0,25,0,10,24,0,34,88,0,88,122
05/26/2018,SWO,OK,ASW,CE,Federal Contract Tower,0,2,3,0,5,0,3,31,0,34,0,5,34,0,39,22,0,22,61
05/27/2018,SWO,OK,ASW,CE,Federal Contract Tower,0,4,6,0,10,0,0,16,0,16,0,4,22,0,26,10,0,10,36
05/28/2018,SWO,OK,ASW,CE,Federal Contract Tower,0,5,11,0,16,0,2,13,0,15,0,7,24,0,31,6,0,6,37
05/29/2018,SWO,OK,ASW,CE,Federal Contract Tower,0,7,12,2,21,0,5,71,7,83,0,12,83,9,104,130,10,140,244
05/30/2018,SWO,OK,ASW,CE,Federal Contract Tower,0,3,30,6,39,0,2,96,5,103,0,5,126,11,142,136,24,160,302
05/31/2018,SWO,OK,ASW,CE,Federal Contract Tower,0,4,15,0,19,0,4,72,3,79,0,8,87,3,98,162,0,162,260
06/01/2018,SWO,OK,ASW,CE,Federal Contract Tower,0,4,16,5,25,0,8,74,5,87,0,12,90,10,112,152,10,162,274
06/02/2018,SWO,OK,ASW,CE,Federal Contract Tower,0,2,11,0,13,0,3,23,0,26,0,5,34,0,39,82,0,82,121
06/03/2018,SWO,OK,ASW,CE,Federal Contract Tower,0,2,10,0,12,0,2,31,3,36,0,4,41,3,48,66,20,86,134
06/04/2018,SWO,OK,ASW,CE,Federal Contract Tower,0,5,15,6,26,0,4,78,2,84,0,9,93,8,110,140,0,140,250
06/05/2018,SWO,OK,ASW,CE,Federal Contract Tower,2,14,4,0,20,0,2,97,1,100,2,16,101,1,120,154,48,202,322
06/06/2018,SWO,OK,ASW,CE,Federal Contract Tower,0,2,27,4,33,0,3,95,1,99,0,5,122,5,132,154,8,162,294
06/07/2018,SWO,OK,ASW,CE,Federal Contract Tower,0,2,12,6,20,0,2,33,0,35,0,4,45,6,55,92,4,96,151
06/08/2018,SWO,OK,ASW,CE,Federal Contract Tower,0,3,21,2,26,0,0,79,2,81,0,3,100,4,107,152,4,156,263
06/09/2018,SWO,OK,ASW,CE,Federal Contract Tower,0,2,13,0,15,0,5,45,0,50,0,7,58,0,65,78,0,78,143
06/10/2018,SWO,OK,ASW,CE,Federal Contract Tower,0,2,11,5,18,0,9,24,1,34,0,11,35,6,52,8,16,24,76
06/11/2018,SWO,OK,ASW,CE,Federal Contract Tower,0,2,19,3,24,0,8,91,4,103,0,10,110,7,127,122,2,124,251
06/12/2018,SWO,OK,ASW,CE,Federal Contract Tower,0,1,19,0,20,0,2,70,2,74,0,3,89,2,94,138,0,138,232
06/13/2018,SWO,OK,ASW,CE,Federal Contract Tower,0,2,23,1,26,0,2,117,6,125,0,4,140,7,151,198,14,212,363
06/14/2018,SWO,OK,ASW,CE,Federal Contract Tower,0,4,9,0,13,0,2,106,7,115,0,6,115,7,128,158,4,162,290
06/15/2018,SWO,OK,ASW,CE,Federal Contract Tower,0,3,11,8,22,0,8,100,5,113,0,11,111,13,135,138,12,150,285
06/16/2018,SWO,OK,ASW,CE,Federal Contract Tower,0,3,3,0,6,0,2,39,0,41,0,5,42,0,47,82,0,82,129
06/17/2018,SWO,OK,ASW,CE,Federal Contract Tower,0,7,3,0,10,0,4,16,0,20,0,11,19,0,30,12,0,12,42
06/18/2018,SWO,OK,ASW,CE,Federal Contract Tower,0,2,17,0,19,0,7,72,0,79,0,9,89,0,98,158,0,158,256
06/19/2018,SWO,OK,ASW,CE,Federal Contract Tower,0,2,22,0,24,0,6,79,1,86,0,8,101,1,110,192,2,194,304
06/20/2018,SWO,OK,ASW,CE,Federal Contract Tower,0,2,14,2,18,0,3,76,5,84,0,5,90,7,102,170,14,184,286
06/22/2018,SWO,OK,ASW,CE,Federal Contract Tower,0,6,21,2,29,0,5,105,2,112,0,11,126,4,141,216,32,248,389
06/23/2018,SWO,OK,ASW,CE,Federal Contract Tower,0,4,6,0,10,0,2,24,0,26,0,6,30,0,36,22,0,22,58
06/24/2018,SWO,OK,ASW,CE,Federal Contract Tower,0,4,1,0,5,0,0,10,0,10,0,4,11,0,15,12,0,12,27
06/25/2018,SWO,OK,ASW,CE,Federal Contract Tower,0,2,9,0,11,0,2,60,0,62,0,4,69,0,73,156,0,156,229
06/26/2018,SWO,OK,ASW,CE,Federal Contract Tower,0,4,23,0,27,0,6,127,0,133,0,10,150,0,160,286,0,286,446
06/27/2018,SWO,OK,ASW,CE,Federal Contract Tower,0,2,23,0,25,0,5,99,2,106,0,7,122,2,131,114,0,114,245
06/28/2018,SWO,OK,ASW,CE,Federal Contract Tower,0,5,11,3,19,0,4,107,5,116,0,9,118,8,135,268,4,272,407
06/29/2018,SWO,OK,ASW,CE,Federal Contract Tower,0,3,16,1,20,0,5,80,3,88,0,8,96,4,108,176,24,200,308
06/30/2018,SWO,OK,ASW,CE,Federal Contract Tower,0,2,4,0,6,0,7,28,0,35,0,9,32,0,41,58,0,58,99
07/01/2018,SWO,OK,ASW,CE,Federal Contract Tower,0,3,5,0,8,0,4,26,0,30,0,7,31,0,38,48,0,48,86
07/02/2018,SWO,OK,ASW,CE,Federal Contract Tower,0,2,9,2,13,0,0,104,4,108,0,2,113,6,121,260,20,280,401
07/03/2018,SWO,OK,ASW,CE,Federal Contract Tower,0,3,14,2,19,0,2,81,2,85,0,5,95,4,104,166,4,170,274
07/04/2018,SWO,OK,ASW,CE,Federal Contract Tower,0,2,3,0,5,0,4,14,0,18,0,6,17,0,23,2,0,2,25
07/05/2018,SWO,OK,ASW,CE,Federal Contract Tower,0,3,6,0,9,0,9,64,1,74,0,12,70,1,83,178,0,178,261
07/06/2018,SWO,OK,ASW,CE,Federal Contract Tower,0,3,6,2,11,0,4,70,3,77,0,7,76,5,88,178,12,190,278
07/07/2018,SWO,OK,ASW,CE,Federal Contract Tower,0,2,9,1,12,0,6,41,2,49,0,8,50,3,61,48,20,68,129
07/08/2018,SWO,OK,ASW,CE,Federal Contract Tower,0,2,9,2,13,0,2,30,5,37,0,4,39,7,50,76,42,118,168
07/09/2018,SWO,OK,ASW,CE,Federal Contract Tower,0,2,23,0,25,0,3,88,6,97,0,5,111,6,122,174,52,226,348
07/10/2018,SWO,OK,ASW,CE,Federal Contract Tower,0,3,15,0,18,0,3,85,2,90,0,6,100,2,108,150,0,150,258
07/11/2018,SWO,OK,ASW,CE,Federal Contract Tower,0,6,16,2,24,0,3,88,3,94,0,9,104,5,118,164,0,164,282
07/12/2018,SWO,OK,ASW,CE,Federal Contract Tower,0,2,14,8,24,0,4,96,8,108,0,6,110,16,132,166,6,172,304
07/13/2018,SWO,OK,ASW,CE,Federal Contract Tower,0,2,12,6,20,0,4,88,7,99,0,6,100,13,119,170,10,180,299
07/14/2018,SWO,OK,ASW,CE,Federal Contract Tower,0,2,10,0,12,0,2,27,0,29,0,4,37,0,41,54,0,54,95
07/15/2018,SWO,OK,ASW,CE,Federal Contract Tower,0,10,1,2,13,0,2,22,0,24,0,12,23,2,37,56,4,60,97
07/16/2018,SWO,OK,ASW,CE,Federal Contract Tower,0,3,14,4,21,0,6,67,2,75,0,9,81,6,96,136,0,136,232
07/17/2018,SWO,OK,ASW,CE,Federal Contract Tower,0,5,12,0,17,0,2,46,2,50,0,7,58,2,67,76,0,76,143
07/18/2018,SWO,OK,ASW,CE,Federal Contract Tower,0,2,20,4,26,0,1,81,0,82,0,3,101,4,108,160,0,160,268
07/19/2018,SWO,OK,ASW,CE,Federal Contract Tower,0,5,14,1,20,0,4,86,3,93,0,9,100,4,113,152,4,156,269
07/20/2018,SWO,OK,ASW,CE,Federal Contract Tower,0,4,17,0,21,0,5,69,6,80,0,9,86,6,101,138,14,152,253
07/21/2018,SWO,OK,ASW,CE,Federal Contract Tower,0,4,13,0,17,0,5,57,0,62,0,9,70,0,79,28,0,28,107
07/22/2018,SWO,OK,ASW,CE,Federal Contract Tower,0,6,18,0,24,0,4,80,0,84,0,10,98,0,108,72,0,72,180
07/23/2018,SWO,OK,ASW,CE,Federal Contract Tower,0,2,20,5,27,0,5,77,2,84,0,7,97,7,111,202,0,202,313
07/24/2018,SWO,OK,ASW,CE,Federal Contract Tower,0,4,13,1,18,0,4,83,2,89,0,8,96,3,107,104,38,142,249
07/25/2018,SWO,OK,ASW,CE,Federal Contract Tower,0,5,16,5,26,0,3,95,6,104,0,8,111,11,130,200,24,224,354
07/26/2018,SWO,OK,ASW,CE,Federal Contract Tower,0,3,21,3,27,0,0,72,12,84,0,3,93,15,111,136,12,148,259
07/27/2018,SWO,OK,ASW,CE,Federal Contract Tower,0,3,16,1,20,0,8,74,7,89,0,11,90,8,109,84,22,106,215
07/28/2018,SWO,OK,ASW,CE,Federal Contract Tower,0,4,11,2,17,0,5,48,2,55,0,9,59,4,72,82,0,82,154
07/29/2018,SWO,OK,ASW,CE,Federal Contract Tower,0,7,3,0,10,0,7,17,0,24,0,14,20,0,34,18,0,18,52
07/30/2018,SWO,OK,ASW,CE,Federal Contract Tower,0,7,7,4,18,0,2,32,0,34,0,9,39,4,52,54,0,54,106
07/31/2018,SWO,OK,ASW,CE,Federal Contract Tower,0,2,11,5,18,0,6,109,4,119,0,8,120,9,137,202,4,206,343
08/01/2018,SWO,OK,ASW,CE,Federal Contract Tower,0,1,18,7,26,0,3,89,5,97,0,4,107,12,123,116,28,144,267
08/02/2018,SWO,OK,ASW,CE,Federal Contract Tower,0,3,11,5,19,0,3,66,0,69,0,6,77,5,88,122,6,128,216
08/03/2018,SWO,OK,ASW,CE,Federal Contract Tower,0,4,15,0,19,0,2,80,1,83,0,6,95,1,102,106,4,110,212
08/04/2018,SWO,OK,ASW,CE,Federal Contract Tower,0,2,4,1,7,0,0,22,0,22,0,2,26,1,29,8,2,10,39
08/05/2018,SWO,OK,ASW,CE,Federal Contract Tower,0,4,15,6,25,0,0,40,3,43,0,4,55,9,68,36,26,62,130
08/06/2018,SWO,OK,ASW,CE,Federal Contract Tower,0,1,7,0,8,0,9,62,0,71,0,10,69,0,79,160,0,160,239
08/07/2018,SWO,OK,ASW,CE,Federal Contract Tower,0,2,4,2,8,0,0,76,5,81,0,2,80,7,89,209,20,229,318
08/08/2018,SWO,OK,ASW,CE,Federal Contract Tower,0,2,14,0,16,0,1,70,0,71,0,3,84,0,87,156,0,156,243
08/09/2018,SWO,OK,ASW,CE,Federal Contract Tower,0,4,14,0,18,0,8,78,5,91,0,12,92,5,109,168,16,184,293
08/10/2018,SWO,OK,ASW,CE,Federal Contract Tower,0,6,14,0,20,0,2,66,0,68,0,8,80,0,88,112,0,112,200
08/11/2018,SWO,OK,ASW,CE,Federal Contract Tower,0,2,7,1,10,0,2,61,1,64,0,4,68,2,74,130,2,132,206
08/12/2018,SWO,OK,ASW,CE,Federal Contract Tower,0,4,6,2,12,0,1,27,0,28,0,5,33,2,40,88,0,88,128
08/13/2018,SWO,OK,ASW,CE,Federal Contract Tower,0,2,8,0,10,0,1,4,0,5,0,3,12,0,15,8,0,8,23
08/14/2018,SWO,OK,ASW,CE,Federal Contract Tower,0,2,18,1,21,0,2,15,0,17,0,4,33,1,38,50,0,50,88
08/15/2018,SWO,OK,ASW,CE,Federal Contract Tower,0,4,28,10,42,0,2,67,5,74,0,6,95,15,116,150,6,156,272
08/16/2018,SWO,OK,ASW,CE,Federal Contract Tower,0,4,16,5,25,0,5,66,3,74,0,9,82,8,99,110,18,128,227
08/17/2018,SWO,OK,ASW,CE,Federal Contract Tower,0,3,14,7,24,0,4,70,5,79,0,7,84,12,103,164,22,186,289
08/18/2018,SWO,OK,ASW,CE,Federal Contract Tower,0,2,7,0,9,0,6,49,0,55,0,8,56,0,64,112,0,112,176
08/19/2018,SWO,OK,ASW,CE,Federal Contract Tower,0,2,6,0,8,0,0,12,0,12,0,2,18,0,20,12,0,12,32
08/20/2018,SWO,OK,ASW,CE,Federal Contract Tower,0,3,17,8,28,0,1,66,5,72,0,4,83,13,100,62,4,66,166
08/21/2018,SWO,OK,ASW,CE,Federal Contract Tower,0,3,15,4,22,0,0,84,5,89,0,3,99,9,111,82,2,84,195
08/22/2018,SWO,OK,ASW,CE,Federal Contract Tower,0,3,10,1,14,0,0,46,2,48,0,3,56,3,62,100,0,100,162
08/23/2018,SWO,OK,ASW,CE,Federal Contract Tower,0,6,14,5,25,0,5,65,6,76,0,11,79,11,101,132,0,132,233
08/24/2018,SWO,OK,ASW,CE,Federal Contract Tower,0,4,16,0,20,0,2,92,1,95,0,6,108,1,115,170,2,172,287
08/25/2018,SWO,OK,ASW,CE,Federal Contract Tower,0,5,4,0,9,0,3,52,0,55,0,8,56,0,64,80,0,80,144
08/26/2018,SWO,OK,ASW,CE,Federal Contract Tower,0,6,9,2,17,0,1,31,0,32,0,7,40,2,49,16,0,16,65
08/27/2018,SWO,OK,ASW,CE,Federal Contract Tower,0,2,9,1,12,0,1,79,3,83,0,3,88,4,95,62,10,72,167
08/28/2018,SWO,OK,ASW,CE,Federal Contract Tower,0,2,25,3,30,0,6,108,2,116,0,8,133,5,146,158,10,168,314
08/29/2018,SWO,OK,ASW,CE,Federal Contract Tower,0,2,10,2,14,0,4,48,2,54,0,6,58,4,68,102,16,118,186
08/30/2018,SWO,OK,ASW,CE,Federal Contract Tower,0,13,42,2,57,0,0,107,0,107,0,13,149,2,164,128,2,130,294
08/31/2018,SWO,OK,ASW,CE,Federal Contract Tower,0,4,25,1,30,0,4,100,1,105,0,8,125,2,135,128,0,128,263
09/01/2018,SWO,OK,ASW,CE,Federal Contract Tower,0,3,8,0,11,0,3,55,0,58,0,6,63,0,69,30,0,30,99
09/02/2018,SWO,OK,ASW,CE,Federal Contract Tower,0,7,2,0,9,0,1,14,0,15,0,8,16,0,24,18,0,18,42
09/03/2018,SWO,OK,ASW,CE,Federal Contract Tower,0,4,7,0,11,0,1,7,0,8,0,5,14,0,19,0,0,0,19
09/04/2018,SWO,OK,ASW,CE,Federal Contract Tower,0,2,5,0,7,0,2,4,0,6,0,4,9,0,13,14,0,14,27
09/05/2018,SWO,OK,ASW,CE,Federal Contract Tower,0,3,12,2,17,0,3,16,0,19,0,6,28,2,36,96,0,96,132
09/06/2018,SWO,OK,ASW,CE,Federal Contract Tower,0,4,14,7,25,0,4,39,1,44,0,8,53,8,69,136,18,154,223
09/07/2018,SWO,OK,ASW,CE,Federal Contract Tower,0,4,21,0,25,0,0,1,0,1,0,4,22,0,26,10,0,10,36
09/08/2018,SWO,OK,ASW,CE,Federal Contract Tower,0,8,33,0,41,0,3,3,0,6,0,11,36,0,47,0,0,0,47
09/09/2018,SWO,OK,ASW,CE,Federal Contract Tower,0,6,11,2,19,0,2,20,1,23,0,8,31,3,42,68,2,70,112
09/10/2018,SWO,OK,ASW,CE,Federal Contract Tower,0,4,35,6,45,0,4,67,2,73,0,8,102,8,118,222,0,222,340
09/11/2018,SWO,OK,ASW,CE,Federal Contract Tower,0,2,21,2,25,0,2,104,0,106,0,4,125,2,131,216,0,216,347
09/12/2018,SWO,OK,ASW,CE,Federal Contract Tower,0,3,29,4,36,0,4,50,0,54,0,7,79,4,90,162,0,162,252
09/13/2018,SWO,OK,ASW,CE,Federal Contract Tower,0,4,32,10,46,0,2,46,1,49,0,6,78,11,95,184,16,200,295
09/14/2018,SWO,OK,ASW,CE,Federal Contract Tower,0,5,37,2,44,0,0,140,2,142,0,5,177,4,186,180,12,192,378
09/15/2018,SWO,OK,ASW,CE,Federal Contract Tower,1,21,37,0,59,0,10,44,0,54,1,31,81,0,113,26,0,26,139
09/16/2018,SWO,OK,ASW,CE,Federal Contract Tower,0,4,17,0,21,0,7,38,0,45,0,11,55,0,66,44,0,44,110
09/17/2018,SWO,OK,ASW,CE,Federal Contract Tower,0,2,22,4,28,0,96,4,0,100,0,98,26,4,128,118,36,154,282
09/18/2018,SWO,OK,ASW,CE,Federal Contract Tower,0,3,23,2,28,0,6,92,2,100,0,9,115,4,128,176,0,176,304
09/19/2018,SWO,OK,ASW,CE,Federal Contract Tower,0,2,12,8,22,0,3,69,5,77,0,5,81,13,99,114,10,124,223
09/20/2018,SWO,OK,ASW,CE,Federal Contract Tower,0,4,21,1,26,0,5,94,0,99,0,9,115,1,125,106,6,112,237
09/21/2018,SWO,OK,ASW,CE,Federal Contract Tower,0,5,1,0,6,0,0,10,0,10,0,5,11,0,16,22,0,22,38
09/22/2018,SWO,OK,ASW,CE,Federal Contract Tower,2,8,52,0,62,0,6,58,2,66,2,14,110,2,128,46,0,46,174
09/23/2018,SWO,OK,ASW,CE,Federal Contract Tower,0,4,21,0,25,0,0,15,0,15,0,4,36,0,40,72,0,72,112
09/24/2018,SWO,OK,ASW,CE,Federal Contract Tower,0,4,30,20,54,0,2,15,0,17,0,6,45,20,71,42,0,42,113
09/25/2018,SWO,OK,ASW,CE,Federal Contract Tower,0,4,28,1,33,0,2,86,1,89,0,6,114,2,122,84,8,92,214
09/26/2018,SWO,OK,ASW,CE,Federal Contract Tower,0,6,14,3,23,0,2,80,1,83,0,8,94,4,106,178,0,178,284
09/27/2018,SWO,OK,ASW,CE,Federal Contract Tower,0,4,24,1,29,0,0,112,1,113,0,4,136,2,142,108,0,108,250
09/28/2018,SWO,OK,ASW,CE,Federal Contract Tower,2,5,26,8,41,0,3,83,1,87,2,8,109,9,128,124,0,124,252
09/29/2018,SWO,OK,ASW,CE,Federal Contract Tower,2,5,10,0,17,0,0,4,0,4,2,5,14,0,21,20,0,20,41
09/30/2018,SWO,OK,ASW,CE,Federal Contract Tower,0,2,6,0,8,0,6,12,0,18,0,8,18,0,26,40,0,40,66
10/01/2018,SWO,OK,ASW,CE,Federal Contract Tower,0,2,20,2,24,0,1,66,2,69,0,3,86,4,93,90,0,90,183
10/02/2018,SWO,OK,ASW,CE,Federal Contract Tower,0,5,18,8,31,0,6,109,1,116,0,11,127,9,147,162,6,168,315
10/03/2018,SWO,OK,ASW,CE,Federal Contract Tower,0,3,9,0,12,0,1,67,0,68,0,4,76,0,80,88,6,94,174
10/04/2018,SWO,OK,ASW,CE,Federal Contract Tower,0,6,33,3,42,0,0,3,1,4,0,6,36,4,46,0,0,0,46
10/05/2018,SWO,OK,ASW,CE,Federal Contract Tower,0,5,13,12,30,0,6,90,4,100,0,11,103,16,130,146,8,154,284
10/06/2018,SWO,OK,ASW,CE,Federal Contract Tower,1,16,33,0,50,0,4,2,0,6,1,20,35,0,56,40,0,40,96
10/07/2018,SWO,OK,ASW,CE,Federal Contract Tower,0,6,2,0,8,0,2,2,0,4,0,8,4,0,12,0,0,0,12
10/08/2018,SWO,OK,ASW,CE,Federal Contract Tower,0,4,12,0,16,0,9,42,0,51,0,13,54,0,67,154,0,154,221
10/09/2018,SWO,OK,ASW,CE,Federal Contract Tower,0,4,2,12,18,0,4,0,0,4,0,8,2,12,22,6,0,6,28
10/10/2018,SWO,OK,ASW,CE,Federal Contract Tower,0,3,18,8,29,0,1,117,3,121,0,4,135,11,150,280,0,280,430
10/11/2018,SWO,OK,ASW,CE,Federal Contract Tower,0,6,19,1,26,0,1,121,3,125,0,7,140,4,151,216,6,222,373
10/12/2018,SWO,OK,ASW,CE,Federal Contract Tower,2,4,23,2,31,0,7,38,0,45,2,11,61,2,76,60,0,60,136
10/13/2018,SWO,OK,ASW,CE,Federal Contract Tower,2,3,6,0,11,0,0,7,0,7,2,3,13,0,18,4,0,4,22
10/14/2018,SWO,OK,ASW,CE,Federal Contract Tower,0,4,3,0,7,0,0,0,0,0,0,4,3,0,7,0,0,0,7
10/15/2018,SWO,OK,ASW,CE,Federal Contract Tower,0,3,17,2,22,0,8,75,0,83,0,11,92,2,105,134,0,134,239
10/16/2018,SWO,OK,ASW,CE,Federal Contract Tower,0,3,11,5,19,0,7,76,3,86,0,10,87,8,105,180,10,190,295
10/17/2018,SWO,OK,ASW,CE,Federal Contract Tower,0,2,7,2,11,0,7,96,3,106,0,9,103,5,117,150,4,154,271
10/18/2018,SWO,OK,ASW,CE,Federal Contract Tower,0,5,9,11,25,0,1,102,2,105,0,6,111,13,130,146,20,166,296
10/19/2018,SWO,OK,ASW,CE,Federal Contract Tower,0,4,14,2,20,0,0,6,0,6,0,4,20,2,26,14,0,14,40
10/20/2018,SWO,OK,ASW,CE,Federal Contract Tower,0,9,2,1,12,0,2,17,0,19,0,11,19,1,31,26,4,30,61
10/21/2018,SWO,OK,ASW,CE,Federal Contract Tower,0,4,13,0,17,0,0,59,1,60,0,4,72,1,77,60,0,60,137
10/22/2018,SWO,OK,ASW,CE,Federal Contract Tower,0,7,14,2,23,0,2,121,6,129,0,9,135,8,152,164,2,166,318
10/23/2018,SWO,OK,ASW,CE,Federal Contract Tower,0,3,15,13,31,0,6,153,3,162,0,9,168,16,193,220,36,256,449
10/24/2018,SWO,OK,ASW,CE,Federal Contract Tower,0,4,19,14,37,0,6,116,4,126,0,10,135,18,163,248,16,264,427
10/25/2018,SWO,OK,ASW,CE,Federal Contract Tower,0,6,26,6,38,0,0,0,0,0,0,6,26,6,38,0,0,0,38
10/26/2018,SWO,OK,ASW,CE,Federal Contract Tower,0,11,39,0,50,0,2,99,0,101,0,13,138,0,151,136,0,136,287
10/27/2018,SWO,OK,ASW,CE,Federal Contract Tower,1,16,41,0,58,0,1,91,0,92,1,17,132,0,150,50,0,50,200
10/28/2018,SWO,OK,ASW,CE,Federal Contract Tower,0,8,22,0,30,0,1,55,0,56,0,9,77,0,86,6,0,6,92
10/29/2018,SWO,OK,ASW,CE,Federal Contract Tower,0,4,13,5,22,0,2,132,3,137,0,6,145,8,159,236,10,246,405
10/30/2018,SWO,OK,ASW,CE,Federal Contract Tower,0,4,21,0,25,0,3,61,3,67,0,7,82,3,92,126,10,136,228
10/31/2018,SWO,OK,ASW,CE,Federal Contract Tower,0,3,16,1,20,0,5,102,3,110,0,8,118,4,130,222,0,222,352
11/01/2018,SWO,OK,ASW,CE,Federal Contract Tower,0,4,21,2,27,0,2,114,0,116,0,6,135,2,143,192,8,200,343
11/02/2018,SWO,OK,ASW,CE,Federal Contract Tower,2,4,18,1,25,0,2,106,3,111,2,6,124,4,136,140,0,140,276
11/03/2018,SWO,OK,ASW,CE,Federal Contract Tower,2,5,11,2,20,0,4,58,2,64,2,9,69,4,84,108,0,108,192
11/04/2018,SWO,OK,ASW,CE,Federal Contract Tower,0,4,13,0,17,0,0,44,0,44,0,4,57,0,61,58,0,58,119
11/05/2018,SWO,OK,ASW,CE,Federal Contract Tower,0,2,17,8,27,0,4,89,2,95,0,6,106,10,122,146,12,158,280
11/06/2018,SWO,OK,ASW,CE,Federal Contract Tower,0,3,14,5,22,0,7,142,4,153,0,10,156,9,175,242,0,242,417
11/07/2018,SWO,OK,ASW,CE,Federal Contract Tower,0,2,20,1,23,0,1,105,8,114,0,3,125,9,137,220,4,224,361
11/08/2018,SWO,OK,ASW,CE,Federal Contract Tower,0,4,7,23,34,0,0,32,0,32,0,4,39,23,66,76,0,76,142
11/09/2018,SWO,OK,ASW,CE,Federal Contract Tower,0,4,15,0,19,0,8,85,3,96,0,12,100,3,115,134,2,136,251
11/10/2018,SWO,OK,ASW,CE,Federal Contract Tower,0,3,4,0,7,0,2,52,0,54,0,5,56,0,61,90,0,90,151
11/11/2018,SWO,OK,ASW,CE,Federal Contract Tower,0,4,7,0,11,0,4,30,0,34,0,8,37,0,45,30,0,30,75
11/12/2018,SWO,OK,ASW,CE,Federal Contract Tower,0,2,0,0,2,0,0,0,0,0,0,2,0,0,2,0,0,0,2
11/13/2018,SWO,OK,ASW,CE,Federal Contract Tower,0,2,18,2,22,0,5,111,2,118,0,7,129,4,140,94,20,114,254
11/14/2018,SWO,OK,ASW,CE,Federal Contract Tower,0,5,25,5,35,0,3,132,4,139,0,8,157,9,174,188,4,192,366
11/15/2018,SWO,OK,ASW,CE,Federal Contract Tower,0,4,16,0,20,0,4,135,5,144,0,8,151,5,164,134,14,148,312
11/16/2018,SWO,OK,ASW,CE,Federal Contract Tower,0,4,16,0,20,0,2,110,2,114,0,6,126,2,134,260,4,264,398
11/17/2018,SWO,OK,ASW,CE,Federal Contract Tower,1,8,30,0,39,0,1,50,0,51,1,9,80,0,90,60,0,60,150
11/18/2018,SWO,OK,ASW,CE,Federal Contract Tower,0,6,9,0,15,0,1,1,0,2,0,7,10,0,17,0,0,0,17
11/19/2018,SWO,OK,ASW,CE,Federal Contract Tower,0,2,17,6,25,0,0,88,1,89,0,2,105,7,114,212,0,212,326
11/20/2018,SWO,OK,ASW,CE,Federal Contract Tower,2,5,15,5,27,0,6,98,6,110,2,11,113,11,137,194,30,224,361
11/21/2018,SWO,OK,ASW,CE,Federal Contract Tower,0,6,8,0,14,0,1,54,3,58,0,7,62,3,72,34,10,44,116
11/22/2018,SWO,OK,ASW,CE,Federal Contract Tower,0,1,2,0,3,0,4,17,0,21,0,5,19,0,24,0,0,0,24
11/23/2018,SWO,OK,ASW,CE,Federal Contract Tower,2,3,2,0,7,0,0,7,0,7,2,3,9,0,14,2,0,2,16
11/24/2018,SWO,OK,ASW,CE,Federal Contract Tower,0,4,6,0,10,0,1,37,0,38,0,5,43,0,48,16,0,16,64
11/25/2018,SWO,OK,ASW,CE,Federal Contract Tower,0,4,2,0,6,0,2,1,0,3,0,6,3,0,9,0,0,0,9
11/26/2018,SWO,OK,ASW,CE,Federal Contract Tower,0,2,16,6,24,0,0,102,1,103,0,2,118,7,127,248,0,248,375
11/27/2018,SWO,OK,ASW,CE,Federal Contract Tower,0,2,20,2,24,0,2,118,4,124,0,4,138,6,148,170,16,186,334
11/28/2018,SWO,OK,ASW,CE,Federal Contract Tower,0,5,21,8,34,0,2,118,5,125,0,7,139,13,159,176,2,178,337
11/29/2018,SWO,OK,ASW,CE,Federal Contract Tower,0,7,28,5,40,0,2,133,3,138,0,9,161,8,178,264,6,270,448
11/30/2018,SWO,OK,ASW,CE,Federal Contract Tower,0,4,11,0,15,0,0,8,0,8,0,4,19,0,23,18,0,18,41
12/01/2018,SWO,OK,ASW,CE,Federal Contract Tower,0,8,9,0,17,0,3,20,0,23,0,11,29,0,40,2,0,2,42
12/02/2018,SWO,OK,ASW,CE,Federal Contract Tower,0,7,8,0,15,0,0,50,0,50,0,7,58,0,65,74,0,74,139
12/03/2018,SWO,OK,ASW,CE,Federal Contract Tower,0,2,2,4,8,0,6,38,1,45,0,8,40,5,53,296,14,310,363
12/04/2018,SWO,OK,ASW,CE,Federal Contract Tower,0,3,7,9,19,0,0,65,2,67,0,3,72,11,86,166,8,174,260
12/05/2018,SWO,OK,ASW,CE,Federal Contract Tower,0,2,26,0,28,0,8,140,0,148,0,10,166,0,176,230,0,230,406
12/06/2018,SWO,OK,ASW,CE,Federal Contract Tower,0,7,25,8,40,0,1,104,3,108,0,8,129,11,148,146,4,150,298
12/07/2018,SWO,OK,ASW,CE,Federal Contract Tower,0,6,2,4,12,0,2,15,2,19,0,8,17,6,31,172,16,188,219
12/08/2018,SWO,OK,ASW,CE,Federal Contract Tower,0,4,5,0,9,0,2,4,0,6,0,6,9,0,15,36,0,36,51
12/09/2018,SWO,OK,ASW,CE,Federal Contract Tower,0,5,16,0,21,0,3,67,0,70,0,8,83,0,91,96,0,96,187
12/10/2018,SWO,OK,ASW,CE,Federal Contract Tower,0,4,26,5,35,0,7,149,4,160,0,11,175,9,195,248,6,254,449
12/11/2018,SWO,OK,ASW,CE,Federal Contract Tower,0,4,13,5,22,0,0,88,5,93,0,4,101,10,115,150,0,150,265
12/12/2018,SWO,OK,ASW,CE,Federal Contract Tower,0,3,27,12,42,0,6,136,3,145,0,9,163,15,187,222,10,232,419
12/13/2018,SWO,OK,ASW,CE,Federal Contract Tower,0,4,8,4,16,0,2,0,0,2,0,6,8,4,18,0,0,0,18
12/14/2018,SWO,OK,ASW,CE,Federal Contract Tower,0,6,14,2,22,0,0,53,1,54,0,6,67,3,76,108,4,112,188
12/15/2018,SWO,OK,ASW,CE,Federal Contract Tower,0,7,8,0,15,0,0,70,0,70,0,7,78,0,85,42,0,42,127
12/16/2018,SWO,OK,ASW,CE,Federal Contract Tower,0,10,6,3,19,0,0,63,1,64,0,10,69,4,83,82,8,90,173
12/17/2018,SWO,OK,ASW,CE,Federal Contract Tower,0,2,6,8,16,0,0,81,5,86,0,2,87,13,102,166,16,182,284
12/18/2018,SWO,OK,ASW,CE,Federal Contract Tower,0,2,26,2,30,0,0,72,0,72,0,2,98,2,102,120,0,120,222
12/19/2018,SWO,OK,ASW,CE,Federal Contract Tower,0,7,16,2,25,0,0,9,0,9,0,7,25,2,34,4,0,4,38
12/20/2018,SWO,OK,ASW,CE,Federal Contract Tower,0,2,8,9,19,0,3,36,9,48,0,5,44,18,67,58,28,86,153
12/21/2018,SWO,OK,ASW,CE,Federal Contract Tower,0,4,4,6,14,0,11,47,4,62,0,15,51,10,76,102,2,104,180
12/22/2018,SWO,OK,ASW,CE,Federal Contract Tower,0,2,5,0,7,0,3,31,0,34,0,5,36,0,41,8,0,8,49
12/23/2018,SWO,OK,ASW,CE,Federal Contract Tower,0,2,3,0,5,0,2,28,0,30,0,4,31,0,35,24,0,24,59
12/24/2018,SWO,OK,ASW,CE,Federal Contract Tower,0,2,0,0,2,0,0,11,0,11,0,2,11,0,13,0,0,0,13
12/25/2018,SWO,OK,ASW,CE,Federal Contract Tower,0,4,0,0,4,0,2,4,0,6,0,6,4,0,10,16,0,16,26
12/26/2018,SWO,OK,ASW,CE,Federal Contract Tower,0,3,2,0,5,0,0,0,0,0,0,3,2,0,5,0,0,0,5
12/27/2018,SWO,OK,ASW,CE,Federal Contract Tower,0,5,2,0,7,0,2,3,0,5,0,7,5,0,12,0,0,0,12
12/28/2018,SWO,OK,ASW,CE,Federal Contract Tower,0,2,8,0,10,0,0,14,0,14,0,2,22,0,24,24,0,24,48
12/29/2018,SWO,OK,ASW,CE,Federal Contract Tower,2,2,0,0,4,0,2,10,0,12,2,4,10,0,16,2,0,2,18
12/30/2018,SWO,OK,ASW,CE,Federal Contract Tower,0,2,1,0,3,0,0,15,0,15,0,2,16,0,18,6,0,6,24
12/31/2018,SWO,OK,ASW,CE,Federal Contract Tower,0,2,0,0,2,0,0,2,0,2,0,2,2,0,4,4,0,4,8
01/01/2019,SWO,OK,ASW,CE,Federal Contract Tower,0,7,0,0,7,0,2,0,0,2,0,9,0,0,9,0,0,0,9
01/02/2019,SWO,OK,ASW,CE,Federal Contract Tower,0,2,5,6,13,0,2,14,0,16,0,4,19,6,29,6,16,22,51
01/03/2019,SWO,OK,ASW,CE,Federal Contract Tower,0,0,0,0,0,0,0,0,0,0,0,0,0,0,0,0,0,0,0
01/04/2019,SWO,OK,ASW,CE,Federal Contract Tower,0,4,15,2,21,0,5,38,4,47,0,9,53,6,68,40,0,40,108
01/05/2019,SWO,OK,ASW,CE,Federal Contract Tower,0,5,13,0,18,0,0,69,2,71,0,5,82,2,89,106,0,106,195
01/06/2019,SWO,OK,ASW,CE,Federal Contract Tower,0,2,2,3,7,0,0,21,1,22,0,2,23,4,29,8,0,8,37
01/07/2019,SWO,OK,ASW,CE,Federal Contract Tower,0,4,13,7,24,0,0,78,0,78,0,4,91,7,102,142,0,142,244
01/08/2019,SWO,OK,ASW,CE,Federal Contract Tower,1,4,15,0,20,0,0,89,0,89,1,4,104,0,109,162,0,162,271
01/09/2019,SWO,OK,ASW,CE,Federal Contract Tower,0,4,18,4,26,0,4,134,5,143,0,8,152,9,169,240,2,242,411
01/10/2019,SWO,OK,ASW,CE,Federal Contract Tower,0,6,17,2,25,0,6,94,1,101,0,12,111,3,126,222,0,222,348
01/11/2019,SWO,OK,ASW,CE,Federal Contract Tower,0,8,10,7,25,0,0,1,0,1,0,8,11,7,26,14,2,16,42
01/12/2019,SWO,OK,ASW,CE,Federal Contract Tower,0,6,12,0,18,0,0,11,0,11,0,6,23,0,29,28,0,28,57
01/13/2019,SWO,OK,ASW,CE,Federal Contract Tower,0,2,0,0,2,0,0,3,0,3,0,2,3,0,5,24,0,24,29
01/14/2019,SWO,OK,ASW,CE,Federal Contract Tower,0,3,22,3,28,0,0,44,1,45,0,3,66,4,73,148,8,156,229
01/15/2019,SWO,OK,ASW,CE,Federal Contract Tower,0,4,23,5,32,0,3,103,2,108,0,7,126,7,140,168,2,170,310
01/16/2019,SWO,OK,ASW,CE,Federal Contract Tower,0,2,26,0,28,0,0,7,0,7,0,2,33,0,35,94,0,94,129
01/17/2019,SWO,OK,ASW,CE,Federal Contract Tower,0,4,31,14,49,0,2,38,0,40,0,6,69,14,89,104,10,114,203
01/18/2019,SWO,OK,ASW,CE,Federal Contract Tower,0,3,21,3,27,0,1,34,1,36,0,4,55,4,63,52,0,52,115
01/19/2019,SWO,OK,ASW,CE,Federal Contract Tower,0,3,3,0,6,0,2,13,0,15,0,5,16,0,21,10,0,10,31
01/20/2019,SWO,OK,ASW,CE,Federal Contract Tower,0,4,8,0,12,0,0,60,0,60,0,4,68,0,72,72,0,72,144
01/21/2019,SWO,OK,ASW,CE,Federal Contract Tower,0,3,1,1,5,0,1,13,1,15,0,4,14,2,20,4,10,14,34
01/22/2019,SWO,OK,ASW,CE,Federal Contract Tower,0,2,9,0,11,0,2,25,0,27,0,4,34,0,38,102,0,102,140
01/23/2019,SWO,OK,ASW,CE,Federal Contract Tower,0,2,31,2,35,0,3,135,5,143,0,5,166,7,178,254,4,258,436
01/24/2019,SWO,OK,ASW,CE,Federal Contract Tower,0,6,20,5,31,0,0,134,3,137,0,6,154,8,168,192,0,192,360
01/25/2019,SWO,OK,ASW,CE,Federal Contract Tower,0,6,25,8,39,0,2,135,2,139,0,8,160,10,178,260,0,260,438
01/26/2019,SWO,OK,ASW,CE,Federal Contract Tower,0,5,14,0,19,0,5,153,0,158,0,10,167,0,177,264,0,264,441
01/27/2019,SWO,OK,ASW,CE,Federal Contract Tower,0,5,2,0,7,0,2,78,1,81,0,7,80,1,88,72,2,74,162
01/28/2019,SWO,OK,ASW,CE,Federal Contract Tower,0,2,14,0,16,0,1,73,0,74,0,3,87,0,90,142,0,142,232
01/29/2019,SWO,OK,ASW,CE,Federal Contract Tower,0,8,21,3,32,0,0,141,4,145,0,8,162,7,177,166,2,168,345
01/30/2019,SWO,OK,ASW,CE,Federal Contract Tower,0,3,22,1,26,0,0,177,1,178,0,3,199,2,204,288,0,288,492
01/31/2019,SWO,OK,ASW,CE,Federal Contract Tower,0,4,32,2,38,0,4,140,0,144,0,8,172,2,182,264,6,270,452
02/01/2019,SWO,OK,ASW,CE,Federal Contract Tower,0,5,11,0,16,0,0,1,0,1,0,5,12,0,17,8,0,8,25
02/02/2019,SWO,OK,ASW,CE,Federal Contract Tower,0,3,31,0,34,0,0,38,0,38,0,3,69,0,72,132,0,132,204
02/03/2019,SWO,OK,ASW,CE,Federal Contract Tower,0,2,6,0,8,0,0,18,0,18,0,2,24,0,26,14,0,14,40
02/04/2019,SWO,OK,ASW,CE,Federal Contract Tower,0,2,22,1,25,0,2,6,0,8,0,4,28,1,33,68,0,68,101
02/05/2019,SWO,OK,ASW,CE,Federal Contract Tower,0,6,5,0,11,0,0,0,0,0,0,6,5,0,11,0,0,0,11
02/06/2019,SWO,OK,ASW,CE,Federal Contract Tower,0,0,8,0,8,0,0,0,0,0,0,0,8,0,8,0,0,0,8
02/07/2019,SWO,OK,ASW,CE,Federal Contract Tower,0,0,2,1,3,0,0,0,1,1,0,0,2,2,4,0,0,0,4
02/08/2019,SWO,OK,ASW,CE,Federal Contract Tower,0,8,16,1,25,0,4,63,3,70,0,12,79,4,95,60,14,74,169
02/09/2019,SWO,OK,ASW,CE,Federal Contract Tower,0,2,16,0,18,0,0,141,1,142,0,2,157,1,160,166,2,168,328
02/10/2019,SWO,OK,ASW,CE,Federal Contract Tower,0,4,13,0,17,0,1,1,0,2,0,5,14,0,19,10,0,10,29
02/11/2019,SWO,OK,ASW,CE,Federal Contract Tower,0,4,9,0,13,0,1,3,0,4,0,5,12,0,17,6,0,6,23
02/12/2019,SWO,OK,ASW,CE,Federal Contract Tower,2,2,26,1,31,0,0,213,3,216,2,2,239,4,247,278,0,278,525
02/13/2019,SWO,OK,ASW,CE,Federal Contract Tower,0,3,27,3,33,0,4,137,2,143,0,7,164,5,176,166,0,166,342
02/14/2019,SWO,OK,ASW,CE,Federal Contract Tower,0,2,19,4,25,0,8,154,6,168,0,10,173,10,193,228,20,248,441
02/15/2019,SWO,OK,ASW,CE,Federal Contract Tower,0,8,0,0,8,0,0,3,0,3,0,8,3,0,11,22,0,22,33
02/16/2019,SWO,OK,ASW,CE,Federal Contract Tower,0,6,1,0,7,0,0,0,0,0,0,6,1,0,7,0,0,0,7
02/17/2019,SWO,OK,ASW,CE,Federal Contract Tower,0,2,14,0,16,0,0,64,0,64,0,2,78,0,80,106,0,106,186
02/18/2019,SWO,OK,ASW,CE,Federal Contract Tower,0,2,26,1,29,0,0,170,1,171,0,2,196,2,200,282,0,282,482
02/19/2019,SWO,OK,ASW,CE,Federal Contract Tower,0,0,0,0,0,0,2,4,2,8,0,2,4,2,8,24,6,30,38
02/20/2019,SWO,OK,ASW,CE,Federal Contract Tower,0,5,18,1,24,0,5,110,3,118,0,10,128,4,142,274,12,286,428
02/21/2019,SWO,OK,ASW,CE,Federal Contract Tower,0,2,21,10,33,0,1,137,3,141,0,3,158,13,174,210,12,222,396
02/22/2019,SWO,OK,ASW,CE,Federal Contract Tower,0,8,29,6,43,0,0,1,0,1,0,8,30,6,44,2,0,2,46
02/23/2019,SWO,OK,ASW,CE,Federal Contract Tower,0,3,5,0,8,0,0,8,0,8,0,3,13,0,16,0,0,0,16
02/24/2019,SWO,OK,ASW,CE,Federal Contract Tower,0,3,27,0,30,0,0,117,2,119,0,3,144,2,149,188,0,188,337
02/25/2019,SWO,OK,ASW,CE,Federal Contract Tower,0,6,30,1,37,0,0,165,0,165,0,6,195,1,202,184,0,184,386
02/26/2019,SWO,OK,ASW,CE,Federal Contract Tower,0,6,14,0,20,0,0,13,0,13,0,6,27,0,33,124,0,124,157
02/27/2019,SWO,OK,ASW,CE,Federal Contract Tower,0,0,1,0,1,0,0,0,0,0,0,0,1,0,1,0,0,0,1
02/28/2019,SWO,OK,ASW,CE,Federal Contract Tower,0,0,2,4,6,0,0,0,0,0,0,0,2,4,6,0,0,0,6
03/01/2019,SWO,OK,ASW,CE,Federal Contract Tower,0,4,1,1,6,0,0,16,1,17,0,4,17,2,23,216,0,216,239
03/02/2019,SWO,OK,ASW,CE,Federal Contract Tower,0,6,8,6,20,0,2,25,0,27,0,8,33,6,47,104,24,128,175
03/03/2019,SWO,OK,ASW,CE,Federal Contract Tower,0,3,0,0,3,0,2,1,0,3,0,5,1,0,6,4,0,4,10
03/04/2019,SWO,OK,ASW,CE,Federal Contract Tower,0,2,7,2,11,0,4,20,0,24,0,6,27,2,35,58,0,58,93
03/05/2019,SWO,OK,ASW,CE,Federal Contract Tower,0,4,24,10,38,0,0,170,5,175,0,4,194,15,213,300,10,310,523
03/06/2019,SWO,OK,ASW,CE,Federal Contract Tower,0,2,26,1,29,0,0,160,3,163,0,2,186,4,192,216,4,220,412
03/07/2019,SWO,OK,ASW,CE,Federal Contract Tower,0,5,24,1,30,0,4,136,2,142,0,9,160,3,172,329,12,341,513
03/08/2019,SWO,OK,ASW,CE,Federal Contract Tower,0,3,21,2,26,0,0,0,0,0,0,3,21,2,26,24,0,24,50
03/09/2019,SWO,OK,ASW,CE,Federal Contract Tower,1,2,4,2,9,0,0,3,0,3,1,2,7,2,12,0,0,0,12
03/10/2019,SWO,OK,ASW,CE,Federal Contract Tower,0,3,5,6,14,0,0,76,7,83,0,3,81,13,97,206,52,258,355
03/11/2019,SWO,OK,ASW,CE,Federal Contract Tower,0,3,20,10,33,0,1,108,0,109,0,4,128,10,142,348,0,348,490
03/12/2019,SWO,OK,ASW,CE,Federal Contract Tower,0,4,0,0,4,0,0,0,0,0,0,4,0,0,4,0,0,0,4
03/13/2019,SWO,OK,ASW,CE,Federal Contract Tower,0,4,2,2,8,0,0,1,0,1,0,4,3,2,9,0,0,0,9
03/14/2019,SWO,OK,ASW,CE,Federal Contract Tower,0,2,2,1,5,0,4,0,5,9,0,6,2,6,14,0,0,0,14
03/15/2019,SWO,OK,ASW,CE,Federal Contract Tower,0,4,25,15,44,0,3,124,3,130,0,7,149,18,174,146,0,146,320
03/16/2019,SWO,OK,ASW,CE,Federal Contract Tower,0,6,21,7,34,0,5,97,1,103,0,11,118,8,137,70,2,72,209
03/17/2019,SWO,OK,ASW,CE,Federal Contract Tower,0,2,9,1,12,0,1,57,3,61,0,3,66,4,73,152,8,160,233
03/18/2019,SWO,OK,ASW,CE,Federal Contract Tower,0,2,15,0,17,0,0,95,0,95,0,2,110,0,112,128,0,128,240
03/19/2019,SWO,OK,ASW,CE,Federal Contract Tower,0,2,21,1,24,0,2,69,1,72,0,4,90,2,96,106,0,106,202
03/20/2019,SWO,OK,ASW,CE,Federal Contract Tower,0,4,27,3,34,0,2,91,4,97,0,6,118,7,131,164,0,164,295
03/21/2019,SWO,OK,ASW,CE,Federal Contract Tower,0,4,26,3,33,0,4,103,3,110,0,8,129,6,143,132,4,136,279
03/22/2019,SWO,OK,ASW,CE,Federal Contract Tower,0,2,16,0,18,0,0,47,0,47,0,2,63,0,65,68,0,68,133
03/23/2019,SWO,OK,ASW,CE,Federal Contract Tower,0,4,0,0,4,0,4,2,0,6,0,8,2,0,10,2,0,2,12
03/24/2019,SWO,OK,ASW,CE,Federal Contract Tower,0,4,6,6,16,0,1,30,2,33,0,5,36,8,49,24,0,24,73
03/25/2019,SWO,OK,ASW,CE,Federal Contract Tower,0,2,34,4,40,0,5,95,1,101,0,7,129,5,141,286,0,286,427
03/26/2019,SWO,OK,ASW,CE,Federal Contract Tower,0,4,32,3,39,0,1,177,0,178,0,5,209,3,217,296,0,296,513
03/27/2019,SWO,OK,ASW,CE,Federal Contract Tower,0,4,27,0,31,0,4,132,3,139,0,8,159,3,170,162,2,164,334
03/28/2019,SWO,OK,ASW,CE,Federal Contract Tower,0,3,27,5,35,0,0,135,1,136,0,3,162,6,171,248,4,252,423
03/29/2019,SWO,OK,ASW,CE,Federal Contract Tower,0,4,26,2,32,0,8,23,0,31,0,12,49,2,63,78,14,92,155
03/30/2019,SWO,OK,ASW,CE,Federal Contract Tower,0,2,7,0,9,0,5,62,0,67,0,7,69,0,76,24,0,24,100
03/31/2019,SWO,OK,ASW,CE,Federal Contract Tower,0,3,10,3,16,0,2,97,3,102,0,5,107,6,118,126,14,140,258
04/01/2019,SWO,OK,ASW,CE,Federal Contract Tower,0,2,28,0,30,0,2,155,0,157,0,4,183,0,187,294,0,294,481
04/02/2019,SWO,OK,ASW,CE,Federal Contract Tower,0,3,26,0,29,0,0,133,2,135,0,3,159,2,164,236,0,236,400
04/03/2019,SWO,OK,ASW,CE,Federal Contract Tower,0,2,15,1,18,0,0,88,2,90,0,2,103,3,108,176,16,192,300
04/04/2019,SWO,OK,ASW,CE,Federal Contract Tower,0,3,15,8,26,0,2,82,1,85,0,5,97,9,111,204,30,234,345
04/05/2019,SWO,OK,ASW,CE,Federal Contract Tower,0,8,30,6,44,0,0,106,0,106,0,8,136,6,150,182,0,182,332
04/06/2019,SWO,OK,ASW,CE,Federal Contract Tower,0,4,3,0,7,0,0,4,18,22,0,4,7,18,29,8,0,8,37
04/07/2019,SWO,OK,ASW,CE,Federal Contract Tower,0,3,10,0,13,0,2,22,0,24,0,5,32,0,37,136,0,136,173
04/08/2019,SWO,OK,ASW,CE,Federal Contract Tower,0,3,15,0,18,0,0,118,4,122,0,3,133,4,140,324,0,324,464
04/09/2019,SWO,OK,ASW,CE,Federal Contract Tower,0,2,11,2,15,0,3,112,3,118,0,5,123,5,133,222,0,222,355
04/10/2019,SWO,OK,ASW,CE,Federal Contract Tower,0,3,11,0,14,0,0,73,6,79,0,3,84,6,93,108,14,122,215
04/11/2019,SWO,OK,ASW,CE,Federal Contract Tower,0,4,5,0,9,0,2,10,2,14,0,6,15,2,23,18,0,18,41
04/12/2019,SWO,OK,ASW,CE,Federal Contract Tower,0,4,21,2,27,0,6,152,2,160,0,10,173,4,187,310,0,310,497
04/13/2019,SWO,OK,ASW,CE,Federal Contract Tower,0,0,3,0,3,0,0,6,0,6,0,0,9,0,9,18,0,18,27
04/14/2019,SWO,OK,ASW,CE,Federal Contract Tower,0,4,11,4,19,0,2,72,7,81,0,6,83,11,100,134,12,146,246
04/15/2019,SWO,OK,ASW,CE,Federal Contract Tower,0,2,32,2,36,0,1,149,4,154,0,3,181,6,190,160,4,164,354
04/16/2019,SWO,OK,ASW,CE,Federal Contract Tower,0,2,31,6,39,0,0,142,1,143,0,2,173,7,182,254,2,256,438
04/17/2019,SWO,OK,ASW,CE,Federal Contract Tower,0,5,20,0,25,0,0,52,0,52,0,5,72,0,77,146,0,146,223
04/18/2019,SWO,OK,ASW,CE,Federal Contract Tower,0,2,31,2,35,0,0,92,0,92,0,2,123,2,127,96,0,96,223
04/19/2019,SWO,OK,ASW,CE,Federal Contract Tower,0,2,25,4,31,0,0,126,5,131,0,2,151,9,162,134,8,142,304
04/20/2019,SWO,OK,ASW,CE,Federal Contract Tower,0,4,24,0,28,0,0,105,3,108,0,4,129,3,136,128,0,128,264
04/21/2019,SWO,OK,ASW,CE,Federal Contract Tower,0,2,0,0,2,0,1,8,1,10,0,3,8,1,12,0,0,0,12
04/22/2019,SWO,OK,ASW,CE,Federal Contract Tower,0,2,27,2,31,0,6,72,0,78,0,8,99,2,109,196,0,196,305
04/23/2019,SWO,OK,ASW,CE,Federal Contract Tower,0,3,15,3,21,0,0,2,0,2,0,3,17,3,23,0,0,0,23
04/24/2019,SWO,OK,ASW,CE,Federal Contract Tower,0,2,40,8,50,0,2,26,0,28,0,4,66,8,78,110,0,110,188
04/25/2019,SWO,OK,ASW,CE,Federal Contract Tower,0,5,10,4,19,0,4,98,0,102,0,9,108,4,121,216,0,216,337
04/26/2019,SWO,OK,ASW,CE,Federal Contract Tower,0,4,18,0,22,0,2,115,2,119,0,6,133,2,141,190,4,194,335
04/27/2019,SWO,OK,ASW,CE,Federal Contract Tower,0,2,10,3,15,0,0,27,0,27,0,2,37,3,42,12,0,12,54
04/28/2019,SWO,OK,ASW,CE,Federal Contract Tower,0,4,10,0,14,0,0,52,0,52,0,4,62,0,66,82,0,82,148
04/29/2019,SWO,OK,ASW,CE,Federal Contract Tower,0,2,14,17,33,0,0,48,0,48,0,2,62,17,81,246,0,246,327
04/30/2019,SWO,OK,ASW,CE,Federal Contract Tower,0,2,10,0,12,0,2,0,0,2,0,4,10,0,14,0,0,0,14
05/01/2019,SWO,OK,ASW,CE,Federal Contract Tower,0,2,5,14,21,0,2,9,3,14,0,4,14,17,35,92,12,104,139
05/02/2019,SWO,OK,ASW,CE,Federal Contract Tower,0,7,27,10,44,0,1,48,1,50,0,8,75,11,94,136,2,138,232
05/03/2019,SWO,OK,ASW,CE,Federal Contract Tower,0,4,0,0,4,0,2,0,0,2,0,6,0,0,6,0,0,0,6
05/04/2019,SWO,OK,ASW,CE,Federal Contract Tower,0,4,25,8,37,0,2,51,5,58,0,6,76,13,95,86,26,112,207
05/05/2019,SWO,OK,ASW,CE,Federal Contract Tower,0,6,10,3,19,0,0,43,0,43,0,6,53,3,62,46,4,50,112
05/06/2019,SWO,OK,ASW,CE,Federal Contract Tower,0,4,15,2,21,0,0,84,0,84,0,4,99,2,105,200,0,200,305
05/07/2019,SWO,OK,ASW,CE,Federal Contract Tower,0,4,15,13,32,0,5,60,2,67,0,9,75,15,99,116,0,116,215
05/08/2019,SWO,OK,ASW,CE,Federal Contract Tower,0,2,17,5,24,0,4,79,1,84,0,6,96,6,108,154,4,158,266
05/09/2019,SWO,OK,ASW,CE,Federal Contract Tower,0,4,26,2,32,0,0,50,1,51,0,4,76,3,83,46,18,64,147
05/10/2019,SWO,OK,ASW,CE,Federal Contract Tower,0,3,18,2,23,0,1,59,2,62,0,4,77,4,85,98,2,100,185
05/11/2019,SWO,OK,ASW,CE,Federal Contract Tower,0,8,8,0,16,0,2,2,0,4,0,10,10,0,20,0,0,0,20
05/12/2019,SWO,OK,ASW,CE,Federal Contract Tower,0,4,9,1,14,0,0,43,1,44,0,4,52,2,58,36,0,36,94
05/13/2019,SWO,OK,ASW,CE,Federal Contract Tower,0,4,19,7,30,0,0,86,4,90,0,4,105,11,120,184,4,188,308
05/14/2019,SWO,OK,ASW,CE,Federal Contract Tower,0,5,19,0,24,0,0,90,2,92,0,5,109,2,116,78,0,78,194
05/15/2019,SWO,OK,ASW,CE,Federal Contract Tower,0,4,11,5,20,0,1,87,0,88,0,5,98,5,108,182,4,186,294
05/16/2019,SWO,OK,ASW,CE,Federal Contract Tower,0,4,20,0,24,0,0,101,2,103,0,4,121,2,127,120,0,120,247
05/17/2019,SWO,OK,ASW,CE,Federal Contract Tower,0,4,11,2,17,0,10,41,3,54,0,14,52,5,71,64,8,72,143
05/18/2019,SWO,OK,ASW,CE,Federal Contract Tower,0,2,0,0,2,0,4,0,0,4,0,6,0,0,6,0,0,0,6
05/19/2019,SWO,OK,ASW,CE,Federal Contract Tower,0,4,2,0,6,0,1,56,0,57,0,5,58,0,63,78,0,78,141
05/20/2019,SWO,OK,ASW,CE,Federal Contract Tower,0,2,0,0,2,0,3,0,0,3,0,5,0,0,5,0,0,0,5
05/21/2019,SWO,OK,ASW,CE,Federal Contract Tower,0,4,4,0,8,0,2,2,0,4,0,6,6,0,12,0,0,0,12
05/22/2019,SWO,OK,ASW,CE,Federal Contract Tower,0,2,6,1,9,0,9,44,1,54,0,11,50,2,63,104,0,104,167
05/23/2019,SWO,OK,ASW,CE,Federal Contract Tower,0,5,13,5,23,0,7,41,1,49,0,12,54,6,72,102,0,102,174
05/24/2019,SWO,OK,ASW,CE,Federal Contract Tower,0,5,8,0,13,0,2,39,0,41,0,7,47,0,54,72,0,72,126
05/25/2019,SWO,OK,ASW,CE,Federal Contract Tower,0,5,4,0,9,0,4,6,0,10,0,9,10,0,19,30,0,30,49
05/26/2019,SWO,OK,ASW,CE,Federal Contract Tower,0,6,2,0,8,0,3,11,0,14,0,9,13,0,22,4,0,4,26
05/27/2019,SWO,OK,ASW,CE,Federal Contract Tower,0,7,1,0,8,0,8,16,0,24,0,15,17,0,32,4,0,4,36
05/28/2019,SWO,OK,ASW,CE,Federal Contract Tower,0,4,26,0,30,0,2,68,0,70,0,6,94,0,100,62,0,62,162
05/29/2019,SWO,OK,ASW,CE,Federal Contract Tower,0,1,24,2,27,0,4,34,0,38,0,5,58,2,65,24,0,24,89
05/30/2019,SWO,OK,ASW,CE,Federal Contract Tower,0,6,28,0,34,0,2,137,12,151,0,8,165,12,185,132,4,136,321
05/31/2019,SWO,OK,ASW,CE,Federal Contract Tower,0,4,18,1,23,0,0,112,0,112,0,4,130,1,135,158,8,166,301
06/01/2019,SWO,OK,ASW,CE,Federal Contract Tower,0,5,4,7,16,0,5,35,2,42,0,10,39,9,58,22,20,42,100
06/02/2019,SWO,OK,ASW,CE,Federal Contract Tower,0,5,9,5,19,0,1,17,0,18,0,6,26,5,37,44,6,50,87
06/03/2019,SWO,OK,ASW,CE,Federal Contract Tower,0,4,26,8,38,0,7,101,5,113,0,11,127,13,151,220,4,224,375
06/04/2019,SWO,OK,ASW,CE,Federal Contract Tower,0,4,31,1,36,0,1,121,2,124,0,5,152,3,160,120,12,132,292
06/05/2019,SWO,OK,ASW,CE,Federal Contract Tower,0,2,29,1,32,0,1,137,1,139,0,3,166,2,171,270,0,270,441
06/06/2019,SWO,OK,ASW,CE,Federal Contract Tower,2,4,3,0,9,0,0,1,0,1,2,4,4,0,10,0,0,0,10
06/07/2019,SWO,OK,ASW,CE,Federal Contract Tower,0,5,24,3,32,0,8,101,8,117,0,13,125,11,149,130,46,176,325
06/08/2019,SWO,OK,ASW,CE,Federal Contract Tower,0,7,10,0,17,0,7,61,0,68,0,14,71,0,85,96,0,96,181
06/09/2019,SWO,OK,ASW,CE,Federal Contract Tower,0,7,8,0,15,0,1,15,4,20,0,8,23,4,35,70,6,76,111
06/10/2019,SWO,OK,ASW,CE,Federal Contract Tower,2,6,29,4,41,0,6,123,1,130,2,12,152,5,171,196,2,198,369
06/11/2019,SWO,OK,ASW,CE,Federal Contract Tower,0,5,32,6,43,0,0,136,0,136,0,5,168,6,179,190,0,190,369
06/12/2019,SWO,OK,ASW,CE,Federal Contract Tower,0,6,32,4,42,0,0,134,3,137,0,6,166,7,179,126,0,126,305
06/13/2019,SWO,OK,ASW,CE,Federal Contract Tower,0,4,23,5,32,0,0,116,6,122,0,4,139,11,154,170,16,186,340
06/14/2019,SWO,OK,ASW,CE,Federal Contract Tower,0,4,18,4,26,0,0,97,2,99,0,4,115,6,125,116,0,116,241
06/15/2019,SWO,OK,ASW,CE,Federal Contract Tower,0,6,8,0,14,0,8,39,0,47,0,14,47,0,61,72,0,72,133
06/16/2019,SWO,OK,ASW,CE,Federal Contract Tower,0,1,12,0,13,0,0,8,0,8,0,1,20,0,21,14,0,14,35
06/17/2019,SWO,OK,ASW,CE,Federal Contract Tower,0,4,27,3,34,0,0,90,2,92,0,4,117,5,126,180,0,180,306
06/18/2019,SWO,OK,ASW,CE,Federal Contract Tower,0,4,21,6,31,0,3,128,0,131,0,7,149,6,162,242,2,244,406
06/19/2019,SWO,OK,ASW,CE,Federal Contract Tower,0,2,24,2,28,0,3,72,2,77,0,5,96,4,105,116,2,118,223
06/20/2019,SWO,OK,ASW,CE,Federal Contract Tower,0,4,24,2,30,0,0,155,3,158,0,4,179,5,188,216,12,228,416
06/21/2019,SWO,OK,ASW,CE,Federal Contract Tower,0,4,4,2,10,0,3,51,1,55,0,7,55,3,65,50,0,50,115
06/22/2019,SWO,OK,ASW,CE,Federal Contract Tower,0,4,11,0,15,0,0,39,0,39,0,4,50,0,54,70,0,70,124
06/23/2019,SWO,OK,ASW,CE,Federal Contract Tower,0,4,4,0,8,0,4,19,0,23,0,8,23,0,31,78,0,78,109
06/24/2019,SWO,OK,ASW,CE,Federal Contract Tower,0,4,15,0,19,0,8,105,0,113,0,12,120,0,132,140,0,140,272
06/25/2019,SWO,OK,ASW,CE,Federal Contract Tower,0,4,25,1,30,0,0,91,3,94,0,4,116,4,124,132,0,132,256
06/26/2019,SWO,OK,ASW,CE,Federal Contract Tower,0,2,21,0,23,0,2,118,2,122,0,4,139,2,145,204,2,206,351
06/27/2019,SWO,OK,ASW,CE,Federal Contract Tower,0,4,19,1,24,0,6,117,1,124,0,10,136,2,148,158,2,160,308
06/28/2019,SWO,OK,ASW,CE,Federal Contract Tower,0,6,22,0,28,0,2,123,0,125,0,8,145,0,153,226,0,226,379
06/29/2019,SWO,OK,ASW,CE,Federal Contract Tower,0,4,12,6,22,0,0,109,0,109,0,4,121,6,131,186,0,186,317
06/30/2019,SWO,OK,ASW,CE,Federal Contract Tower,0,4,27,4,35,0,0,63,0,63,0,4,90,4,98,68,0,68,166
07/01/2019,SWO,OK,ASW,CE,Federal Contract Tower,0,3,20,0,23,0,2,94,0,96,0,5,114,0,119,184,0,184,303
07/02/2019,SWO,OK,ASW,CE,Federal Contract Tower,0,4,17,1,22,0,5,84,3,92,0,9,101,4,114,190,8,198,312
07/03/2019,SWO,OK,ASW,CE,Federal Contract Tower,0,2,4,3,9,0,4,53,0,57,0,6,57,3,66,82,2,84,150
07/04/2019,SWO,OK,ASW,CE,Federal Contract Tower,0,3,3,2,8,0,4,7,0,11,0,7,10,2,19,10,0,10,29
07/05/2019,SWO,OK,ASW,CE,Federal Contract Tower,0,5,0,0,5,0,3,29,0,32,0,8,29,0,37,62,0,62,99
07/06/2019,SWO,OK,ASW,CE,Federal Contract Tower,0,2,3,0,5,0,4,15,0,19,0,6,18,0,24,61,0,61,85
07/07/2019,SWO,OK,ASW,CE,Federal Contract Tower,0,4,4,0,8,0,5,32,0,37,0,9,36,0,45,72,0,72,117
07/08/2019,SWO,OK,ASW,CE,Federal Contract Tower,0,4,14,2,20,0,2,73,0,75,0,6,87,2,95,178,0,178,273
07/09/2019,SWO,OK,ASW,CE,Federal Contract Tower,0,6,18,5,29,0,1,113,3,117,0,7,131,8,146,198,20,218,364
07/10/2019,SWO,OK,ASW,CE,Federal Contract Tower,0,1,16,0,17,0,3,90,0,93,0,4,106,0,110,94,0,94,204
07/11/2019,SWO,OK,ASW,CE,Federal Contract Tower,0,7,18,4,29,0,4,107,0,111,0,11,125,4,140,202,0,202,342
07/12/2019,SWO,OK,ASW,CE,Federal Contract Tower,0,5,19,4,28,0,113,2,0,115,0,118,21,4,143,200,6,206,349
07/13/2019,SWO,OK,ASW,CE,Federal Contract Tower,0,3,11,8,22,0,7,59,2,68,0,10,70,10,90,196,4,200,290
07/14/2019,SWO,OK,ASW,CE,Federal Contract Tower,0,5,15,5,25,0,6,23,2,31,0,11,38,7,56,46,16,62,118
07/15/2019,SWO,OK,ASW,CE,Federal Contract Tower,0,5,21,0,26,0,4,96,0,100,0,9,117,0,126,188,0,188,314
07/16/2019,SWO,OK,ASW,CE,Federal Contract Tower,0,4,15,2,21,0,4,100,1,105,0,8,115,3,126,122,2,124,250
07/17/2019,SWO,OK,ASW,CE,Federal Contract Tower,0,4,22,2,28,0,4,115,2,121,0,8,137,4,149,162,2,164,313
07/18/2019,SWO,OK,ASW,CE,Federal Contract Tower,0,4,28,4,36,0,7,94,2,103,0,11,122,6,139,82,0,82,221
07/19/2019,SWO,OK,ASW,CE,Federal Contract Tower,0,6,20,6,32,0,2,98,4,104,0,8,118,10,136,180,4,184,320
07/20/2019,SWO,OK,ASW,CE,Federal Contract Tower,0,4,5,0,9,0,0,50,0,50,0,4,55,0,59,72,0,72,131
07/21/2019,SWO,OK,ASW,CE,Federal Contract Tower,0,4,9,0,13,0,3,41,0,44,0,7,50,0,57,70,0,70,127
07/22/2019,SWO,OK,ASW,CE,Federal Contract Tower,0,4,26,0,30,0,0,69,0,69,0,4,95,0,99,73,0,73,172
07/23/2019,SWO,OK,ASW,CE,Federal Contract Tower,0,4,6,2,12,0,3,93,8,104,0,7,99,10,116,208,2,210,326
07/24/2019,SWO,OK,ASW,CE,Federal Contract Tower,0,2,26,4,32,0,6,130,4,140,0,8,156,8,172,198,4,202,374
07/25/2019,SWO,OK,ASW,CE,Federal Contract Tower,0,4,20,1,25,0,4,109,2,115,0,8,129,3,140,148,0,148,288
07/26/2019,SWO,OK,ASW,CE,Federal Contract Tower,0,4,14,6,24,0,91,0,0,91,0,95,14,6,115,150,0,150,265
07/27/2019,SWO,OK,ASW,CE,Federal Contract Tower,0,4,7,0,11,0,0,67,1,68,0,4,74,1,79,114,2,116,195
07/28/2019,SWO,OK,ASW,CE,Federal Contract Tower,0,3,9,2,14,0,2,23,0,25,0,5,32,2,39,48,0,48,87
07/29/2019,SWO,OK,ASW,CE,Federal Contract Tower,0,4,20,3,27,0,1,81,4,86,0,5,101,7,113,120,8,128,241
07/30/2019,SWO,OK,ASW,CE,Federal Contract Tower,0,4,15,0,19,0,16,85,3,104,0,20,100,3,123,182,2,184,307
07/31/2019,SWO,OK,ASW,CE,Federal Contract Tower,0,3,20,0,23,0,5,82,0,87,0,8,102,0,110,122,0,122,232
08/01/2019,SWO,OK,ASW,CE,Federal Contract Tower,0,5,17,0,22,0,2,63,5,70,0,7,80,5,92,106,6,112,204
08/02/2019,SWO,OK,ASW,CE,Federal Contract Tower,0,6,13,2,21,0,0,52,1,53,0,6,65,3,74,62,28,90,164
08/03/2019,SWO,OK,ASW,CE,Federal Contract Tower,0,4,5,0,9,0,0,12,0,12,0,4,17,0,21,18,0,18,39
08/04/2019,SWO,OK,ASW,CE,Federal Contract Tower,0,4,8,2,14,0,0,33,2,35,0,4,41,4,49,40,10,50,99
08/05/2019,SWO,OK,ASW,CE,Federal Contract Tower,0,5,15,2,22,0,0,83,1,84,0,5,98,3,106,160,12,172,278
08/06/2019,SWO,OK,ASW,CE,Federal Contract Tower,0,5,22,3,30,0,0,92,4,96,0,5,114,7,126,100,30,130,256
08/07/2019,SWO,OK,ASW,CE,Federal Contract Tower,0,2,14,1,17,0,0,90,3,93,0,2,104,4,110,210,34,244,354
08/08/2019,SWO,OK,ASW,CE,Federal Contract Tower,0,4,0,0,4,0,0,7,0,7,0,4,7,0,11,0,0,0,11
08/09/2019,SWO,OK,ASW,CE,Federal Contract Tower,0,5,13,4,22,0,0,20,0,20,0,5,33,4,42,68,0,68,110
08/10/2019,SWO,OK,ASW,CE,Federal Contract Tower,0,8,15,3,26,0,4,60,0,64,0,12,75,3,90,74,0,74,164
08/11/2019,SWO,OK,ASW,CE,Federal Contract Tower,0,4,11,0,15,0,3,31,0,34,0,7,42,0,49,54,0,54,103
08/12/2019,SWO,OK,ASW,CE,Federal Contract Tower,0,4,12,4,20,0,2,81,2,85,0,6,93,6,105,188,0,188,293
08/13/2019,SWO,OK,ASW,CE,Federal Contract Tower,0,4,22,2,28,0,0,93,0,93,0,4,115,2,121,146,0,146,267
08/14/2019,SWO,OK,ASW,CE,Federal Contract Tower,0,2,15,3,20,0,3,96,2,101,0,5,111,5,121,182,12,194,315
08/15/2019,SWO,OK,ASW,CE,Federal Contract Tower,0,4,22,1,27,0,2,111,3,116,0,6,133,4,143,142,4,146,289
08/16/2019,SWO,OK,ASW,CE,Federal Contract Tower,0,4,15,7,26,0,2,77,0,79,0,6,92,7,105,68,8,76,181
08/17/2019,SWO,OK,ASW,CE,Federal Contract Tower,0,5,6,0,11,0,4,33,0,37,0,9,39,0,48,74,0,74,122
08/18/2019,SWO,OK,ASW,CE,Federal Contract Tower,0,4,11,6,21,0,0,25,0,25,0,4,36,6,46,22,0,22,68
08/19/2019,SWO,OK,ASW,CE,Federal Contract Tower,0,4,28,7,39,0,6,81,5,92,0,10,109,12,131,108,0,108,239
08/20/2019,SWO,OK,ASW,CE,Federal Contract Tower,0,1,12,0,13,0,7,81,8,96,0,8,93,8,109,146,12,158,267
08/21/2019,SWO,OK,ASW,CE,Federal Contract Tower,0,2,13,4,19,0,6,46,2,54,0,8,59,6,73,62,4,66,139
08/22/2019,SWO,OK,ASW,CE,Federal Contract Tower,0,8,10,4,22,0,3,53,3,59,0,11,63,7,81,94,0,94,175
08/23/2019,SWO,OK,ASW,CE,Federal Contract Tower,0,15,25,0,40,0,0,24,0,24,0,15,49,0,64,36,0,36,100
08/24/2019,SWO,OK,ASW,CE,Federal Contract Tower,0,3,20,0,23,0,0,7,0,7,0,3,27,0,30,0,0,0,30
08/25/2019,SWO,OK,ASW,CE,Federal Contract Tower,0,8,10,0,18,0,0,30,1,31,0,8,40,1,49,26,0,26,75
08/26/2019,SWO,OK,ASW,CE,Federal Contract Tower,0,4,15,0,19,0,0,71,0,71,0,4,86,0,90,106,0,106,196
08/27/2019,SWO,OK,ASW,CE,Federal Contract Tower,0,1,23,2,26,0,4,81,4,89,0,5,104,6,115,118,0,118,233
08/28/2019,SWO,OK,ASW,CE,Federal Contract Tower,0,2,16,2,20,0,2,120,5,127,0,4,136,7,147,176,16,192,339
08/29/2019,SWO,OK,ASW,CE,Federal Contract Tower,2,5,19,0,26,0,6,92,0,98,2,11,111,0,124,148,0,148,272
08/30/2019,SWO,OK,ASW,CE,Federal Contract Tower,0,2,19,2,23,0,2,44,1,47,0,4,63,3,70,32,0,32,102
08/31/2019,SWO,OK,ASW,CE,Federal Contract Tower,1,3,31,0,35,0,0,34,0,34,1,3,65,0,69,22,0,22,91
09/01/2019,SWO,OK,ASW,CE,Federal Contract Tower,0,4,10,0,14,0,0,28,0,28,0,4,38,0,42,10,0,10,52
09/02/2019,SWO,OK,ASW,CE,Federal Contract Tower,0,4,20,0,24,0,0,57,0,57,0,4,77,0,81,76,0,76,157
09/03/2019,SWO,OK,ASW,CE,Federal Contract Tower,0,6,16,3,25,0,2,91,4,97,0,8,107,7,122,158,0,158,280
09/04/2019,SWO,OK,ASW,CE,Federal Contract Tower,0,2,19,2,23,0,6,114,3,123,0,8,133,5,146,142,0,142,288
09/05/2019,SWO,OK,ASW,CE,Federal Contract Tower,0,6,27,0,33,0,6,113,0,119,0,12,140,0,152,134,0,134,286
09/06/2019,SWO,OK,ASW,CE,Federal Contract Tower,0,6,22,2,30,0,6,111,1,118,0,12,133,3,148,134,0,134,282
09/07/2019,SWO,OK,ASW,CE,Federal Contract Tower,0,3,28,0,31,0,0,64,0,64,0,3,92,0,95,72,0,72,167
09/08/2019,SWO,OK,ASW,CE,Federal Contract Tower,0,6,17,5,28,0,2,63,1,66,0,8,80,6,94,36,6,42,136
09/09/2019,SWO,OK,ASW,CE,Federal Contract Tower,0,5,14,2,21,0,4,94,4,102,0,9,108,6,123,98,6,104,227
09/10/2019,SWO,OK,ASW,CE,Federal Contract Tower,0,3,22,2,27,0,2,130,1,133,0,5,152,3,160,210,10,220,380
09/11/2019,SWO,OK,ASW,CE,Federal Contract Tower,0,1,26,3,30,0,2,110,5,117,0,3,136,8,147,106,24,130,277
09/12/2019,SWO,OK,ASW,CE,Federal Contract Tower,0,4,15,0,19,0,3,55,0,58,0,7,70,0,77,86,0,86,163
09/13/2019,SWO,OK,ASW,CE,Federal Contract Tower,0,5,29,6,40,0,2,25,0,27,0,7,54,6,67,52,0,52,119
09/14/2019,SWO,OK,ASW,CE,Federal Contract Tower,0,3,15,0,18,0,0,57,0,57,0,3,72,0,75,70,0,70,145
09/15/2019,SWO,OK,ASW,CE,Federal Contract Tower,0,5,17,0,22,0,2,64,0,66,0,7,81,0,88,34,0,34,122
09/16/2019,SWO,OK,ASW,CE,Federal Contract Tower,0,5,24,4,33,0,1,119,12,132,0,6,143,16,165,124,6,130,295
09/17/2019,SWO,OK,ASW,CE,Federal Contract Tower,0,2,18,7,27,0,2,115,2,119,0,4,133,9,146,236,14,250,396
09/18/2019,SWO,OK,ASW,CE,Federal Contract Tower,0,2,22,1,25,0,5,131,4,140,0,7,153,5,165,198,2,200,365
09/19/2019,SWO,OK,ASW,CE,Federal Contract Tower,0,7,21,0,28,0,1,132,2,135,0,8,153,2,163,212,0,212,375
09/20/2019,SWO,OK,ASW,CE,Federal Contract Tower,4,13,31,5,53,0,2,14,3,19,4,15,45,8,72,24,0,24,96
09/21/2019,SWO,OK,ASW,CE,Federal Contract Tower,0,5,12,0,17,0,0,4,0,4,0,5,16,0,21,0,0,0,21
09/22/2019,SWO,OK,ASW,CE,Federal Contract Tower,0,8,3,0,11,0,0,13,0,13,0,8,16,0,24,76,0,76,100
09/23/2019,SWO,OK,ASW,CE,Federal Contract Tower,0,4,23,4,31,0,0,101,4,105,0,4,124,8,136,104,2,106,242
09/24/2019,SWO,OK,ASW,CE,Federal Contract Tower,0,4,22,6,32,0,0,47,0,47,0,4,69,6,79,112,0,112,191
09/25/2019,SWO,OK,ASW,CE,Federal Contract Tower,0,6,37,5,48,0,4,110,2,116,0,10,147,7,164,200,10,210,374
09/26/2019,SWO,OK,ASW,CE,Federal Contract Tower,0,6,9,6,21,0,4,73,4,81,0,10,82,10,102,246,0,246,348
09/27/2019,SWO,OK,ASW,CE,Federal Contract Tower,0,6,27,0,33,0,1,118,19,138,0,7,145,19,171,134,2,136,307
09/28/2019,SWO,OK,ASW,CE,Federal Contract Tower,0,9,33,0,42,0,4,34,0,38,0,13,67,0,80,70,0,70,150
09/29/2019,SWO,OK,ASW,CE,Federal Contract Tower,0,8,23,2,33,0,0,38,0,38,0,8,61,2,71,80,0,80,151
09/30/2019,SWO,OK,ASW,CE,Federal Contract Tower,0,4,22,4,30,0,2,93,4,99,0,6,115,8,129,104,0,104,233
10/01/2019,SWO,OK,ASW,CE,Federal Contract Tower,0,1,16,6,23,0,6,113,0,119,0,7,129,6,142,222,0,222,364
10/02/2019,SWO,OK,ASW,CE,Federal Contract Tower,0,2,27,1,30,0,4,138,2,144,0,6,165,3,174,129,0,129,303
10/03/2019,SWO,OK,ASW,CE,Federal Contract Tower,0,4,50,6,60,0,2,11,0,13,0,6,61,6,73,28,0,28,101
10/04/2019,SWO,OK,ASW,CE,Federal Contract Tower,2,5,30,1,38,0,2,51,5,58,2,7,81,6,96,126,0,126,222
10/05/2019,SWO,OK,ASW,CE,Federal Contract Tower,2,3,2,4,11,0,5,12,0,17,2,8,14,4,28,8,0,8,36
10/06/2019,SWO,OK,ASW,CE,Federal Contract Tower,0,3,8,0,11,0,0,8,2,10,0,3,16,2,21,14,0,14,35
10/07/2019,SWO,OK,ASW,CE,Federal Contract Tower,0,4,24,1,29,0,1,142,1,144,0,5,166,2,173,126,0,126,299
10/08/2019,SWO,OK,ASW,CE,Federal Contract Tower,0,3,24,4,31,0,4,140,2,146,0,7,164,6,177,204,4,208,385
10/09/2019,SWO,OK,ASW,CE,Federal Contract Tower,0,8,22,5,35,0,1,93,1,95,0,9,115,6,130,112,6,118,248
10/10/2019,SWO,OK,ASW,CE,Federal Contract Tower,1,7,10,2,20,0,0,13,2,15,1,7,23,4,35,32,10,42,77
10/11/2019,SWO,OK,ASW,CE,Federal Contract Tower,1,9,47,6,63,0,1,146,0,147,1,10,193,6,210,164,0,164,374
10/12/2019,SWO,OK,ASW,CE,Federal Contract Tower,0,6,26,1,33,0,1,88,1,90,0,7,114,2,123,164,6,170,293
10/13/2019,SWO,OK,ASW,CE,Federal Contract Tower,1,8,11,0,20,0,4,77,0,81,1,12,88,0,101,148,0,148,249
10/14/2019,SWO,OK,ASW,CE,Federal Contract Tower,0,4,29,0,33,0,0,114,0,114,0,4,143,0,147,198,0,198,345
10/15/2019,SWO,OK,ASW,CE,Federal Contract Tower,0,2,30,2,34,0,0,60,2,62,0,2,90,4,96,202,8,210,306
10/16/2019,SWO,OK,ASW,CE,Federal Contract Tower,0,6,35,1,42,0,3,149,3,155,0,9,184,4,197,162,2,164,361
10/17/2019,SWO,OK,ASW,CE,Federal Contract Tower,0,4,19,0,23,0,8,148,2,158,0,12,167,2,181,342,0,342,523
10/18/2019,SWO,OK,ASW,CE,Federal Contract Tower,0,5,34,2,41,0,0,109,0,109,0,5,143,2,150,134,0,134,284
10/19/2019,SWO,OK,ASW,CE,Federal Contract Tower,1,8,24,0,33,0,0,44,0,44,1,8,68,0,77,4,0,4,81
10/20/2019,SWO,OK,ASW,CE,Federal Contract Tower,0,7,13,0,20,0,0,0,0,0,0,7,13,0,20,48,0,48,68
10/21/2019,SWO,OK,ASW,CE,Federal Contract Tower,0,6,9,0,15,0,4,42,1,47,0,10,51,1,62,30,6,36,98
10/22/2019,SWO,OK,ASW,CE,Federal Contract Tower,0,7,18,7,32,0,0,94,2,96,0,7,112,9,128,186,0,186,314
10/23/2019,SWO,OK,ASW,CE,Federal Contract Tower,0,3,29,0,32,0,0,100,0,100,0,3,129,0,132,88,0,88,220
10/24/2019,SWO,OK,ASW,CE,Federal Contract Tower,0,3,9,0,12,0,0,4,0,4,0,3,13,0,16,0,0,0,16
10/25/2019,SWO,OK,ASW,CE,Federal Contract Tower,0,2,9,6,17,0,0,0,0,0,0,2,9,6,17,0,0,0,17
10/26/2019,SWO,OK,ASW,CE,Federal Contract Tower,0,5,12,0,17,0,8,38,0,46,0,13,50,0,63,76,0,76,139
10/27/2019,SWO,OK,ASW,CE,Federal Contract Tower,0,4,11,0,15,0,0,43,0,43,0,4,54,0,58,86,0,86,144
10/28/2019,SWO,OK,ASW,CE,Federal Contract Tower,0,4,15,4,23,0,4,36,2,42,0,8,51,6,65,238,10,248,313
10/29/2019,SWO,OK,ASW,CE,Federal Contract Tower,0,3,9,0,12,0,2,14,0,16,0,5,23,0,28,62,0,62,90
10/30/2019,SWO,OK,ASW,CE,Federal Contract Tower,0,2,1,0,3,0,0,0,0,0,0,2,1,0,3,0,0,0,3
10/31/2019,SWO,OK,ASW,CE,Federal Contract Tower,0,2,25,0,27,0,0,139,0,139,0,2,164,0,166,212,0,212,378
11/01/2019,SWO,OK,ASW,CE,Federal Contract Tower,0,5,34,0,39,0,0,143,0,143,0,5,177,0,182,182,0,182,364
11/02/2019,SWO,OK,ASW,CE,Federal Contract Tower,2,7,45,0,54,0,6,62,0,68,2,13,107,0,122,54,0,54,176
11/03/2019,SWO,OK,ASW,CE,Federal Contract Tower,0,4,21,0,25,0,1,83,2,86,0,5,104,2,111,114,0,114,225
11/04/2019,SWO,OK,ASW,CE,Federal Contract Tower,0,4,42,0,46,0,8,148,0,156,0,12,190,0,202,204,0,204,406
11/05/2019,SWO,OK,ASW,CE,Federal Contract Tower,0,3,19,0,22,0,6,133,0,139,0,9,152,0,161,324,0,324,485
11/06/2019,SWO,OK,ASW,CE,Federal Contract Tower,0,4,24,7,35,0,2,29,2,33,0,6,53,9,68,72,10,82,150
11/07/2019,SWO,OK,ASW,CE,Federal Contract Tower,0,9,20,7,36,0,5,73,3,81,0,14,93,10,117,102,8,110,227
11/08/2019,SWO,OK,ASW,CE,Federal Contract Tower,0,5,33,1,39,0,0,128,2,130,0,5,161,3,169,122,0,122,291
11/09/2019,SWO,OK,ASW,CE,Federal Contract Tower,0,3,18,0,21,0,6,96,0,102,0,9,114,0,123,68,0,68,191
11/10/2019,SWO,OK,ASW,CE,Federal Contract Tower,0,4,15,0,19,0,2,73,0,75,0,6,88,0,94,94,0,94,188
11/11/2019,SWO,OK,ASW,CE,Federal Contract Tower,0,3,2,0,5,0,3,0,0,3,0,6,2,0,8,0,0,0,8
11/12/2019,SWO,OK,ASW,CE,Federal Contract Tower,0,5,16,4,25,0,0,96,1,97,0,5,112,5,122,170,20,190,312
11/13/2019,SWO,OK,ASW,CE,Federal Contract Tower,0,4,31,0,35,0,0,111,2,113,0,4,142,2,148,130,0,130,278
11/14/2019,SWO,OK,ASW,CE,Federal Contract Tower,0,4,15,3,22,0,4,116,7,127,0,8,131,10,149,154,24,178,327
11/15/2019,SWO,OK,ASW,CE,Federal Contract Tower,0,7,33,1,41,0,3,148,2,153,0,10,181,3,194,126,8,134,328
11/16/2019,SWO,OK,ASW,CE,Federal Contract Tower,0,7,37,0,44,0,0,50,0,50,0,7,87,0,94,26,0,26,120
11/17/2019,SWO,OK,ASW,CE,Federal Contract Tower,0,6,19,9,34,0,2,108,2,112,0,8,127,11,146,162,4,166,312
11/18/2019,SWO,OK,ASW,CE,Federal Contract Tower,0,4,18,2,24,0,0,89,2,91,0,4,107,4,115,48,0,48,163
11/19/2019,SWO,OK,ASW,CE,Federal Contract Tower,0,2,17,7,26,0,2,140,2,144,0,4,157,9,170,212,4,216,386
11/20/2019,SWO,OK,ASW,CE,Federal Contract Tower,0,2,17,6,25,0,0,43,0,43,0,2,60,6,68,126,0,126,194
11/21/2019,SWO,OK,ASW,CE,Federal Contract Tower,0,4,22,1,27,0,0,54,0,54,0,4,76,1,81,220,0,220,301
11/22/2019,SWO,OK,ASW,CE,Federal Contract Tower,2,5,1,0,8,0,0,0,0,0,2,5,1,0,8,0,0,0,8
11/23/2019,SWO,OK,ASW,CE,Federal Contract Tower,2,2,5,0,9,0,0,101,2,103,2,2,106,2,112,192,0,192,304
11/24/2019,SWO,OK,ASW,CE,Federal Contract Tower,0,2,13,5,20,0,4,112,2,118,0,6,125,7,138,190,12,202,340
11/25/2019,SWO,OK,ASW,CE,Federal Contract Tower,0,3,38,0,41,0,0,146,0,146,0,3,184,0,187,200,0,200,387
11/26/2019,SWO,OK,ASW,CE,Federal Contract Tower,0,3,13,0,16,0,0,36,0,36,0,3,49,0,52,58,0,58,110
11/27/2019,SWO,OK,ASW,CE,Federal Contract Tower,0,8,6,0,14,0,0,16,0,16,0,8,22,0,30,24,0,24,54
11/28/2019,SWO,OK,ASW,CE,Federal Contract Tower,0,1,0,0,1,0,0,0,0,0,0,1,0,0,1,0,0,0,1
11/29/2019,SWO,OK,ASW,CE,Federal Contract Tower,0,5,8,0,13,0,0,0,0,0,0,5,8,0,13,0,0,0,13
11/30/2019,SWO,OK,ASW,CE,Federal Contract Tower,0,17,33,0,50,0,3,18,0,21,0,20,51,0,71,0,0,0,71
12/01/2019,SWO,OK,ASW,CE,Federal Contract Tower,0,7,12,0,19,0,8,22,0,30,0,15,34,0,49,12,0,12,61
12/02/2019,SWO,OK,ASW,CE,Federal Contract Tower,0,4,25,1,30,0,0,132,0,132,0,4,157,1,162,184,0,184,346
12/03/2019,SWO,OK,ASW,CE,Federal Contract Tower,1,4,10,5,20,0,0,130,2,132,1,4,140,7,152,198,0,198,350
12/04/2019,SWO,OK,ASW,CE,Federal Contract Tower,0,5,28,1,34,0,3,129,9,141,0,8,157,10,175,220,4,224,399
12/05/2019,SWO,OK,ASW,CE,Federal Contract Tower,0,7,12,0,19,0,0,114,2,116,0,7,126,2,135,188,0,188,323
12/06/2019,SWO,OK,ASW,CE,Federal Contract Tower,0,5,24,2,31,0,0,87,5,92,0,5,111,7,123,132,0,132,255
12/07/2019,SWO,OK,ASW,CE,Federal Contract Tower,0,8,11,4,23,0,2,102,5,109,0,10,113,9,132,188,12,200,332
12/08/2019,SWO,OK,ASW,CE,Federal Contract Tower,0,6,16,2,24,0,3,79,0,82,0,9,95,2,106,162,0,162,268
12/09/2019,SWO,OK,ASW,CE,Federal Contract Tower,0,2,18,2,22,0,0,62,2,64,0,2,80,4,86,184,0,184,270
12/10/2019,SWO,OK,ASW,CE,Federal Contract Tower,0,3,24,1,28,0,3,138,3,144,0,6,162,4,172,288,12,300,472
12/11/2019,SWO,OK,ASW,CE,Federal Contract Tower,0,2,25,6,33,0,2,125,6,133,0,4,150,12,166,222,26,248,414
12/12/2019,SWO,OK,ASW,CE,Federal Contract Tower,0,10,19,1,30,0,0,85,5,90,0,10,104,6,120,151,16,167,287
12/13/2019,SWO,OK,ASW,CE,Federal Contract Tower,0,8,18,0,26,0,0,141,0,141,0,8,159,0,167,200,0,200,367
12/14/2019,SWO,OK,ASW,CE,Federal Contract Tower,0,3,13,4,20,0,1,58,0,59,0,4,71,4,79,128,0,128,207
12/15/2019,SWO,OK,ASW,CE,Federal Contract Tower,0,6,2,0,8,0,0,0,0,0,0,6,2,0,8,0,0,0,8
12/16/2019,SWO,OK,ASW,CE,Federal Contract Tower,0,2,0,0,2,0,0,0,2,2,0,2,0,2,4,0,0,0,4
12/17/2019,SWO,OK,ASW,CE,Federal Contract Tower,0,3,21,1,25,0,2,108,1,111,0,5,129,2,136,192,6,198,334
12/18/2019,SWO,OK,ASW,CE,Federal Contract Tower,0,2,21,0,23,0,6,102,0,108,0,8,123,0,131,146,0,146,277
12/19/2019,SWO,OK,ASW,CE,Federal Contract Tower,0,5,9,0,14,0,2,43,1,46,0,7,52,1,60,48,0,48,108
12/20/2019,SWO,OK,ASW,CE,Federal Contract Tower,0,2,9,4,15,0,2,34,2,38,0,4,43,6,53,56,10,66,119
12/21/2019,SWO,OK,ASW,CE,Federal Contract Tower,2,4,4,0,10,0,0,2,0,2,2,4,6,0,12,38,0,38,50
12/22/2019,SWO,OK,ASW,CE,Federal Contract Tower,0,6,0,0,6,0,2,11,0,13,0,8,11,0,19,4,0,4,23
12/23/2019,SWO,OK,ASW,CE,Federal Contract Tower,0,5,2,0,7,0,0,15,0,15,0,5,17,0,22,4,0,4,26
12/24/2019,SWO,OK,ASW,CE,Federal Contract Tower,0,3,0,0,3,0,5,8,1,14,0,8,8,1,17,4,0,4,21
12/25/2019,SWO,OK,ASW,CE,Federal Contract Tower,0,2,2,0,4,0,5,7,0,12,0,7,9,0,16,0,0,0,16
12/26/2019,SWO,OK,ASW,CE,Federal Contract Tower,0,2,5,2,9,0,0,16,0,16,0,2,21,2,25,0,0,0,25
12/27/2019,SWO,OK,ASW,CE,Federal Contract Tower,0,2,5,0,7,0,0,1,0,1,0,2,6,0,8,0,0,0,8
12/28/2019,SWO,OK,ASW,CE,Federal Contract Tower,2,4,4,0,10,0,0,0,0,0,2,4,4,0,10,0,0,0,10
12/29/2019,SWO,OK,ASW,CE,Federal Contract Tower,0,2,3,0,5,0,4,6,0,10,0,6,9,0,15,10,0,10,25
12/30/2019,SWO,OK,ASW,CE,Federal Contract Tower,0,4,4,0,8,0,2,17,0,19,0,6,21,0,27,0,0,0,27
12/31/2019,SWO,OK,ASW,CE,Federal Contract Tower,0,2,2,0,4,0,0,21,0,21,0,2,23,0,25,8,0,8,33
01/01/2020,SWO,OK,ASW,CE,Federal Contract Tower,0,2,0,0,2,0,7,1,0,8,0,9,1,0,10,0,0,0,10
01/02/2020,SWO,OK,ASW,CE,Federal Contract Tower,0,4,3,0,7,0,0,15,0,15,0,4,18,0,22,36,0,36,58
01/03/2020,SWO,OK,ASW,CE,Federal Contract Tower,0,4,4,0,8,0,3,18,2,23,0,7,22,2,31,32,12,44,75
01/04/2020,SWO,OK,ASW,CE,Federal Contract Tower,0,5,3,6,14,0,2,35,2,39,0,7,38,8,53,70,4,74,127
01/05/2020,SWO,OK,ASW,CE,Federal Contract Tower,1,2,3,0,6,0,0,35,0,35,1,2,38,0,41,48,0,48,89
01/06/2020,SWO,OK,ASW,CE,Federal Contract Tower,1,4,7,7,19,0,1,56,1,58,1,5,63,8,77,112,10,122,199
01/07/2020,SWO,OK,ASW,CE,Federal Contract Tower,0,2,5,1,8,0,6,70,1,77,0,8,75,2,85,100,6,106,191
01/08/2020,SWO,OK,ASW,CE,Federal Contract Tower,0,3,14,4,21,0,6,50,2,58,0,9,64,6,79,48,6,54,133
01/09/2020,SWO,OK,ASW,CE,Federal Contract Tower,0,3,10,2,15,0,4,26,0,30,0,7,36,2,45,46,10,56,101
01/10/2020,SWO,OK,ASW,CE,Federal Contract Tower,0,1,2,0,3,0,2,0,0,2,0,3,2,0,5,0,0,0,5
01/11/2020,SWO,OK,ASW,CE,Federal Contract Tower,0,3,4,0,7,0,2,4,0,6,0,5,8,0,13,0,0,0,13
01/12/2020,SWO,OK,ASW,CE,Federal Contract Tower,0,6,5,0,11,0,2,29,0,31,0,8,34,0,42,48,0,48,90
01/13/2020,SWO,OK,ASW,CE,Federal Contract Tower,0,3,9,0,12,0,0,0,0,0,0,3,9,0,12,0,0,0,12
01/14/2020,SWO,OK,ASW,CE,Federal Contract Tower,2,2,18,0,22,0,2,35,0,37,2,4,53,0,59,126,0,126,185
01/15/2020,SWO,OK,ASW,CE,Federal Contract Tower,0,10,28,4,42,0,0,63,0,63,0,10,91,4,105,182,0,182,287
01/16/2020,SWO,OK,ASW,CE,Federal Contract Tower,0,2,4,5,11,0,2,42,1,45,0,4,46,6,56,72,6,78,134
01/17/2020,SWO,OK,ASW,CE,Federal Contract Tower,0,11,3,0,14,0,0,0,0,0,0,11,3,0,14,0,0,0,14
01/18/2020,SWO,OK,ASW,CE,Federal Contract Tower,0,4,15,2,21,0,1,91,6,98,0,5,106,8,119,170,14,184,303
01/19/2020,SWO,OK,ASW,CE,Federal Contract Tower,0,7,22,0,29,0,0,88,0,88,0,7,110,0,117,138,0,138,255
01/20/2020,SWO,OK,ASW,CE,Federal Contract Tower,0,10,12,6,28,0,12,122,1,135,0,22,134,7,163,176,4,180,343
01/21/2020,SWO,OK,ASW,CE,Federal Contract Tower,0,4,17,2,23,0,5,95,3,103,0,9,112,5,126,182,0,182,308
01/22/2020,SWO,OK,ASW,CE,Federal Contract Tower,0,2,2,0,4,0,0,0,0,0,0,2,2,0,4,0,0,0,4
01/23/2020,SWO,OK,ASW,CE,Federal Contract Tower,0,6,8,2,16,0,6,45,2,53,0,12,53,4,69,94,0,94,163
01/24/2020,SWO,OK,ASW,CE,Federal Contract Tower,0,8,23,7,38,0,2,95,3,100,0,10,118,10,138,198,10,208,346
01/25/2020,SWO,OK,ASW,CE,Federal Contract Tower,0,1,13,3,17,0,3,130,2,135,0,4,143,5,152,146,10,156,308
01/26/2020,SWO,OK,ASW,CE,Federal Contract Tower,0,4,5,0,9,0,0,85,1,86,0,4,90,1,95,96,0,96,191
01/27/2020,SWO,OK,ASW,CE,Federal Contract Tower,0,7,18,3,28,0,2,158,0,160,0,9,176,3,188,232,0,232,420
01/28/2020,SWO,OK,ASW,CE,Federal Contract Tower,0,5,0,0,5,0,0,0,0,0,0,5,0,0,5,0,0,0,5
01/29/2020,SWO,OK,ASW,CE,Federal Contract Tower,0,6,1,10,17,0,2,13,0,15,0,8,14,10,32,116,0,116,148
01/30/2020,SWO,OK,ASW,CE,Federal Contract Tower,0,4,8,0,12,0,2,14,0,16,0,6,22,0,28,68,0,68,96
01/31/2020,SWO,OK,ASW,CE,Federal Contract Tower,0,4,23,0,27,0,0,150,0,150,0,4,173,0,177,220,0,220,397
02/01/2020,SWO,OK,ASW,CE,Federal Contract Tower,0,1,29,0,30,0,0,140,2,142,0,1,169,2,172,144,0,144,316
02/02/2020,SWO,OK,ASW,CE,Federal Contract Tower,0,2,14,0,16,0,0,121,0,121,0,2,135,0,137,148,0,148,285
02/03/2020,SWO,OK,ASW,CE,Federal Contract Tower,0,1,31,10,42,0,1,114,4,119,0,2,145,14,161,92,20,112,273
02/04/2020,SWO,OK,ASW,CE,Federal Contract Tower,0,5,0,0,5,0,2,7,0,9,0,7,7,0,14,116,0,116,130
02/05/2020,SWO,OK,ASW,CE,Federal Contract Tower,0,2,0,3,5,0,2,0,1,3,0,4,0,4,8,4,0,4,12
02/06/2020,SWO,OK,ASW,CE,Federal Contract Tower,0,2,36,5,43,0,0,133,4,137,0,2,169,9,180,188,34,222,402
02/07/2020,SWO,OK,ASW,CE,Federal Contract Tower,0,7,28,6,41,0,1,183,3,187,0,8,211,9,228,280,0,280,508
02/08/2020,SWO,OK,ASW,CE,Federal Contract Tower,0,3,27,0,30,0,2,155,2,159,0,5,182,2,189,216,8,224,413
02/09/2020,SWO,OK,ASW,CE,Federal Contract Tower,0,1,13,0,14,0,0,23,0,23,0,1,36,0,37,38,0,38,75
02/10/2020,SWO,OK,ASW,CE,Federal Contract Tower,0,2,22,3,27,0,0,93,0,93,0,2,115,3,120,188,0,188,308
02/11/2020,SWO,OK,ASW,CE,Federal Contract Tower,0,2,25,4,31,0,6,116,5,127,0,8,141,9,158,178,12,190,348
02/12/2020,SWO,OK,ASW,CE,Federal Contract Tower,0,3,0,2,5,0,1,0,0,1,0,4,0,2,6,0,0,0,6
02/13/2020,SWO,OK,ASW,CE,Federal Contract Tower,0,2,9,3,14,0,4,113,3,120,0,6,122,6,134,90,0,90,224
02/14/2020,SWO,OK,ASW,CE,Federal Contract Tower,1,4,38,1,44,0,2,169,4,175,1,6,207,5,219,124,10,134,353
02/15/2020,SWO,OK,ASW,CE,Federal Contract Tower,1,2,28,0,31,0,1,130,0,131,1,3,158,0,162,128,0,128,290
02/16/2020,SWO,OK,ASW,CE,Federal Contract Tower,0,4,43,2,49,0,0,29,0,29,0,4,72,2,78,112,0,112,190
02/17/2020,SWO,OK,ASW,CE,Federal Contract Tower,0,6,33,0,39,0,2,59,0,61,0,8,92,0,100,94,0,94,194
02/18/2020,SWO,OK,ASW,CE,Federal Contract Tower,0,5,23,5,33,0,5,164,3,172,0,10,187,8,205,158,0,158,363
02/19/2020,SWO,OK,ASW,CE,Federal Contract Tower,0,3,22,0,25,0,3,144,4,151,0,6,166,4,176,146,6,152,328
02/20/2020,SWO,OK,ASW,CE,Federal Contract Tower,0,3,19,2,24,0,0,88,0,88,0,3,107,2,112,136,0,136,248
02/21/2020,SWO,OK,ASW,CE,Federal Contract Tower,0,3,16,3,22,0,4,136,5,145,0,7,152,8,167,145,22,167,334
02/22/2020,SWO,OK,ASW,CE,Federal Contract Tower,0,6,17,0,23,0,1,139,0,140,0,7,156,0,163,156,0,156,319
02/23/2020,SWO,OK,ASW,CE,Federal Contract Tower,0,7,6,0,13,0,0,6,0,6,0,7,12,0,19,10,0,10,29
02/24/2020,SWO,OK,ASW,CE,Federal Contract Tower,0,2,4,2,8,0,0,5,0,5,0,2,9,2,13,40,0,40,53
02/25/2020,SWO,OK,ASW,CE,Federal Contract Tower,0,3,15,1,19,0,1,71,3,75,0,4,86,4,94,158,4,162,256
02/26/2020,SWO,OK,ASW,CE,Federal Contract Tower,2,3,12,1,18,0,0,102,4,106,2,3,114,5,124,182,16,198,322
02/27/2020,SWO,OK,ASW,CE,Federal Contract Tower,0,5,32,10,47,0,3,165,4,172,0,8,197,14,219,112,4,116,335
02/28/2020,SWO,OK,ASW,CE,Federal Contract Tower,0,5,25,2,32,0,1,140,1,142,0,6,165,3,174,130,32,162,336
02/29/2020,SWO,OK,ASW,CE,Federal Contract Tower,0,7,26,5,38,0,2,141,1,144,0,9,167,6,182,64,0,64,246
03/01/2020,SWO,OK,ASW,CE,Federal Contract Tower,0,3,9,0,12,0,5,78,2,85,0,8,87,2,97,146,0,146,243
03/02/2020,SWO,OK,ASW,CE,Federal Contract Tower,0,4,28,4,36,0,1,95,4,100,0,5,123,8,136,276,10,286,422
03/03/2020,SWO,OK,ASW,CE,Federal Contract Tower,0,7,20,1,28,0,1,138,8,147,0,8,158,9,175,168,24,192,367
03/04/2020,SWO,OK,ASW,CE,Federal Contract Tower,0,9,23,1,33,0,0,167,3,170,0,9,190,4,203,182,8,190,393
03/05/2020,SWO,OK,ASW,CE,Federal Contract Tower,0,2,17,2,21,0,5,128,7,140,0,7,145,9,161,150,20,170,331
03/06/2020,SWO,OK,ASW,CE,Federal Contract Tower,0,7,23,0,30,0,5,188,1,194,0,12,211,1,224,162,0,162,386
03/07/2020,SWO,OK,ASW,CE,Federal Contract Tower,0,4,7,0,11,0,3,173,0,176,0,7,180,0,187,20,0,20,207
03/08/2020,SWO,OK,ASW,CE,Federal Contract Tower,0,10,7,0,17,0,0,11,0,11,0,10,18,0,28,20,0,20,48
03/09/2020,SWO,OK,ASW,CE,Federal Contract Tower,0,2,13,10,25,0,2,23,1,26,0,4,36,11,51,114,12,126,177
03/10/2020,SWO,OK,ASW,CE,Federal Contract Tower,0,2,19,7,28,0,6,97,4,107,0,8,116,11,135,114,6,120,255
03/11/2020,SWO,OK,ASW,CE,Federal Contract Tower,0,2,17,0,19,0,2,157,0,159,0,4,174,0,178,164,0,164,342
03/12/2020,SWO,OK,ASW,CE,Federal Contract Tower,0,6,19,3,28,0,0,108,3,111,0,6,127,6,139,158,8,166,305
03/13/2020,SWO,OK,ASW,CE,Federal Contract Tower,0,2,13,1,16,0,2,16,1,19,0,4,29,2,35,14,0,14,49
03/14/2020,SWO,OK,ASW,CE,Federal Contract Tower,0,4,7,0,11,0,2,0,0,2,0,6,7,0,13,0,0,0,13
03/15/2020,SWO,OK,ASW,CE,Federal Contract Tower,0,2,2,0,4,0,0,0,0,0,0,2,2,0,4,0,0,0,4
03/16/2020,SWO,OK,ASW,CE,Federal Contract Tower,0,2,7,0,9,0,0,0,0,0,0,2,7,0,9,0,0,0,9
03/17/2020,SWO,OK,ASW,CE,Federal Contract Tower,0,2,8,0,10,0,0,0,0,0,0,2,8,0,10,0,0,0,10
03/18/2020,SWO,OK,ASW,CE,Federal Contract Tower,0,3,9,9,21,0,12,40,2,54,0,15,49,11,75,82,10,92,167
03/19/2020,SWO,OK,ASW,CE,Federal Contract Tower,0,2,4,4,10,0,2,8,6,16,0,4,12,10,26,22,0,22,48
03/20/2020,SWO,OK,ASW,CE,Federal Contract Tower,0,2,7,2,11,0,0,37,0,37,0,2,44,2,48,66,0,66,114
03/21/2020,SWO,OK,ASW,CE,Federal Contract Tower,0,4,7,0,11,0,4,63,0,67,0,8,70,0,78,72,0,72,150
03/22/2020,SWO,OK,ASW,CE,Federal Contract Tower,0,2,0,0,2,0,0,0,0,0,0,2,0,0,2,0,0,0,2
03/23/2020,SWO,OK,ASW,CE,Federal Contract Tower,0,2,2,0,4,0,0,3,0,3,0,2,5,0,7,46,0,46,53
03/24/2020,SWO,OK,ASW,CE,Federal Contract Tower,0,2,1,3,6,0,0,7,0,7,0,2,8,3,13,4,18,22,35
03/25/2020,SWO,OK,ASW,CE,Federal Contract Tower,0,2,7,0,9,0,3,28,4,35,0,5,35,4,44,14,0,14,58
03/26/2020,SWO,OK,ASW,CE,Federal Contract Tower,0,3,2,0,5,0,3,23,0,26,0,6,25,0,31,104,0,104,135
03/27/2020,SWO,OK,ASW,CE,Federal Contract Tower,0,2,4,6,12,0,6,20,2,28,0,8,24,8,40,48,0,48,88
03/28/2020,SWO,OK,ASW,CE,Federal Contract Tower,0,2,0,0,2,0,0,0,0,0,0,2,0,0,2,0,0,0,2
03/29/2020,SWO,OK,ASW,CE,Federal Contract Tower,0,3,2,0,5,0,0,36,2,38,0,3,38,2,43,108,0,108,151
03/30/2020,SWO,OK,ASW,CE,Federal Contract Tower,0,2,4,0,6,0,1,3,0,4,0,3,7,0,10,0,0,0,10
03/31/2020,SWO,OK,ASW,CE,Federal Contract Tower,0,1,5,0,6,0,2,25,2,29,0,3,30,2,35,96,0,96,131
04/01/2020,SWO,OK,ASW,CE,Federal Contract Tower,0,0,1,0,1,0,3,16,0,19,0,3,17,0,20,0,0,0,20
04/02/2020,SWO,OK,ASW,CE,Federal Contract Tower,0,0,0,0,0,0,0,3,0,3,0,0,3,0,3,4,0,4,7
04/03/2020,SWO,OK,ASW,CE,Federal Contract Tower,0,0,0,0,0,0,2,0,0,2,0,2,0,0,2,0,0,0,2
04/04/2020,SWO,OK,ASW,CE,Federal Contract Tower,0,0,2,0,2,0,1,0,0,1,0,1,2,0,3,0,0,0,3
04/05/2020,SWO,OK,ASW,CE,Federal Contract Tower,0,0,0,0,0,0,0,10,0,10,0,0,10,0,10,4,0,4,14
04/06/2020,SWO,OK,ASW,CE,Federal Contract Tower,0,2,2,4,8,0,0,4,0,4,0,2,6,4,12,10,0,10,22
04/07/2020,SWO,OK,ASW,CE,Federal Contract Tower,0,2,6,9,17,0,2,17,5,24,0,4,23,14,41,10,8,18,59
04/08/2020,SWO,OK,ASW,CE,Federal Contract Tower,0,0,0,0,0,0,0,28,1,29,0,0,28,1,29,40,2,42,71
04/09/2020,SWO,OK,ASW,CE,Federal Contract Tower,0,0,0,0,0,0,0,21,2,23,0,0,21,2,23,32,14,46,69
04/10/2020,SWO,OK,ASW,CE,Federal Contract Tower,0,0,4,2,6,0,3,23,4,30,0,3,27,6,36,28,0,28,64
04/11/2020,SWO,OK,ASW,CE,Federal Contract Tower,0,0,1,5,6,0,2,2,3,7,0,2,3,8,13,0,16,16,29
04/12/2020,SWO,OK,ASW,CE,Federal Contract Tower,0,0,0,0,0,0,0,1,0,1,0,0,1,0,1,6,0,6,7
04/13/2020,SWO,OK,ASW,CE,Federal Contract Tower,0,1,2,0,3,0,0,14,1,15,0,1,16,1,18,12,20,32,50
04/14/2020,SWO,OK,ASW,CE,Federal Contract Tower,0,1,2,1,4,0,0,10,2,12,0,1,12,3,16,12,8,20,36
04/15/2020,SWO,OK,ASW,CE,Federal Contract Tower,0,1,3,1,5,0,2,17,3,22,0,3,20,4,27,6,0,6,33
04/16/2020,SWO,OK,ASW,CE,Federal Contract Tower,0,2,0,0,2,0,5,7,4,16,0,7,7,4,18,6,0,6,24
04/17/2020,SWO,OK,ASW,CE,Federal Contract Tower,0,2,0,0,2,0,8,0,0,8,0,10,0,0,10,0,0,0,10
04/18/2020,SWO,OK,ASW,CE,Federal Contract Tower,0,1,0,4,5,0,0,26,4,30,0,1,26,8,35,26,5,31,66
04/19/2020,SWO,OK,ASW,CE,Federal Contract Tower,0,2,1,0,3,0,0,4,0,4,0,2,5,0,7,8,0,8,15
04/20/2020,SWO,OK,ASW,CE,Federal Contract Tower,0,2,5,0,7,0,4,18,0,22,0,6,23,0,29,28,0,28,57
04/21/2020,SWO,OK,ASW,CE,Federal Contract Tower,0,2,12,0,14,0,0,29,1,30,0,2,41,1,44,22,10,32,76
04/22/2020,SWO,OK,ASW,CE,Federal Contract Tower,0,2,0,0,2,0,2,0,0,2,0,4,0,0,4,0,0,0,4
04/23/2020,SWO,OK,ASW,CE,Federal Contract Tower,0,0,9,7,16,0,0,35,7,42,0,0,44,14,58,38,12,50,108
04/24/2020,SWO,OK,ASW,CE,Federal Contract Tower,0,2,0,0,2,0,0,4,0,4,0,2,4,0,6,38,0,38,44
04/25/2020,SWO,OK,ASW,CE,Federal Contract Tower,0,0,3,2,5,0,2,22,3,27,0,2,25,5,32,10,62,72,104
04/26/2020,SWO,OK,ASW,CE,Federal Contract Tower,0,2,2,0,4,0,29,0,0,29,0,31,2,0,33,46,0,46,79
04/27/2020,SWO,OK,ASW,CE,Federal Contract Tower,0,2,0,0,2,0,0,8,0,8,0,2,8,0,10,14,0,14,24
04/28/2020,SWO,OK,ASW,CE,Federal Contract Tower,0,2,0,1,3,0,4,7,0,11,0,6,7,1,14,14,2,16,30
04/29/2020,SWO,OK,ASW,CE,Federal Contract Tower,0,2,3,4,9,0,2,12,2,16,0,4,15,6,25,4,42,46,71
04/30/2020,SWO,OK,ASW,CE,Federal Contract Tower,0,1,1,0,2,0,4,68,2,74,0,5,69,2,76,76,0,76,152
05/01/2020,SWO,OK,ASW,CE,Federal Contract Tower,0,2,1,4,7,0,1,11,6,18,0,3,12,10,25,12,84,96,121
05/02/2020,SWO,OK,ASW,CE,Federal Contract Tower,0,2,4,5,11,0,0,36,7,43,0,2,40,12,54,36,20,56,110
05/03/2020,SWO,OK,ASW,CE,Federal Contract Tower,0,2,3,0,5,0,0,5,0,5,0,2,8,0,10,36,0,36,46
05/04/2020,SWO,OK,ASW,CE,Federal Contract Tower,0,2,7,2,11,0,0,20,5,25,0,2,27,7,36,38,14,52,88
05/05/2020,SWO,OK,ASW,CE,Federal Contract Tower,0,0,6,3,9,0,2,27,3,32,0,2,33,6,41,32,0,32,73
05/06/2020,SWO,OK,ASW,CE,Federal Contract Tower,0,2,7,1,10,0,0,48,5,53,0,2,55,6,63,52,0,52,115
05/07/2020,SWO,OK,ASW,CE,Federal Contract Tower,0,1,5,5,11,0,4,13,6,23,0,5,18,11,34,40,0,40,74
05/08/2020,SWO,OK,ASW,CE,Federal Contract Tower,0,0,4,6,10,0,0,14,2,16,0,0,18,8,26,24,0,24,50
05/09/2020,SWO,OK,ASW,CE,Federal Contract Tower,0,2,4,1,7,0,6,35,3,44,0,8,39,4,51,56,8,64,115
05/10/2020,SWO,OK,ASW,CE,Federal Contract Tower,0,1,0,0,1,0,0,7,0,7,0,1,7,0,8,8,0,8,16
05/11/2020,SWO,OK,ASW,CE,Federal Contract Tower,0,0,3,6,9,0,0,6,2,8,0,0,9,8,17,22,0,22,39
05/12/2020,SWO,OK,ASW,CE,Federal Contract Tower,0,0,1,8,9,0,0,0,0,0,0,0,1,8,9,0,0,0,9
05/13/2020,SWO,OK,ASW,CE,Federal Contract Tower,0,1,6,3,10,0,0,1,0,1,0,1,7,3,11,18,0,18,29
05/14/2020,SWO,OK,ASW,CE,Federal Contract Tower,0,1,8,2,11,0,3,28,0,31,0,4,36,2,42,38,0,38,80
05/15/2020,SWO,OK,ASW,CE,Federal Contract Tower,0,0,0,0,0,0,0,6,0,6,0,0,6,0,6,26,0,26,32
05/16/2020,SWO,OK,ASW,CE,Federal Contract Tower,0,0,3,2,5,0,2,14,0,16,0,2,17,2,21,28,2,30,51
05/17/2020,SWO,OK,ASW,CE,Federal Contract Tower,0,2,7,2,11,0,0,43,6,49,0,2,50,8,60,50,10,60,120
05/18/2020,SWO,OK,ASW,CE,Federal Contract Tower,0,5,11,1,17,0,0,50,1,51,0,5,61,2,68,72,0,72,140
05/19/2020,SWO,OK,ASW,CE,Federal Contract Tower,0,1,3,7,11,0,2,44,9,55,0,3,47,16,66,40,4,44,110
05/20/2020,SWO,OK,ASW,CE,Federal Contract Tower,0,1,6,1,8,0,0,50,3,53,0,1,56,4,61,64,22,86,147
05/21/2020,SWO,OK,ASW,CE,Federal Contract Tower,0,0,3,9,12,0,0,3,1,4,0,0,6,10,16,10,6,16,32
05/22/2020,SWO,OK,ASW,CE,Federal Contract Tower,0,1,3,0,4,2,16,0,0,18,2,17,3,0,22,24,0,24,46
05/23/2020,SWO,OK,ASW,CE,Federal Contract Tower,0,1,7,0,8,0,0,29,0,29,0,1,36,0,37,8,0,8,45
05/24/2020,SWO,OK,ASW,CE,Federal Contract Tower,0,1,7,0,8,0,0,6,0,6,0,1,13,0,14,0,0,0,14
05/25/2020,SWO,OK,ASW,CE,Federal Contract Tower,0,0,4,0,4,0,3,4,0,7,0,3,8,0,11,20,2,22,33
05/26/2020,SWO,OK,ASW,CE,Federal Contract Tower,0,4,2,4,10,0,2,4,0,6,0,6,6,4,16,20,0,20,36
05/27/2020,SWO,OK,ASW,CE,Federal Contract Tower,0,1,2,3,6,0,5,19,1,25,0,6,21,4,31,58,6,64,95
05/28/2020,SWO,OK,ASW,CE,Federal Contract Tower,0,1,2,7,10,0,3,3,5,11,0,4,5,12,21,12,6,18,39
05/29/2020,SWO,OK,ASW,CE,Federal Contract Tower,0,1,9,1,11,0,4,39,5,48,0,5,48,6,59,48,12,60,119
05/30/2020,SWO,OK,ASW,CE,Federal Contract Tower,0,3,5,0,8,0,3,40,1,44,0,6,45,1,52,24,4,28,80
05/31/2020,SWO,OK,ASW,CE,Federal Contract Tower,0,0,4,0,4,0,0,30,0,30,0,0,34,0,34,10,0,10,44
06/01/2020,SWO,OK,ASW,CE,Federal Contract Tower,0,1,3,0,4,0,0,30,2,32,0,1,33,2,36,8,0,8,44
06/02/2020,SWO,OK,ASW,CE,Federal Contract Tower,0,0,0,0,0,0,6,0,1,7,0,6,0,1,7,6,0,6,13
06/03/2020,SWO,OK,ASW,CE,Federal Contract Tower,0,0,0,0,0,0,0,0,0,0,0,0,0,0,0,0,0,0,0
06/04/2020,SWO,OK,ASW,CE,Federal Contract Tower,0,2,11,4,17,0,3,30,4,37,0,5,41,8,54,28,36,64,118
06/05/2020,SWO,OK,ASW,CE,Federal Contract Tower,0,1,3,3,7,0,3,22,10,35,0,4,25,13,42,20,18,38,80
06/06/2020,SWO,OK,ASW,CE,Federal Contract Tower,0,1,3,0,4,0,2,34,3,39,0,3,37,3,43,66,6,72,115
06/07/2020,SWO,OK,ASW,CE,Federal Contract Tower,0,1,5,0,6,0,0,9,1,10,0,1,14,1,16,16,4,20,36
06/08/2020,SWO,OK,ASW,CE,Federal Contract Tower,0,1,13,3,17,0,0,12,9,21,0,1,25,12,38,22,10,32,70
06/09/2020,SWO,OK,ASW,CE,Federal Contract Tower,0,1,5,0,6,0,2,3,2,7,0,3,8,2,13,0,24,24,37
06/10/2020,SWO,OK,ASW,CE,Federal Contract Tower,0,1,0,11,12,0,2,3,8,13,0,3,3,19,25,10,22,32,57
06/11/2020,SWO,OK,ASW,CE,Federal Contract Tower,0,2,6,10,18,0,4,33,6,43,0,6,39,16,61,68,14,82,143
06/12/2020,SWO,OK,ASW,CE,Federal Contract Tower,0,1,7,5,13,0,2,30,5,37,0,3,37,10,50,34,8,42,92
06/13/2020,SWO,OK,ASW,CE,Federal Contract Tower,0,1,7,0,8,0,2,41,0,43,0,3,48,0,51,50,0,50,101
06/14/2020,SWO,OK,ASW,CE,Federal Contract Tower,0,1,2,0,3,0,0,15,0,15,0,1,17,0,18,18,0,18,36
06/15/2020,SWO,OK,ASW,CE,Federal Contract Tower,0,3,6,7,16,0,3,20,10,33,0,6,26,17,49,10,32,42,91
06/16/2020,SWO,OK,ASW,CE,Federal Contract Tower,0,1,5,1,7,0,6,43,5,54,0,7,48,6,61,16,34,50,111
06/17/2020,SWO,OK,ASW,CE,Federal Contract Tower,0,1,9,9,19,0,4,30,3,37,0,5,39,12,56,28,8,36,92
06/18/2020,SWO,OK,ASW,CE,Federal Contract Tower,0,2,9,9,20,0,1,25,10,36,0,3,34,19,56,6,22,28,84
06/19/2020,SWO,OK,ASW,CE,Federal Contract Tower,0,1,1,0,2,0,0,0,0,0,0,1,1,0,2,0,0,0,2
06/20/2020,SWO,OK,ASW,CE,Federal Contract Tower,0,1,1,0,2,0,3,20,2,25,0,4,21,2,27,8,0,8,35
06/21/2020,SWO,OK,ASW,CE,Federal Contract Tower,0,1,0,0,1,0,0,10,0,10,0,1,10,0,11,0,0,0,11
06/22/2020,SWO,OK,ASW,CE,Federal Contract Tower,0,1,16,3,20,0,2,32,3,37,0,3,48,6,57,20,8,28,85
06/23/2020,SWO,OK,ASW,CE,Federal Contract Tower,0,1,13,4,18,0,1,35,0,36,0,2,48,4,54,48,0,48,102
06/24/2020,SWO,OK,ASW,CE,Federal Contract Tower,0,1,5,2,8,0,2,47,1,50,0,3,52,3,58,26,6,32,90
06/25/2020,SWO,OK,ASW,CE,Federal Contract Tower,0,2,6,3,11,0,0,32,11,43,0,2,38,14,54,18,34,52,106
06/26/2020,SWO,OK,ASW,CE,Federal Contract Tower,0,5,10,6,21,0,4,18,5,27,0,9,28,11,48,18,12,30,78
06/27/2020,SWO,OK,ASW,CE,Federal Contract Tower,0,4,0,0,4,0,0,8,0,8,0,4,8,0,12,0,0,0,12
06/28/2020,SWO,OK,ASW,CE,Federal Contract Tower,0,1,0,0,1,0,9,0,0,9,0,10,0,0,10,0,0,0,10
06/29/2020,SWO,OK,ASW,CE,Federal Contract Tower,0,1,12,2,15,0,0,13,1,14,0,1,25,3,29,38,4,42,71
06/30/2020,SWO,OK,ASW,CE,Federal Contract Tower,0,1,7,7,15,0,2,25,7,34,0,3,32,14,49,12,32,44,93
07/01/2020,SWO,OK,ASW,CE,Federal Contract Tower,0,1,9,7,17,0,1,25,3,29,0,2,34,10,46,18,20,38,84
07/02/2020,SWO,OK,ASW,CE,Federal Contract Tower,0,0,8,4,12,0,6,23,0,29,0,6,31,4,41,48,0,48,89
07/03/2020,SWO,OK,ASW,CE,Federal Contract Tower,0,1,4,0,5,0,3,13,0,16,0,4,17,0,21,4,0,4,25
07/04/2020,SWO,OK,ASW,CE,Federal Contract Tower,0,1,6,0,7,0,3,8,0,11,0,4,14,0,18,24,0,24,42
07/05/2020,SWO,OK,ASW,CE,Federal Contract Tower,0,0,5,0,5,0,0,9,0,9,0,0,14,0,14,0,0,0,14
07/06/2020,SWO,OK,ASW,CE,Federal Contract Tower,0,2,0,0,2,0,2,4,0,6,0,4,4,0,8,0,0,0,8
07/07/2020,SWO,OK,ASW,CE,Federal Contract Tower,0,2,12,3,17,0,0,95,2,97,0,2,107,5,114,190,40,230,344
07/08/2020,SWO,OK,ASW,CE,Federal Contract Tower,0,2,28,8,38,0,0,121,3,124,0,2,149,11,162,154,14,168,330
07/09/2020,SWO,OK,ASW,CE,Federal Contract Tower,0,2,11,0,13,0,2,34,1,37,0,4,45,1,50,46,6,52,102
07/10/2020,SWO,OK,ASW,CE,Federal Contract Tower,0,2,3,0,5,0,3,27,1,31,0,5,30,1,36,64,2,66,102
07/11/2020,SWO,OK,ASW,CE,Federal Contract Tower,0,4,8,4,16,0,10,94,0,104,0,14,102,4,120,124,0,124,244
07/12/2020,SWO,OK,ASW,CE,Federal Contract Tower,0,6,9,1,16,0,3,28,0,31,0,9,37,1,47,8,0,8,55
07/13/2020,SWO,OK,ASW,CE,Federal Contract Tower,0,2,22,2,26,0,6,104,2,112,0,8,126,4,138,140,8,148,286
07/14/2020,SWO,OK,ASW,CE,Federal Contract Tower,0,4,27,6,37,0,0,119,2,121,0,4,146,8,158,184,8,192,350
07/15/2020,SWO,OK,ASW,CE,Federal Contract Tower,0,2,31,0,33,0,4,123,2,129,0,6,154,2,162,166,0,166,328
07/16/2020,SWO,OK,ASW,CE,Federal Contract Tower,0,2,15,0,17,0,2,63,4,69,0,4,78,4,86,116,0,116,202
07/17/2020,SWO,OK,ASW,CE,Federal Contract Tower,0,4,23,0,27,0,4,125,0,129,0,8,148,0,156,136,0,136,292
07/18/2020,SWO,OK,ASW,CE,Federal Contract Tower,0,2,8,6,16,0,0,81,1,82,0,2,89,7,98,138,4,142,240
07/19/2020,SWO,OK,ASW,CE,Federal Contract Tower,0,2,3,0,5,0,2,30,0,32,0,4,33,0,37,24,0,24,61
07/20/2020,SWO,OK,ASW,CE,Federal Contract Tower,0,2,13,0,15,0,1,68,0,69,0,3,81,0,84,84,0,84,168
07/21/2020,SWO,OK,ASW,CE,Federal Contract Tower,0,2,10,3,15,0,0,74,0,74,0,2,84,3,89,198,6,204,293
07/22/2020,SWO,OK,ASW,CE,Federal Contract Tower,0,3,25,4,32,0,0,122,2,124,0,3,147,6,156,168,22,190,346
07/23/2020,SWO,OK,ASW,CE,Federal Contract Tower,0,2,8,7,17,0,1,41,0,42,0,3,49,7,59,134,0,134,193
07/24/2020,SWO,OK,ASW,CE,Federal Contract Tower,0,3,14,5,22,0,4,108,5,117,0,7,122,10,139,182,12,194,333
07/25/2020,SWO,OK,ASW,CE,Federal Contract Tower,0,2,13,4,19,0,0,62,2,64,0,2,75,6,83,96,14,110,193
07/26/2020,SWO,OK,ASW,CE,Federal Contract Tower,0,4,10,0,14,0,1,21,0,22,0,5,31,0,36,22,0,22,58
07/27/2020,SWO,OK,ASW,CE,Federal Contract Tower,0,2,14,0,16,0,0,44,0,44,0,2,58,0,60,40,0,40,100
07/28/2020,SWO,OK,ASW,CE,Federal Contract Tower,0,2,2,10,14,0,4,9,0,13,0,6,11,10,27,62,0,62,89
07/29/2020,SWO,OK,ASW,CE,Federal Contract Tower,0,0,17,2,19,0,0,62,0,62,0,0,79,2,81,96,0,96,177
07/30/2020,SWO,OK,ASW,CE,Federal Contract Tower,0,6,25,2,33,0,1,111,6,118,0,7,136,8,151,174,12,186,337
07/31/2020,SWO,OK,ASW,CE,Federal Contract Tower,0,2,22,5,29,0,7,108,1,116,0,9,130,6,145,168,16,184,329
08/01/2020,SWO,OK,ASW,CE,Federal Contract Tower,0,2,12,0,14,0,0,88,0,88,0,2,100,0,102,132,0,132,234
08/02/2020,SWO,OK,ASW,CE,Federal Contract Tower,0,4,5,0,9,0,2,22,0,24,0,6,27,0,33,12,0,12,45
08/03/2020,SWO,OK,ASW,CE,Federal Contract Tower,0,3,26,1,30,0,3,126,6,135,0,6,152,7,165,166,38,204,369
08/04/2020,SWO,OK,ASW,CE,Federal Contract Tower,0,4,23,4,31,0,2,101,7,110,0,6,124,11,141,152,12,164,305
08/05/2020,SWO,OK,ASW,CE,Federal Contract Tower,0,3,21,10,34,0,2,106,3,111,0,5,127,13,145,168,34,202,347
08/06/2020,SWO,OK,ASW,CE,Federal Contract Tower,0,2,10,4,16,0,4,27,0,31,0,6,37,4,47,88,0,88,135
08/07/2020,SWO,OK,ASW,CE,Federal Contract Tower,0,2,20,6,28,0,1,78,4,83,0,3,98,10,111,116,4,120,231
08/08/2020,SWO,OK,ASW,CE,Federal Contract Tower,0,2,6,0,8,0,5,75,0,80,0,7,81,0,88,96,0,96,184
08/09/2020,SWO,OK,ASW,CE,Federal Contract Tower,0,4,6,0,10,0,1,25,0,26,0,5,31,0,36,8,0,8,44
08/10/2020,SWO,OK,ASW,CE,Federal Contract Tower,0,2,29,9,40,0,0,126,6,132,0,2,155,15,172,204,20,224,396
08/11/2020,SWO,OK,ASW,CE,Federal Contract Tower,0,2,17,3,22,0,5,90,2,97,0,7,107,5,119,208,16,224,343
08/12/2020,SWO,OK,ASW,CE,Federal Contract Tower,0,2,21,8,31,0,0,59,3,62,0,2,80,11,93,120,6,126,219
08/13/2020,SWO,OK,ASW,CE,Federal Contract Tower,0,3,18,0,21,0,3,114,3,120,0,6,132,3,141,176,4,180,321
08/14/2020,SWO,OK,ASW,CE,Federal Contract Tower,0,6,22,4,32,0,0,99,1,100,0,6,121,5,132,100,4,104,236
08/15/2020,SWO,OK,ASW,CE,Federal Contract Tower,0,2,19,1,22,0,1,104,2,107,0,3,123,3,129,102,0,102,231
08/16/2020,SWO,OK,ASW,CE,Federal Contract Tower,0,2,3,0,5,0,0,10,0,10,0,2,13,0,15,48,0,48,63
08/17/2020,SWO,OK,ASW,CE,Federal Contract Tower,0,4,29,0,33,0,4,132,0,136,0,8,161,0,169,188,0,188,357
08/18/2020,SWO,OK,ASW,CE,Federal Contract Tower,0,2,16,0,18,0,5,140,0,145,0,7,156,0,163,200,0,200,363
08/19/2020,SWO,OK,ASW,CE,Federal Contract Tower,0,5,31,2,38,0,2,115,3,120,0,7,146,5,158,248,12,260,418
08/20/2020,SWO,OK,ASW,CE,Federal Contract Tower,0,4,12,1,17,0,5,95,3,103,0,9,107,4,120,166,8,174,294
08/21/2020,SWO,OK,ASW,CE,Federal Contract Tower,0,2,9,4,15,0,1,95,0,96,0,3,104,4,111,268,14,282,393
08/22/2020,SWO,OK,ASW,CE,Federal Contract Tower,0,2,11,0,13,0,4,92,0,96,0,6,103,0,109,144,0,144,253
08/23/2020,SWO,OK,ASW,CE,Federal Contract Tower,0,2,6,0,8,0,0,39,0,39,0,2,45,0,47,56,0,56,103
08/24/2020,SWO,OK,ASW,CE,Federal Contract Tower,0,3,29,0,32,0,9,110,0,119,0,12,139,0,151,158,0,158,309
08/25/2020,SWO,OK,ASW,CE,Federal Contract Tower,0,4,18,1,23,0,1,113,2,116,0,5,131,3,139,200,18,218,357
08/26/2020,SWO,OK,ASW,CE,Federal Contract Tower,0,2,13,0,15,0,0,82,0,82,0,2,95,0,97,120,0,120,217
08/27/2020,SWO,OK,ASW,CE,Federal Contract Tower,0,2,32,0,34,0,3,128,4,135,0,5,160,4,169,246,4,250,419
08/28/2020,SWO,OK,ASW,CE,Federal Contract Tower,0,3,25,0,28,0,8,99,0,107,0,11,124,0,135,138,0,138,273
08/29/2020,SWO,OK,ASW,CE,Federal Contract Tower,0,2,19,0,21,0,0,82,2,84,0,2,101,2,105,144,4,148,253
08/30/2020,SWO,OK,ASW,CE,Federal Contract Tower,0,2,21,0,23,0,0,38,0,38,0,2,59,0,61,46,0,46,107
08/31/2020,SWO,OK,ASW,CE,Federal Contract Tower,0,2,12,0,14,0,2,76,2,80,0,4,88,2,94,160,4,164,258
09/01/2020,SWO,OK,ASW,CE,Federal Contract Tower,0,0,23,4,27,0,2,17,2,21,0,2,40,6,48,102,8,110,158
09/02/2020,SWO,OK,ASW,CE,Federal Contract Tower,0,2,12,4,18,0,0,38,0,38,0,2,50,4,56,78,12,90,146
09/03/2020,SWO,OK,ASW,CE,Federal Contract Tower,0,2,34,0,36,0,0,137,0,137,0,2,171,0,173,254,0,254,427
09/04/2020,SWO,OK,ASW,CE,Federal Contract Tower,0,2,24,0,26,0,0,117,0,117,0,2,141,0,143,270,0,270,413
09/05/2020,SWO,OK,ASW,CE,Federal Contract Tower,0,2,6,0,8,0,0,51,0,51,0,2,57,0,59,134,0,134,193
09/06/2020,SWO,OK,ASW,CE,Federal Contract Tower,0,2,2,0,4,0,3,26,0,29,0,5,28,0,33,0,0,0,33
09/07/2020,SWO,OK,ASW,CE,Federal Contract Tower,0,2,3,0,5,0,2,22,0,24,0,4,25,0,29,28,0,28,57
09/08/2020,SWO,OK,ASW,CE,Federal Contract Tower,0,2,9,0,11,0,1,60,0,61,0,3,69,0,72,184,0,184,256
09/09/2020,SWO,OK,ASW,CE,Federal Contract Tower,0,4,0,0,4,0,0,0,0,0,0,4,0,0,4,0,0,0,4
09/10/2020,SWO,OK,ASW,CE,Federal Contract Tower,0,2,24,4,30,0,0,6,0,6,0,2,30,4,36,26,0,26,62
09/11/2020,SWO,OK,ASW,CE,Federal Contract Tower,0,4,35,6,45,0,0,5,0,5,0,4,40,6,50,36,0,36,86
09/12/2020,SWO,OK,ASW,CE,Federal Contract Tower,0,2,16,7,25,0,12,88,2,102,0,14,104,9,127,160,2,162,289
09/13/2020,SWO,OK,ASW,CE,Federal Contract Tower,0,2,11,1,14,0,3,95,2,100,0,5,106,3,114,126,0,126,240
09/14/2020,SWO,OK,ASW,CE,Federal Contract Tower,0,4,20,2,26,0,2,133,0,135,0,6,153,2,161,186,0,186,347
09/15/2020,SWO,OK,ASW,CE,Federal Contract Tower,0,7,20,2,29,0,18,145,2,165,0,25,165,4,194,234,2,236,430
09/16/2020,SWO,OK,ASW,CE,Federal Contract Tower,0,2,21,1,24,0,1,123,5,129,0,3,144,6,153,192,20,212,365
09/17/2020,SWO,OK,ASW,CE,Federal Contract Tower,0,2,24,0,26,0,0,114,4,118,0,2,138,4,144,196,70,266,410
09/18/2020,SWO,OK,ASW,CE,Federal Contract Tower,0,3,23,0,26,0,0,97,3,100,0,3,120,3,126,208,8,216,342
09/19/2020,SWO,OK,ASW,CE,Federal Contract Tower,0,9,9,0,18,0,4,68,0,72,0,13,77,0,90,62,0,62,152
09/20/2020,SWO,OK,ASW,CE,Federal Contract Tower,0,7,11,0,18,0,0,50,1,51,0,7,61,1,69,50,18,68,137
09/21/2020,SWO,OK,ASW,CE,Federal Contract Tower,0,4,28,0,32,0,0,110,0,110,0,4,138,0,142,136,0,136,278
09/22/2020,SWO,OK,ASW,CE,Federal Contract Tower,0,6,20,0,26,0,1,0,0,1,0,7,20,0,27,0,0,0,27
09/23/2020,SWO,OK,ASW,CE,Federal Contract Tower,0,2,21,2,25,0,1,20,0,21,0,3,41,2,46,112,0,112,158
09/24/2020,SWO,OK,ASW,CE,Federal Contract Tower,0,6,38,0,44,0,0,173,2,175,0,6,211,2,219,217,0,217,436
09/25/2020,SWO,OK,ASW,CE,Federal Contract Tower,0,6,22,0,28,0,5,123,4,132,0,11,145,4,160,226,24,250,410
09/26/2020,SWO,OK,ASW,CE,Federal Contract Tower,0,12,19,0,31,0,1,68,0,69,0,13,87,0,100,108,0,108,208
09/27/2020,SWO,OK,ASW,CE,Federal Contract Tower,0,5,14,0,19,0,0,3,0,3,0,5,17,0,22,34,0,34,56
09/28/2020,SWO,OK,ASW,CE,Federal Contract Tower,0,2,18,4,24,0,1,105,2,108,0,3,123,6,132,162,0,162,294
09/29/2020,SWO,OK,ASW,CE,Federal Contract Tower,0,5,31,0,36,0,4,124,2,130,0,9,155,2,166,120,2,122,288
09/30/2020,SWO,OK,ASW,CE,Federal Contract Tower,0,3,21,3,27,0,5,165,4,174,0,8,186,7,201,248,6,254,455
10/01/2020,SWO,OK,ASW,CE,Federal Contract Tower,0,4,27,1,32,0,0,136,7,143,0,4,163,8,175,134,12,146,321
10/02/2020,SWO,OK,ASW,CE,Federal Contract Tower,0,2,18,0,20,0,2,131,6,139,0,4,149,6,159,238,2,240,399
10/03/2020,SWO,OK,ASW,CE,Federal Contract Tower,0,2,12,3,17,0,2,109,1,112,0,4,121,4,129,150,4,154,283
10/04/2020,SWO,OK,ASW,CE,Federal Contract Tower,0,3,10,0,13,0,0,57,1,58,0,3,67,1,71,62,0,62,133
10/05/2020,SWO,OK,ASW,CE,Federal Contract Tower,0,2,27,4,33,0,1,126,3,130,0,3,153,7,163,178,2,180,343
10/06/2020,SWO,OK,ASW,CE,Federal Contract Tower,0,6,32,4,42,0,0,171,0,171,0,6,203,4,213,210,0,210,423
10/07/2020,SWO,OK,ASW,CE,Federal Contract Tower,0,4,40,3,47,0,1,144,2,147,0,5,184,5,194,174,16,190,384
10/08/2020,SWO,OK,ASW,CE,Federal Contract Tower,0,6,18,4,28,0,2,117,3,122,0,8,135,7,150,104,4,108,258
10/09/2020,SWO,OK,ASW,CE,Federal Contract Tower,0,3,20,16,39,0,3,83,1,87,0,6,103,17,126,98,14,112,238
10/10/2020,SWO,OK,ASW,CE,Federal Contract Tower,0,2,18,6,26,0,3,21,1,25,0,5,39,7,51,62,4,66,117
10/11/2020,SWO,OK,ASW,CE,Federal Contract Tower,0,4,11,0,15,0,2,62,4,68,0,6,73,4,83,48,0,48,131
10/12/2020,SWO,OK,ASW,CE,Federal Contract Tower,0,5,40,1,46,0,5,160,1,166,0,10,200,2,212,232,6,238,450
10/13/2020,SWO,OK,ASW,CE,Federal Contract Tower,0,4,32,6,42,0,13,150,4,167,0,17,182,10,209,118,12,130,339
10/14/2020,SWO,OK,ASW,CE,Federal Contract Tower,0,8,21,5,34,0,10,95,8,113,0,18,116,13,147,102,46,148,295
10/15/2020,SWO,OK,ASW,CE,Federal Contract Tower,0,2,20,2,24,0,4,109,0,113,0,6,129,2,137,138,4,142,279
10/16/2020,SWO,OK,ASW,CE,Federal Contract Tower,0,2,21,5,28,0,2,134,4,140,0,4,155,9,168,174,30,204,372
10/17/2020,SWO,OK,ASW,CE,Federal Contract Tower,0,2,3,0,5,0,4,33,0,37,0,6,36,0,42,4,2,6,48
10/18/2020,SWO,OK,ASW,CE,Federal Contract Tower,0,2,7,0,9,0,0,1,0,1,0,2,8,0,10,0,0,0,10
10/19/2020,SWO,OK,ASW,CE,Federal Contract Tower,0,2,28,2,32,0,0,42,0,42,0,2,70,2,74,104,0,104,178
10/20/2020,SWO,OK,ASW,CE,Federal Contract Tower,0,2,23,17,42,0,0,10,1,11,0,2,33,18,53,58,24,82,135
10/21/2020,SWO,OK,ASW,CE,Federal Contract Tower,0,2,27,10,39,0,6,134,0,140,0,8,161,10,179,140,0,140,319
10/22/2020,SWO,OK,ASW,CE,Federal Contract Tower,0,2,31,17,50,0,3,94,5,102,0,5,125,22,152,80,14,94,246
10/23/2020,SWO,OK,ASW,CE,Federal Contract Tower,0,5,13,2,20,0,1,22,0,23,0,6,35,2,43,54,6,60,103
10/24/2020,SWO,OK,ASW,CE,Federal Contract Tower,1,15,26,0,42,0,1,74,0,75,1,16,100,0,117,88,0,88,205
10/25/2020,SWO,OK,ASW,CE,Federal Contract Tower,0,11,7,0,18,0,1,4,0,5,0,12,11,0,23,18,0,18,41
10/26/2020,SWO,OK,ASW,CE,Federal Contract Tower,0,2,0,0,2,0,0,0,0,0,0,2,0,0,2,0,0,0,2
10/27/2020,SWO,OK,ASW,CE,Federal Contract Tower,0,0,2,0,2,0,0,0,0,0,0,0,2,0,2,0,0,0,2
10/29/2020,SWO,OK,ASW,CE,Federal Contract Tower,0,4,23,0,27,0,4,71,0,75,0,8,94,0,102,72,0,72,174
10/30/2020,SWO,OK,ASW,CE,Federal Contract Tower,0,7,21,1,29,0,8,165,2,175,0,15,186,3,204,196,4,200,404
10/31/2020,SWO,OK,ASW,CE,Federal Contract Tower,1,16,21,0,38,0,3,80,1,84,1,19,101,1,122,90,8,98,220
11/01/2020,SWO,OK,ASW,CE,Federal Contract Tower,0,4,8,0,12,0,2,50,0,52,0,6,58,0,64,58,0,58,122
11/02/2020,SWO,OK,ASW,CE,Federal Contract Tower,0,2,17,0,19,0,3,139,3,145,0,5,156,3,164,144,24,168,332
11/03/2020,SWO,OK,ASW,CE,Federal Contract Tower,0,4,11,0,15,0,0,122,5,127,0,4,133,5,142,74,32,106,248
11/05/2020,SWO,OK,ASW,CE,Federal Contract Tower,0,3,10,10,23,0,0,144,3,147,0,3,154,13,170,152,20,172,342
11/06/2020,SWO,OK,ASW,CE,Federal Contract Tower,0,2,13,5,20,0,0,153,2,155,0,2,166,7,175,98,22,120,295
11/08/2020,SWO,OK,ASW,CE,Federal Contract Tower,0,5,10,3,18,0,4,17,2,23,0,9,27,5,41,24,0,24,65
11/09/2020,SWO,OK,ASW,CE,Federal Contract Tower,0,2,16,19,37,0,4,66,10,80,0,6,82,29,117,34,74,108,225
11/10/2020,SWO,OK,ASW,CE,Federal Contract Tower,0,1,19,5,25,0,3,82,10,95,0,4,101,15,120,124,22,146,266
11/11/2020,SWO,OK,ASW,CE,Federal Contract Tower,0,1,30,0,31,0,2,140,0,142,0,3,170,0,173,158,0,158,331
11/12/2020,SWO,OK,ASW,CE,Federal Contract Tower,0,4,20,3,27,0,0,118,11,129,0,4,138,14,156,111,54,165,321
11/13/2020,SWO,OK,ASW,CE,Federal Contract Tower,0,5,11,0,16,0,0,104,2,106,0,5,115,2,122,120,0,120,242
11/14/2020,SWO,OK,ASW,CE,Federal Contract Tower,0,1,11,0,12,0,0,12,0,12,0,1,23,0,24,12,0,12,36
11/15/2020,SWO,OK,ASW,CE,Federal Contract Tower,0,1,4,0,5,0,6,65,0,71,0,7,69,0,76,76,8,84,160
11/16/2020,SWO,OK,ASW,CE,Federal Contract Tower,0,5,17,0,22,0,2,112,3,117,0,7,129,3,139,146,6,152,291
11/18/2020,SWO,OK,ASW,CE,Federal Contract Tower,0,1,18,1,20,0,0,58,4,62,0,1,76,5,82,62,4,66,148
11/19/2020,SWO,OK,ASW,CE,Federal Contract Tower,0,2,19,2,23,0,3,109,6,118,0,5,128,8,141,38,6,44,185
11/20/2020,SWO,OK,ASW,CE,Federal Contract Tower,0,2,17,0,19,0,9,86,3,98,0,11,103,3,117,190,10,200,317
11/21/2020,SWO,OK,ASW,CE,Federal Contract Tower,0,3,6,0,9,0,0,0,0,0,0,3,6,0,9,0,0,0,9
11/22/2020,SWO,OK,ASW,CE,Federal Contract Tower,0,3,9,4,16,0,0,24,0,24,0,3,33,4,40,50,0,50,90
11/23/2020,SWO,OK,ASW,CE,Federal Contract Tower,0,2,19,0,21,0,5,49,5,59,0,7,68,5,80,102,24,126,206
11/24/2020,SWO,OK,ASW,CE,Federal Contract Tower,0,1,0,0,1,0,0,0,0,0,0,1,0,0,1,0,0,0,1
11/25/2020,SWO,OK,ASW,CE,Federal Contract Tower,0,3,16,0,19,0,0,28,3,31,0,3,44,3,50,38,0,38,88
11/26/2020,SWO,OK,ASW,CE,Federal Contract Tower,0,0,2,0,2,0,8,9,0,17,0,8,11,0,19,6,0,6,25
11/27/2020,SWO,OK,ASW,CE,Federal Contract Tower,0,2,4,0,6,0,6,14,0,20,0,8,18,0,26,36,0,36,62
11/28/2020,SWO,OK,ASW,CE,Federal Contract Tower,0,1,14,12,27,0,4,18,0,22,0,5,32,12,49,16,0,16,65
11/29/2020,SWO,OK,ASW,CE,Federal Contract Tower,0,6,5,0,11,0,1,6,0,7,0,7,11,0,18,0,0,0,18
11/30/2020,SWO,OK,ASW,CE,Federal Contract Tower,0,5,11,0,16,0,0,103,2,105,0,5,114,2,121,178,0,178,299
12/01/2020,SWO,OK,ASW,CE,Federal Contract Tower,0,4,22,1,27,0,2,122,9,133,0,6,144,10,160,202,36,238,398
12/02/2020,SWO,OK,ASW,CE,Federal Contract Tower,0,5,5,1,11,0,0,1,0,1,0,5,6,1,12,20,0,20,32
12/03/2020,SWO,OK,ASW,CE,Federal Contract Tower,0,3,4,0,7,0,0,3,0,3,0,3,7,0,10,14,0,14,24
12/04/2020,SWO,OK,ASW,CE,Federal Contract Tower,0,6,22,2,30,0,1,194,14,209,0,7,216,16,239,220,12,232,471
12/05/2020,SWO,OK,ASW,CE,Federal Contract Tower,0,7,6,0,13,0,4,88,0,92,0,11,94,0,105,112,0,112,217
12/06/2020,SWO,OK,ASW,CE,Federal Contract Tower,0,2,5,0,7,0,0,81,0,81,0,2,86,0,88,142,0,142,230
12/07/2020,SWO,OK,ASW,CE,Federal Contract Tower,0,1,31,1,33,0,1,119,8,128,0,2,150,9,161,158,40,198,359
12/08/2020,SWO,OK,ASW,CE,Federal Contract Tower,0,2,23,4,29,0,3,127,4,134,0,5,150,8,163,214,6,220,383
12/09/2020,SWO,OK,ASW,CE,Federal Contract Tower,0,2,35,5,42,0,9,165,9,183,0,11,200,14,225,260,8,268,493
12/10/2020,SWO,OK,ASW,CE,Federal Contract Tower,0,2,24,13,39,0,0,126,5,131,0,2,150,18,170,112,10,122,292
12/11/2020,SWO,OK,ASW,CE,Federal Contract Tower,1,3,17,6,27,0,0,108,14,122,1,3,125,20,149,72,22,94,243
12/12/2020,SWO,OK,ASW,CE,Federal Contract Tower,2,4,8,3,17,0,0,28,2,30,2,4,36,5,47,60,26,86,133
12/13/2020,SWO,OK,ASW,CE,Federal Contract Tower,0,1,2,0,3,0,3,0,0,3,0,4,2,0,6,0,0,0,6
12/14/2020,SWO,OK,ASW,CE,Federal Contract Tower,0,3,15,0,18,0,3,48,0,51,0,6,63,0,69,56,0,56,125
12/15/2020,SWO,OK,ASW,CE,Federal Contract Tower,0,2,0,0,2,0,0,2,0,2,0,2,2,0,4,0,0,0,4
12/16/2020,SWO,OK,ASW,CE,Federal Contract Tower,0,4,25,1,30,0,3,98,1,102,0,7,123,2,132,126,4,130,262
12/17/2020,SWO,OK,ASW,CE,Federal Contract Tower,0,4,30,2,36,0,11,199,4,214,0,15,229,6,250,180,12,192,442
12/18/2020,SWO,OK,ASW,CE,Federal Contract Tower,0,1,10,0,11,0,0,68,0,68,0,1,78,0,79,54,0,54,133
12/19/2020,SWO,OK,ASW,CE,Federal Contract Tower,0,4,17,1,22,0,3,116,1,120,0,7,133,2,142,104,14,118,260
12/20/2020,SWO,OK,ASW,CE,Federal Contract Tower,0,3,16,0,19,0,2,111,0,113,0,5,127,0,132,72,0,72,204
12/21/2020,SWO,OK,ASW,CE,Federal Contract Tower,0,4,17,11,32,0,0,88,1,89,0,4,105,12,121,68,0,68,189
12/22/2020,SWO,OK,ASW,CE,Federal Contract Tower,0,3,5,0,8,0,1,63,2,66,0,4,68,2,74,52,0,52,126
12/23/2020,SWO,OK,ASW,CE,Federal Contract Tower,0,3,3,0,6,0,4,11,2,17,0,7,14,2,23,0,0,0,23
12/24/2020,SWO,OK,ASW,CE,Federal Contract Tower,0,2,1,0,3,0,1,4,0,5,0,3,5,0,8,0,0,0,8
12/25/2020,SWO,OK,ASW,CE,Federal Contract Tower,0,2,0,0,2,0,2,2,0,4,0,4,2,0,6,0,0,0,6
12/26/2020,SWO,OK,ASW,CE,Federal Contract Tower,0,4,3,0,7,0,7,22,0,29,0,11,25,0,36,8,0,8,44
12/27/2020,SWO,OK,ASW,CE,Federal Contract Tower,0,2,2,0,4,0,2,29,0,31,0,4,31,0,35,14,0,14,49
12/28/2020,SWO,OK,ASW,CE,Federal Contract Tower,4,3,6,0,13,0,5,16,0,21,4,8,22,0,34,8,0,8,42
12/29/2020,SWO,OK,ASW,CE,Federal Contract Tower,0,2,4,0,6,0,0,0,0,0,0,2,4,0,6,0,0,0,6
12/31/2020,SWO,OK,ASW,CE,Federal Contract Tower,0,1,2,0,3,0,1,5,0,6,0,2,7,0,9,12,0,12,21
01/01/2021,SWO,OK,ASW,CE,Federal Contract Tower,0,5,1,0,6,0,1,0,0,1,0,6,1,0,7,0,0,0,7
01/02/2021,SWO,OK,ASW,CE,Federal Contract Tower,0,7,4,0,11,0,6,6,0,12,0,13,10,0,23,0,0,0,23
01/03/2021,SWO,OK,ASW,CE,Federal Contract Tower,0,4,3,0,7,0,4,16,0,20,0,8,19,0,27,22,0,22,49
01/04/2021,SWO,OK,ASW,CE,Federal Contract Tower,1,2,22,0,25,0,3,77,0,80,1,5,99,0,105,58,0,58,163
01/05/2021,SWO,OK,ASW,CE,Federal Contract Tower,0,1,35,1,37,0,2,109,5,116,0,3,144,6,153,90,10,100,253
01/06/2021,SWO,OK,ASW,CE,Federal Contract Tower,0,1,18,2,21,0,0,37,0,37,0,1,55,2,58,60,0,60,118
01/07/2021,SWO,OK,ASW,CE,Federal Contract Tower,0,1,4,0,5,0,0,1,0,1,0,1,5,0,6,0,0,0,6
01/08/2021,SWO,OK,ASW,CE,Federal Contract Tower,0,1,7,4,12,0,4,46,10,60,0,5,53,14,72,36,0,36,108
01/09/2021,SWO,OK,ASW,CE,Federal Contract Tower,0,5,16,0,21,0,0,146,0,146,0,5,162,0,167,140,0,140,307
01/10/2021,SWO,OK,ASW,CE,Federal Contract Tower,0,1,4,0,5,0,1,23,0,24,0,2,27,0,29,32,0,32,61
01/11/2021,SWO,OK,ASW,CE,Federal Contract Tower,0,1,35,0,36,0,0,154,2,156,0,1,189,2,192,173,2,175,367
01/12/2021,SWO,OK,ASW,CE,Federal Contract Tower,0,3,37,0,40,0,3,137,0,140,0,6,174,0,180,148,2,150,330
01/13/2021,SWO,OK,ASW,CE,Federal Contract Tower,0,4,28,0,32,0,2,135,3,140,0,6,163,3,172,164,4,168,340
01/14/2021,SWO,OK,ASW,CE,Federal Contract Tower,0,3,10,4,17,0,4,18,3,25,0,7,28,7,42,2,0,2,44
01/15/2021,SWO,OK,ASW,CE,Federal Contract Tower,0,1,6,0,7,0,0,7,0,7,0,1,13,0,14,0,0,0,14
01/16/2021,SWO,OK,ASW,CE,Federal Contract Tower,0,3,25,0,28,0,1,114,0,115,0,4,139,0,143,132,0,132,275
01/17/2021,SWO,OK,ASW,CE,Federal Contract Tower,0,4,10,2,16,0,3,52,2,57,0,7,62,4,73,30,10,40,113
01/18/2021,SWO,OK,ASW,CE,Federal Contract Tower,0,1,10,0,11,0,0,50,0,50,0,1,60,0,61,38,0,38,99
01/19/2021,SWO,OK,ASW,CE,Federal Contract Tower,0,1,21,0,22,0,12,101,0,113,0,13,122,0,135,132,0,132,267
01/20/2021,SWO,OK,ASW,CE,Federal Contract Tower,0,2,24,2,28,0,2,107,9,118,0,4,131,11,146,172,6,178,324
01/21/2021,SWO,OK,ASW,CE,Federal Contract Tower,0,1,28,1,30,0,0,71,0,71,0,1,99,1,101,92,0,92,193
01/22/2021,SWO,OK,ASW,CE,Federal Contract Tower,0,3,38,1,42,0,2,169,5,176,0,5,207,6,218,224,18,242,460
01/23/2021,SWO,OK,ASW,CE,Federal Contract Tower,0,2,11,1,14,0,2,21,3,26,0,4,32,4,40,80,2,82,122
01/24/2021,SWO,OK,ASW,CE,Federal Contract Tower,0,3,2,3,8,0,0,2,0,2,0,3,4,3,10,2,0,2,12
01/25/2021,SWO,OK,ASW,CE,Federal Contract Tower,0,1,9,0,10,0,0,1,0,1,0,1,10,0,11,0,0,0,11
01/26/2021,SWO,OK,ASW,CE,Federal Contract Tower,0,5,1,7,13,0,2,6,6,14,0,7,7,13,27,80,6,86,113
01/27/2021,SWO,OK,ASW,CE,Federal Contract Tower,0,1,17,2,20,0,11,84,1,96,0,12,101,3,116,266,14,280,396
01/28/2021,SWO,OK,ASW,CE,Federal Contract Tower,0,1,22,8,31,0,0,117,2,119,0,1,139,10,150,138,0,138,288
01/29/2021,SWO,OK,ASW,CE,Federal Contract Tower,0,2,33,2,37,0,2,183,10,195,0,4,216,12,232,150,20,170,402
01/30/2021,SWO,OK,ASW,CE,Federal Contract Tower,0,3,6,0,9,0,3,2,0,5,0,6,8,0,14,0,0,0,14
01/31/2021,SWO,OK,ASW,CE,Federal Contract Tower,0,2,9,0,11,0,0,30,0,30,0,2,39,0,41,44,0,44,85
02/01/2021,SWO,OK,ASW,CE,Federal Contract Tower,0,1,32,3,36,0,2,164,1,167,0,3,196,4,203,202,14,216,419
02/02/2021,SWO,OK,ASW,CE,Federal Contract Tower,0,1,22,7,30,0,2,134,5,141,0,3,156,12,171,134,26,160,331
02/03/2021,SWO,OK,ASW,CE,Federal Contract Tower,0,1,23,0,24,0,0,150,0,150,0,1,173,0,174,218,0,218,392
02/04/2021,SWO,OK,ASW,CE,Federal Contract Tower,0,1,13,4,18,0,0,25,5,30,0,1,38,9,48,28,70,98,146
02/05/2021,SWO,OK,ASW,CE,Federal Contract Tower,0,1,30,4,35,0,4,163,3,170,0,5,193,7,205,272,10,282,487
02/06/2021,SWO,OK,ASW,CE,Federal Contract Tower,0,3,11,3,17,0,0,14,0,14,0,3,25,3,31,4,0,4,35
02/07/2021,SWO,OK,ASW,CE,Federal Contract Tower,0,1,2,0,3,0,0,2,0,2,0,1,4,0,5,0,0,0,5
02/08/2021,SWO,OK,ASW,CE,Federal Contract Tower,0,1,0,0,1,0,0,0,0,0,0,1,0,0,1,0,0,0,1
02/09/2021,SWO,OK,ASW,CE,Federal Contract Tower,0,1,3,0,4,0,0,0,0,0,0,1,3,0,4,0,0,0,4
02/10/2021,SWO,OK,ASW,CE,Federal Contract Tower,0,1,3,0,4,0,0,0,0,0,0,1,3,0,4,0,0,0,4
02/11/2021,SWO,OK,ASW,CE,Federal Contract Tower,0,2,0,0,2,0,0,0,0,0,0,2,0,0,2,0,0,0,2
02/12/2021,SWO,OK,ASW,CE,Federal Contract Tower,0,1,2,0,3,0,0,0,0,0,0,1,2,0,3,0,0,0,3
02/13/2021,SWO,OK,ASW,CE,Federal Contract Tower,0,1,3,0,4,0,0,4,6,10,0,1,7,6,14,0,0,0,14
02/14/2021,SWO,OK,ASW,CE,Federal Contract Tower,0,0,0,0,0,0,0,0,0,0,0,0,0,0,0,0,0,0,0
02/15/2021,SWO,OK,ASW,CE,Federal Contract Tower,0,0,0,0,0,0,0,2,0,2,0,0,2,0,2,0,0,0,2
02/16/2021,SWO,OK,ASW,CE,Federal Contract Tower,0,0,0,0,0,0,0,0,0,0,0,0,0,0,0,0,0,0,0
02/17/2021,SWO,OK,ASW,CE,Federal Contract Tower,0,0,0,0,0,0,2,0,0,2,0,2,0,0,2,0,0,0,2
02/18/2021,SWO,OK,ASW,CE,Federal Contract Tower,0,3,3,0,6,0,1,14,0,15,0,4,17,0,21,34,0,34,55
02/19/2021,SWO,OK,ASW,CE,Federal Contract Tower,0,4,5,1,10,0,5,47,22,74,0,9,52,23,84,52,4,56,140
02/20/2021,SWO,OK,ASW,CE,Federal Contract Tower,0,2,6,0,8,0,1,19,3,23,0,3,25,3,31,40,30,70,101
02/21/2021,SWO,OK,ASW,CE,Federal Contract Tower,0,3,2,0,5,0,3,11,2,16,0,6,13,2,21,6,0,6,27
02/22/2021,SWO,OK,ASW,CE,Federal Contract Tower,1,1,34,2,38,0,1,156,4,161,1,2,190,6,199,176,38,214,413
02/23/2021,SWO,OK,ASW,CE,Federal Contract Tower,0,4,32,2,38,0,7,161,6,174,0,11,193,8,212,188,18,206,418
02/24/2021,SWO,OK,ASW,CE,Federal Contract Tower,0,3,40,4,47,2,165,3,0,170,2,168,43,4,217,181,10,191,408
02/25/2021,SWO,OK,ASW,CE,Federal Contract Tower,0,2,21,3,26,0,0,131,6,137,0,2,152,9,163,206,0,206,369
02/26/2021,SWO,OK,ASW,CE,Federal Contract Tower,0,4,48,6,58,0,0,47,0,47,0,4,95,6,105,104,0,104,209
02/27/2021,SWO,OK,ASW,CE,Federal Contract Tower,0,1,14,0,15,0,0,6,0,6,0,1,20,0,21,0,0,0,21
02/28/2021,SWO,OK,ASW,CE,Federal Contract Tower,0,2,12,4,18,0,1,63,0,64,0,3,75,4,82,64,0,64,146
03/01/2021,SWO,OK,ASW,CE,Federal Contract Tower,0,1,55,4,60,0,1,211,0,212,0,2,266,4,272,172,0,172,444
03/02/2021,SWO,OK,ASW,CE,Federal Contract Tower,0,1,20,2,23,0,0,159,3,162,0,1,179,5,185,150,14,164,349
03/03/2021,SWO,OK,ASW,CE,Federal Contract Tower,0,3,30,5,38,0,1,161,8,170,0,4,191,13,208,198,0,198,406
03/04/2021,SWO,OK,ASW,CE,Federal Contract Tower,0,2,25,0,27,0,4,104,5,113,0,6,129,5,140,126,6,132,272
03/05/2021,SWO,OK,ASW,CE,Federal Contract Tower,0,1,37,1,39,0,1,99,12,112,0,2,136,13,151,130,14,144,295
03/06/2021,SWO,OK,ASW,CE,Federal Contract Tower,0,3,22,1,26,0,0,105,4,109,0,3,127,5,135,128,0,128,263
03/07/2021,SWO,OK,ASW,CE,Federal Contract Tower,0,2,0,0,2,0,0,45,1,46,0,2,45,1,48,58,14,72,120
03/08/2021,SWO,OK,ASW,CE,Federal Contract Tower,0,1,35,0,36,0,4,156,2,162,0,5,191,2,198,154,0,154,352
03/09/2021,SWO,OK,ASW,CE,Federal Contract Tower,0,1,25,5,31,0,6,59,8,73,0,7,84,13,104,22,14,36,140
03/10/2021,SWO,OK,ASW,CE,Federal Contract Tower,0,5,27,2,34,0,4,94,2,100,0,9,121,4,134,76,10,86,220
03/11/2021,SWO,OK,ASW,CE,Federal Contract Tower,1,3,19,0,23,0,0,0,0,0,1,3,19,0,23,8,0,8,31
03/12/2021,SWO,OK,ASW,CE,Federal Contract Tower,1,2,14,0,17,0,0,1,0,1,1,2,15,0,18,18,0,18,36
03/13/2021,SWO,OK,ASW,CE,Federal Contract Tower,0,4,5,0,9,0,1,0,0,1,0,5,5,0,10,0,0,0,10
03/14/2021,SWO,OK,ASW,CE,Federal Contract Tower,2,5,13,0,20,0,3,32,0,35,2,8,45,0,55,30,0,30,85
03/15/2021,SWO,OK,ASW,CE,Federal Contract Tower,0,3,44,4,51,0,0,129,3,132,0,3,173,7,183,126,2,128,311
03/16/2021,SWO,OK,ASW,CE,Federal Contract Tower,0,4,41,5,50,0,2,153,1,156,0,6,194,6,206,142,4,146,352
03/18/2021,SWO,OK,ASW,CE,Federal Contract Tower,0,7,14,15,36,0,5,41,4,50,0,12,55,19,86,30,30,60,146
03/19/2021,SWO,OK,ASW,CE,Federal Contract Tower,0,5,40,1,46,0,1,196,1,198,0,6,236,2,244,184,0,184,428
03/20/2021,SWO,OK,ASW,CE,Federal Contract Tower,0,1,20,2,23,0,0,107,0,107,0,1,127,2,130,98,0,98,228
03/21/2021,SWO,OK,ASW,CE,Federal Contract Tower,0,3,10,10,23,0,4,28,0,32,0,7,38,10,55,26,0,26,81
03/22/2021,SWO,OK,ASW,CE,Federal Contract Tower,2,2,12,1,17,0,0,19,1,20,2,2,31,2,37,22,2,24,61
03/23/2021,SWO,OK,ASW,CE,Federal Contract Tower,0,1,23,0,24,0,11,48,2,61,0,12,71,2,85,112,0,112,197
03/24/2021,SWO,OK,ASW,CE,Federal Contract Tower,0,3,35,12,50,0,2,174,4,180,0,5,209,16,230,154,20,174,404
03/25/2021,SWO,OK,ASW,CE,Federal Contract Tower,0,3,49,14,66,0,0,98,7,105,0,3,147,21,171,100,56,156,327
03/26/2021,SWO,OK,ASW,CE,Federal Contract Tower,0,1,41,0,42,0,3,156,3,162,0,4,197,3,204,122,10,132,336
03/27/2021,SWO,OK,ASW,CE,Federal Contract Tower,0,1,20,8,29,0,1,109,15,125,0,2,129,23,154,92,48,140,294
03/28/2021,SWO,OK,ASW,CE,Federal Contract Tower,0,1,15,2,18,0,0,105,0,105,0,1,120,2,123,116,0,116,239
03/29/2021,SWO,OK,ASW,CE,Federal Contract Tower,0,1,10,0,11,0,5,50,0,55,0,6,60,0,66,24,0,24,90
03/30/2021,SWO,OK,ASW,CE,Federal Contract Tower,0,3,35,5,43,0,9,155,3,167,0,12,190,8,210,132,16,148,358
03/31/2021,SWO,OK,ASW,CE,Federal Contract Tower,0,1,34,13,48,0,1,148,7,156,0,2,182,20,204,168,14,182,386
04/01/2021,SWO,OK,ASW,CE,Federal Contract Tower,0,4,42,14,60,0,1,138,10,149,0,5,180,24,209,216,20,236,445
04/02/2021,SWO,OK,ASW,CE,Federal Contract Tower,0,3,28,0,31,0,4,110,2,116,0,7,138,2,147,116,0,116,263
04/03/2021,SWO,OK,ASW,CE,Federal Contract Tower,0,1,17,0,18,0,0,54,0,54,0,1,71,0,72,80,0,80,152
04/04/2021,SWO,OK,ASW,CE,Federal Contract Tower,0,3,5,1,9,0,0,24,0,24,0,3,29,1,33,20,0,20,53
04/05/2021,SWO,OK,ASW,CE,Federal Contract Tower,0,3,36,6,45,0,8,123,4,135,0,11,159,10,180,140,12,152,332
04/06/2021,SWO,OK,ASW,CE,Federal Contract Tower,0,1,8,10,19,0,0,11,1,12,0,1,19,11,31,32,12,44,75
04/07/2021,SWO,OK,ASW,CE,Federal Contract Tower,0,0,12,6,18,0,1,30,0,31,0,1,42,6,49,52,0,52,101
04/08/2021,SWO,OK,ASW,CE,Federal Contract Tower,0,1,24,6,31,0,0,90,7,97,0,1,114,13,128,86,12,98,226
04/09/2021,SWO,OK,ASW,CE,Federal Contract Tower,0,2,17,0,19,0,0,75,3,78,0,2,92,3,97,148,6,154,251
04/10/2021,SWO,OK,ASW,CE,Federal Contract Tower,0,4,27,5,36,0,0,100,0,100,0,4,127,5,136,102,0,102,238
04/11/2021,SWO,OK,ASW,CE,Federal Contract Tower,0,2,10,2,14,0,0,82,0,82,0,2,92,2,96,50,0,50,146
04/12/2021,SWO,OK,ASW,CE,Federal Contract Tower,0,1,43,9,53,0,0,140,8,148,0,1,183,17,201,172,32,204,405
04/13/2021,SWO,OK,ASW,CE,Federal Contract Tower,0,1,18,10,29,0,0,93,4,97,0,1,111,14,126,158,28,186,312
04/14/2021,SWO,OK,ASW,CE,Federal Contract Tower,0,1,29,3,33,0,2,96,3,101,0,3,125,6,134,174,4,178,312
04/15/2021,SWO,OK,ASW,CE,Federal Contract Tower,0,1,22,4,27,0,3,122,1,126,0,4,144,5,153,142,12,154,307
04/16/2021,SWO,OK,ASW,CE,Federal Contract Tower,0,3,5,2,10,0,0,0,0,0,0,3,5,2,10,0,0,0,10
04/17/2021,SWO,OK,ASW,CE,Federal Contract Tower,0,1,13,0,14,0,3,49,0,52,0,4,62,0,66,64,0,64,130
04/18/2021,SWO,OK,ASW,CE,Federal Contract Tower,0,2,15,1,18,0,2,49,4,55,0,4,64,5,73,102,6,108,181
04/19/2021,SWO,OK,ASW,CE,Federal Contract Tower,0,1,33,0,34,0,1,161,9,171,0,2,194,9,205,196,6,202,407
04/20/2021,SWO,OK,ASW,CE,Federal Contract Tower,0,5,14,1,20,0,2,56,0,58,0,7,70,1,78,100,4,104,182
04/21/2021,SWO,OK,ASW,CE,Federal Contract Tower,0,3,28,1,32,0,0,138,3,141,0,3,166,4,173,238,6,244,417
04/22/2021,SWO,OK,ASW,CE,Federal Contract Tower,0,5,34,9,48,0,3,98,12,113,0,8,132,21,161,122,60,182,343
04/23/2021,SWO,OK,ASW,CE,Federal Contract Tower,0,4,2,3,9,0,0,2,1,3,0,4,4,4,12,20,0,20,32
04/24/2021,SWO,OK,ASW,CE,Federal Contract Tower,0,1,42,2,45,0,0,87,0,87,0,1,129,2,132,164,0,164,296
04/25/2021,SWO,OK,ASW,CE,Federal Contract Tower,0,1,19,6,26,0,1,47,0,48,0,2,66,6,74,38,8,46,120
04/26/2021,SWO,OK,ASW,CE,Federal Contract Tower,0,1,36,19,56,0,1,116,12,129,0,2,152,31,185,70,32,102,287
04/27/2021,SWO,OK,ASW,CE,Federal Contract Tower,0,1,31,8,40,0,2,46,1,49,0,3,77,9,89,42,54,96,185
04/28/2021,SWO,OK,ASW,CE,Federal Contract Tower,0,1,4,0,5,0,1,0,0,1,0,2,4,0,6,0,0,0,6
04/29/2021,SWO,OK,ASW,CE,Federal Contract Tower,0,1,31,13,45,0,2,152,3,157,0,3,183,16,202,142,10,152,354
04/30/2021,SWO,OK,ASW,CE,Federal Contract Tower,0,3,21,9,33,0,2,170,3,175,0,5,191,12,208,276,8,284,492
05/01/2021,SWO,OK,ASW,CE,Federal Contract Tower,0,6,16,3,25,0,0,45,8,53,0,6,61,11,78,72,26,98,176
05/02/2021,SWO,OK,ASW,CE,Federal Contract Tower,0,1,4,6,11,0,1,9,0,10,0,2,13,6,21,0,0,0,21
05/03/2021,SWO,OK,ASW,CE,Federal Contract Tower,0,4,13,20,37,0,3,28,5,36,0,7,41,25,73,112,4,116,189
05/04/2021,SWO,OK,ASW,CE,Federal Contract Tower,0,3,28,16,47,0,5,82,5,92,0,8,110,21,139,116,0,116,255
05/05/2021,SWO,OK,ASW,CE,Federal Contract Tower,0,3,32,9,44,0,1,180,7,188,0,4,212,16,232,220,28,248,480
05/06/2021,SWO,OK,ASW,CE,Federal Contract Tower,0,7,27,14,48,0,0,138,4,142,0,7,165,18,190,148,0,148,338
05/07/2021,SWO,OK,ASW,CE,Federal Contract Tower,0,5,27,9,41,0,6,104,4,114,0,11,131,13,155,112,16,128,283
05/08/2021,SWO,OK,ASW,CE,Federal Contract Tower,0,7,10,0,17,0,2,34,0,36,0,9,44,0,53,16,0,16,69
05/09/2021,SWO,OK,ASW,CE,Federal Contract Tower,0,2,7,3,12,0,0,16,0,16,0,2,23,3,28,36,0,36,64
05/10/2021,SWO,OK,ASW,CE,Federal Contract Tower,0,1,28,9,38,0,0,0,0,0,0,1,28,9,38,250,6,256,294
05/11/2021,SWO,OK,ASW,CE,Federal Contract Tower,0,1,8,2,11,0,1,15,1,17,0,2,23,3,28,36,0,36,64
05/12/2021,SWO,OK,ASW,CE,Federal Contract Tower,0,2,30,2,34,0,6,98,1,105,0,8,128,3,139,148,4,152,291
05/13/2021,SWO,OK,ASW,CE,Federal Contract Tower,0,1,24,3,28,0,3,145,11,159,0,4,169,14,187,156,28,184,371
05/14/2021,SWO,OK,ASW,CE,Federal Contract Tower,0,6,24,12,42,0,1,115,2,118,0,7,139,14,160,140,52,192,352
05/15/2021,SWO,OK,ASW,CE,Federal Contract Tower,0,6,9,6,21,0,1,19,5,25,0,7,28,11,46,64,26,90,136
05/16/2021,SWO,OK,ASW,CE,Federal Contract Tower,0,4,0,0,4,0,0,2,0,2,0,4,2,0,6,6,0,6,12
05/17/2021,SWO,OK,ASW,CE,Federal Contract Tower,0,1,20,16,37,0,0,18,0,18,0,1,38,16,55,18,0,18,73
05/18/2021,SWO,OK,ASW,CE,Federal Contract Tower,0,4,6,10,20,0,3,6,1,10,0,7,12,11,30,28,0,28,58
05/19/2021,SWO,OK,ASW,CE,Federal Contract Tower,0,4,24,17,45,0,0,35,3,38,0,4,59,20,83,86,10,96,179
05/20/2021,SWO,OK,ASW,CE,Federal Contract Tower,3,8,22,9,42,0,1,25,3,29,3,9,47,12,71,46,2,48,119
05/21/2021,SWO,OK,ASW,CE,Federal Contract Tower,0,1,28,6,35,0,3,26,0,29,0,4,54,6,64,66,0,66,130
05/22/2021,SWO,OK,ASW,CE,Federal Contract Tower,0,1,8,0,9,0,0,1,0,1,0,1,9,0,10,12,0,12,22
05/23/2021,SWO,OK,ASW,CE,Federal Contract Tower,0,2,14,2,18,0,0,9,0,9,0,2,23,2,27,28,0,28,55
05/24/2021,SWO,OK,ASW,CE,Federal Contract Tower,0,1,15,4,20,0,1,28,0,29,0,2,43,4,49,30,0,30,79
05/25/2021,SWO,OK,ASW,CE,Federal Contract Tower,0,1,22,13,36,0,2,41,0,43,0,3,63,13,79,48,8,56,135
05/26/2021,SWO,OK,ASW,CE,Federal Contract Tower,0,7,32,2,41,0,0,33,0,33,0,7,65,2,74,116,0,116,190
05/27/2021,SWO,OK,ASW,CE,Federal Contract Tower,0,2,5,0,7,0,0,1,0,1,0,2,6,0,8,12,0,12,20
05/28/2021,SWO,OK,ASW,CE,Federal Contract Tower,0,1,22,0,23,0,0,139,2,141,0,1,161,2,164,194,0,194,358
05/29/2021,SWO,OK,ASW,CE,Federal Contract Tower,0,1,15,0,16,0,3,73,2,78,0,4,88,2,94,122,0,122,216
05/30/2021,SWO,OK,ASW,CE,Federal Contract Tower,0,1,7,0,8,0,5,11,0,16,0,6,18,0,24,18,0,18,42
05/31/2021,SWO,OK,ASW,CE,Federal Contract Tower,0,5,0,0,5,0,0,0,0,0,0,5,0,0,5,0,0,0,5
06/01/2021,SWO,OK,ASW,CE,Federal Contract Tower,0,2,23,6,31,0,1,29,0,30,0,3,52,6,61,44,8,52,113
06/02/2021,SWO,OK,ASW,CE,Federal Contract Tower,0,3,26,0,29,0,4,119,0,123,0,7,145,0,152,194,0,194,346
06/03/2021,SWO,OK,ASW,CE,Federal Contract Tower,0,4,23,5,32,0,9,120,10,139,0,13,143,15,171,140,24,164,335
06/04/2021,SWO,OK,ASW,CE,Federal Contract Tower,0,5,17,10,32,0,0,113,4,117,0,5,130,14,149,80,16,96,245
06/05/2021,SWO,OK,ASW,CE,Federal Contract Tower,0,9,15,0,24,0,4,59,1,64,0,13,74,1,88,108,6,114,202
06/06/2021,SWO,OK,ASW,CE,Federal Contract Tower,0,6,9,1,16,0,4,17,1,22,0,10,26,2,38,24,0,24,62
06/07/2021,SWO,OK,ASW,CE,Federal Contract Tower,0,1,16,13,30,0,7,84,4,95,0,8,100,17,125,146,4,150,275
06/08/2021,SWO,OK,ASW,CE,Federal Contract Tower,0,2,26,26,54,0,2,116,0,118,0,4,142,26,172,128,0,128,300
06/09/2021,SWO,OK,ASW,CE,Federal Contract Tower,0,7,25,0,32,0,0,83,0,83,0,7,108,0,115,144,0,144,259
06/10/2021,SWO,OK,ASW,CE,Federal Contract Tower,0,4,27,4,35,0,1,163,7,171,0,5,190,11,206,240,14,254,460
06/11/2021,SWO,OK,ASW,CE,Federal Contract Tower,0,8,16,2,26,0,3,149,1,153,0,11,165,3,179,222,6,228,407
06/12/2021,SWO,OK,ASW,CE,Federal Contract Tower,0,2,18,0,20,0,0,125,0,125,0,2,143,0,145,164,0,164,309
06/13/2021,SWO,OK,ASW,CE,Federal Contract Tower,0,3,11,2,16,0,7,28,0,35,0,10,39,2,51,50,0,50,101
06/14/2021,SWO,OK,ASW,CE,Federal Contract Tower,0,3,19,11,33,0,3,147,5,155,0,6,166,16,188,210,48,258,446
06/15/2021,SWO,OK,ASW,CE,Federal Contract Tower,0,5,25,6,36,0,1,144,9,154,0,6,169,15,190,182,8,190,380
06/16/2021,SWO,OK,ASW,CE,Federal Contract Tower,0,7,18,10,35,0,1,147,3,151,0,8,165,13,186,289,20,309,495
06/17/2021,SWO,OK,ASW,CE,Federal Contract Tower,0,4,25,10,39,0,6,193,7,206,0,10,218,17,245,256,28,284,529
06/18/2021,SWO,OK,ASW,CE,Federal Contract Tower,0,2,21,1,24,0,0,121,0,121,0,2,142,1,145,178,0,178,323
06/19/2021,SWO,OK,ASW,CE,Federal Contract Tower,0,2,12,0,14,0,1,97,0,98,0,3,109,0,112,228,0,228,340
06/20/2021,SWO,OK,ASW,CE,Federal Contract Tower,0,2,10,0,12,0,3,35,0,38,0,5,45,0,50,28,0,28,78
06/21/2021,SWO,OK,ASW,CE,Federal Contract Tower,0,2,7,3,12,0,3,6,3,12,0,5,13,6,24,0,0,0,24
06/22/2021,SWO,OK,ASW,CE,Federal Contract Tower,0,2,21,6,29,0,0,169,5,174,0,2,190,11,203,228,4,232,435
06/23/2021,SWO,OK,ASW,CE,Federal Contract Tower,0,3,33,13,49,0,8,119,4,131,0,11,152,17,180,208,26,234,414
06/24/2021,SWO,OK,ASW,CE,Federal Contract Tower,0,3,15,4,22,0,0,74,5,79,0,3,89,9,101,84,12,96,197
06/25/2021,SWO,OK,ASW,CE,Federal Contract Tower,0,6,18,1,25,0,3,108,0,111,0,9,126,1,136,136,0,136,272
06/26/2021,SWO,OK,ASW,CE,Federal Contract Tower,0,6,5,0,11,0,2,23,0,25,0,8,28,0,36,40,0,40,76
06/27/2021,SWO,OK,ASW,CE,Federal Contract Tower,0,4,8,0,12,0,4,9,0,13,0,8,17,0,25,42,0,42,67
06/28/2021,SWO,OK,ASW,CE,Federal Contract Tower,0,3,7,2,12,0,1,13,0,14,0,4,20,2,26,36,0,36,62
06/29/2021,SWO,OK,ASW,CE,Federal Contract Tower,0,2,9,0,11,0,2,13,0,15,0,4,22,0,26,12,0,12,38
06/30/2021,SWO,OK,ASW,CE,Federal Contract Tower,0,2,8,17,27,0,2,71,2,75,0,4,79,19,102,200,12,212,314
07/01/2021,SWO,OK,ASW,CE,Federal Contract Tower,0,2,3,0,5,0,0,12,2,14,0,2,15,2,19,40,0,40,59
07/02/2021,SWO,OK,ASW,CE,Federal Contract Tower,0,3,37,0,40,0,1,99,0,100,0,4,136,0,140,130,0,130,270
07/03/2021,SWO,OK,ASW,CE,Federal Contract Tower,0,2,4,0,6,0,0,83,2,85,0,2,87,2,91,204,8,212,303
07/04/2021,SWO,OK,ASW,CE,Federal Contract Tower,0,3,0,0,3,0,1,11,0,12,0,4,11,0,15,28,0,28,43
07/05/2021,SWO,OK,ASW,CE,Federal Contract Tower,0,3,3,0,6,0,0,23,0,23,0,3,26,0,29,0,0,0,29
07/06/2021,SWO,OK,ASW,CE,Federal Contract Tower,0,2,32,11,45,0,2,157,4,163,0,4,189,15,208,184,34,218,426
07/08/2021,SWO,OK,ASW,CE,Federal Contract Tower,0,2,37,12,51,0,3,147,2,152,0,5,184,14,203,212,0,212,415
07/09/2021,SWO,OK,ASW,CE,Federal Contract Tower,0,2,17,15,34,0,5,123,5,133,0,7,140,20,167,108,22,130,297
07/10/2021,SWO,OK,ASW,CE,Federal Contract Tower,0,2,9,2,13,0,1,47,0,48,0,3,56,2,61,108,0,108,169
07/11/2021,SWO,OK,ASW,CE,Federal Contract Tower,0,4,14,0,18,0,2,41,0,43,0,6,55,0,61,50,0,50,111
07/12/2021,SWO,OK,ASW,CE,Federal Contract Tower,0,2,24,4,30,0,0,113,4,117,0,2,137,8,147,212,2,214,361
07/13/2021,SWO,OK,ASW,CE,Federal Contract Tower,0,2,19,5,26,0,5,135,3,143,0,7,154,8,169,170,16,186,355
07/14/2021,SWO,OK,ASW,CE,Federal Contract Tower,0,2,28,5,35,0,0,144,6,150,0,2,172,11,185,188,32,220,405
07/15/2021,SWO,OK,ASW,CE,Federal Contract Tower,0,4,26,6,36,0,5,114,0,119,0,9,140,6,155,196,2,198,353
07/16/2021,SWO,OK,ASW,CE,Federal Contract Tower,0,4,13,6,23,0,4,110,0,114,0,8,123,6,137,177,0,177,314
07/17/2021,SWO,OK,ASW,CE,Federal Contract Tower,0,2,4,0,6,0,2,59,0,61,0,4,63,0,67,112,0,112,179
07/18/2021,SWO,OK,ASW,CE,Federal Contract Tower,0,2,8,0,10,0,0,15,0,15,0,2,23,0,25,24,0,24,49
07/19/2021,SWO,OK,ASW,CE,Federal Contract Tower,0,0,23,12,35,0,1,99,5,105,0,1,122,17,140,150,0,150,290
07/20/2021,SWO,OK,ASW,CE,Federal Contract Tower,0,5,12,12,29,0,4,108,11,123,0,9,120,23,152,128,28,156,308
07/21/2021,SWO,OK,ASW,CE,Federal Contract Tower,0,3,21,11,35,0,1,128,5,134,0,4,149,16,169,198,52,250,419
07/22/2021,SWO,OK,ASW,CE,Federal Contract Tower,0,4,20,6,30,0,3,140,7,150,0,7,160,13,180,232,44,276,456
07/23/2021,SWO,OK,ASW,CE,Federal Contract Tower,0,3,20,0,23,0,1,128,1,130,0,4,148,1,153,144,2,146,299
07/24/2021,SWO,OK,ASW,CE,Federal Contract Tower,0,0,10,0,10,0,1,69,0,70,0,1,79,0,80,104,0,104,184
07/25/2021,SWO,OK,ASW,CE,Federal Contract Tower,0,2,5,2,9,0,3,20,0,23,0,5,25,2,32,50,0,50,82
07/26/2021,SWO,OK,ASW,CE,Federal Contract Tower,0,2,10,8,20,0,0,66,6,72,0,2,76,14,92,48,60,108,200
07/27/2021,SWO,OK,ASW,CE,Federal Contract Tower,0,3,23,3,29,0,1,111,8,120,0,4,134,11,149,132,26,158,307
07/28/2021,SWO,OK,ASW,CE,Federal Contract Tower,0,2,19,8,29,0,5,89,9,103,0,7,108,17,132,117,38,155,287
07/29/2021,SWO,OK,ASW,CE,Federal Contract Tower,0,2,24,12,38,0,6,132,7,145,0,8,156,19,183,156,10,166,349
07/30/2021,SWO,OK,ASW,CE,Federal Contract Tower,0,4,18,6,28,0,4,84,10,98,0,8,102,16,126,100,6,106,232
07/31/2021,SWO,OK,ASW,CE,Federal Contract Tower,0,2,13,4,19,0,0,37,0,37,0,2,50,4,56,60,0,60,116
08/01/2021,SWO,OK,ASW,CE,Federal Contract Tower,0,3,13,5,21,0,0,28,0,28,0,3,41,5,49,13,0,13,62
08/02/2021,SWO,OK,ASW,CE,Federal Contract Tower,0,2,25,6,33,0,0,94,0,94,0,2,119,6,127,150,0,150,277
08/03/2021,SWO,OK,ASW,CE,Federal Contract Tower,0,6,28,9,43,0,2,114,7,123,0,8,142,16,166,110,34,144,310
08/04/2021,SWO,OK,ASW,CE,Federal Contract Tower,0,4,11,11,26,0,0,79,9,88,0,4,90,20,114,152,10,162,276
08/05/2021,SWO,OK,ASW,CE,Federal Contract Tower,0,2,19,6,27,0,1,95,4,100,0,3,114,10,127,144,6,150,277
08/06/2021,SWO,OK,ASW,CE,Federal Contract Tower,0,2,26,5,33,0,2,103,7,112,0,4,129,12,145,106,6,112,257
08/07/2021,SWO,OK,ASW,CE,Federal Contract Tower,0,3,12,0,15,0,2,46,4,52,0,5,58,4,67,54,22,76,143
08/08/2021,SWO,OK,ASW,CE,Federal Contract Tower,0,4,14,2,20,0,5,28,0,33,0,9,42,2,53,62,0,62,115
08/09/2021,SWO,OK,ASW,CE,Federal Contract Tower,0,2,17,4,23,0,1,85,2,88,0,3,102,6,111,126,8,134,245
08/10/2021,SWO,OK,ASW,CE,Federal Contract Tower,0,2,26,11,39,0,5,88,2,95,0,7,114,13,134,84,10,94,228
08/11/2021,SWO,OK,ASW,CE,Federal Contract Tower,0,2,14,13,29,0,3,84,7,94,0,5,98,20,123,96,16,112,235
08/12/2021,SWO,OK,ASW,CE,Federal Contract Tower,0,3,30,8,41,0,0,66,2,68,0,3,96,10,109,67,8,75,184
08/13/2021,SWO,OK,ASW,CE,Federal Contract Tower,4,11,3,0,18,0,3,41,6,50,4,14,44,6,68,52,16,68,136
08/14/2021,SWO,OK,ASW,CE,Federal Contract Tower,0,3,14,0,17,0,3,34,0,37,0,6,48,0,54,38,0,38,92
08/15/2021,SWO,OK,ASW,CE,Federal Contract Tower,0,2,3,2,7,0,2,27,0,29,0,4,30,2,36,14,0,14,50
08/16/2021,SWO,OK,ASW,CE,Federal Contract Tower,0,4,15,12,31,0,0,66,6,72,0,4,81,18,103,80,22,102,205
08/17/2021,SWO,OK,ASW,CE,Federal Contract Tower,0,0,21,8,29,0,8,46,6,60,0,8,67,14,89,100,20,120,209
08/18/2021,SWO,OK,ASW,CE,Federal Contract Tower,0,5,30,14,49,0,4,105,1,110,0,9,135,15,159,144,24,168,327
08/19/2021,SWO,OK,ASW,CE,Federal Contract Tower,0,2,29,0,31,0,3,40,0,43,0,5,69,0,74,90,0,90,164
08/20/2021,SWO,OK,ASW,CE,Federal Contract Tower,0,2,25,5,32,0,2,154,1,157,0,4,179,6,189,130,0,130,319
08/21/2021,SWO,OK,ASW,CE,Federal Contract Tower,0,6,17,0,23,0,1,74,0,75,0,7,91,0,98,116,0,116,214
08/22/2021,SWO,OK,ASW,CE,Federal Contract Tower,0,2,11,2,15,0,1,67,3,71,0,3,78,5,86,62,6,68,154
08/23/2021,SWO,OK,ASW,CE,Federal Contract Tower,0,2,24,5,31,0,3,135,5,143,0,5,159,10,174,152,16,168,342
08/24/2021,SWO,OK,ASW,CE,Federal Contract Tower,0,2,26,4,32,0,2,126,6,134,0,4,152,10,166,102,32,134,300
08/25/2021,SWO,OK,ASW,CE,Federal Contract Tower,0,2,20,10,32,0,2,106,1,109,0,4,126,11,141,112,2,114,255
08/26/2021,SWO,OK,ASW,CE,Federal Contract Tower,0,2,17,6,25,0,0,154,6,160,0,2,171,12,185,212,6,218,403
08/27/2021,SWO,OK,ASW,CE,Federal Contract Tower,0,3,24,6,33,0,9,116,5,130,0,12,140,11,163,80,4,84,247
08/28/2021,SWO,OK,ASW,CE,Federal Contract Tower,0,2,17,8,27,0,0,109,0,109,0,2,126,8,136,168,0,168,304
08/29/2021,SWO,OK,ASW,CE,Federal Contract Tower,0,3,7,0,10,0,0,56,0,56,0,3,63,0,66,46,0,46,112
08/30/2021,SWO,OK,ASW,CE,Federal Contract Tower,0,3,17,1,21,0,0,104,1,105,0,3,121,2,126,110,6,116,242
08/31/2021,SWO,OK,ASW,CE,Federal Contract Tower,0,2,16,0,18,0,0,147,6,153,0,2,163,6,171,120,0,120,291
09/01/2021,SWO,OK,ASW,CE,Federal Contract Tower,0,2,21,2,25,0,6,130,10,146,0,8,151,12,171,168,36,204,375
09/02/2021,SWO,OK,ASW,CE,Federal Contract Tower,0,1,22,9,32,0,9,159,2,170,0,10,181,11,202,230,10,240,442
09/03/2021,SWO,OK,ASW,CE,Federal Contract Tower,0,7,28,0,35,0,3,108,0,111,0,10,136,0,146,174,0,174,320
09/04/2021,SWO,OK,ASW,CE,Federal Contract Tower,0,8,9,0,17,0,0,20,0,20,0,8,29,0,37,12,0,12,49
09/05/2021,SWO,OK,ASW,CE,Federal Contract Tower,0,4,13,0,17,0,0,22,0,22,0,4,35,0,39,24,0,24,63
09/06/2021,SWO,OK,ASW,CE,Federal Contract Tower,0,2,5,0,7,0,0,46,0,46,0,2,51,0,53,54,0,54,107
09/07/2021,SWO,OK,ASW,CE,Federal Contract Tower,0,2,27,13,42,0,3,139,5,147,0,5,166,18,189,202,0,202,391
09/08/2021,SWO,OK,ASW,CE,Federal Contract Tower,0,6,28,5,39,0,7,129,6,142,0,13,157,11,181,176,18,194,375
09/09/2021,SWO,OK,ASW,CE,Federal Contract Tower,0,6,31,10,47,0,4,150,5,159,0,10,181,15,206,214,26,240,446
09/10/2021,SWO,OK,ASW,CE,Federal Contract Tower,0,12,43,0,55,0,1,135,0,136,0,13,178,0,191,140,0,140,331
09/11/2021,SWO,OK,ASW,CE,Federal Contract Tower,0,7,28,0,35,0,1,80,0,81,0,8,108,0,116,48,0,48,164
09/12/2021,SWO,OK,ASW,CE,Federal Contract Tower,0,6,14,0,20,0,1,53,0,54,0,7,67,0,74,48,0,48,122
09/13/2021,SWO,OK,ASW,CE,Federal Contract Tower,0,6,24,11,41,0,5,132,2,139,0,11,156,13,180,138,20,158,338
09/14/2021,SWO,OK,ASW,CE,Federal Contract Tower,0,5,26,11,42,0,10,143,8,161,0,15,169,19,203,236,16,252,455
09/15/2021,SWO,OK,ASW,CE,Federal Contract Tower,0,5,25,6,36,0,0,146,4,150,0,5,171,10,186,220,0,220,406
09/16/2021,SWO,OK,ASW,CE,Federal Contract Tower,0,2,29,2,33,0,2,165,5,172,0,4,194,7,205,162,0,162,367
09/17/2021,SWO,OK,ASW,CE,Federal Contract Tower,0,2,23,1,26,0,2,141,1,144,0,4,164,2,170,208,0,208,378
09/18/2021,SWO,OK,ASW,CE,Federal Contract Tower,0,5,18,0,23,0,2,124,0,126,0,7,142,0,149,176,0,176,325
09/19/2021,SWO,OK,ASW,CE,Federal Contract Tower,0,8,7,0,15,0,3,60,3,66,0,11,67,3,81,86,0,86,167
09/20/2021,SWO,OK,ASW,CE,Federal Contract Tower,0,4,22,14,40,0,0,122,6,128,0,4,144,20,168,118,6,124,292
09/21/2021,SWO,OK,ASW,CE,Federal Contract Tower,0,6,34,0,40,0,6,135,1,142,0,12,169,1,182,196,4,200,382
09/22/2021,SWO,OK,ASW,CE,Federal Contract Tower,0,2,17,10,29,0,5,124,5,134,0,7,141,15,163,234,6,240,403
09/23/2021,SWO,OK,ASW,CE,Federal Contract Tower,0,7,21,5,33,0,0,148,0,148,0,7,169,5,181,256,0,256,437
09/24/2021,SWO,OK,ASW,CE,Federal Contract Tower,0,4,40,0,44,0,3,128,2,133,0,7,168,2,177,162,0,162,339
09/25/2021,SWO,OK,ASW,CE,Federal Contract Tower,0,13,13,0,26,0,0,36,0,36,0,13,49,0,62,22,0,22,84
09/26/2021,SWO,OK,ASW,CE,Federal Contract Tower,0,3,13,0,16,0,1,37,0,38,0,4,50,0,54,2,0,2,56
09/27/2021,SWO,OK,ASW,CE,Federal Contract Tower,0,4,20,10,34,0,6,116,0,122,0,10,136,10,156,216,4,220,376
09/28/2021,SWO,OK,ASW,CE,Federal Contract Tower,0,3,19,5,27,0,3,121,0,124,0,6,140,5,151,188,22,210,361
09/29/2021,SWO,OK,ASW,CE,Federal Contract Tower,0,3,38,4,45,0,5,94,1,100,0,8,132,5,145,148,0,148,293
09/30/2021,SWO,OK,ASW,CE,Federal Contract Tower,0,5,26,2,33,0,0,20,0,20,0,5,46,2,53,6,0,6,59
10/01/2021,SWO,OK,ASW,CE,Federal Contract Tower,0,4,40,2,46,0,4,89,0,93,0,8,129,2,139,108,0,108,247
10/02/2021,SWO,OK,ASW,CE,Federal Contract Tower,1,7,31,0,39,0,0,22,0,22,1,7,53,0,61,8,0,8,69
10/03/2021,SWO,OK,ASW,CE,Federal Contract Tower,0,5,24,0,29,0,3,83,0,86,0,8,107,0,115,94,0,94,209
10/04/2021,SWO,OK,ASW,CE,Federal Contract Tower,0,5,36,5,46,0,2,150,1,153,0,7,186,6,199,210,6,216,415
10/05/2021,SWO,OK,ASW,CE,Federal Contract Tower,0,3,17,5,25,0,0,175,0,175,0,3,192,5,200,336,8,344,544
10/06/2021,SWO,OK,ASW,CE,Federal Contract Tower,0,2,29,5,36,0,6,130,2,138,0,8,159,7,174,164,0,164,338
10/07/2021,SWO,OK,ASW,CE,Federal Contract Tower,0,4,34,1,39,0,2,138,3,143,0,6,172,4,182,238,6,244,426
10/08/2021,SWO,OK,ASW,CE,Federal Contract Tower,0,3,10,1,14,0,6,68,3,77,0,9,78,4,91,164,6,170,261
10/09/2021,SWO,OK,ASW,CE,Federal Contract Tower,0,8,11,0,19,0,4,40,0,44,0,12,51,0,63,6,0,6,69
10/10/2021,SWO,OK,ASW,CE,Federal Contract Tower,0,5,14,0,19,0,1,26,0,27,0,6,40,0,46,62,0,62,108
10/11/2021,SWO,OK,ASW,CE,Federal Contract Tower,0,7,24,0,31,0,1,108,0,109,0,8,132,0,140,132,0,132,272
10/12/2021,SWO,OK,ASW,CE,Federal Contract Tower,0,7,7,2,16,0,3,65,1,69,0,10,72,3,85,94,2,96,181
10/13/2021,SWO,OK,ASW,CE,Federal Contract Tower,0,7,27,5,39,0,0,114,3,117,0,7,141,8,156,182,20,202,358
10/14/2021,SWO,OK,ASW,CE,Federal Contract Tower,0,4,36,2,42,0,1,25,0,26,0,5,61,2,68,68,0,68,136
10/15/2021,SWO,OK,ASW,CE,Federal Contract Tower,1,6,15,8,30,0,5,108,0,113,1,11,123,8,143,160,0,160,303
10/16/2021,SWO,OK,ASW,CE,Federal Contract Tower,1,6,7,1,15,0,5,84,1,90,1,11,91,2,105,166,0,166,271
10/17/2021,SWO,OK,ASW,CE,Federal Contract Tower,0,2,0,5,7,0,3,38,3,44,0,5,38,8,51,54,16,70,121
10/18/2021,SWO,OK,ASW,CE,Federal Contract Tower,0,3,30,13,46,0,1,125,2,128,0,4,155,15,174,188,8,196,370
10/19/2021,SWO,OK,ASW,CE,Federal Contract Tower,0,13,27,2,42,0,1,147,0,148,0,14,174,2,190,152,0,152,342
10/20/2021,SWO,OK,ASW,CE,Federal Contract Tower,0,6,28,13,47,0,5,138,3,146,0,11,166,16,193,190,18,208,401
10/21/2021,SWO,OK,ASW,CE,Federal Contract Tower,0,4,30,11,45,0,1,174,3,178,0,5,204,14,223,248,10,258,481
10/22/2021,SWO,OK,ASW,CE,Federal Contract Tower,2,7,13,10,32,0,2,114,4,120,2,9,127,14,152,196,16,212,364
10/23/2021,SWO,OK,ASW,CE,Federal Contract Tower,1,11,11,4,27,0,0,47,0,47,1,11,58,4,74,96,0,96,170
10/24/2021,SWO,OK,ASW,CE,Federal Contract Tower,0,2,6,24,32,0,1,24,6,31,0,3,30,30,63,30,20,50,113
10/25/2021,SWO,OK,ASW,CE,Federal Contract Tower,0,3,26,13,42,0,3,126,10,139,0,6,152,23,181,96,56,152,333
10/26/2021,SWO,OK,ASW,CE,Federal Contract Tower,0,5,23,2,30,0,0,39,1,40,0,5,62,3,70,52,14,66,136
10/27/2021,SWO,OK,ASW,CE,Federal Contract Tower,0,8,26,0,34,0,1,8,0,9,0,9,34,0,43,16,0,16,59
10/28/2021,SWO,OK,ASW,CE,Federal Contract Tower,0,3,6,0,9,0,1,14,1,16,0,4,20,1,25,2,4,6,31
10/29/2021,SWO,OK,ASW,CE,Federal Contract Tower,0,8,21,5,34,0,1,70,6,77,0,9,91,11,111,30,46,76,187
10/30/2021,SWO,OK,ASW,CE,Federal Contract Tower,0,5,25,2,32,0,2,54,3,59,0,7,79,5,91,60,0,60,151
10/31/2021,SWO,OK,ASW,CE,Federal Contract Tower,0,5,28,0,33,0,3,57,0,60,0,8,85,0,93,54,0,54,147
11/01/2021,SWO,OK,ASW,CE,Federal Contract Tower,0,7,35,14,56,0,0,91,7,98,0,7,126,21,154,148,34,182,336
11/02/2021,SWO,OK,ASW,CE,Federal Contract Tower,0,5,16,4,25,0,0,68,1,69,0,5,84,5,94,188,4,192,286
11/03/2021,SWO,OK,ASW,CE,Federal Contract Tower,0,3,5,2,10,0,0,7,0,7,0,3,12,2,17,20,0,20,37
11/04/2021,SWO,OK,ASW,CE,Federal Contract Tower,0,4,46,8,58,0,4,105,1,110,0,8,151,9,168,118,2,120,288
11/05/2021,SWO,OK,ASW,CE,Federal Contract Tower,1,7,37,3,48,0,0,155,6,161,1,7,192,9,209,156,10,166,375
11/06/2021,SWO,OK,ASW,CE,Federal Contract Tower,0,4,32,6,42,0,3,124,1,128,0,7,156,7,170,130,2,132,302
11/07/2021,SWO,OK,ASW,CE,Federal Contract Tower,0,3,14,0,17,0,7,82,0,89,0,10,96,0,106,38,0,38,144
11/08/2021,SWO,OK,ASW,CE,Federal Contract Tower,0,6,27,2,35,0,3,148,6,157,0,9,175,8,192,140,8,148,340
11/09/2021,SWO,OK,ASW,CE,Federal Contract Tower,0,4,25,8,37,0,4,139,6,149,0,8,164,14,186,152,18,170,356
11/10/2021,SWO,OK,ASW,CE,Federal Contract Tower,0,5,9,20,34,0,3,15,1,19,0,8,24,21,53,32,4,36,89
11/11/2021,SWO,OK,ASW,CE,Federal Contract Tower,0,3,37,0,40,0,4,201,0,205,0,7,238,0,245,184,0,184,429
11/12/2021,SWO,OK,ASW,CE,Federal Contract Tower,0,6,21,1,28,0,3,92,2,97,0,9,113,3,125,64,8,72,197
11/13/2021,SWO,OK,ASW,CE,Federal Contract Tower,1,10,31,2,44,0,2,136,3,141,1,12,167,5,185,66,0,66,251
11/14/2021,SWO,OK,ASW,CE,Federal Contract Tower,0,7,23,2,32,0,0,92,2,94,0,7,115,4,126,92,6,98,224
11/15/2021,SWO,OK,ASW,CE,Federal Contract Tower,0,5,16,2,23,0,4,149,6,159,0,9,165,8,182,144,6,150,332
11/16/2021,SWO,OK,ASW,CE,Federal Contract Tower,0,2,26,11,39,0,3,130,7,140,0,5,156,18,179,206,12,218,397
11/17/2021,SWO,OK,ASW,CE,Federal Contract Tower,0,2,32,5,39,0,6,92,2,100,0,8,124,7,139,88,38,126,265
11/18/2021,SWO,OK,ASW,CE,Federal Contract Tower,0,5,33,0,38,0,1,157,4,162,0,6,190,4,200,186,6,192,392
11/19/2021,SWO,OK,ASW,CE,Federal Contract Tower,0,7,17,3,27,0,1,120,1,122,0,8,137,4,149,200,0,200,349
11/20/2021,SWO,OK,ASW,CE,Federal Contract Tower,0,2,11,1,14,0,0,72,3,75,0,2,83,4,89,156,4,160,249
11/21/2021,SWO,OK,ASW,CE,Federal Contract Tower,0,5,7,1,13,0,1,45,9,55,0,6,52,10,68,48,20,68,136
11/22/2021,SWO,OK,ASW,CE,Federal Contract Tower,0,3,10,2,15,0,3,53,1,57,0,6,63,3,72,64,0,64,136
11/23/2021,SWO,OK,ASW,CE,Federal Contract Tower,0,2,7,2,11,0,2,42,1,45,0,4,49,3,56,42,2,44,100
11/24/2021,SWO,OK,ASW,CE,Federal Contract Tower,0,3,7,0,10,0,3,7,0,10,0,6,14,0,20,2,0,2,22
11/26/2021,SWO,OK,ASW,CE,Federal Contract Tower,0,4,2,0,6,0,3,32,0,35,0,7,34,0,41,14,0,14,55
11/27/2021,SWO,OK,ASW,CE,Federal Contract Tower,0,12,28,0,40,0,4,25,0,29,0,16,53,0,69,6,0,6,75
11/28/2021,SWO,OK,ASW,CE,Federal Contract Tower,0,9,15,0,24,0,1,38,0,39,0,10,53,0,63,16,0,16,79
11/29/2021,SWO,OK,ASW,CE,Federal Contract Tower,0,12,36,15,63,0,0,134,5,139,0,12,170,20,202,192,2,194,396
11/30/2021,SWO,OK,ASW,CE,Federal Contract Tower,0,4,18,5,27,0,1,125,4,130,0,5,143,9,157,225,10,235,392
12/01/2021,SWO,OK,ASW,CE,Federal Contract Tower,0,3,22,0,25,0,2,141,0,143,0,5,163,0,168,208,0,208,376
12/02/2021,SWO,OK,ASW,CE,Federal Contract Tower,0,2,23,2,27,0,4,128,3,135,0,6,151,5,162,228,2,230,392
12/03/2021,SWO,OK,ASW,CE,Federal Contract Tower,1,6,17,1,25,0,1,103,2,106,1,7,120,3,131,106,0,106,237
12/04/2021,SWO,OK,ASW,CE,Federal Contract Tower,6,4,18,0,28,0,4,5,0,9,6,8,23,0,37,24,0,24,61
12/05/2021,SWO,OK,ASW,CE,Federal Contract Tower,0,6,19,11,36,0,3,54,1,58,0,9,73,12,94,86,0,86,180
12/06/2021,SWO,OK,ASW,CE,Federal Contract Tower,0,3,19,4,26,0,5,100,7,112,0,8,119,11,138,102,12,114,252
12/07/2021,SWO,OK,ASW,CE,Federal Contract Tower,0,3,25,1,29,0,1,141,7,149,0,4,166,8,178,218,10,228,406
12/08/2021,SWO,OK,ASW,CE,Federal Contract Tower,0,12,25,6,43,0,2,114,3,119,0,14,139,9,162,192,6,198,360
12/09/2021,SWO,OK,ASW,CE,Federal Contract Tower,0,5,23,2,30,0,0,93,2,95,0,5,116,4,125,140,4,144,269
12/10/2021,SWO,OK,ASW,CE,Federal Contract Tower,0,2,8,0,10,0,0,41,0,41,0,2,49,0,51,44,0,44,95
12/11/2021,SWO,OK,ASW,CE,Federal Contract Tower,0,2,29,0,31,0,0,91,0,91,0,2,120,0,122,116,0,116,238
12/12/2021,SWO,OK,ASW,CE,Federal Contract Tower,0,5,16,4,25,0,3,50,0,53,0,8,66,4,78,38,0,38,116
12/13/2021,SWO,OK,ASW,CE,Federal Contract Tower,0,4,22,8,34,0,3,108,3,114,0,7,130,11,148,212,6,218,366
12/14/2021,SWO,OK,ASW,CE,Federal Contract Tower,0,4,26,0,30,0,0,83,0,83,0,4,109,0,113,98,0,98,211
12/15/2021,SWO,OK,ASW,CE,Federal Contract Tower,0,6,7,1,14,0,5,10,0,15,0,11,17,1,29,0,0,0,29
12/16/2021,SWO,OK,ASW,CE,Federal Contract Tower,0,3,30,9,42,0,1,104,5,110,0,4,134,14,152,171,2,173,325
12/17/2021,SWO,OK,ASW,CE,Federal Contract Tower,0,4,18,0,22,0,1,16,0,17,0,5,34,0,39,84,0,84,123
12/18/2021,SWO,OK,ASW,CE,Federal Contract Tower,0,2,12,0,14,0,1,54,0,55,0,3,66,0,69,64,0,64,133
12/19/2021,SWO,OK,ASW,CE,Federal Contract Tower,0,4,4,0,8,0,1,45,0,46,0,5,49,0,54,68,0,68,122
12/20/2021,SWO,OK,ASW,CE,Federal Contract Tower,0,2,17,2,21,0,1,70,1,72,0,3,87,3,93,70,2,72,165
12/21/2021,SWO,OK,ASW,CE,Federal Contract Tower,0,3,19,8,30,0,5,61,0,66,0,8,80,8,96,60,0,60,156
12/22/2021,SWO,OK,ASW,CE,Federal Contract Tower,0,3,9,0,12,5,47,2,0,54,5,50,11,0,66,38,0,38,104
12/23/2021,SWO,OK,ASW,CE,Federal Contract Tower,0,2,2,0,4,0,4,10,0,14,0,6,12,0,18,54,0,54,72
12/24/2021,SWO,OK,ASW,CE,Federal Contract Tower,0,3,4,0,7,0,3,12,0,15,0,6,16,0,22,18,0,18,40
12/25/2021,SWO,OK,ASW,CE,Federal Contract Tower,0,3,0,0,3,0,1,5,0,6,0,4,5,0,9,0,0,0,9
12/26/2021,SWO,OK,ASW,CE,Federal Contract Tower,2,2,4,0,8,0,0,23,0,23,2,2,27,0,31,10,0,10,41
12/27/2021,SWO,OK,ASW,CE,Federal Contract Tower,0,3,5,0,8,0,0,11,0,11,0,3,16,0,19,24,0,24,43
12/28/2021,SWO,OK,ASW,CE,Federal Contract Tower,0,2,2,0,4,0,2,15,0,17,0,4,17,0,21,50,0,50,71
12/29/2021,SWO,OK,ASW,CE,Federal Contract Tower,0,2,7,0,9,0,3,12,0,15,0,5,19,0,24,16,0,16,40
12/30/2021,SWO,OK,ASW,CE,Federal Contract Tower,0,4,3,0,7,0,0,10,0,10,0,4,13,0,17,22,0,22,39
12/31/2021,SWO,OK,ASW,CE,Federal Contract Tower,0,2,3,0,5,0,3,7,0,10,0,5,10,0,15,2,0,2,17
01/01/2022,SWO,OK,ASW,CE,Federal Contract Tower,0,5,0,0,5,0,0,0,0,0,0,5,0,0,5,0,0,0,5
01/02/2022,SWO,OK,ASW,CE,Federal Contract Tower,2,3,7,0,12,0,4,6,0,10,2,7,13,0,22,0,0,0,22
01/03/2022,SWO,OK,ASW,CE,Federal Contract Tower,0,2,2,0,4,0,3,38,0,41,0,5,40,0,45,44,0,44,89
01/04/2022,SWO,OK,ASW,CE,Federal Contract Tower,0,3,11,2,16,0,2,29,1,32,0,5,40,3,48,28,0,28,76
01/05/2022,SWO,OK,ASW,CE,Federal Contract Tower,0,4,9,1,14,0,0,53,1,54,0,4,62,2,68,104,8,112,180
01/06/2022,SWO,OK,ASW,CE,Federal Contract Tower,0,2,7,14,23,0,3,15,0,18,0,5,22,14,41,26,0,26,67
01/07/2022,SWO,OK,ASW,CE,Federal Contract Tower,0,5,10,8,23,0,0,38,0,38,0,5,48,8,61,84,0,84,145
01/08/2022,SWO,OK,ASW,CE,Federal Contract Tower,0,11,8,4,23,0,0,0,0,0,0,11,8,4,23,0,0,0,23
01/09/2022,SWO,OK,ASW,CE,Federal Contract Tower,0,4,6,1,11,0,1,42,1,44,0,5,48,2,55,62,10,72,127
01/10/2022,SWO,OK,ASW,CE,Federal Contract Tower,2,4,29,4,39,0,2,114,4,120,2,6,143,8,159,90,0,90,249
01/11/2022,SWO,OK,ASW,CE,Federal Contract Tower,0,4,31,2,37,0,0,106,2,108,0,4,137,4,145,112,2,114,259
01/12/2022,SWO,OK,ASW,CE,Federal Contract Tower,0,2,35,2,39,0,1,136,7,144,0,3,171,9,183,164,12,176,359
01/13/2022,SWO,OK,ASW,CE,Federal Contract Tower,0,2,25,8,35,0,2,122,4,128,0,4,147,12,163,130,6,136,299
01/14/2022,SWO,OK,ASW,CE,Federal Contract Tower,0,3,23,4,30,0,3,103,3,109,0,6,126,7,139,74,8,82,221
01/15/2022,SWO,OK,ASW,CE,Federal Contract Tower,2,3,3,0,8,0,0,0,2,2,2,3,3,2,10,0,0,0,10
01/16/2022,SWO,OK,ASW,CE,Federal Contract Tower,0,5,13,0,18,0,6,30,1,37,0,11,43,1,55,40,0,40,95
01/17/2022,SWO,OK,ASW,CE,Federal Contract Tower,0,2,23,0,25,0,2,107,0,109,0,4,130,0,134,166,0,166,300
01/18/2022,SWO,OK,ASW,CE,Federal Contract Tower,2,3,29,4,38,0,3,90,0,93,2,6,119,4,131,114,0,114,245
01/19/2022,SWO,OK,ASW,CE,Federal Contract Tower,0,3,13,6,22,0,2,29,0,31,0,5,42,6,53,10,0,10,63
01/20/2022,SWO,OK,ASW,CE,Federal Contract Tower,0,2,18,19,39,0,1,64,3,68,0,3,82,22,107,64,10,74,181
01/21/2022,SWO,OK,ASW,CE,Federal Contract Tower,1,4,34,2,41,0,5,103,1,109,1,9,137,3,150,194,6,200,350
01/22/2022,SWO,OK,ASW,CE,Federal Contract Tower,2,4,17,6,29,0,2,111,0,113,2,6,128,6,142,182,0,182,324
01/23/2022,SWO,OK,ASW,CE,Federal Contract Tower,0,2,9,7,18,0,0,68,2,70,0,2,77,9,88,114,0,114,202
01/24/2022,SWO,OK,ASW,CE,Federal Contract Tower,0,11,21,2,34,0,7,104,8,119,0,18,125,10,153,174,14,188,341
01/25/2022,SWO,OK,ASW,CE,Federal Contract Tower,0,4,22,1,27,0,0,110,0,110,0,4,132,1,137,182,0,182,319
01/26/2022,SWO,OK,ASW,CE,Federal Contract Tower,0,5,8,1,14,0,0,47,2,49,0,5,55,3,63,162,4,166,229
01/27/2022,SWO,OK,ASW,CE,Federal Contract Tower,0,2,22,0,24,0,2,112,0,114,0,4,134,0,138,226,0,226,364
01/28/2022,SWO,OK,ASW,CE,Federal Contract Tower,2,2,32,11,47,0,9,137,5,151,2,11,169,16,198,190,2,192,390
01/29/2022,SWO,OK,ASW,CE,Federal Contract Tower,0,5,22,2,29,0,7,96,0,103,0,12,118,2,132,142,0,142,274
01/30/2022,SWO,OK,ASW,CE,Federal Contract Tower,0,6,14,0,20,0,0,65,0,65,0,6,79,0,85,110,0,110,195
01/31/2022,SWO,OK,ASW,CE,Federal Contract Tower,0,3,29,0,32,0,6,128,2,136,0,9,157,2,168,236,0,236,404
02/01/2022,SWO,OK,ASW,CE,Federal Contract Tower,0,6,23,7,36,0,0,11,0,11,0,6,34,7,47,24,0,24,71
02/02/2022,SWO,OK,ASW,CE,Federal Contract Tower,0,2,0,0,2,0,0,0,0,0,0,2,0,0,2,0,0,0,2
02/03/2022,SWO,OK,ASW,CE,Federal Contract Tower,0,0,2,0,2,0,0,0,0,0,0,0,2,0,2,0,0,0,2
02/04/2022,SWO,OK,ASW,CE,Federal Contract Tower,1,3,7,0,11,0,6,9,0,15,1,9,16,0,26,4,0,4,30
02/05/2022,SWO,OK,ASW,CE,Federal Contract Tower,0,5,12,0,17,0,4,18,3,25,0,9,30,3,42,16,14,30,72
02/06/2022,SWO,OK,ASW,CE,Federal Contract Tower,0,2,12,0,14,0,2,55,0,57,0,4,67,0,71,86,0,86,157
02/07/2022,SWO,OK,ASW,CE,Federal Contract Tower,0,3,35,7,45,0,0,125,3,128,0,3,160,10,173,162,14,176,349
02/08/2022,SWO,OK,ASW,CE,Federal Contract Tower,0,4,34,5,43,0,3,99,1,103,0,7,133,6,146,118,18,136,282
02/09/2022,SWO,OK,ASW,CE,Federal Contract Tower,0,4,24,7,35,0,0,112,5,117,0,4,136,12,152,114,16,130,282
02/10/2022,SWO,OK,ASW,CE,Federal Contract Tower,0,0,19,0,19,0,4,101,0,105,0,4,120,0,124,130,0,130,254
02/11/2022,SWO,OK,ASW,CE,Federal Contract Tower,0,11,31,7,49,0,2,97,0,99,0,13,128,7,148,104,0,104,252
02/12/2022,SWO,OK,ASW,CE,Federal Contract Tower,0,8,19,6,33,0,3,87,1,91,0,11,106,7,124,124,10,134,258
02/13/2022,SWO,OK,ASW,CE,Federal Contract Tower,0,5,9,2,16,0,5,53,0,58,0,10,62,2,74,90,0,90,164
02/14/2022,SWO,OK,ASW,CE,Federal Contract Tower,0,8,31,1,40,0,6,86,17,109,0,14,117,18,149,174,2,176,325
02/15/2022,SWO,OK,ASW,CE,Federal Contract Tower,0,3,14,16,33,0,1,63,15,79,0,4,77,31,112,50,8,58,170
02/16/2022,SWO,OK,ASW,CE,Federal Contract Tower,0,4,3,0,7,0,4,2,0,6,0,8,5,0,13,0,0,0,13
02/17/2022,SWO,OK,ASW,CE,Federal Contract Tower,0,2,4,0,6,0,4,0,0,4,0,6,4,0,10,0,0,0,10
02/18/2022,SWO,OK,ASW,CE,Federal Contract Tower,0,3,45,8,56,0,3,153,7,163,0,6,198,15,219,312,2,314,533
02/19/2022,SWO,OK,ASW,CE,Federal Contract Tower,0,6,20,0,26,0,1,71,1,73,0,7,91,1,99,158,12,170,269
02/20/2022,SWO,OK,ASW,CE,Federal Contract Tower,2,3,7,3,15,0,7,33,2,42,2,10,40,5,57,58,8,66,123
02/21/2022,SWO,OK,ASW,CE,Federal Contract Tower,0,2,26,0,28,0,0,102,0,102,0,2,128,0,130,128,0,128,258
02/22/2022,SWO,OK,ASW,CE,Federal Contract Tower,2,4,23,7,36,0,5,74,3,82,2,9,97,10,118,100,16,116,234
02/23/2022,SWO,OK,ASW,CE,Federal Contract Tower,0,0,2,0,2,0,0,0,0,0,0,0,2,0,2,0,0,0,2
02/24/2022,SWO,OK,ASW,CE,Federal Contract Tower,1,3,3,0,7,0,0,0,0,0,1,3,3,0,7,0,0,0,7
02/25/2022,SWO,OK,ASW,CE,Federal Contract Tower,0,1,4,0,5,0,1,20,0,21,0,2,24,0,26,20,0,20,46
02/26/2022,SWO,OK,ASW,CE,Federal Contract Tower,2,5,10,0,17,0,3,42,0,45,2,8,52,0,62,116,0,116,178
02/27/2022,SWO,OK,ASW,CE,Federal Contract Tower,2,4,11,0,17,0,4,80,0,84,2,8,91,0,101,116,2,118,219
02/28/2022,SWO,OK,ASW,CE,Federal Contract Tower,0,5,19,4,28,0,2,129,9,140,0,7,148,13,168,202,32,234,402
03/01/2022,SWO,OK,ASW,CE,Federal Contract Tower,1,4,34,7,46,0,2,142,2,146,1,6,176,9,192,162,8,170,362
03/02/2022,SWO,OK,ASW,CE,Federal Contract Tower,0,2,37,6,45,0,3,163,0,166,0,5,200,6,211,248,0,248,459
03/03/2022,SWO,OK,ASW,CE,Federal Contract Tower,0,3,27,7,37,0,2,161,5,168,0,5,188,12,205,138,0,138,343
03/04/2022,SWO,OK,ASW,CE,Federal Contract Tower,3,4,38,4,49,0,2,131,0,133,3,6,169,4,182,178,0,178,360
03/05/2022,SWO,OK,ASW,CE,Federal Contract Tower,4,4,28,2,38,0,3,39,2,44,4,7,67,4,82,20,0,20,102
03/06/2022,SWO,OK,ASW,CE,Federal Contract Tower,0,3,14,2,19,0,2,5,0,7,0,5,19,2,26,32,0,32,58
03/07/2022,SWO,OK,ASW,CE,Federal Contract Tower,0,3,9,16,28,0,2,73,6,81,0,5,82,22,109,234,2,236,345
03/08/2022,SWO,OK,ASW,CE,Federal Contract Tower,0,3,23,4,30,0,1,124,0,125,0,4,147,4,155,194,0,194,349
03/09/2022,SWO,OK,ASW,CE,Federal Contract Tower,0,5,22,8,35,0,2,127,0,129,0,7,149,8,164,246,0,246,410
03/10/2022,SWO,OK,ASW,CE,Federal Contract Tower,0,2,10,3,15,0,1,34,1,36,0,3,44,4,51,92,0,92,143
03/11/2022,SWO,OK,ASW,CE,Federal Contract Tower,0,2,5,6,13,0,1,18,1,20,0,3,23,7,33,52,18,70,103
03/12/2022,SWO,OK,ASW,CE,Federal Contract Tower,0,2,17,0,19,0,2,66,0,68,0,4,83,0,87,128,0,128,215
03/13/2022,SWO,OK,ASW,CE,Federal Contract Tower,0,2,2,3,7,0,4,24,4,32,0,6,26,7,39,58,20,78,117
03/14/2022,SWO,OK,ASW,CE,Federal Contract Tower,0,4,16,4,24,0,0,41,6,47,0,4,57,10,71,64,26,90,161
03/15/2022,SWO,OK,ASW,CE,Federal Contract Tower,0,6,7,2,15,0,6,67,0,73,0,12,74,2,88,140,0,140,228
03/16/2022,SWO,OK,ASW,CE,Federal Contract Tower,0,5,16,4,25,0,2,51,4,57,0,7,67,8,82,82,6,88,170
03/17/2022,SWO,OK,ASW,CE,Federal Contract Tower,0,1,1,4,6,0,2,29,5,36,0,3,30,9,42,54,26,80,122
03/18/2022,SWO,OK,ASW,CE,Federal Contract Tower,0,5,2,2,9,0,0,5,0,5,0,5,7,2,14,28,0,28,42
03/19/2022,SWO,OK,ASW,CE,Federal Contract Tower,0,2,7,0,9,0,0,29,0,29,0,2,36,0,38,32,0,32,70
03/20/2022,SWO,OK,ASW,CE,Federal Contract Tower,0,4,19,1,24,0,5,52,1,58,0,9,71,2,82,82,0,82,164
03/21/2022,SWO,OK,ASW,CE,Federal Contract Tower,0,1,1,0,2,0,1,5,0,6,0,2,6,0,8,26,0,26,34
03/22/2022,SWO,OK,ASW,CE,Federal Contract Tower,0,4,6,4,14,0,0,2,0,2,0,4,8,4,16,0,0,0,16
03/23/2022,SWO,OK,ASW,CE,Federal Contract Tower,0,3,22,22,47,0,0,70,4,74,0,3,92,26,121,124,0,124,245
03/24/2022,SWO,OK,ASW,CE,Federal Contract Tower,0,2,20,2,24,0,0,124,2,126,0,2,144,4,150,192,14,206,356
03/25/2022,SWO,OK,ASW,CE,Federal Contract Tower,0,8,27,2,37,0,0,184,6,190,0,8,211,8,227,196,14,210,437
03/26/2022,SWO,OK,ASW,CE,Federal Contract Tower,0,5,16,0,21,0,7,117,0,124,0,12,133,0,145,222,0,222,367
03/27/2022,SWO,OK,ASW,CE,Federal Contract Tower,0,2,23,2,27,0,2,82,0,84,0,4,105,2,111,148,0,148,259
03/28/2022,SWO,OK,ASW,CE,Federal Contract Tower,0,7,32,5,44,0,0,0,4,4,0,7,32,9,48,146,6,152,200
03/29/2022,SWO,OK,ASW,CE,Federal Contract Tower,0,5,15,1,21,0,5,53,4,62,0,10,68,5,83,48,12,60,143
03/30/2022,SWO,OK,ASW,CE,Federal Contract Tower,0,4,11,4,19,0,4,23,0,27,0,8,34,4,46,56,0,56,102
03/31/2022,SWO,OK,ASW,CE,Federal Contract Tower,0,2,24,8,34,0,4,92,4,100,0,6,116,12,134,192,2,194,328
04/01/2022,SWO,OK,ASW,CE,Federal Contract Tower,0,2,26,5,33,0,0,0,0,0,0,2,26,5,33,304,0,304,337
04/02/2022,SWO,OK,ASW,CE,Federal Contract Tower,0,1,10,0,11,0,4,234,1,239,0,5,244,1,250,96,2,98,348
04/03/2022,SWO,OK,ASW,CE,Federal Contract Tower,0,10,20,5,35,0,4,54,0,58,0,14,74,5,93,50,0,50,143
04/04/2022,SWO,OK,ASW,CE,Federal Contract Tower,0,5,20,3,28,0,5,37,6,48,0,10,57,9,76,82,8,90,166
04/05/2022,SWO,OK,ASW,CE,Federal Contract Tower,0,7,27,2,36,0,6,71,0,77,0,13,98,2,113,130,0,130,243
04/06/2022,SWO,OK,ASW,CE,Federal Contract Tower,0,4,10,10,24,0,2,70,4,76,0,6,80,14,100,90,18,108,208
04/07/2022,SWO,OK,ASW,CE,Federal Contract Tower,0,3,5,5,13,0,0,15,1,16,0,3,20,6,29,14,0,14,43
04/08/2022,SWO,OK,ASW,CE,Federal Contract Tower,0,9,27,2,38,0,0,2,0,2,0,9,29,2,40,41,0,41,81
04/09/2022,SWO,OK,ASW,CE,Federal Contract Tower,0,4,27,2,33,0,2,113,2,117,0,6,140,4,150,236,0,236,386
04/10/2022,SWO,OK,ASW,CE,Federal Contract Tower,0,11,14,14,39,0,0,0,0,0,0,11,14,14,39,104,8,112,151
04/11/2022,SWO,OK,ASW,CE,Federal Contract Tower,0,3,36,9,48,0,0,124,4,128,0,3,160,13,176,222,20,242,418
04/12/2022,SWO,OK,ASW,CE,Federal Contract Tower,0,2,9,7,18,0,8,14,5,27,0,10,23,12,45,28,28,56,101
04/13/2022,SWO,OK,ASW,CE,Federal Contract Tower,0,4,20,1,25,0,3,108,7,118,0,7,128,8,143,132,6,138,281
04/14/2022,SWO,OK,ASW,CE,Federal Contract Tower,2,3,21,4,30,0,1,161,7,169,2,4,182,11,199,292,24,316,515
04/15/2022,SWO,OK,ASW,CE,Federal Contract Tower,0,2,21,4,27,0,0,105,2,107,0,2,126,6,134,110,0,110,244
04/16/2022,SWO,OK,ASW,CE,Federal Contract Tower,0,6,11,0,17,0,3,26,0,29,0,9,37,0,46,16,0,16,62
04/17/2022,SWO,OK,ASW,CE,Federal Contract Tower,1,4,5,0,10,0,3,12,0,15,1,7,17,0,25,0,0,0,25
04/18/2022,SWO,OK,ASW,CE,Federal Contract Tower,0,2,37,2,41,0,4,139,0,143,0,6,176,2,184,256,0,256,440
04/19/2022,SWO,OK,ASW,CE,Federal Contract Tower,0,3,20,14,37,0,0,89,0,89,0,3,109,14,126,132,0,132,258
04/20/2022,SWO,OK,ASW,CE,Federal Contract Tower,0,4,24,8,36,0,2,44,13,59,0,6,68,21,95,82,29,111,206
04/21/2022,SWO,OK,ASW,CE,Federal Contract Tower,0,2,30,11,43,0,0,36,0,36,0,2,66,11,79,82,0,82,161
04/22/2022,SWO,OK,ASW,CE,Federal Contract Tower,0,6,18,23,47,0,2,33,5,40,0,8,51,28,87,8,32,40,127
04/23/2022,SWO,OK,ASW,CE,Federal Contract Tower,0,7,9,0,16,0,0,0,0,0,0,7,9,0,16,0,0,0,16
04/24/2022,SWO,OK,ASW,CE,Federal Contract Tower,0,7,23,1,31,0,1,54,4,59,0,8,77,5,90,62,0,62,152
04/25/2022,SWO,OK,ASW,CE,Federal Contract Tower,0,2,44,15,61,0,2,167,7,176,0,4,211,22,237,242,22,264,501
04/26/2022,SWO,OK,ASW,CE,Federal Contract Tower,0,6,32,5,43,0,4,163,2,169,0,10,195,7,212,216,12,228,440
04/27/2022,SWO,OK,ASW,CE,Federal Contract Tower,0,3,30,7,40,0,7,127,3,137,0,10,157,10,177,220,0,220,397
04/28/2022,SWO,OK,ASW,CE,Federal Contract Tower,0,5,15,7,27,0,3,34,1,38,0,8,49,8,65,54,2,56,121
04/29/2022,SWO,OK,ASW,CE,Federal Contract Tower,0,5,13,0,18,0,0,10,0,10,0,5,23,0,28,6,0,6,34
04/30/2022,SWO,OK,ASW,CE,Federal Contract Tower,0,2,8,0,10,0,2,58,0,60,0,4,66,0,70,166,0,166,236
05/01/2022,SWO,OK,ASW,CE,Federal Contract Tower,0,2,8,2,12,0,3,53,2,58,0,5,61,4,70,56,0,56,126
05/02/2022,SWO,OK,ASW,CE,Federal Contract Tower,0,2,5,0,7,0,0,8,0,8,0,2,13,0,15,28,0,28,43
05/03/2022,SWO,OK,ASW,CE,Federal Contract Tower,0,2,49,10,61,0,1,101,0,102,0,3,150,10,163,150,0,150,313
05/04/2022,SWO,OK,ASW,CE,Federal Contract Tower,0,2,0,0,2,0,0,0,0,0,0,2,0,0,2,0,0,0,2
05/05/2022,SWO,OK,ASW,CE,Federal Contract Tower,0,2,8,0,10,0,0,1,0,1,0,2,9,0,11,0,0,0,11
05/06/2022,SWO,OK,ASW,CE,Federal Contract Tower,0,3,38,1,42,0,4,94,1,99,0,7,132,2,141,146,12,158,299
05/07/2022,SWO,OK,ASW,CE,Federal Contract Tower,0,5,19,1,25,0,1,92,4,97,0,6,111,5,122,60,2,62,184
05/08/2022,SWO,OK,ASW,CE,Federal Contract Tower,0,2,10,0,12,0,4,27,2,33,0,6,37,2,45,22,8,30,75
05/09/2022,SWO,OK,ASW,CE,Federal Contract Tower,0,3,7,1,11,0,5,40,4,49,0,8,47,5,60,22,2,24,84
05/10/2022,SWO,OK,ASW,CE,Federal Contract Tower,0,2,9,0,11,0,2,67,0,69,0,4,76,0,80,72,0,72,152
05/11/2022,SWO,OK,ASW,CE,Federal Contract Tower,0,3,8,1,12,0,2,82,3,87,0,5,90,4,99,82,0,82,181
05/12/2022,SWO,OK,ASW,CE,Federal Contract Tower,0,5,7,10,22,0,4,53,7,64,0,9,60,17,86,34,0,34,120
05/13/2022,SWO,OK,ASW,CE,Federal Contract Tower,0,2,16,1,19,0,0,0,0,0,0,2,16,1,19,90,0,90,109
05/14/2022,SWO,OK,ASW,CE,Federal Contract Tower,0,5,6,0,11,0,3,35,0,38,0,8,41,0,49,82,0,82,131
05/15/2022,SWO,OK,ASW,CE,Federal Contract Tower,0,4,9,10,23,0,0,53,3,56,0,4,62,13,79,64,8,72,151
05/16/2022,SWO,OK,ASW,CE,Federal Contract Tower,0,2,26,3,31,0,4,103,0,107,0,6,129,3,138,126,0,126,264
05/17/2022,SWO,OK,ASW,CE,Federal Contract Tower,0,4,11,18,33,0,5,86,0,91,0,9,97,18,124,80,0,80,204
05/18/2022,SWO,OK,ASW,CE,Federal Contract Tower,0,7,20,2,29,0,3,85,3,91,0,10,105,5,120,156,0,156,276
05/19/2022,SWO,OK,ASW,CE,Federal Contract Tower,0,3,26,4,33,0,3,99,3,105,0,6,125,7,138,128,0,128,266
05/20/2022,SWO,OK,ASW,CE,Federal Contract Tower,0,3,24,2,29,0,0,61,3,64,0,3,85,5,93,80,8,88,181
05/21/2022,SWO,OK,ASW,CE,Federal Contract Tower,0,9,12,0,21,0,3,18,0,21,0,12,30,0,42,10,0,10,52
05/22/2022,SWO,OK,ASW,CE,Federal Contract Tower,0,5,15,0,20,0,0,61,2,63,0,5,76,2,83,82,8,90,173
05/23/2022,SWO,OK,ASW,CE,Federal Contract Tower,0,2,8,2,12,0,1,3,4,8,0,3,11,6,20,0,12,12,32
05/24/2022,SWO,OK,ASW,CE,Federal Contract Tower,0,5,13,6,24,0,0,0,0,0,0,5,13,6,24,0,0,0,24
05/25/2022,SWO,OK,ASW,CE,Federal Contract Tower,0,1,36,0,37,0,0,2,0,2,0,1,38,0,39,0,0,0,39
05/26/2022,SWO,OK,ASW,CE,Federal Contract Tower,0,2,26,4,32,0,1,48,0,49,0,3,74,4,81,120,0,120,201
05/27/2022,SWO,OK,ASW,CE,Federal Contract Tower,0,2,16,12,30,0,2,122,0,124,0,4,138,12,154,182,0,182,336
05/28/2022,SWO,OK,ASW,CE,Federal Contract Tower,2,3,6,0,11,0,0,25,0,25,2,3,31,0,36,26,0,26,62
05/29/2022,SWO,OK,ASW,CE,Federal Contract Tower,0,2,5,0,7,0,0,19,0,19,0,2,24,0,26,20,0,20,46
05/30/2022,SWO,OK,ASW,CE,Federal Contract Tower,0,6,3,0,9,0,0,5,0,5,0,6,8,0,14,0,0,0,14
05/31/2022,SWO,OK,ASW,CE,Federal Contract Tower,0,3,16,16,35,0,3,54,4,61,0,6,70,20,96,34,18,52,148
06/01/2022,SWO,OK,ASW,CE,Federal Contract Tower,0,4,2,0,6,0,0,0,0,0,0,4,2,0,6,0,0,0,6
06/02/2022,SWO,OK,ASW,CE,Federal Contract Tower,0,9,27,14,50,0,1,107,1,109,0,10,134,15,159,144,14,158,317
06/03/2022,SWO,OK,ASW,CE,Federal Contract Tower,0,16,26,1,43,0,0,101,1,102,0,16,127,2,145,146,0,146,291
06/04/2022,SWO,OK,ASW,CE,Federal Contract Tower,0,6,6,1,13,0,3,31,0,34,0,9,37,1,47,40,0,40,87
06/05/2022,SWO,OK,ASW,CE,Federal Contract Tower,0,11,10,5,26,0,1,21,8,30,0,12,31,13,56,38,6,44,100
06/06/2022,SWO,OK,ASW,CE,Federal Contract Tower,0,5,18,5,28,0,7,104,3,114,0,12,122,8,142,236,34,270,412
06/07/2022,SWO,OK,ASW,CE,Federal Contract Tower,0,2,11,11,24,0,7,56,2,65,0,9,67,13,89,78,6,84,173
06/08/2022,SWO,OK,ASW,CE,Federal Contract Tower,0,4,12,0,16,0,6,35,0,41,0,10,47,0,57,58,0,58,115
06/09/2022,SWO,OK,ASW,CE,Federal Contract Tower,0,3,32,0,35,0,0,101,0,101,0,3,133,0,136,210,0,210,346
06/10/2022,SWO,OK,ASW,CE,Federal Contract Tower,0,3,25,4,32,0,3,108,1,112,0,6,133,5,144,122,0,122,266
06/11/2022,SWO,OK,ASW,CE,Federal Contract Tower,0,3,15,2,20,0,2,68,11,81,0,5,83,13,101,45,0,45,146
06/12/2022,SWO,OK,ASW,CE,Federal Contract Tower,0,4,5,6,15,0,0,25,0,25,0,4,30,6,40,58,2,60,100
06/13/2022,SWO,OK,ASW,CE,Federal Contract Tower,0,2,14,3,19,0,3,63,0,66,0,5,77,3,85,74,0,74,159
06/14/2022,SWO,OK,ASW,CE,Federal Contract Tower,0,4,15,14,33,0,4,53,1,58,0,8,68,15,91,60,10,70,161
06/15/2022,SWO,OK,ASW,CE,Federal Contract Tower,0,2,19,28,49,0,2,65,13,80,0,4,84,41,129,78,38,116,245
06/16/2022,SWO,OK,ASW,CE,Federal Contract Tower,0,2,10,14,26,0,3,83,3,89,0,5,93,17,115,136,2,138,253
06/17/2022,SWO,OK,ASW,CE,Federal Contract Tower,0,4,18,25,47,0,3,84,8,95,0,7,102,33,142,114,20,134,276
06/18/2022,SWO,OK,ASW,CE,Federal Contract Tower,0,3,11,0,14,0,0,45,0,45,0,3,56,0,59,52,0,52,111
06/19/2022,SWO,OK,ASW,CE,Federal Contract Tower,0,3,5,0,8,0,0,33,0,33,0,3,38,0,41,50,0,50,91
06/20/2022,SWO,OK,ASW,CE,Federal Contract Tower,0,2,20,0,22,0,0,78,0,78,0,2,98,0,100,74,0,74,174
06/21/2022,SWO,OK,ASW,CE,Federal Contract Tower,0,2,10,15,27,0,2,95,5,102,0,4,105,20,129,130,40,170,299
06/22/2022,SWO,OK,ASW,CE,Federal Contract Tower,0,2,34,6,42,0,5,113,0,118,0,7,147,6,160,140,2,142,302
06/23/2022,SWO,OK,ASW,CE,Federal Contract Tower,0,2,25,4,31,0,7,95,4,106,0,9,120,8,137,124,4,128,265
06/24/2022,SWO,OK,ASW,CE,Federal Contract Tower,0,2,19,13,34,0,6,66,3,75,0,8,85,16,109,108,2,110,219
06/25/2022,SWO,OK,ASW,CE,Federal Contract Tower,0,1,14,0,15,0,0,35,0,35,0,1,49,0,50,36,0,36,86
06/26/2022,SWO,OK,ASW,CE,Federal Contract Tower,0,4,10,2,16,0,1,33,4,38,0,5,43,6,54,42,40,82,136
06/27/2022,SWO,OK,ASW,CE,Federal Contract Tower,0,2,29,12,43,0,0,71,4,75,0,2,100,16,118,82,6,88,206
06/28/2022,SWO,OK,ASW,CE,Federal Contract Tower,0,4,19,13,36,0,2,75,1,78,0,6,94,14,114,106,0,106,220
06/29/2022,SWO,OK,ASW,CE,Federal Contract Tower,0,4,26,9,39,0,8,102,7,117,0,12,128,16,156,158,10,168,324
06/30/2022,SWO,OK,ASW,CE,Federal Contract Tower,0,2,17,17,36,0,4,91,7,102,0,6,108,24,138,102,30,132,270
07/02/2022,SWO,OK,ASW,CE,Federal Contract Tower,0,2,2,0,4,0,0,22,0,22,0,2,24,0,26,40,0,40,66
07/03/2022,SWO,OK,ASW,CE,Federal Contract Tower,0,2,0,0,2,0,0,4,0,4,0,2,4,0,6,2,0,2,8
07/04/2022,SWO,OK,ASW,CE,Federal Contract Tower,0,2,2,0,4,0,1,15,0,16,0,3,17,0,20,18,0,18,38
07/05/2022,SWO,OK,ASW,CE,Federal Contract Tower,0,2,25,4,31,0,3,66,0,69,0,5,91,4,100,114,2,116,216
07/06/2022,SWO,OK,ASW,CE,Federal Contract Tower,0,6,25,11,42,0,2,117,6,125,0,8,142,17,167,154,22,176,343
07/07/2022,SWO,OK,ASW,CE,Federal Contract Tower,0,3,23,16,42,0,4,105,9,118,0,7,128,25,160,136,18,154,314
07/08/2022,SWO,OK,ASW,CE,Federal Contract Tower,0,2,14,2,18,0,0,74,0,74,0,2,88,2,92,117,0,117,209
07/09/2022,SWO,OK,ASW,CE,Federal Contract Tower,0,2,16,0,18,0,0,44,0,44,0,2,60,0,62,82,0,82,144
07/10/2022,SWO,OK,ASW,CE,Federal Contract Tower,0,6,2,0,8,0,0,49,0,49,0,6,51,0,57,56,0,56,113
07/11/2022,SWO,OK,ASW,CE,Federal Contract Tower,0,2,23,11,36,0,6,96,10,112,0,8,119,21,148,124,10,134,282
07/12/2022,SWO,OK,ASW,CE,Federal Contract Tower,0,3,29,13,45,0,0,94,0,94,0,3,123,13,139,112,6,118,257
07/13/2022,SWO,OK,ASW,CE,Federal Contract Tower,0,4,21,9,34,0,2,99,4,105,0,6,120,13,139,196,6,202,341
07/14/2022,SWO,OK,ASW,CE,Federal Contract Tower,0,4,10,10,24,0,4,61,2,67,0,8,71,12,91,100,0,100,191
07/15/2022,SWO,OK,ASW,CE,Federal Contract Tower,0,2,19,2,23,0,2,86,3,91,0,4,105,5,114,128,8,136,250
07/16/2022,SWO,OK,ASW,CE,Federal Contract Tower,0,4,9,0,13,0,0,43,0,43,0,4,52,0,56,42,2,44,100
07/17/2022,SWO,OK,ASW,CE,Federal Contract Tower,0,4,5,6,15,0,3,30,0,33,0,7,35,6,48,58,0,58,106
07/18/2022,SWO,OK,ASW,CE,Federal Contract Tower,0,3,15,10,28,0,1,81,1,83,0,4,96,11,111,134,14,148,259
07/19/2022,SWO,OK,ASW,CE,Federal Contract Tower,0,2,8,12,22,0,3,56,0,59,0,5,64,12,81,112,8,120,201
07/20/2022,SWO,OK,ASW,CE,Federal Contract Tower,0,3,19,1,23,0,0,80,3,83,0,3,99,4,106,158,8,166,272
07/21/2022,SWO,OK,ASW,CE,Federal Contract Tower,0,4,16,1,21,0,0,61,3,64,0,4,77,4,85,76,0,76,161
07/22/2022,SWO,OK,ASW,CE,Federal Contract Tower,0,3,22,4,29,0,0,95,1,96,0,3,117,5,125,98,0,98,223
07/23/2022,SWO,OK,ASW,CE,Federal Contract Tower,0,2,10,0,12,0,0,45,0,45,0,2,55,0,57,34,0,34,91
07/24/2022,SWO,OK,ASW,CE,Federal Contract Tower,0,3,4,0,7,0,5,17,0,22,0,8,21,0,29,36,0,36,65
07/25/2022,SWO,OK,ASW,CE,Federal Contract Tower,0,4,19,0,23,0,2,67,0,69,0,6,86,0,92,76,0,76,168
07/26/2022,SWO,OK,ASW,CE,Federal Contract Tower,0,2,19,8,29,0,1,74,14,89,0,3,93,22,118,136,16,152,270
07/27/2022,SWO,OK,ASW,CE,Federal Contract Tower,0,7,13,12,32,0,1,84,4,89,0,8,97,16,121,120,4,124,245
07/28/2022,SWO,OK,ASW,CE,Federal Contract Tower,0,2,19,0,21,0,0,64,4,68,0,2,83,4,89,156,0,156,245
07/29/2022,SWO,OK,ASW,CE,Federal Contract Tower,0,5,16,0,21,0,3,14,0,17,0,8,30,0,38,28,0,28,66
07/30/2022,SWO,OK,ASW,CE,Federal Contract Tower,0,3,3,0,6,0,1,15,0,16,0,4,18,0,22,18,0,18,40
07/31/2022,SWO,OK,ASW,CE,Federal Contract Tower,0,3,14,0,17,0,0,37,2,39,0,3,51,2,56,76,8,84,140
08/01/2022,SWO,OK,ASW,CE,Federal Contract Tower,0,4,20,1,25,0,2,108,8,118,0,6,128,9,143,140,4,144,287
08/02/2022,SWO,OK,ASW,CE,Federal Contract Tower,0,3,14,5,22,0,1,94,6,101,0,4,108,11,123,138,22,160,283
08/03/2022,SWO,OK,ASW,CE,Federal Contract Tower,0,8,17,5,30,0,2,91,1,94,0,10,108,6,124,122,0,122,246
08/04/2022,SWO,OK,ASW,CE,Federal Contract Tower,0,6,22,1,29,0,2,79,1,82,0,8,101,2,111,110,0,110,221
08/05/2022,SWO,OK,ASW,CE,Federal Contract Tower,0,1,27,9,37,0,12,74,6,92,0,13,101,15,129,76,16,92,221
08/06/2022,SWO,OK,ASW,CE,Federal Contract Tower,0,2,19,0,21,0,0,70,0,70,0,2,89,0,91,60,0,60,151
08/07/2022,SWO,OK,ASW,CE,Federal Contract Tower,0,2,12,4,18,0,0,30,2,32,0,2,42,6,50,44,0,44,94
08/08/2022,SWO,OK,ASW,CE,Federal Contract Tower,0,2,13,13,28,0,5,68,0,73,0,7,81,13,101,58,0,58,159
08/09/2022,SWO,OK,ASW,CE,Federal Contract Tower,0,2,21,1,24,0,7,88,8,103,0,9,109,9,127,142,18,160,287
08/10/2022,SWO,OK,ASW,CE,Federal Contract Tower,0,6,15,9,30,0,5,88,8,101,0,11,103,17,131,184,28,212,343
08/11/2022,SWO,OK,ASW,CE,Federal Contract Tower,0,2,15,2,19,0,0,107,8,115,0,2,122,10,134,172,2,174,308
08/12/2022,SWO,OK,ASW,CE,Federal Contract Tower,0,4,25,0,29,0,8,87,0,95,0,12,112,0,124,116,0,116,240
08/13/2022,SWO,OK,ASW,CE,Federal Contract Tower,0,2,15,0,17,0,6,64,2,72,0,8,79,2,89,88,20,108,197
08/14/2022,SWO,OK,ASW,CE,Federal Contract Tower,0,5,6,12,23,0,14,25,9,48,0,19,31,21,71,24,26,50,121
08/15/2022,SWO,OK,ASW,CE,Federal Contract Tower,0,3,28,4,35,0,2,69,4,75,0,5,97,8,110,158,20,178,288
08/16/2022,SWO,OK,ASW,CE,Federal Contract Tower,0,2,21,4,27,0,0,70,7,77,0,2,91,11,104,54,6,60,164
08/17/2022,SWO,OK,ASW,CE,Federal Contract Tower,0,8,31,4,43,0,0,8,0,8,0,8,39,4,51,10,0,10,61
08/18/2022,SWO,OK,ASW,CE,Federal Contract Tower,0,3,22,2,27,0,1,92,8,101,0,4,114,10,128,158,18,176,304
08/19/2022,SWO,OK,ASW,CE,Federal Contract Tower,0,5,12,0,17,0,0,96,1,97,0,5,108,1,114,86,2,88,202
08/20/2022,SWO,OK,ASW,CE,Federal Contract Tower,0,3,12,0,15,0,0,43,6,49,0,3,55,6,64,96,0,96,160
08/21/2022,SWO,OK,ASW,CE,Federal Contract Tower,0,4,4,2,10,0,0,4,0,4,0,4,8,2,14,0,0,0,14
08/22/2022,SWO,OK,ASW,CE,Federal Contract Tower,0,3,14,2,19,0,3,64,3,70,0,6,78,5,89,110,8,118,207
08/23/2022,SWO,OK,ASW,CE,Federal Contract Tower,0,3,18,9,30,0,3,67,6,76,0,6,85,15,106,63,4,67,173
08/24/2022,SWO,OK,ASW,CE,Federal Contract Tower,0,3,30,2,35,0,2,145,2,149,0,5,175,4,184,242,2,244,428
08/25/2022,SWO,OK,ASW,CE,Federal Contract Tower,0,3,37,6,46,0,2,111,9,122,0,5,148,15,168,156,12,168,336
08/26/2022,SWO,OK,ASW,CE,Federal Contract Tower,0,4,32,3,39,0,0,118,3,121,0,4,150,6,160,176,0,176,336
08/27/2022,SWO,OK,ASW,CE,Federal Contract Tower,0,3,22,0,25,0,6,70,7,83,0,9,92,7,108,80,0,80,188
08/28/2022,SWO,OK,ASW,CE,Federal Contract Tower,0,6,4,5,15,0,1,9,1,11,0,7,13,6,26,4,0,4,30
08/29/2022,SWO,OK,ASW,CE,Federal Contract Tower,0,3,17,13,33,0,1,67,0,68,0,4,84,13,101,90,0,90,191
08/30/2022,SWO,OK,ASW,CE,Federal Contract Tower,0,2,29,8,39,0,0,119,6,125,0,2,148,14,164,210,8,218,382
08/31/2022,SWO,OK,ASW,CE,Federal Contract Tower,0,6,22,0,28,0,2,122,2,126,0,8,144,2,154,206,12,218,372
09/01/2022,SWO,OK,ASW,CE,Federal Contract Tower,0,6,20,0,26,0,0,53,0,53,0,6,73,0,79,60,0,60,139
09/02/2022,SWO,OK,ASW,CE,Federal Contract Tower,0,5,18,0,23,0,1,66,0,67,0,6,84,0,90,84,0,84,174
09/03/2022,SWO,OK,ASW,CE,Federal Contract Tower,0,4,4,0,8,0,5,61,0,66,0,9,65,0,74,92,0,92,166
09/04/2022,SWO,OK,ASW,CE,Federal Contract Tower,0,2,6,0,8,0,4,35,0,39,0,6,41,0,47,34,0,34,81
09/05/2022,SWO,OK,ASW,CE,Federal Contract Tower,0,4,5,0,9,0,4,55,0,59,0,8,60,0,68,38,0,38,106
09/06/2022,SWO,OK,ASW,CE,Federal Contract Tower,0,3,16,6,25,0,1,130,9,140,0,4,146,15,165,212,14,226,391
09/07/2022,SWO,OK,ASW,CE,Federal Contract Tower,0,4,20,7,31,0,3,147,9,159,0,7,167,16,190,160,4,164,354
09/08/2022,SWO,OK,ASW,CE,Federal Contract Tower,0,5,17,5,27,0,1,129,3,133,0,6,146,8,160,116,6,122,282
09/09/2022,SWO,OK,ASW,CE,Federal Contract Tower,0,15,46,2,63,0,4,130,0,134,0,19,176,2,197,154,6,160,357
09/10/2022,SWO,OK,ASW,CE,Federal Contract Tower,0,20,22,0,42,0,4,85,0,89,0,24,107,0,131,60,0,60,191
09/11/2022,SWO,OK,ASW,CE,Federal Contract Tower,0,3,10,0,13,0,3,37,0,40,0,6,47,0,53,42,0,42,95
09/12/2022,SWO,OK,ASW,CE,Federal Contract Tower,0,4,20,17,41,0,5,129,11,145,0,9,149,28,186,200,22,222,408
09/13/2022,SWO,OK,ASW,CE,Federal Contract Tower,0,5,27,5,37,0,4,149,4,157,0,9,176,9,194,232,8,240,434
09/14/2022,SWO,OK,ASW,CE,Federal Contract Tower,0,4,22,4,30,0,0,149,15,164,0,4,171,19,194,177,24,201,395
09/15/2022,SWO,OK,ASW,CE,Federal Contract Tower,0,6,15,12,33,0,1,142,6,149,0,7,157,18,182,170,14,184,366
09/16/2022,SWO,OK,ASW,CE,Federal Contract Tower,0,10,27,1,38,0,6,104,3,113,0,16,131,4,151,100,12,112,263
09/17/2022,SWO,OK,ASW,CE,Federal Contract Tower,0,5,16,0,21,0,2,59,0,61,0,7,75,0,82,60,0,60,142
09/18/2022,SWO,OK,ASW,CE,Federal Contract Tower,0,9,17,4,30,0,0,65,6,71,0,9,82,10,101,60,12,72,173
09/19/2022,SWO,OK,ASW,CE,Federal Contract Tower,0,2,22,4,28,0,0,110,10,120,0,2,132,14,148,154,14,168,316
09/20/2022,SWO,OK,ASW,CE,Federal Contract Tower,0,4,23,3,30,0,2,153,12,167,0,6,176,15,197,163,0,163,360
09/21/2022,SWO,OK,ASW,CE,Federal Contract Tower,0,13,19,2,34,0,2,133,5,140,0,15,152,7,174,150,18,168,342
09/22/2022,SWO,OK,ASW,CE,Federal Contract Tower,2,7,20,8,37,0,1,104,7,112,2,8,124,15,149,156,12,168,317
09/23/2022,SWO,OK,ASW,CE,Federal Contract Tower,0,3,14,4,21,0,2,123,14,139,0,5,137,18,160,160,2,162,322
09/24/2022,SWO,OK,ASW,CE,Federal Contract Tower,0,4,17,0,21,0,0,56,4,60,0,4,73,4,81,108,0,108,189
09/25/2022,SWO,OK,ASW,CE,Federal Contract Tower,1,4,12,8,25,0,0,42,12,54,1,4,54,20,79,40,13,53,132
09/26/2022,SWO,OK,ASW,CE,Federal Contract Tower,0,2,20,4,26,0,0,109,4,113,0,2,129,8,139,120,12,132,271
09/27/2022,SWO,OK,ASW,CE,Federal Contract Tower,0,3,27,1,31,0,5,143,2,150,0,8,170,3,181,182,6,188,369
09/28/2022,SWO,OK,ASW,CE,Federal Contract Tower,0,4,27,6,37,0,2,109,2,113,0,6,136,8,150,162,2,164,314
09/30/2022,SWO,OK,ASW,CE,Federal Contract Tower,1,8,10,12,31,0,1,89,1,91,1,9,99,13,122,187,18,205,327
10/01/2022,SWO,OK,ASW,CE,Federal Contract Tower,2,6,6,0,14,0,4,61,0,65,2,10,67,0,79,110,0,110,189
10/02/2022,SWO,OK,ASW,CE,Federal Contract Tower,0,7,9,4,20,0,2,46,0,48,0,9,55,4,68,30,0,30,98
10/03/2022,SWO,OK,ASW,CE,Federal Contract Tower,0,3,14,13,30,0,2,124,4,130,0,5,138,17,160,186,12,198,358
10/04/2022,SWO,OK,ASW,CE,Federal Contract Tower,0,7,30,4,41,0,0,134,1,135,0,7,164,5,176,184,0,184,360
10/05/2022,SWO,OK,ASW,CE,Federal Contract Tower,0,5,16,1,22,0,0,137,9,146,0,5,153,10,168,200,38,238,406
10/06/2022,SWO,OK,ASW,CE,Federal Contract Tower,0,5,28,3,36,0,1,151,0,152,0,6,179,3,188,166,0,166,354
10/07/2022,SWO,OK,ASW,CE,Federal Contract Tower,0,6,52,0,58,0,0,179,5,184,0,6,231,5,242,155,0,155,397
10/08/2022,SWO,OK,ASW,CE,Federal Contract Tower,0,24,27,0,51,0,4,54,1,59,0,28,81,1,110,34,0,34,144
10/09/2022,SWO,OK,ASW,CE,Federal Contract Tower,0,4,18,0,22,0,0,63,0,63,0,4,81,0,85,72,0,72,157
10/10/2022,SWO,OK,ASW,CE,Federal Contract Tower,0,4,28,0,32,0,0,86,0,86,0,4,114,0,118,116,0,116,234
10/11/2022,SWO,OK,ASW,CE,Federal Contract Tower,0,5,24,1,30,0,1,83,9,93,0,6,107,10,123,112,14,126,249
10/12/2022,SWO,OK,ASW,CE,Federal Contract Tower,0,3,40,4,47,0,0,160,2,162,0,3,200,6,209,162,0,162,371
10/13/2022,SWO,OK,ASW,CE,Federal Contract Tower,0,3,23,2,28,0,1,114,3,118,0,4,137,5,146,164,0,164,310
10/14/2022,SWO,OK,ASW,CE,Federal Contract Tower,2,3,29,1,35,0,2,111,8,121,2,5,140,9,156,141,12,153,309
10/15/2022,SWO,OK,ASW,CE,Federal Contract Tower,1,3,25,0,29,0,5,74,0,79,1,8,99,0,108,134,0,134,242
10/16/2022,SWO,OK,ASW,CE,Federal Contract Tower,0,6,17,0,23,0,4,46,0,50,0,10,63,0,73,88,0,88,161
10/17/2022,SWO,OK,ASW,CE,Federal Contract Tower,0,2,28,6,36,0,3,139,0,142,0,5,167,6,178,158,0,158,336
10/18/2022,SWO,OK,ASW,CE,Federal Contract Tower,0,6,21,10,37,0,0,128,0,128,0,6,149,10,165,198,0,198,363
10/19/2022,SWO,OK,ASW,CE,Federal Contract Tower,0,5,39,4,48,0,0,138,9,147,0,5,177,13,195,184,8,192,387
10/20/2022,SWO,OK,ASW,CE,Federal Contract Tower,0,3,35,2,40,0,0,121,0,121,0,3,156,2,161,135,2,137,298
10/21/2022,SWO,OK,ASW,CE,Federal Contract Tower,0,10,21,4,35,0,4,117,4,125,0,14,138,8,160,94,4,98,258
10/22/2022,SWO,OK,ASW,CE,Federal Contract Tower,4,28,29,0,61,0,2,24,9,35,4,30,53,9,96,0,0,0,96
10/23/2022,SWO,OK,ASW,CE,Federal Contract Tower,0,9,14,1,24,0,3,16,1,20,0,12,30,2,44,0,0,0,44
10/24/2022,SWO,OK,ASW,CE,Federal Contract Tower,0,5,13,0,18,0,0,0,0,0,0,5,13,0,18,0,0,0,18
10/25/2022,SWO,OK,ASW,CE,Federal Contract Tower,0,6,22,1,29,0,3,138,0,141,0,9,160,1,170,176,2,178,348
10/26/2022,SWO,OK,ASW,CE,Federal Contract Tower,0,7,31,10,48,0,1,157,7,165,0,8,188,17,213,210,4,214,427
10/27/2022,SWO,OK,ASW,CE,Federal Contract Tower,0,4,24,19,47,0,0,133,14,147,0,4,157,33,194,106,24,130,324
10/28/2022,SWO,OK,ASW,CE,Federal Contract Tower,2,9,29,4,44,0,4,142,6,152,2,13,171,10,196,194,18,212,408
10/29/2022,SWO,OK,ASW,CE,Federal Contract Tower,2,4,36,0,42,0,0,112,0,112,2,4,148,0,154,102,0,102,256
10/30/2022,SWO,OK,ASW,CE,Federal Contract Tower,0,3,19,0,22,0,0,55,0,55,0,3,74,0,77,66,0,66,143
10/31/2022,SWO,OK,ASW,CE,Federal Contract Tower,0,2,21,2,25,0,0,167,0,167,0,2,188,2,192,192,2,194,386
11/01/2022,SWO,OK,ASW,CE,Federal Contract Tower,0,10,16,2,28,0,3,163,2,168,0,13,179,4,196,240,12,252,448
11/02/2022,SWO,OK,ASW,CE,Federal Contract Tower,0,5,24,9,38,0,1,114,2,117,0,6,138,11,155,194,2,196,351
11/03/2022,SWO,OK,ASW,CE,Federal Contract Tower,2,2,25,6,35,0,0,31,1,32,2,2,56,7,67,66,2,68,135
11/04/2022,SWO,OK,ASW,CE,Federal Contract Tower,3,2,0,0,5,0,0,1,0,1,3,2,1,0,6,0,0,0,6
11/05/2022,SWO,OK,ASW,CE,Federal Contract Tower,5,0,19,6,30,0,2,97,0,99,5,2,116,6,129,128,0,128,257
11/06/2022,SWO,OK,ASW,CE,Federal Contract Tower,0,2,13,0,15,0,2,95,0,97,0,4,108,0,112,142,0,142,254
11/07/2022,SWO,OK,ASW,CE,Federal Contract Tower,2,2,36,4,44,0,2,60,0,62,2,4,96,4,106,70,0,70,176
11/08/2022,SWO,OK,ASW,CE,Federal Contract Tower,2,0,34,10,46,0,2,0,0,2,2,2,34,10,48,0,0,0,48
11/09/2022,SWO,OK,ASW,CE,Federal Contract Tower,0,4,43,20,67,0,1,92,2,95,0,5,135,22,162,116,0,116,278
11/10/2022,SWO,OK,ASW,CE,Federal Contract Tower,3,0,18,3,24,0,0,24,4,28,3,0,42,7,52,54,10,64,116
11/11/2022,SWO,OK,ASW,CE,Federal Contract Tower,0,0,25,0,25,0,0,114,1,115,0,0,139,1,140,150,0,150,290
11/12/2022,SWO,OK,ASW,CE,Federal Contract Tower,5,11,24,0,40,0,0,105,3,108,5,11,129,3,148,6,0,6,154
11/13/2022,SWO,OK,ASW,CE,Federal Contract Tower,3,0,25,0,28,0,0,115,0,115,3,0,140,0,143,168,0,168,311
11/14/2022,SWO,OK,ASW,CE,Federal Contract Tower,2,3,1,12,18,0,0,35,0,35,2,3,36,12,53,48,26,74,127
11/15/2022,SWO,OK,ASW,CE,Federal Contract Tower,3,2,22,6,33,0,2,132,4,138,3,4,154,10,171,158,0,158,329
11/16/2022,SWO,OK,ASW,CE,Federal Contract Tower,3,2,25,4,34,0,0,138,2,140,3,2,163,6,174,250,0,250,424
11/17/2022,SWO,OK,ASW,CE,Federal Contract Tower,2,1,27,9,39,0,1,136,4,141,2,2,163,13,180,230,16,246,426
11/18/2022,SWO,OK,ASW,CE,Federal Contract Tower,2,2,18,0,22,0,7,90,2,99,2,9,108,2,121,164,0,164,285
11/19/2022,SWO,OK,ASW,CE,Federal Contract Tower,2,6,15,0,23,0,1,57,0,58,2,7,72,0,81,78,0,78,159
11/20/2022,SWO,OK,ASW,CE,Federal Contract Tower,2,0,7,0,9,0,1,27,2,30,2,1,34,2,39,40,0,40,79
11/21/2022,SWO,OK,ASW,CE,Federal Contract Tower,2,0,11,0,13,0,0,73,3,76,2,0,84,3,89,98,6,104,193
11/22/2022,SWO,OK,ASW,CE,Federal Contract Tower,3,1,7,0,11,0,0,48,8,56,3,1,55,8,67,80,24,104,171
11/23/2022,SWO,OK,ASW,CE,Federal Contract Tower,2,4,9,16,31,0,0,0,0,0,2,4,9,16,31,0,0,0,31
11/24/2022,SWO,OK,ASW,CE,Federal Contract Tower,1,0,0,0,1,0,0,0,0,0,1,0,0,0,1,0,0,0,1
11/25/2022,SWO,OK,ASW,CE,Federal Contract Tower,2,1,9,0,12,0,0,13,0,13,2,1,22,0,25,46,0,46,71
11/26/2022,SWO,OK,ASW,CE,Federal Contract Tower,7,5,3,0,15,0,0,0,0,0,7,5,3,0,15,0,0,0,15
11/27/2022,SWO,OK,ASW,CE,Federal Contract Tower,2,0,11,0,13,0,3,17,0,20,2,3,28,0,33,4,0,4,37
11/28/2022,SWO,OK,ASW,CE,Federal Contract Tower,2,1,21,5,29,0,3,110,1,114,2,4,131,6,143,186,12,198,341
11/29/2022,SWO,OK,ASW,CE,Federal Contract Tower,4,3,20,2,29,0,5,77,0,82,4,8,97,2,111,98,0,98,209
11/30/2022,SWO,OK,ASW,CE,Federal Contract Tower,4,5,15,6,30,0,7,117,3,127,4,12,132,9,157,192,16,208,365
12/01/2022,SWO,OK,ASW,CE,Federal Contract Tower,2,2,10,0,14,0,1,82,2,85,2,3,92,2,99,150,4,154,253
12/02/2022,SWO,OK,ASW,CE,Federal Contract Tower,3,1,8,6,18,0,0,20,0,20,3,1,28,6,38,56,0,56,94
12/03/2022,SWO,OK,ASW,CE,Federal Contract Tower,2,6,16,0,24,0,2,82,4,88,2,8,98,4,112,194,28,222,334
12/04/2022,SWO,OK,ASW,CE,Federal Contract Tower,2,0,17,0,19,0,0,41,0,41,2,0,58,0,60,76,0,76,136
12/05/2022,SWO,OK,ASW,CE,Federal Contract Tower,2,4,11,11,28,0,2,40,2,44,2,6,51,13,72,84,24,108,180
12/06/2022,SWO,OK,ASW,CE,Federal Contract Tower,2,5,10,8,25,0,0,1,0,1,2,5,11,8,26,6,0,6,32
12/07/2022,SWO,OK,ASW,CE,Federal Contract Tower,2,0,11,8,21,0,0,0,1,1,2,0,11,9,22,0,6,6,28
12/08/2022,SWO,OK,ASW,CE,Federal Contract Tower,2,2,24,4,32,0,0,3,0,3,2,2,27,4,35,0,0,0,35
12/09/2022,SWO,OK,ASW,CE,Federal Contract Tower,4,0,20,4,28,0,2,127,0,129,4,2,147,4,157,238,0,238,395
12/10/2022,SWO,OK,ASW,CE,Federal Contract Tower,1,1,29,0,31,0,0,5,0,5,1,1,34,0,36,0,0,0,36
12/11/2022,SWO,OK,ASW,CE,Federal Contract Tower,3,2,30,8,43,0,0,0,0,0,3,2,30,8,43,0,0,0,43
12/12/2022,SWO,OK,ASW,CE,Federal Contract Tower,2,1,5,0,8,0,0,0,0,0,2,1,5,0,8,0,0,0,8
12/13/2022,SWO,OK,ASW,CE,Federal Contract Tower,2,0,26,6,34,0,3,147,5,155,2,3,173,11,189,188,0,188,377
12/14/2022,SWO,OK,ASW,CE,Federal Contract Tower,2,2,28,7,39,0,4,126,5,135,2,6,154,12,174,178,0,178,352
12/15/2022,SWO,OK,ASW,CE,Federal Contract Tower,2,2,18,2,24,0,2,79,0,81,2,4,97,2,105,36,0,36,141
12/16/2022,SWO,OK,ASW,CE,Federal Contract Tower,2,0,13,4,19,0,1,50,0,51,2,1,63,4,70,20,0,20,90
12/17/2022,SWO,OK,ASW,CE,Federal Contract Tower,3,0,8,2,13,0,0,51,0,51,3,0,59,2,64,56,0,56,120
12/18/2022,SWO,OK,ASW,CE,Federal Contract Tower,2,0,7,1,10,0,0,31,1,32,2,0,38,2,42,70,1,71,113
12/19/2022,SWO,OK,ASW,CE,Federal Contract Tower,2,2,14,2,20,0,2,67,0,69,2,4,81,2,89,126,0,126,215
12/20/2022,SWO,OK,ASW,CE,Federal Contract Tower,2,0,0,4,6,0,1,4,0,5,2,1,4,4,11,52,0,52,63
12/21/2022,SWO,OK,ASW,CE,Federal Contract Tower,6,0,2,15,23,0,2,4,1,7,6,2,6,16,30,0,2,2,32
12/22/2022,SWO,OK,ASW,CE,Federal Contract Tower,0,0,0,0,0,0,0,1,0,1,0,0,1,0,1,0,0,0,1
12/23/2022,SWO,OK,ASW,CE,Federal Contract Tower,2,0,0,0,2,0,2,2,0,4,2,2,2,0,6,2,0,2,8
12/24/2022,SWO,OK,ASW,CE,Federal Contract Tower,4,0,1,0,5,0,2,7,0,9,4,2,8,0,14,2,0,2,16
12/25/2022,SWO,OK,ASW,CE,Federal Contract Tower,4,0,0,0,4,0,0,3,0,3,4,0,3,0,7,2,0,2,9
12/26/2022,SWO,OK,ASW,CE,Federal Contract Tower,2,2,0,0,4,0,2,5,0,7,2,4,5,0,11,0,0,0,11
12/27/2022,SWO,OK,ASW,CE,Federal Contract Tower,2,1,1,2,6,1,1,18,0,20,3,2,19,2,26,24,0,24,50
12/28/2022,SWO,OK,ASW,CE,Federal Contract Tower,4,2,0,0,6,0,1,2,0,3,4,3,2,0,9,0,0,0,9
12/29/2022,SWO,OK,ASW,CE,Federal Contract Tower,2,2,4,0,8,0,0,11,0,11,2,2,15,0,19,0,0,0,19
12/30/2022,SWO,OK,ASW,CE,Federal Contract Tower,2,0,2,0,4,0,4,39,0,43,2,4,41,0,47,62,0,62,109
12/31/2022,SWO,OK,ASW,CE,Federal Contract Tower,5,2,1,0,8,0,1,12,0,13,5,3,13,0,21,24,0,24,45
01/01/2023,SWO,OK,ASW,CE,Federal Contract Tower,5,1,6,0,12,0,2,16,0,18,5,3,22,0,30,6,0,6,36
01/02/2023,SWO,OK,ASW,CE,Federal Contract Tower,4,3,2,0,9,0,0,0,0,0,4,3,2,0,9,0,0,0,9
01/03/2023,SWO,OK,ASW,CE,Federal Contract Tower,2,0,5,0,7,0,5,63,0,68,2,5,68,0,75,108,0,108,183
01/04/2023,SWO,OK,ASW,CE,Federal Contract Tower,4,2,11,0,17,0,1,76,0,77,4,3,87,0,94,88,0,88,182
01/05/2023,SWO,OK,ASW,CE,Federal Contract Tower,2,3,8,7,20,0,1,74,4,79,2,4,82,11,99,110,8,118,217
01/06/2023,SWO,OK,ASW,CE,Federal Contract Tower,3,5,20,2,30,0,2,63,0,65,3,7,83,2,95,82,0,82,177
01/07/2023,SWO,OK,ASW,CE,Federal Contract Tower,5,3,16,10,34,0,2,60,3,65,5,5,76,13,99,64,0,64,163
01/08/2023,SWO,OK,ASW,CE,Federal Contract Tower,2,0,11,0,13,0,1,48,0,49,2,1,59,0,62,114,0,114,176
01/09/2023,SWO,OK,ASW,CE,Federal Contract Tower,2,2,16,15,35,0,3,82,2,87,2,5,98,17,122,136,6,142,264
01/10/2023,SWO,OK,ASW,CE,Federal Contract Tower,4,0,22,2,28,0,0,113,0,113,4,0,135,2,141,106,0,106,247
01/12/2023,SWO,OK,ASW,CE,Federal Contract Tower,2,3,23,0,28,0,0,80,2,82,2,3,103,2,110,50,0,50,160
01/13/2023,SWO,OK,ASW,CE,Federal Contract Tower,4,5,19,0,28,0,1,116,3,120,4,6,135,3,148,156,2,158,306
01/14/2023,SWO,OK,ASW,CE,Federal Contract Tower,3,1,7,0,11,0,1,62,0,63,3,2,69,0,74,74,0,74,148
01/15/2023,SWO,OK,ASW,CE,Federal Contract Tower,2,3,6,1,12,0,3,30,1,34,2,6,36,2,46,32,0,32,78
01/16/2023,SWO,OK,ASW,CE,Federal Contract Tower,2,0,5,0,7,0,4,95,0,99,2,4,100,0,106,186,0,186,292
01/17/2023,SWO,OK,ASW,CE,Federal Contract Tower,4,0,16,5,25,0,2,118,2,122,4,2,134,7,147,204,18,222,369
01/18/2023,SWO,OK,ASW,CE,Federal Contract Tower,2,2,17,15,36,0,6,105,8,119,2,8,122,23,155,120,10,130,285
01/19/2023,SWO,OK,ASW,CE,Federal Contract Tower,3,0,23,0,26,0,0,110,0,110,3,0,133,0,136,92,0,92,228
01/20/2023,SWO,OK,ASW,CE,Federal Contract Tower,2,3,12,1,18,0,1,127,6,134,2,4,139,7,152,216,6,222,374
01/21/2023,SWO,OK,ASW,CE,Federal Contract Tower,2,2,6,0,10,0,0,16,0,16,2,2,22,0,26,30,0,30,56
01/22/2023,SWO,OK,ASW,CE,Federal Contract Tower,2,2,8,0,12,0,1,30,0,31,2,3,38,0,43,32,0,32,75
01/23/2023,SWO,OK,ASW,CE,Federal Contract Tower,3,1,28,0,32,0,1,170,2,173,3,2,198,2,205,258,2,260,465
01/24/2023,SWO,OK,ASW,CE,Federal Contract Tower,4,0,0,0,4,0,0,0,0,0,4,0,0,0,4,0,0,0,4
01/25/2023,SWO,OK,ASW,CE,Federal Contract Tower,4,2,16,0,22,0,0,57,1,58,4,2,73,1,80,74,0,74,154
01/26/2023,SWO,OK,ASW,CE,Federal Contract Tower,2,5,28,14,49,0,2,122,0,124,2,7,150,14,173,124,0,124,297
01/27/2023,SWO,OK,ASW,CE,Federal Contract Tower,7,4,36,2,49,0,0,158,0,158,7,4,194,2,207,156,0,156,363
01/28/2023,SWO,OK,ASW,CE,Federal Contract Tower,2,1,11,4,18,0,2,85,2,89,2,3,96,6,107,52,2,54,161
01/29/2023,SWO,OK,ASW,CE,Federal Contract Tower,5,3,5,2,15,0,0,0,0,0,5,3,5,2,15,0,0,0,15
01/31/2023,SWO,OK,ASW,CE,Federal Contract Tower,0,0,2,2,4,0,0,5,2,7,0,0,7,4,11,0,0,0,11
02/01/2023,SWO,OK,ASW,CE,Federal Contract Tower,2,2,11,4,19,0,3,106,9,118,2,5,117,13,137,138,0,138,275
02/02/2023,SWO,OK,ASW,CE,Federal Contract Tower,2,0,13,8,23,0,0,71,4,75,2,0,84,12,98,158,8,166,264
02/03/2023,SWO,OK,ASW,CE,Federal Contract Tower,2,6,8,6,22,0,1,125,6,132,2,7,133,12,154,232,14,246,400
02/04/2023,SWO,OK,ASW,CE,Federal Contract Tower,2,0,10,3,15,0,0,59,1,60,2,0,69,4,75,42,0,42,117
02/05/2023,SWO,OK,ASW,CE,Federal Contract Tower,2,4,12,2,20,0,2,89,0,91,2,6,101,2,111,82,0,82,193
02/06/2023,SWO,OK,ASW,CE,Federal Contract Tower,2,4,31,0,37,0,0,153,2,155,2,4,184,2,192,178,0,178,370
02/07/2023,SWO,OK,ASW,CE,Federal Contract Tower,4,2,13,0,19,0,0,83,0,83,4,2,96,0,102,126,2,128,230
02/08/2023,SWO,OK,ASW,CE,Federal Contract Tower,3,2,8,10,23,0,0,0,0,0,3,2,8,10,23,0,0,0,23
02/09/2023,SWO,OK,ASW,CE,Federal Contract Tower,2,0,21,2,25,0,0,165,0,165,2,0,186,2,190,136,0,136,326
02/10/2023,SWO,OK,ASW,CE,Federal Contract Tower,4,6,32,6,48,0,2,128,0,130,4,8,160,6,178,190,0,190,368
02/11/2023,SWO,OK,ASW,CE,Federal Contract Tower,3,3,18,0,24,0,2,124,1,127,3,5,142,1,151,186,4,190,341
02/12/2023,SWO,OK,ASW,CE,Federal Contract Tower,2,5,7,2,16,0,4,48,0,52,2,9,55,2,68,44,0,44,112
02/13/2023,SWO,OK,ASW,CE,Federal Contract Tower,2,1,22,2,27,0,0,149,3,152,2,1,171,5,179,190,2,192,371
02/14/2023,SWO,OK,ASW,CE,Federal Contract Tower,2,3,12,0,17,0,1,32,0,33,2,4,44,0,50,22,0,22,72
02/15/2023,SWO,OK,ASW,CE,Federal Contract Tower,2,0,18,4,24,0,1,163,0,164,2,1,181,4,188,172,6,178,366
02/16/2023,SWO,OK,ASW,CE,Federal Contract Tower,2,0,19,12,33,0,1,47,4,52,2,1,66,16,85,42,6,48,133
02/17/2023,SWO,OK,ASW,CE,Federal Contract Tower,4,1,24,4,33,0,2,198,3,203,4,3,222,7,236,270,2,272,508
02/18/2023,SWO,OK,ASW,CE,Federal Contract Tower,3,2,22,0,27,0,0,93,0,93,3,2,115,0,120,84,0,84,204
02/19/2023,SWO,OK,ASW,CE,Federal Contract Tower,3,5,10,0,18,0,1,71,0,72,3,6,81,0,90,86,0,86,176
02/20/2023,SWO,OK,ASW,CE,Federal Contract Tower,3,0,25,0,28,0,3,139,0,142,3,3,164,0,170,182,0,182,352
02/21/2023,SWO,OK,ASW,CE,Federal Contract Tower,3,1,14,3,21,0,2,160,5,167,3,3,174,8,188,232,62,294,482
02/22/2023,SWO,OK,ASW,CE,Federal Contract Tower,2,0,17,4,23,0,4,74,7,85,2,4,91,11,108,112,12,124,232
02/23/2023,SWO,OK,ASW,CE,Federal Contract Tower,3,4,19,4,30,0,1,168,0,169,3,5,187,4,199,236,0,236,435
02/24/2023,SWO,OK,ASW,CE,Federal Contract Tower,4,4,12,0,20,0,0,64,0,64,4,4,76,0,84,120,0,120,204
02/25/2023,SWO,OK,ASW,CE,Federal Contract Tower,3,0,4,0,7,0,0,4,0,4,3,0,8,0,11,32,0,32,43
02/26/2023,SWO,OK,ASW,CE,Federal Contract Tower,2,5,2,0,9,0,0,0,0,0,2,5,2,0,9,10,0,10,19
02/27/2023,SWO,OK,ASW,CE,Federal Contract Tower,4,1,7,0,12,0,5,90,0,95,4,6,97,0,107,116,0,116,223
02/28/2023,SWO,OK,ASW,CE,Federal Contract Tower,4,0,9,8,21,0,1,93,3,97,4,1,102,11,118,96,0,96,214
03/01/2023,SWO,OK,ASW,CE,Federal Contract Tower,2,1,12,8,23,0,3,162,1,166,2,4,174,9,189,200,16,216,405
03/02/2023,SWO,OK,ASW,CE,Federal Contract Tower,2,3,18,4,27,0,2,18,0,20,2,5,36,4,47,60,0,60,107
03/03/2023,SWO,OK,ASW,CE,Federal Contract Tower,3,1,19,5,28,0,0,129,4,133,3,1,148,9,161,136,2,138,299
03/04/2023,SWO,OK,ASW,CE,Federal Contract Tower,2,0,18,0,20,0,0,95,0,95,2,0,113,0,115,122,0,122,237
03/05/2023,SWO,OK,ASW,CE,Federal Contract Tower,3,0,5,8,16,0,0,21,2,23,3,0,26,10,39,6,2,8,47
03/06/2023,SWO,OK,ASW,CE,Federal Contract Tower,2,0,17,5,24,0,2,153,1,156,2,2,170,6,180,146,14,160,340
03/07/2023,SWO,OK,ASW,CE,Federal Contract Tower,2,0,16,4,22,0,0,39,2,41,2,0,55,6,63,118,0,118,181
03/08/2023,SWO,OK,ASW,CE,Federal Contract Tower,2,2,17,14,35,0,2,12,0,14,2,4,29,14,49,86,0,86,135
03/09/2023,SWO,OK,ASW,CE,Federal Contract Tower,2,1,16,6,25,0,1,26,0,27,2,2,42,6,52,34,0,34,86
03/10/2023,SWO,OK,ASW,CE,Federal Contract Tower,2,2,19,0,23,0,2,108,0,110,2,4,127,0,133,144,0,144,277
03/11/2023,SWO,OK,ASW,CE,Federal Contract Tower,2,2,4,0,8,0,0,18,2,20,2,2,22,2,28,26,4,30,58
03/12/2023,SWO,OK,ASW,CE,Federal Contract Tower,3,5,3,3,14,0,6,17,2,25,3,11,20,5,39,10,0,10,49
03/13/2023,SWO,OK,ASW,CE,Federal Contract Tower,2,2,4,5,13,0,0,83,1,84,2,2,87,6,97,100,0,100,197
03/14/2023,SWO,OK,ASW,CE,Federal Contract Tower,2,3,17,4,26,0,1,127,0,128,2,4,144,4,154,94,0,94,248
03/15/2023,SWO,OK,ASW,CE,Federal Contract Tower,2,0,6,7,15,1,0,39,6,46,3,0,45,13,61,36,0,36,97
03/16/2023,SWO,OK,ASW,CE,Federal Contract Tower,4,2,5,0,11,0,0,0,0,0,4,2,5,0,11,0,0,0,11
03/17/2023,SWO,OK,ASW,CE,Federal Contract Tower,2,1,10,9,22,0,1,68,3,72,2,2,78,12,94,62,4,66,160
03/18/2023,SWO,OK,ASW,CE,Federal Contract Tower,3,1,9,0,13,0,0,2,0,2,3,1,11,0,15,40,0,40,55
03/19/2023,SWO,OK,ASW,CE,Federal Contract Tower,3,2,5,6,16,0,0,61,0,61,3,2,66,6,77,116,0,116,193
03/20/2023,SWO,OK,ASW,CE,Federal Contract Tower,2,1,18,0,21,0,1,69,2,72,2,2,87,2,93,74,0,74,167
03/21/2023,SWO,OK,ASW,CE,Federal Contract Tower,2,1,21,12,36,0,0,35,7,42,2,1,56,19,78,48,10,58,136
03/22/2023,SWO,OK,ASW,CE,Federal Contract Tower,2,0,7,2,11,0,0,111,4,115,2,0,118,6,126,182,0,182,308
03/23/2023,SWO,OK,ASW,CE,Federal Contract Tower,2,2,4,0,8,0,1,10,0,11,2,3,14,0,19,4,0,4,23
03/24/2023,SWO,OK,ASW,CE,Federal Contract Tower,2,4,22,6,34,0,0,2,0,2,2,4,24,6,36,18,0,18,54
03/25/2023,SWO,OK,ASW,CE,Federal Contract Tower,2,3,12,0,17,0,1,134,0,135,2,4,146,0,152,210,0,210,362
03/26/2023,SWO,OK,ASW,CE,Federal Contract Tower,3,4,14,0,21,0,0,95,0,95,3,4,109,0,116,152,0,152,268
03/27/2023,SWO,OK,ASW,CE,Federal Contract Tower,3,0,8,16,27,0,0,185,0,185,3,0,193,16,212,222,0,222,434
03/28/2023,SWO,OK,ASW,CE,Federal Contract Tower,2,0,10,0,12,1,2,163,0,166,3,2,173,0,178,222,2,224,402
03/29/2023,SWO,OK,ASW,CE,Federal Contract Tower,2,1,21,4,28,0,0,172,3,175,2,1,193,7,203,260,12,272,475
03/30/2023,SWO,OK,ASW,CE,Federal Contract Tower,2,3,5,7,17,0,0,18,0,18,2,3,23,7,35,32,0,32,67
03/31/2023,SWO,OK,ASW,CE,Federal Contract Tower,2,2,6,0,10,0,0,12,0,12,2,2,18,0,22,6,0,6,28
04/01/2023,SWO,OK,ASW,CE,Federal Contract Tower,2,0,10,1,13,0,0,159,1,160,2,0,169,2,173,30,0,30,203
04/02/2023,SWO,OK,ASW,CE,Federal Contract Tower,2,2,2,0,6,0,1,32,0,33,2,3,34,0,39,20,0,20,59
04/03/2023,SWO,OK,ASW,CE,Federal Contract Tower,4,0,15,8,27,0,1,150,2,153,4,1,165,10,180,240,4,244,424
04/04/2023,SWO,OK,ASW,CE,Federal Contract Tower,2,2,10,4,18,0,3,36,0,39,2,5,46,4,57,20,0,20,77
04/05/2023,SWO,OK,ASW,CE,Federal Contract Tower,2,0,23,1,26,0,0,196,5,201,2,0,219,6,227,206,2,208,435
04/06/2023,SWO,OK,ASW,CE,Federal Contract Tower,3,0,15,0,18,1,2,155,0,158,4,2,170,0,176,256,0,256,432
04/07/2023,SWO,OK,ASW,CE,Federal Contract Tower,3,2,28,2,35,0,0,159,0,159,3,2,187,2,194,210,0,210,404
04/08/2023,SWO,OK,ASW,CE,Federal Contract Tower,2,0,4,8,14,0,3,105,0,108,2,3,109,8,122,202,0,202,324
04/09/2023,SWO,OK,ASW,CE,Federal Contract Tower,2,2,6,0,10,0,1,31,0,32,2,3,37,0,42,2,0,2,44
04/10/2023,SWO,OK,ASW,CE,Federal Contract Tower,2,0,8,0,10,0,0,82,7,89,2,0,90,7,99,214,0,214,313
04/11/2023,SWO,OK,ASW,CE,Federal Contract Tower,2,5,20,3,30,0,0,146,2,148,2,5,166,5,178,230,0,230,408
04/12/2023,SWO,OK,ASW,CE,Federal Contract Tower,2,1,14,4,21,0,1,129,1,131,2,2,143,5,152,246,14,260,412
04/13/2023,SWO,OK,ASW,CE,Federal Contract Tower,2,2,8,8,20,0,1,127,0,128,2,3,135,8,148,188,0,188,336
04/14/2023,SWO,OK,ASW,CE,Federal Contract Tower,2,2,21,6,31,0,1,109,0,110,2,3,130,6,141,162,0,162,303
04/15/2023,SWO,OK,ASW,CE,Federal Contract Tower,2,6,25,0,33,0,0,25,2,27,2,6,50,2,60,44,0,44,104
04/16/2023,SWO,OK,ASW,CE,Federal Contract Tower,2,6,5,0,13,0,0,51,0,51,2,6,56,0,64,24,0,24,88
04/17/2023,SWO,OK,ASW,CE,Federal Contract Tower,2,2,11,0,15,0,1,103,0,104,2,3,114,0,119,186,0,186,305
04/18/2023,SWO,OK,ASW,CE,Federal Contract Tower,2,2,8,3,15,0,1,73,0,74,2,3,81,3,89,34,0,34,123
04/19/2023,SWO,OK,ASW,CE,Federal Contract Tower,4,0,6,8,18,0,1,26,2,29,4,1,32,10,47,36,12,48,95
04/20/2023,SWO,OK,ASW,CE,Federal Contract Tower,2,4,20,0,26,0,0,123,2,125,2,4,143,2,151,190,0,190,341
04/21/2023,SWO,OK,ASW,CE,Federal Contract Tower,2,6,23,0,31,0,1,177,2,180,2,7,200,2,211,178,3,181,392
04/22/2023,SWO,OK,ASW,CE,Federal Contract Tower,2,2,14,0,18,0,0,86,0,86,2,2,100,0,104,129,0,129,233
04/23/2023,SWO,OK,ASW,CE,Federal Contract Tower,2,4,6,2,14,0,0,56,0,56,2,4,62,2,70,98,0,98,168
04/24/2023,SWO,OK,ASW,CE,Federal Contract Tower,2,2,20,13,37,0,0,114,3,117,2,2,134,16,154,134,6,140,294
04/25/2023,SWO,OK,ASW,CE,Federal Contract Tower,2,0,11,0,13,0,0,1,0,1,2,0,12,0,14,6,0,6,20
04/26/2023,SWO,OK,ASW,CE,Federal Contract Tower,2,1,14,0,17,0,0,0,0,0,2,1,14,0,17,0,0,0,17
04/27/2023,SWO,OK,ASW,CE,Federal Contract Tower,2,1,20,15,38,0,0,1,0,1,2,1,21,15,39,0,0,0,39
04/28/2023,SWO,OK,ASW,CE,Federal Contract Tower,3,0,18,6,27,0,0,5,0,5,3,0,23,6,32,18,0,18,50
04/29/2023,SWO,OK,ASW,CE,Federal Contract Tower,2,0,21,2,25,0,0,115,0,115,2,0,136,2,140,166,0,166,306
04/30/2023,SWO,OK,ASW,CE,Federal Contract Tower,3,0,7,2,12,0,0,75,5,80,3,0,82,7,92,54,0,54,146
05/01/2023,SWO,OK,ASW,CE,Federal Contract Tower,2,2,13,4,21,0,2,151,0,153,2,4,164,4,174,166,0,166,340
05/02/2023,SWO,OK,ASW,CE,Federal Contract Tower,2,5,16,2,25,0,4,151,0,155,2,9,167,2,180,220,0,220,400
05/03/2023,SWO,OK,ASW,CE,Federal Contract Tower,1,3,16,7,27,0,0,149,2,151,1,3,165,9,178,210,12,222,400
05/04/2023,SWO,OK,ASW,CE,Federal Contract Tower,2,0,5,12,19,0,2,15,0,17,2,2,20,12,36,28,0,28,64
05/05/2023,SWO,OK,ASW,CE,Federal Contract Tower,2,0,14,10,26,0,0,17,0,17,2,0,31,10,43,8,0,8,51
05/06/2023,SWO,OK,ASW,CE,Federal Contract Tower,2,1,17,0,20,0,3,62,0,65,2,4,79,0,85,108,0,108,193
05/07/2023,SWO,OK,ASW,CE,Federal Contract Tower,2,4,11,2,19,0,1,54,7,62,2,5,65,9,81,68,8,76,157
05/08/2023,SWO,OK,ASW,CE,Federal Contract Tower,1,6,8,9,24,0,3,101,5,109,1,9,109,14,133,108,2,110,243
05/09/2023,SWO,OK,ASW,CE,Federal Contract Tower,2,3,11,3,19,0,2,34,4,40,2,5,45,7,59,78,8,86,145
05/10/2023,SWO,OK,ASW,CE,Federal Contract Tower,2,2,12,6,22,0,1,98,0,99,2,3,110,6,121,122,0,122,243
05/11/2023,SWO,OK,ASW,CE,Federal Contract Tower,2,2,15,14,33,0,0,23,1,24,2,2,38,15,57,22,8,30,87
05/12/2023,SWO,OK,ASW,CE,Federal Contract Tower,2,5,15,10,32,0,0,53,3,56,2,5,68,13,88,110,20,130,218
05/13/2023,SWO,OK,ASW,CE,Federal Contract Tower,2,2,16,0,20,0,2,37,0,39,2,4,53,0,59,58,0,58,117
05/14/2023,SWO,OK,ASW,CE,Federal Contract Tower,2,2,4,0,8,0,0,2,0,2,2,2,6,0,10,0,0,0,10
05/15/2023,SWO,OK,ASW,CE,Federal Contract Tower,2,3,20,14,39,0,0,0,0,0,2,3,20,14,39,0,0,0,39
05/16/2023,SWO,OK,ASW,CE,Federal Contract Tower,3,2,36,17,58,0,2,32,1,35,3,4,68,18,93,24,2,26,119
05/17/2023,SWO,OK,ASW,CE,Federal Contract Tower,1,1,17,5,24,0,2,106,7,115,1,3,123,12,139,192,12,204,343
05/18/2023,SWO,OK,ASW,CE,Federal Contract Tower,2,0,6,2,10,0,3,130,0,133,2,3,136,2,143,250,2,252,395
05/19/2023,SWO,OK,ASW,CE,Federal Contract Tower,2,1,5,0,8,0,0,0,0,0,2,1,5,0,8,0,0,0,8
05/20/2023,SWO,OK,ASW,CE,Federal Contract Tower,2,0,8,0,10,0,1,82,0,83,2,1,90,0,93,84,0,84,177
05/21/2023,SWO,OK,ASW,CE,Federal Contract Tower,2,3,4,2,11,0,0,46,4,50,2,3,50,6,61,66,6,72,133
05/22/2023,SWO,OK,ASW,CE,Federal Contract Tower,2,0,9,5,16,0,0,104,6,110,2,0,113,11,126,146,18,164,290
05/23/2023,SWO,OK,ASW,CE,Federal Contract Tower,4,2,10,9,25,0,4,54,6,64,4,6,64,15,89,108,12,120,209
05/24/2023,SWO,OK,ASW,CE,Federal Contract Tower,2,0,7,6,15,0,0,121,8,129,2,0,128,14,144,220,8,228,372
05/25/2023,SWO,OK,ASW,CE,Federal Contract Tower,2,0,9,5,16,1,0,93,1,95,3,0,102,6,111,232,0,232,343
05/26/2023,SWO,OK,ASW,CE,Federal Contract Tower,2,2,6,0,10,0,0,67,0,67,2,2,73,0,77,116,0,116,193
05/27/2023,SWO,OK,ASW,CE,Federal Contract Tower,2,1,9,0,12,0,2,72,0,74,2,3,81,0,86,98,0,98,184
05/28/2023,SWO,OK,ASW,CE,Federal Contract Tower,3,0,2,0,5,0,0,18,0,18,3,0,20,0,23,76,0,76,99
05/29/2023,SWO,OK,ASW,CE,Federal Contract Tower,2,2,0,0,4,0,0,26,0,26,2,2,26,0,30,38,0,38,68
05/30/2023,SWO,OK,ASW,CE,Federal Contract Tower,2,3,4,4,13,0,1,103,0,104,2,4,107,4,117,132,0,132,249
05/31/2023,SWO,OK,ASW,CE,Federal Contract Tower,2,2,6,2,12,1,0,76,1,78,3,2,82,3,90,170,6,176,266
06/01/2023,SWO,OK,ASW,CE,Federal Contract Tower,2,2,7,1,12,0,0,60,1,61,2,2,67,2,73,134,0,134,207
06/02/2023,SWO,OK,ASW,CE,Federal Contract Tower,2,3,9,4,18,0,0,64,4,68,2,3,73,8,86,148,6,154,240
06/03/2023,SWO,OK,ASW,CE,Federal Contract Tower,2,2,10,0,14,0,1,20,0,21,2,3,30,0,35,44,0,44,79
06/04/2023,SWO,OK,ASW,CE,Federal Contract Tower,2,4,5,0,11,0,0,65,1,66,2,4,70,1,77,88,0,88,165
06/05/2023,SWO,OK,ASW,CE,Federal Contract Tower,4,2,11,6,23,0,1,103,0,104,4,3,114,6,127,192,0,192,319
06/06/2023,SWO,OK,ASW,CE,Federal Contract Tower,1,0,6,8,15,0,1,71,1,73,1,1,77,9,88,124,0,124,212
06/07/2023,SWO,OK,ASW,CE,Federal Contract Tower,2,2,25,10,39,0,4,149,8,161,2,6,174,18,200,220,6,226,426
06/08/2023,SWO,OK,ASW,CE,Federal Contract Tower,1,2,16,10,29,0,5,119,1,125,1,7,135,11,154,152,2,154,308
06/09/2023,SWO,OK,ASW,CE,Federal Contract Tower,2,0,8,0,10,0,1,93,2,96,2,1,101,2,106,164,0,164,270
06/10/2023,SWO,OK,ASW,CE,Federal Contract Tower,3,1,10,0,14,0,7,40,0,47,3,8,50,0,61,66,0,66,127
06/11/2023,SWO,OK,ASW,CE,Federal Contract Tower,2,2,16,6,26,0,2,48,0,50,2,4,64,6,76,96,0,96,172
06/12/2023,SWO,OK,ASW,CE,Federal Contract Tower,2,2,25,4,33,0,0,35,2,37,2,2,60,6,70,138,4,142,212
06/13/2023,SWO,OK,ASW,CE,Federal Contract Tower,2,2,20,7,31,0,1,143,7,151,2,3,163,14,182,296,14,310,492
06/14/2023,SWO,OK,ASW,CE,Federal Contract Tower,2,0,19,11,32,0,3,126,0,129,2,3,145,11,161,272,0,272,433
06/15/2023,SWO,OK,ASW,CE,Federal Contract Tower,5,3,11,4,23,0,0,67,4,71,5,3,78,8,94,180,2,182,276
06/16/2023,SWO,OK,ASW,CE,Federal Contract Tower,2,1,10,2,15,0,0,122,0,122,2,1,132,2,137,222,0,222,359
06/17/2023,SWO,OK,ASW,CE,Federal Contract Tower,2,0,3,0,5,0,0,36,0,36,2,0,39,0,41,58,0,58,99
06/18/2023,SWO,OK,ASW,CE,Federal Contract Tower,2,1,1,0,4,0,2,23,0,25,2,3,24,0,29,6,0,6,35
06/19/2023,SWO,OK,ASW,CE,Federal Contract Tower,2,1,10,0,13,0,0,94,0,94,2,1,104,0,107,192,0,192,299
06/20/2023,SWO,OK,ASW,CE,Federal Contract Tower,0,2,16,25,43,0,0,107,4,111,0,2,123,29,154,158,16,174,328
06/21/2023,SWO,OK,ASW,CE,Federal Contract Tower,1,4,9,10,24,0,0,94,10,104,1,4,103,20,128,112,4,116,244
06/22/2023,SWO,OK,ASW,CE,Federal Contract Tower,2,0,18,12,32,0,1,127,4,132,2,1,145,16,164,184,0,184,348
06/23/2023,SWO,OK,ASW,CE,Federal Contract Tower,2,2,8,0,12,0,1,73,1,75,2,3,81,1,87,162,0,162,249
06/24/2023,SWO,OK,ASW,CE,Federal Contract Tower,2,1,8,2,13,0,0,56,0,56,2,1,64,2,69,110,0,110,179
06/25/2023,SWO,OK,ASW,CE,Federal Contract Tower,2,0,5,1,8,0,1,41,4,46,2,1,46,5,54,126,16,142,196
06/26/2023,SWO,OK,ASW,CE,Federal Contract Tower,2,0,11,5,18,0,10,141,4,155,2,10,152,9,173,238,0,238,411
06/27/2023,SWO,OK,ASW,CE,Federal Contract Tower,2,0,7,8,17,0,9,44,0,53,2,9,51,8,70,76,0,76,146
06/28/2023,SWO,OK,ASW,CE,Federal Contract Tower,2,2,18,0,22,0,3,110,0,113,2,5,128,0,135,270,0,270,405
06/29/2023,SWO,OK,ASW,CE,Federal Contract Tower,2,2,18,7,29,0,0,124,2,126,2,2,142,9,155,234,2,236,391
06/30/2023,SWO,OK,ASW,CE,Federal Contract Tower,2,3,5,0,10,0,0,74,0,74,2,3,79,0,84,90,0,90,174
07/01/2023,SWO,OK,ASW,CE,Federal Contract Tower,2,3,2,0,7,0,2,21,0,23,2,5,23,0,30,10,0,10,40
07/02/2023,SWO,OK,ASW,CE,Federal Contract Tower,2,0,7,0,9,0,0,18,0,18,2,0,25,0,27,2,0,2,29
07/03/2023,SWO,OK,ASW,CE,Federal Contract Tower,2,0,5,0,7,0,0,24,0,24,2,0,29,0,31,36,0,36,67
07/04/2023,SWO,OK,ASW,CE,Federal Contract Tower,2,0,0,0,2,0,12,40,0,52,2,12,40,0,54,52,0,52,106
07/05/2023,SWO,OK,ASW,CE,Federal Contract Tower,2,0,7,12,21,0,0,37,0,37,2,0,44,12,58,148,0,148,206
07/06/2023,SWO,OK,ASW,CE,Federal Contract Tower,2,8,10,6,26,0,1,32,1,34,2,9,42,7,60,138,0,138,198
07/07/2023,SWO,OK,ASW,CE,Federal Contract Tower,2,0,4,0,6,0,0,20,0,20,2,0,24,0,26,82,0,82,108
07/08/2023,SWO,OK,ASW,CE,Federal Contract Tower,2,0,3,0,5,0,0,40,0,40,2,0,43,0,45,68,0,68,113
07/09/2023,SWO,OK,ASW,CE,Federal Contract Tower,2,0,6,5,13,0,1,25,4,30,2,1,31,9,43,32,14,46,89
07/10/2023,SWO,OK,ASW,CE,Federal Contract Tower,2,2,20,5,29,0,0,133,0,133,2,2,153,5,162,176,4,180,342
07/11/2023,SWO,OK,ASW,CE,Federal Contract Tower,2,0,18,6,26,0,1,101,2,104,2,1,119,8,130,130,0,130,260
07/12/2023,SWO,OK,ASW,CE,Federal Contract Tower,2,0,16,2,20,0,1,88,6,95,2,1,104,8,115,112,2,114,229
07/13/2023,SWO,OK,ASW,CE,Federal Contract Tower,1,1,11,5,18,0,3,86,3,92,1,4,97,8,110,138,0,138,248
07/14/2023,SWO,OK,ASW,CE,Federal Contract Tower,2,2,11,0,15,0,2,67,0,69,2,4,78,0,84,144,0,144,228
07/15/2023,SWO,OK,ASW,CE,Federal Contract Tower,2,3,9,1,15,0,3,29,2,34,2,6,38,3,49,50,18,68,117
07/16/2023,SWO,OK,ASW,CE,Federal Contract Tower,2,0,7,0,9,0,0,42,0,42,2,0,49,0,51,92,0,92,143
07/17/2023,SWO,OK,ASW,CE,Federal Contract Tower,2,0,11,6,19,0,4,104,3,111,2,4,115,9,130,170,4,174,304
07/18/2023,SWO,OK,ASW,CE,Federal Contract Tower,2,1,13,4,20,0,1,102,2,105,2,2,115,6,125,148,0,148,273
07/19/2023,SWO,OK,ASW,CE,Federal Contract Tower,2,1,23,2,28,0,0,100,1,101,2,1,123,3,129,138,0,138,267
07/20/2023,SWO,OK,ASW,CE,Federal Contract Tower,3,1,14,1,19,0,1,102,1,104,3,2,116,2,123,186,0,186,309
07/21/2023,SWO,OK,ASW,CE,Federal Contract Tower,2,0,11,0,13,0,2,44,0,46,2,2,55,0,59,54,0,54,113
07/22/2023,SWO,OK,ASW,CE,Federal Contract Tower,2,0,11,0,13,0,0,64,0,64,2,0,75,0,77,108,0,108,185
07/23/2023,SWO,OK,ASW,CE,Federal Contract Tower,2,2,7,0,11,0,0,44,0,44,2,2,51,0,55,80,0,80,135
07/24/2023,SWO,OK,ASW,CE,Federal Contract Tower,2,0,10,0,12,0,0,81,0,81,2,0,91,0,93,120,0,120,213
07/25/2023,SWO,OK,ASW,CE,Federal Contract Tower,2,0,6,0,8,0,0,66,0,66,2,0,72,0,74,86,0,86,160
07/26/2023,SWO,OK,ASW,CE,Federal Contract Tower,2,0,14,5,21,0,0,67,2,69,2,0,81,7,90,142,6,148,238
07/27/2023,SWO,OK,ASW,CE,Federal Contract Tower,2,2,16,0,20,0,4,89,0,93,2,6,105,0,113,74,0,74,187
07/28/2023,SWO,OK,ASW,CE,Federal Contract Tower,2,0,11,4,17,0,1,72,7,80,2,1,83,11,97,138,10,148,245
07/29/2023,SWO,OK,ASW,CE,Federal Contract Tower,1,2,4,0,7,0,0,62,0,62,1,2,66,0,69,84,0,84,153
07/30/2023,SWO,OK,ASW,CE,Federal Contract Tower,2,1,0,0,3,0,4,55,0,59,2,5,55,0,62,90,0,90,152
07/31/2023,SWO,OK,ASW,CE,Federal Contract Tower,2,0,4,1,7,0,0,61,5,66,2,0,65,6,73,74,6,80,153
08/01/2023,SWO,OK,ASW,CE,Federal Contract Tower,2,2,13,2,19,0,2,85,0,87,2,4,98,2,106,114,0,114,220
08/02/2023,SWO,OK,ASW,CE,Federal Contract Tower,2,0,15,2,19,0,4,75,0,79,2,4,90,2,98,110,0,110,208
08/03/2023,SWO,OK,ASW,CE,Federal Contract Tower,2,0,9,9,20,0,2,67,0,69,2,2,76,9,89,128,0,128,217
08/04/2023,SWO,OK,ASW,CE,Federal Contract Tower,4,1,8,1,14,0,2,59,4,65,4,3,67,5,79,80,6,86,165
08/05/2023,SWO,OK,ASW,CE,Federal Contract Tower,2,0,2,0,4,0,1,10,0,11,2,1,12,0,15,6,0,6,21
08/06/2023,SWO,OK,ASW,CE,Federal Contract Tower,1,1,3,0,5,0,0,29,0,29,1,1,32,0,34,22,4,26,60
08/07/2023,SWO,OK,ASW,CE,Federal Contract Tower,2,4,10,1,17,1,1,65,2,69,3,5,75,3,86,98,10,108,194
08/08/2023,SWO,OK,ASW,CE,Federal Contract Tower,3,3,20,13,39,0,2,84,0,86,3,5,104,13,125,128,14,142,267
08/09/2023,SWO,OK,ASW,CE,Federal Contract Tower,2,2,18,5,27,0,1,63,0,64,2,3,81,5,91,128,0,128,219
08/10/2023,SWO,OK,ASW,CE,Federal Contract Tower,2,3,12,0,17,0,1,81,0,82,2,4,93,0,99,104,0,104,203
08/11/2023,SWO,OK,ASW,CE,Federal Contract Tower,2,0,14,1,17,0,2,76,0,78,2,2,90,1,95,130,0,130,225
08/12/2023,SWO,OK,ASW,CE,Federal Contract Tower,2,0,4,0,6,0,0,28,0,28,2,0,32,0,34,32,0,32,66
08/13/2023,SWO,OK,ASW,CE,Federal Contract Tower,2,2,4,3,11,0,0,23,1,24,2,2,27,4,35,30,2,32,67
08/14/2023,SWO,OK,ASW,CE,Federal Contract Tower,3,1,7,6,17,0,2,56,0,58,3,3,63,6,75,112,0,112,187
08/15/2023,SWO,OK,ASW,CE,Federal Contract Tower,3,0,17,0,20,0,0,94,1,95,3,0,111,1,115,98,10,108,223
08/16/2023,SWO,OK,ASW,CE,Federal Contract Tower,2,0,13,0,15,0,2,86,2,90,2,2,99,2,105,130,16,146,251
08/17/2023,SWO,OK,ASW,CE,Federal Contract Tower,2,1,14,4,21,0,1,80,0,81,2,2,94,4,102,98,2,100,202
08/18/2023,SWO,OK,ASW,CE,Federal Contract Tower,2,6,4,0,12,0,1,65,6,72,2,7,69,6,84,60,2,62,146
08/19/2023,SWO,OK,ASW,CE,Federal Contract Tower,2,0,9,1,12,0,0,41,10,51,2,0,50,11,63,27,12,39,102
08/20/2023,SWO,OK,ASW,CE,Federal Contract Tower,2,1,5,0,8,0,0,33,0,33,2,1,38,0,41,44,0,44,85
08/21/2023,SWO,OK,ASW,CE,Federal Contract Tower,2,1,11,0,14,0,0,100,5,105,2,1,111,5,119,120,0,120,239
08/22/2023,SWO,OK,ASW,CE,Federal Contract Tower,2,3,8,0,13,0,1,93,3,97,2,4,101,3,110,116,26,142,252
08/23/2023,SWO,OK,ASW,CE,Federal Contract Tower,2,2,14,2,20,0,0,115,6,121,2,2,129,8,141,166,4,170,311
08/24/2023,SWO,OK,ASW,CE,Federal Contract Tower,2,0,10,0,12,0,0,103,2,105,2,0,113,2,117,111,0,111,228
08/25/2023,SWO,OK,ASW,CE,Federal Contract Tower,2,0,18,3,23,0,2,125,1,128,2,2,143,4,151,184,0,184,335
08/26/2023,SWO,OK,ASW,CE,Federal Contract Tower,2,0,7,6,15,0,1,73,2,76,2,1,80,8,91,64,4,68,159
08/27/2023,SWO,OK,ASW,CE,Federal Contract Tower,2,0,9,8,19,1,0,57,3,61,3,0,66,11,80,74,2,76,156
08/28/2023,SWO,OK,ASW,CE,Federal Contract Tower,2,6,15,0,23,0,1,175,4,180,2,7,190,4,203,262,0,262,465
08/29/2023,SWO,OK,ASW,CE,Federal Contract Tower,2,0,9,0,11,0,1,111,0,112,2,1,120,0,123,152,1,153,276
08/30/2023,SWO,OK,ASW,CE,Federal Contract Tower,2,2,10,4,18,0,4,104,2,110,2,6,114,6,128,186,4,190,318
08/31/2023,SWO,OK,ASW,CE,Federal Contract Tower,1,2,26,4,33,0,3,133,4,140,1,5,159,8,173,220,2,222,395
