05/01/2000,TZR,OH,AGL,CE,Federal Contract Tower,0,1,4,0,5,0,1,47,0,48,0,2,51,0,53,72,0,72,125
05/02/2000,TZR,OH,AGL,CE,Federal Contract Tower,0,3,19,0,22,0,0,53,1,54,0,3,72,1,76,66,0,66,142
05/03/2000,TZR,OH,AGL,CE,Federal Contract Tower,0,3,13,0,16,0,4,104,0,108,0,7,117,0,124,116,0,116,240
05/04/2000,TZR,OH,AGL,CE,Federal Contract Tower,0,4,15,0,19,0,0,59,0,59,0,4,74,0,78,56,0,56,134
05/05/2000,TZR,OH,AGL,CE,Federal Contract Tower,0,2,15,0,17,0,0,57,0,57,0,2,72,0,74,182,0,182,256
05/06/2000,TZR,OH,AGL,CE,Federal Contract Tower,0,0,10,0,10,0,0,85,0,85,0,0,95,0,95,190,0,190,285
05/07/2000,TZR,OH,AGL,CE,Federal Contract Tower,0,4,18,0,22,0,1,65,3,69,0,5,83,3,91,104,0,104,195
05/08/2000,TZR,OH,AGL,CE,Federal Contract Tower,0,4,16,0,20,0,1,69,0,70,0,5,85,0,90,170,0,170,260
05/09/2000,TZR,OH,AGL,CE,Federal Contract Tower,0,1,10,0,11,0,0,59,0,59,0,1,69,0,70,80,0,80,150
05/10/2000,TZR,OH,AGL,CE,Federal Contract Tower,0,2,9,0,11,0,1,54,0,55,0,3,63,0,66,44,0,44,110
05/11/2000,TZR,OH,AGL,CE,Federal Contract Tower,0,2,10,0,12,0,3,92,0,95,0,5,102,0,107,80,0,80,187
05/12/2000,TZR,OH,AGL,CE,Federal Contract Tower,0,3,10,0,13,0,9,63,0,72,0,12,73,0,85,66,0,66,151
05/13/2000,TZR,OH,AGL,CE,Federal Contract Tower,0,2,6,0,8,0,0,35,0,35,0,2,41,0,43,36,0,36,79
05/14/2000,TZR,OH,AGL,CE,Federal Contract Tower,0,1,5,0,6,0,0,67,0,67,0,1,72,0,73,42,0,42,115
05/15/2000,TZR,OH,AGL,CE,Federal Contract Tower,0,0,5,0,5,0,0,84,0,84,0,0,89,0,89,0,0,0,89
05/16/2000,TZR,OH,AGL,CE,Federal Contract Tower,0,0,1,0,1,0,0,98,1,99,0,0,99,1,100,6,0,6,106
05/17/2000,TZR,OH,AGL,CE,Federal Contract Tower,0,0,0,0,0,0,0,94,0,94,0,0,94,0,94,22,0,22,116
05/18/2000,TZR,OH,AGL,CE,Federal Contract Tower,0,0,11,0,11,0,0,183,0,183,0,0,194,0,194,6,0,6,200
05/19/2000,TZR,OH,AGL,CE,Federal Contract Tower,0,0,5,0,5,0,0,80,0,80,0,0,85,0,85,0,0,0,85
05/20/2000,TZR,OH,AGL,CE,Federal Contract Tower,0,0,6,0,6,0,0,62,0,62,0,0,68,0,68,24,0,24,92
05/21/2000,TZR,OH,AGL,CE,Federal Contract Tower,0,0,4,0,4,0,0,80,0,80,0,0,84,0,84,38,0,38,122
05/22/2000,TZR,OH,AGL,CE,Federal Contract Tower,0,0,10,0,10,0,0,74,0,74,0,0,84,0,84,0,0,0,84
05/23/2000,TZR,OH,AGL,CE,Federal Contract Tower,0,1,11,0,12,0,0,50,0,50,0,1,61,0,62,10,0,10,72
05/24/2000,TZR,OH,AGL,CE,Federal Contract Tower,0,0,9,0,9,0,0,88,1,89,0,0,97,1,98,0,0,0,98
05/25/2000,TZR,OH,AGL,CE,Federal Contract Tower,0,0,6,0,6,0,0,83,0,83,0,0,89,0,89,2,0,2,91
05/26/2000,TZR,OH,AGL,CE,Federal Contract Tower,0,0,12,0,12,0,0,146,0,146,0,0,158,0,158,20,0,20,178
05/27/2000,TZR,OH,AGL,CE,Federal Contract Tower,0,0,7,0,7,0,0,57,0,57,0,0,64,0,64,26,0,26,90
05/28/2000,TZR,OH,AGL,CE,Federal Contract Tower,0,0,6,0,6,0,0,32,0,32,0,0,38,0,38,34,0,34,72
05/29/2000,TZR,OH,AGL,CE,Federal Contract Tower,0,0,12,0,12,0,0,42,0,42,0,0,54,0,54,124,0,124,178
05/30/2000,TZR,OH,AGL,CE,Federal Contract Tower,0,1,10,0,11,0,3,90,0,93,0,4,100,0,104,164,0,164,268
05/31/2000,TZR,OH,AGL,CE,Federal Contract Tower,0,0,8,0,8,0,0,100,0,100,0,0,108,0,108,142,0,142,250
06/01/2000,TZR,OH,AGL,CE,Federal Contract Tower,0,3,14,0,17,0,0,79,0,79,0,3,93,0,96,98,0,98,194
06/02/2000,TZR,OH,AGL,CE,Federal Contract Tower,0,0,4,0,4,0,0,77,0,77,0,0,81,0,81,124,0,124,205
06/03/2000,TZR,OH,AGL,CE,Federal Contract Tower,0,0,9,0,9,0,0,182,0,182,0,0,191,0,191,168,0,168,359
06/04/2000,TZR,OH,AGL,CE,Federal Contract Tower,0,1,4,0,5,0,1,143,0,144,0,2,147,0,149,128,0,128,277
06/05/2000,TZR,OH,AGL,CE,Federal Contract Tower,0,4,18,0,22,0,6,50,0,56,0,10,68,0,78,90,0,90,168
06/06/2000,TZR,OH,AGL,CE,Federal Contract Tower,0,2,13,0,15,0,0,77,0,77,0,2,90,0,92,134,0,134,226
06/07/2000,TZR,OH,AGL,CE,Federal Contract Tower,0,1,21,0,22,0,0,113,0,113,0,1,134,0,135,222,0,222,357
06/08/2000,TZR,OH,AGL,CE,Federal Contract Tower,0,3,17,0,20,0,0,83,0,83,0,3,100,0,103,96,0,96,199
06/09/2000,TZR,OH,AGL,CE,Federal Contract Tower,0,0,17,0,17,0,0,110,0,110,0,0,127,0,127,76,0,76,203
06/10/2000,TZR,OH,AGL,CE,Federal Contract Tower,0,0,2,0,2,0,0,121,0,121,0,0,123,0,123,66,0,66,189
06/11/2000,TZR,OH,AGL,CE,Federal Contract Tower,0,1,11,0,12,0,0,90,0,90,0,1,101,0,102,72,0,72,174
06/12/2000,TZR,OH,AGL,CE,Federal Contract Tower,0,2,13,0,15,0,0,67,0,67,0,2,80,0,82,76,0,76,158
06/13/2000,TZR,OH,AGL,CE,Federal Contract Tower,0,2,10,0,12,0,1,86,0,87,0,3,96,0,99,112,0,112,211
06/14/2000,TZR,OH,AGL,CE,Federal Contract Tower,0,0,10,0,10,0,0,86,0,86,0,0,96,0,96,142,0,142,238
06/15/2000,TZR,OH,AGL,CE,Federal Contract Tower,0,0,16,0,16,0,0,125,0,125,0,0,141,0,141,88,0,88,229
06/16/2000,TZR,OH,AGL,CE,Federal Contract Tower,0,0,6,0,6,0,0,89,0,89,0,0,95,0,95,66,0,66,161
06/17/2000,TZR,OH,AGL,CE,Federal Contract Tower,0,0,15,0,15,0,0,177,0,177,0,0,192,0,192,194,0,194,386
06/18/2000,TZR,OH,AGL,CE,Federal Contract Tower,0,0,13,0,13,0,0,53,0,53,0,0,66,0,66,114,0,114,180
06/19/2000,TZR,OH,AGL,CE,Federal Contract Tower,0,0,16,0,16,0,0,120,0,120,0,0,136,0,136,264,0,264,400
06/20/2000,TZR,OH,AGL,CE,Federal Contract Tower,0,2,18,0,20,0,0,104,0,104,0,2,122,0,124,252,0,252,376
06/21/2000,TZR,OH,AGL,CE,Federal Contract Tower,0,1,11,0,12,0,0,77,2,79,0,1,88,2,91,140,2,142,233
06/22/2000,TZR,OH,AGL,CE,Federal Contract Tower,0,2,15,0,17,0,1,100,0,101,0,3,115,0,118,100,0,100,218
06/23/2000,TZR,OH,AGL,CE,Federal Contract Tower,0,2,16,0,18,0,3,157,0,160,0,5,173,0,178,200,0,200,378
06/24/2000,TZR,OH,AGL,CE,Federal Contract Tower,0,0,12,0,12,0,0,163,0,163,0,0,175,0,175,158,0,158,333
06/25/2000,TZR,OH,AGL,CE,Federal Contract Tower,0,2,16,0,18,0,0,84,0,84,0,2,100,0,102,180,0,180,282
06/26/2000,TZR,OH,AGL,CE,Federal Contract Tower,0,3,19,0,22,0,1,76,0,77,0,4,95,0,99,178,0,178,277
06/27/2000,TZR,OH,AGL,CE,Federal Contract Tower,0,2,18,0,20,0,0,92,0,92,0,2,110,0,112,134,0,134,246
06/28/2000,TZR,OH,AGL,CE,Federal Contract Tower,0,2,14,0,16,0,0,85,0,85,0,2,99,0,101,142,0,142,243
06/29/2000,TZR,OH,AGL,CE,Federal Contract Tower,0,2,17,0,19,0,2,87,0,89,0,4,104,0,108,216,0,216,324
06/30/2000,TZR,OH,AGL,CE,Federal Contract Tower,0,2,16,0,18,0,2,147,0,149,0,4,163,0,167,144,0,144,311
07/01/2000,TZR,OH,AGL,CE,Federal Contract Tower,0,0,12,0,12,0,0,138,0,138,0,0,150,0,150,204,0,204,354
07/02/2000,TZR,OH,AGL,CE,Federal Contract Tower,0,0,14,0,14,0,0,76,0,76,0,0,90,0,90,190,0,190,280
07/03/2000,TZR,OH,AGL,CE,Federal Contract Tower,0,0,4,0,4,0,0,106,0,106,0,0,110,0,110,64,0,64,174
07/04/2000,TZR,OH,AGL,CE,Federal Contract Tower,0,2,16,0,18,0,0,68,0,68,0,2,84,0,86,60,0,60,146
07/05/2000,TZR,OH,AGL,CE,Federal Contract Tower,0,0,13,0,13,0,0,106,0,106,0,0,119,0,119,200,0,200,319
07/06/2000,TZR,OH,AGL,CE,Federal Contract Tower,0,0,12,0,12,0,0,96,0,96,0,0,108,0,108,146,0,146,254
07/07/2000,TZR,OH,AGL,CE,Federal Contract Tower,0,3,16,0,19,0,0,92,0,92,0,3,108,0,111,186,0,186,297
07/08/2000,TZR,OH,AGL,CE,Federal Contract Tower,0,0,10,0,10,0,0,148,0,148,0,0,158,0,158,128,0,128,286
07/09/2000,TZR,OH,AGL,CE,Federal Contract Tower,0,0,9,0,9,0,0,101,0,101,0,0,110,0,110,84,0,84,194
07/10/2000,TZR,OH,AGL,CE,Federal Contract Tower,0,4,22,0,26,0,4,81,0,85,0,8,103,0,111,216,0,216,327
07/11/2000,TZR,OH,AGL,CE,Federal Contract Tower,0,3,18,0,21,0,10,58,0,68,0,13,76,0,89,252,0,252,341
07/12/2000,TZR,OH,AGL,CE,Federal Contract Tower,0,2,12,0,14,0,5,90,0,95,0,7,102,0,109,180,0,180,289
07/13/2000,TZR,OH,AGL,CE,Federal Contract Tower,0,4,21,0,25,0,5,92,0,97,0,9,113,0,122,248,0,248,370
07/14/2000,TZR,OH,AGL,CE,Federal Contract Tower,0,2,12,0,14,0,0,85,0,85,0,2,97,0,99,142,0,142,241
07/15/2000,TZR,OH,AGL,CE,Federal Contract Tower,0,2,11,0,13,0,0,136,0,136,0,2,147,0,149,178,0,178,327
07/16/2000,TZR,OH,AGL,CE,Federal Contract Tower,0,0,6,0,6,0,0,126,0,126,0,0,132,0,132,160,0,160,292
07/17/2000,TZR,OH,AGL,CE,Federal Contract Tower,0,3,17,0,20,0,1,102,0,103,0,4,119,0,123,184,0,184,307
07/18/2000,TZR,OH,AGL,CE,Federal Contract Tower,0,4,20,0,24,0,2,106,0,108,0,6,126,0,132,190,0,190,322
07/19/2000,TZR,OH,AGL,CE,Federal Contract Tower,0,1,19,0,20,0,0,31,0,31,0,1,50,0,51,62,0,62,113
07/20/2000,TZR,OH,AGL,CE,Federal Contract Tower,0,2,18,0,20,0,1,126,0,127,0,3,144,0,147,218,0,218,365
07/21/2000,TZR,OH,AGL,CE,Federal Contract Tower,0,0,5,0,5,0,1,102,0,103,0,1,107,0,108,118,0,118,226
07/22/2000,TZR,OH,AGL,CE,Federal Contract Tower,0,1,13,0,14,0,0,153,2,155,0,1,166,2,169,206,0,206,375
07/23/2000,TZR,OH,AGL,CE,Federal Contract Tower,0,0,15,0,15,0,0,112,0,112,0,0,127,0,127,180,0,180,307
07/24/2000,TZR,OH,AGL,CE,Federal Contract Tower,0,3,19,0,22,0,0,128,2,130,0,3,147,2,152,174,0,174,326
07/25/2000,TZR,OH,AGL,CE,Federal Contract Tower,0,3,22,0,25,0,1,147,0,148,0,4,169,0,173,194,0,194,367
07/26/2000,TZR,OH,AGL,CE,Federal Contract Tower,0,3,21,0,24,0,1,124,0,125,0,4,145,0,149,236,0,236,385
07/27/2000,TZR,OH,AGL,CE,Federal Contract Tower,0,0,18,0,18,0,0,106,0,106,0,0,124,0,124,186,0,186,310
07/28/2000,TZR,OH,AGL,CE,Federal Contract Tower,0,1,11,0,12,0,0,39,0,39,0,1,50,0,51,88,0,88,139
07/29/2000,TZR,OH,AGL,CE,Federal Contract Tower,0,0,16,0,16,0,0,45,0,45,0,0,61,0,61,102,0,102,163
07/30/2000,TZR,OH,AGL,CE,Federal Contract Tower,0,2,16,0,18,0,0,39,0,39,0,2,55,0,57,106,0,106,163
07/31/2000,TZR,OH,AGL,CE,Federal Contract Tower,0,2,15,0,17,0,1,38,0,39,0,3,53,0,56,82,0,82,138
08/01/2000,TZR,OH,AGL,CE,Federal Contract Tower,0,7,19,0,26,0,1,69,0,70,0,8,88,0,96,116,0,116,212
08/02/2000,TZR,OH,AGL,CE,Federal Contract Tower,0,3,9,0,12,0,2,67,0,69,0,5,76,0,81,178,0,178,259
08/03/2000,TZR,OH,AGL,CE,Federal Contract Tower,0,6,16,0,22,0,2,80,0,82,0,8,96,0,104,120,0,120,224
08/04/2000,TZR,OH,AGL,CE,Federal Contract Tower,0,2,6,0,8,0,0,131,0,131,0,2,137,0,139,234,0,234,373
08/05/2000,TZR,OH,AGL,CE,Federal Contract Tower,0,0,8,0,8,0,0,123,0,123,0,0,131,0,131,172,0,172,303
08/06/2000,TZR,OH,AGL,CE,Federal Contract Tower,0,1,1,0,2,0,0,6,0,6,0,1,7,0,8,0,0,0,8
08/07/2000,TZR,OH,AGL,CE,Federal Contract Tower,0,1,1,0,2,0,0,71,0,71,0,1,72,0,73,54,0,54,127
08/08/2000,TZR,OH,AGL,CE,Federal Contract Tower,0,5,15,0,20,0,0,39,0,39,0,5,54,0,59,30,0,30,89
08/09/2000,TZR,OH,AGL,CE,Federal Contract Tower,0,2,4,0,6,0,0,13,0,13,0,2,17,0,19,26,0,26,45
08/10/2000,TZR,OH,AGL,CE,Federal Contract Tower,0,3,20,0,23,0,0,96,0,96,0,3,116,0,119,248,0,248,367
08/11/2000,TZR,OH,AGL,CE,Federal Contract Tower,0,3,16,0,19,0,0,103,0,103,0,3,119,0,122,208,0,208,330
08/12/2000,TZR,OH,AGL,CE,Federal Contract Tower,0,0,9,0,9,0,0,194,0,194,0,0,203,0,203,262,0,262,465
08/13/2000,TZR,OH,AGL,CE,Federal Contract Tower,0,1,14,0,15,0,0,146,0,146,0,1,160,0,161,118,0,118,279
08/14/2000,TZR,OH,AGL,CE,Federal Contract Tower,0,4,12,0,16,0,0,94,0,94,0,4,106,0,110,86,0,86,196
08/15/2000,TZR,OH,AGL,CE,Federal Contract Tower,0,2,15,0,17,0,0,89,1,90,0,2,104,1,107,116,0,116,223
08/16/2000,TZR,OH,AGL,CE,Federal Contract Tower,0,3,17,0,20,0,0,137,0,137,0,3,154,0,157,224,0,224,381
08/17/2000,TZR,OH,AGL,CE,Federal Contract Tower,0,4,15,0,19,0,0,63,0,63,0,4,78,0,82,134,0,134,216
08/18/2000,TZR,OH,AGL,CE,Federal Contract Tower,0,3,16,0,19,0,0,72,0,72,0,3,88,0,91,146,0,146,237
08/19/2000,TZR,OH,AGL,CE,Federal Contract Tower,0,0,17,0,17,0,0,88,0,88,0,0,105,0,105,108,0,108,213
08/20/2000,TZR,OH,AGL,CE,Federal Contract Tower,0,0,10,0,10,0,0,129,0,129,0,0,139,0,139,140,0,140,279
08/21/2000,TZR,OH,AGL,CE,Federal Contract Tower,0,1,5,0,6,0,1,97,0,98,0,2,102,0,104,118,0,118,222
08/22/2000,TZR,OH,AGL,CE,Federal Contract Tower,0,2,16,0,18,0,0,82,0,82,0,2,98,0,100,229,0,229,329
08/23/2000,TZR,OH,AGL,CE,Federal Contract Tower,0,4,16,0,20,0,1,81,0,82,0,5,97,0,102,170,0,170,272
08/24/2000,TZR,OH,AGL,CE,Federal Contract Tower,0,6,21,0,27,0,3,62,0,65,0,9,83,0,92,104,0,104,196
08/25/2000,TZR,OH,AGL,CE,Federal Contract Tower,0,1,8,0,9,0,0,105,0,105,0,1,113,0,114,210,0,210,324
08/26/2000,TZR,OH,AGL,CE,Federal Contract Tower,0,1,11,0,12,0,0,145,0,145,0,1,156,0,157,78,0,78,235
08/27/2000,TZR,OH,AGL,CE,Federal Contract Tower,0,2,10,0,12,0,1,55,0,56,0,3,65,0,68,66,0,66,134
08/28/2000,TZR,OH,AGL,CE,Federal Contract Tower,0,3,11,0,14,0,0,63,0,63,0,3,74,0,77,100,0,100,177
08/29/2000,TZR,OH,AGL,CE,Federal Contract Tower,0,5,17,0,22,0,3,69,0,72,0,8,86,0,94,132,0,132,226
08/30/2000,TZR,OH,AGL,CE,Federal Contract Tower,0,4,14,0,18,0,2,102,1,105,0,6,116,1,123,172,6,178,301
08/31/2000,TZR,OH,AGL,CE,Federal Contract Tower,0,5,20,0,25,0,2,108,0,110,0,7,128,0,135,154,0,154,289
09/01/2000,TZR,OH,AGL,CE,Federal Contract Tower,0,5,14,0,19,0,0,68,0,68,0,5,82,0,87,142,0,142,229
09/02/2000,TZR,OH,AGL,CE,Federal Contract Tower,0,0,9,0,9,0,0,100,0,100,0,0,109,0,109,168,0,168,277
09/03/2000,TZR,OH,AGL,CE,Federal Contract Tower,0,0,12,0,12,0,0,36,0,36,0,0,48,0,48,40,0,40,88
09/04/2000,TZR,OH,AGL,CE,Federal Contract Tower,0,0,6,0,6,0,0,33,0,33,0,0,39,0,39,88,0,88,127
09/05/2000,TZR,OH,AGL,CE,Federal Contract Tower,0,3,9,0,12,0,3,82,0,85,0,6,91,0,97,160,0,160,257
09/06/2000,TZR,OH,AGL,CE,Federal Contract Tower,0,5,12,0,17,0,6,98,0,104,0,11,110,0,121,164,0,164,285
09/07/2000,TZR,OH,AGL,CE,Federal Contract Tower,0,1,8,0,9,0,0,145,0,145,0,1,153,0,154,196,0,196,350
09/08/2000,TZR,OH,AGL,CE,Federal Contract Tower,0,2,18,0,20,0,0,96,0,96,0,2,114,0,116,216,0,216,332
09/09/2000,TZR,OH,AGL,CE,Federal Contract Tower,0,0,3,0,3,0,0,214,0,214,0,0,217,0,217,46,0,46,263
09/10/2000,TZR,OH,AGL,CE,Federal Contract Tower,0,3,14,0,17,0,0,32,0,32,0,3,46,0,49,56,0,56,105
09/11/2000,TZR,OH,AGL,CE,Federal Contract Tower,0,3,7,0,10,0,2,56,0,58,0,5,63,0,68,160,0,160,228
09/12/2000,TZR,OH,AGL,CE,Federal Contract Tower,0,5,14,0,19,0,5,11,0,16,0,10,25,0,35,42,0,42,77
09/13/2000,TZR,OH,AGL,CE,Federal Contract Tower,0,3,10,0,13,0,5,92,0,97,0,8,102,0,110,236,0,236,346
09/14/2000,TZR,OH,AGL,CE,Federal Contract Tower,0,4,19,0,23,0,0,81,0,81,0,4,100,0,104,136,0,136,240
09/15/2000,TZR,OH,AGL,CE,Federal Contract Tower,0,2,13,0,15,0,0,79,0,79,0,2,92,0,94,36,0,36,130
09/16/2000,TZR,OH,AGL,CE,Federal Contract Tower,0,0,6,0,6,0,0,192,0,192,0,0,198,0,198,130,0,130,328
09/17/2000,TZR,OH,AGL,CE,Federal Contract Tower,0,1,4,0,5,0,0,116,0,116,0,1,120,0,121,130,0,130,251
09/18/2000,TZR,OH,AGL,CE,Federal Contract Tower,0,3,10,0,13,0,0,82,0,82,0,3,92,0,95,110,0,110,205
09/19/2000,TZR,OH,AGL,CE,Federal Contract Tower,0,4,13,0,17,0,3,95,0,98,0,7,108,0,115,156,0,156,271
09/20/2000,TZR,OH,AGL,CE,Federal Contract Tower,0,3,11,0,14,0,2,31,0,33,0,5,42,0,47,106,0,106,153
09/21/2000,TZR,OH,AGL,CE,Federal Contract Tower,0,4,14,0,18,0,3,88,0,91,0,7,102,0,109,140,0,140,249
09/22/2000,TZR,OH,AGL,CE,Federal Contract Tower,0,3,12,0,15,0,1,112,0,113,0,4,124,0,128,166,0,166,294
09/23/2000,TZR,OH,AGL,CE,Federal Contract Tower,0,0,9,0,9,0,0,70,4,74,0,0,79,4,83,50,0,50,133
09/24/2000,TZR,OH,AGL,CE,Federal Contract Tower,0,2,11,0,13,0,0,4,0,4,0,2,15,0,17,36,0,36,53
09/25/2000,TZR,OH,AGL,CE,Federal Contract Tower,0,3,11,0,14,0,2,30,0,32,0,5,41,0,46,8,0,8,54
09/26/2000,TZR,OH,AGL,CE,Federal Contract Tower,0,4,13,0,17,0,0,86,0,86,0,4,99,0,103,126,0,126,229
09/27/2000,TZR,OH,AGL,CE,Federal Contract Tower,0,2,7,0,9,0,0,112,0,112,0,2,119,0,121,100,0,100,221
09/28/2000,TZR,OH,AGL,CE,Federal Contract Tower,0,1,10,0,11,0,0,89,0,89,0,1,99,0,100,112,0,112,212
09/29/2000,TZR,OH,AGL,CE,Federal Contract Tower,0,1,5,0,6,0,0,113,0,113,0,1,118,0,119,78,0,78,197
09/30/2000,TZR,OH,AGL,CE,Federal Contract Tower,0,0,6,0,6,0,0,193,0,193,0,0,199,0,199,198,0,198,397
10/01/2000,TZR,OH,AGL,CE,Federal Contract Tower,0,0,0,0,0,0,0,214,0,214,0,0,214,0,214,218,0,218,432
10/02/2000,TZR,OH,AGL,CE,Federal Contract Tower,0,0,0,0,0,0,6,52,0,58,0,6,52,0,58,18,0,18,76
10/03/2000,TZR,OH,AGL,CE,Federal Contract Tower,0,3,7,0,10,0,2,80,0,82,0,5,87,0,92,282,0,282,374
10/04/2000,TZR,OH,AGL,CE,Federal Contract Tower,0,2,6,0,8,0,0,63,0,63,0,2,69,0,71,192,0,192,263
10/05/2000,TZR,OH,AGL,CE,Federal Contract Tower,0,3,9,0,12,0,2,7,0,9,0,5,16,0,21,0,0,0,21
10/06/2000,TZR,OH,AGL,CE,Federal Contract Tower,0,5,19,0,24,0,0,41,0,41,0,5,60,0,65,176,0,176,241
10/07/2000,TZR,OH,AGL,CE,Federal Contract Tower,0,0,3,0,3,0,0,77,0,77,0,0,80,0,80,48,0,48,128
10/08/2000,TZR,OH,AGL,CE,Federal Contract Tower,0,0,6,0,6,0,0,29,0,29,0,0,35,0,35,96,0,96,131
10/09/2000,TZR,OH,AGL,CE,Federal Contract Tower,0,0,2,0,2,0,0,61,0,61,0,0,63,0,63,110,0,110,173
10/10/2000,TZR,OH,AGL,CE,Federal Contract Tower,0,4,12,0,16,0,2,101,0,103,0,6,113,0,119,92,0,92,211
10/11/2000,TZR,OH,AGL,CE,Federal Contract Tower,0,1,9,0,10,0,0,105,0,105,0,1,114,0,115,184,0,184,299
10/12/2000,TZR,OH,AGL,CE,Federal Contract Tower,0,2,7,0,9,0,1,141,0,142,0,3,148,0,151,284,0,284,435
10/13/2000,TZR,OH,AGL,CE,Federal Contract Tower,0,0,3,0,3,0,0,96,0,96,0,0,99,0,99,128,0,128,227
10/14/2000,TZR,OH,AGL,CE,Federal Contract Tower,0,1,5,0,6,0,0,222,0,222,0,1,227,0,228,158,0,158,386
10/15/2000,TZR,OH,AGL,CE,Federal Contract Tower,0,1,8,0,9,0,0,84,0,84,0,1,92,0,93,144,0,144,237
10/16/2000,TZR,OH,AGL,CE,Federal Contract Tower,0,1,3,0,4,0,1,23,0,24,0,2,26,0,28,12,0,12,40
10/17/2000,TZR,OH,AGL,CE,Federal Contract Tower,0,3,24,0,27,0,0,4,0,4,0,3,28,0,31,0,0,0,31
10/18/2000,TZR,OH,AGL,CE,Federal Contract Tower,0,1,5,0,6,0,5,36,0,41,0,6,41,0,47,80,0,80,127
10/19/2000,TZR,OH,AGL,CE,Federal Contract Tower,0,4,15,0,19,0,1,116,0,117,0,5,131,0,136,170,0,170,306
10/20/2000,TZR,OH,AGL,CE,Federal Contract Tower,0,3,12,0,15,0,8,121,0,129,0,11,133,0,144,152,0,152,296
10/21/2000,TZR,OH,AGL,CE,Federal Contract Tower,0,1,11,0,12,0,0,141,0,141,0,1,152,0,153,190,0,190,343
10/22/2000,TZR,OH,AGL,CE,Federal Contract Tower,0,1,8,0,9,0,5,79,0,84,0,6,87,0,93,149,0,149,242
10/23/2000,TZR,OH,AGL,CE,Federal Contract Tower,0,1,7,0,8,0,0,80,0,80,0,1,87,0,88,198,0,198,286
10/24/2000,TZR,OH,AGL,CE,Federal Contract Tower,0,1,13,0,14,0,0,32,0,32,0,1,45,0,46,22,0,22,68
10/25/2000,TZR,OH,AGL,CE,Federal Contract Tower,0,2,9,0,11,0,5,42,0,47,0,7,51,0,58,88,0,88,146
10/26/2000,TZR,OH,AGL,CE,Federal Contract Tower,0,2,11,0,13,0,3,72,0,75,0,5,83,0,88,240,0,240,328
10/27/2000,TZR,OH,AGL,CE,Federal Contract Tower,0,2,10,0,12,0,0,60,0,60,0,2,70,0,72,200,0,200,272
10/28/2000,TZR,OH,AGL,CE,Federal Contract Tower,0,0,13,0,13,0,0,80,0,80,0,0,93,0,93,158,0,158,251
10/29/2000,TZR,OH,AGL,CE,Federal Contract Tower,0,1,4,0,5,0,6,131,0,137,0,7,135,0,142,162,0,162,304
10/30/2000,TZR,OH,AGL,CE,Federal Contract Tower,0,2,8,0,10,0,1,99,0,100,0,3,107,0,110,147,0,147,257
10/31/2000,TZR,OH,AGL,CE,Federal Contract Tower,0,1,4,0,5,0,4,117,0,121,0,5,121,0,126,153,0,153,279
11/01/2000,TZR,OH,AGL,CE,Federal Contract Tower,0,0,9,0,9,0,0,111,0,111,0,0,120,0,120,202,10,212,332
11/02/2000,TZR,OH,AGL,CE,Federal Contract Tower,0,3,7,0,10,0,4,66,0,70,0,7,73,0,80,138,0,138,218
11/03/2000,TZR,OH,AGL,CE,Federal Contract Tower,0,5,13,0,18,0,11,33,0,44,0,16,46,0,62,62,0,62,124
11/04/2000,TZR,OH,AGL,CE,Federal Contract Tower,0,0,2,0,2,0,0,202,1,203,0,0,204,1,205,194,0,194,399
11/05/2000,TZR,OH,AGL,CE,Federal Contract Tower,0,1,6,0,7,0,0,155,0,155,0,1,161,0,162,190,0,190,352
11/06/2000,TZR,OH,AGL,CE,Federal Contract Tower,0,3,8,0,11,0,0,50,0,50,0,3,58,0,61,68,0,68,129
11/07/2000,TZR,OH,AGL,CE,Federal Contract Tower,0,3,12,0,15,0,0,33,0,33,0,3,45,0,48,84,0,84,132
11/08/2000,TZR,OH,AGL,CE,Federal Contract Tower,0,3,6,0,9,0,7,1,0,8,0,10,7,0,17,6,0,6,23
11/09/2000,TZR,OH,AGL,CE,Federal Contract Tower,0,1,2,0,3,0,5,17,0,22,0,6,19,0,25,10,2,12,37
11/10/2000,TZR,OH,AGL,CE,Federal Contract Tower,0,5,12,0,17,0,0,25,0,25,0,5,37,0,42,20,0,20,62
11/11/2000,TZR,OH,AGL,CE,Federal Contract Tower,0,0,14,0,14,0,0,97,0,97,0,0,111,0,111,138,0,138,249
11/12/2000,TZR,OH,AGL,CE,Federal Contract Tower,0,2,13,0,15,0,0,129,0,129,0,2,142,0,144,172,0,172,316
11/13/2000,TZR,OH,AGL,CE,Federal Contract Tower,0,4,11,0,15,0,3,27,1,31,0,7,38,1,46,22,0,22,68
11/14/2000,TZR,OH,AGL,CE,Federal Contract Tower,0,4,10,0,14,0,8,30,1,39,0,12,40,1,53,66,0,66,119
11/15/2000,TZR,OH,AGL,CE,Federal Contract Tower,0,4,10,0,14,0,3,68,0,71,0,7,78,0,85,74,0,74,159
11/16/2000,TZR,OH,AGL,CE,Federal Contract Tower,0,3,8,0,11,0,2,20,0,22,0,5,28,0,33,12,0,12,45
11/17/2000,TZR,OH,AGL,CE,Federal Contract Tower,0,0,3,0,3,0,1,73,0,74,0,1,76,0,77,180,0,180,257
11/18/2000,TZR,OH,AGL,CE,Federal Contract Tower,0,0,5,0,5,0,0,135,0,135,0,0,140,0,140,104,0,104,244
11/19/2000,TZR,OH,AGL,CE,Federal Contract Tower,0,0,7,0,7,0,0,87,0,87,0,0,94,0,94,113,0,113,207
11/20/2000,TZR,OH,AGL,CE,Federal Contract Tower,0,1,4,0,5,0,1,7,0,8,0,2,11,0,13,14,0,14,27
11/21/2000,TZR,OH,AGL,CE,Federal Contract Tower,0,3,10,0,13,0,4,13,2,19,0,7,23,2,32,8,0,8,40
11/22/2000,TZR,OH,AGL,CE,Federal Contract Tower,0,1,8,0,9,0,0,48,0,48,0,1,56,0,57,66,0,66,123
11/23/2000,TZR,OH,AGL,CE,Federal Contract Tower,0,0,7,0,7,0,0,18,0,18,0,0,25,0,25,16,0,16,41
11/24/2000,TZR,OH,AGL,CE,Federal Contract Tower,0,0,4,0,4,0,0,97,0,97,0,0,101,0,101,140,0,140,241
11/25/2000,TZR,OH,AGL,CE,Federal Contract Tower,0,0,9,0,9,0,0,2,0,2,0,0,11,0,11,2,0,2,13
11/26/2000,TZR,OH,AGL,CE,Federal Contract Tower,0,1,10,0,11,0,0,2,0,2,0,1,12,0,13,34,0,34,47
11/27/2000,TZR,OH,AGL,CE,Federal Contract Tower,0,2,10,0,12,0,4,0,2,6,0,6,10,2,18,26,8,34,52
11/28/2000,TZR,OH,AGL,CE,Federal Contract Tower,0,1,4,0,5,0,5,52,1,58,0,6,56,1,63,80,0,80,143
11/29/2000,TZR,OH,AGL,CE,Federal Contract Tower,0,0,4,0,4,0,6,8,0,14,0,6,12,0,18,0,0,0,18
11/30/2000,TZR,OH,AGL,CE,Federal Contract Tower,0,2,8,0,10,0,15,10,0,25,0,17,18,0,35,62,0,62,97
12/01/2000,TZR,OH,AGL,CE,Federal Contract Tower,0,4,10,0,14,0,4,0,0,4,0,8,10,0,18,68,0,68,86
12/02/2000,TZR,OH,AGL,CE,Federal Contract Tower,0,3,25,0,28,0,0,35,2,37,0,3,60,2,65,102,2,104,169
12/03/2000,TZR,OH,AGL,CE,Federal Contract Tower,0,0,13,0,13,0,0,96,0,96,0,0,109,0,109,160,0,160,269
12/04/2000,TZR,OH,AGL,CE,Federal Contract Tower,0,1,4,0,5,0,0,63,0,63,0,1,67,0,68,126,0,126,194
12/05/2000,TZR,OH,AGL,CE,Federal Contract Tower,0,1,6,0,7,0,0,25,2,27,0,1,31,2,34,18,0,18,52
12/06/2000,TZR,OH,AGL,CE,Federal Contract Tower,0,2,5,0,7,0,1,78,0,79,0,3,83,0,86,96,0,96,182
12/07/2000,TZR,OH,AGL,CE,Federal Contract Tower,0,1,7,0,8,0,0,11,0,11,0,1,18,0,19,86,0,86,105
12/08/2000,TZR,OH,AGL,CE,Federal Contract Tower,0,1,6,0,7,0,7,32,0,39,0,8,38,0,46,110,0,110,156
12/09/2000,TZR,OH,AGL,CE,Federal Contract Tower,0,0,0,0,0,0,0,101,0,101,0,0,101,0,101,126,0,126,227
12/10/2000,TZR,OH,AGL,CE,Federal Contract Tower,0,1,4,0,5,0,2,24,0,26,0,3,28,0,31,78,0,78,109
12/11/2000,TZR,OH,AGL,CE,Federal Contract Tower,0,0,0,0,0,0,0,0,0,0,0,0,0,0,0,0,0,0,0
12/12/2000,TZR,OH,AGL,CE,Federal Contract Tower,0,3,9,0,12,0,14,16,0,30,0,17,25,0,42,34,0,34,76
12/13/2000,TZR,OH,AGL,CE,Federal Contract Tower,0,1,3,0,4,0,6,9,0,15,0,7,12,0,19,20,0,20,39
12/14/2000,TZR,OH,AGL,CE,Federal Contract Tower,0,0,1,0,1,0,4,51,0,55,0,4,52,0,56,74,0,74,130
12/15/2000,TZR,OH,AGL,CE,Federal Contract Tower,0,0,2,0,2,0,1,0,0,1,0,1,2,0,3,2,0,2,5
12/16/2000,TZR,OH,AGL,CE,Federal Contract Tower,0,0,3,0,3,0,1,0,0,1,0,1,3,0,4,0,0,0,4
12/17/2000,TZR,OH,AGL,CE,Federal Contract Tower,0,0,2,0,2,0,3,17,0,20,0,3,19,0,22,120,0,120,142
12/18/2000,TZR,OH,AGL,CE,Federal Contract Tower,0,0,7,0,7,0,0,10,0,10,0,0,17,0,17,51,0,51,68
12/19/2000,TZR,OH,AGL,CE,Federal Contract Tower,0,1,5,0,6,0,5,30,0,35,0,6,35,0,41,74,8,82,123
12/20/2000,TZR,OH,AGL,CE,Federal Contract Tower,0,0,15,0,15,0,0,23,4,27,0,0,38,4,42,202,18,220,262
12/21/2000,TZR,OH,AGL,CE,Federal Contract Tower,0,0,5,0,5,0,0,10,2,12,0,0,15,2,17,24,2,26,43
12/22/2000,TZR,OH,AGL,CE,Federal Contract Tower,0,1,11,0,12,0,0,19,0,19,0,1,30,0,31,99,0,99,130
12/23/2000,TZR,OH,AGL,CE,Federal Contract Tower,0,0,3,0,3,0,1,39,0,40,0,1,42,0,43,78,0,78,121
12/24/2000,TZR,OH,AGL,CE,Federal Contract Tower,0,1,5,0,6,0,1,20,0,21,0,2,25,0,27,28,0,28,55
12/25/2000,TZR,OH,AGL,CE,Federal Contract Tower,0,0,0,0,0,0,0,6,0,6,0,0,6,0,6,10,0,10,16
12/26/2000,TZR,OH,AGL,CE,Federal Contract Tower,0,0,7,0,7,0,0,23,0,23,0,0,30,0,30,123,0,123,153
12/27/2000,TZR,OH,AGL,CE,Federal Contract Tower,0,0,7,0,7,0,0,24,0,24,0,0,31,0,31,149,0,149,180
12/28/2000,TZR,OH,AGL,CE,Federal Contract Tower,0,0,2,0,2,0,0,37,0,37,0,0,39,0,39,130,0,130,169
12/29/2000,TZR,OH,AGL,CE,Federal Contract Tower,0,0,3,0,3,0,0,12,0,12,0,0,15,0,15,147,0,147,162
12/30/2000,TZR,OH,AGL,CE,Federal Contract Tower,0,0,2,0,2,0,1,0,0,1,0,1,2,0,3,0,0,0,3
12/31/2000,TZR,OH,AGL,CE,Federal Contract Tower,0,0,1,0,1,0,0,19,0,19,0,0,20,0,20,68,0,68,88
01/01/2001,TZR,OH,AGL,CE,Federal Contract Tower,0,0,1,0,1,0,0,9,0,9,0,0,10,0,10,10,0,10,20
01/02/2001,TZR,OH,AGL,CE,Federal Contract Tower,0,0,6,0,6,0,0,65,1,66,0,0,71,1,72,148,0,148,220
01/03/2001,TZR,OH,AGL,CE,Federal Contract Tower,0,0,2,0,2,0,0,28,2,30,0,0,30,2,32,50,10,60,92
01/04/2001,TZR,OH,AGL,CE,Federal Contract Tower,0,1,9,0,10,0,0,13,0,13,0,1,22,0,23,56,0,56,79
01/05/2001,TZR,OH,AGL,CE,Federal Contract Tower,0,1,2,0,3,0,1,10,1,12,0,2,12,1,15,4,0,4,19
01/06/2001,TZR,OH,AGL,CE,Federal Contract Tower,0,0,9,0,9,0,0,110,1,111,0,0,119,1,120,146,0,146,266
01/07/2001,TZR,OH,AGL,CE,Federal Contract Tower,0,0,5,0,5,0,0,111,6,117,0,0,116,6,122,218,0,218,340
01/08/2001,TZR,OH,AGL,CE,Federal Contract Tower,0,0,6,0,6,0,0,8,0,8,0,0,14,0,14,11,0,11,25
01/09/2001,TZR,OH,AGL,CE,Federal Contract Tower,0,0,13,0,13,0,0,107,0,107,0,0,120,0,120,138,0,138,258
01/10/2001,TZR,OH,AGL,CE,Federal Contract Tower,0,0,16,0,16,0,0,52,2,54,0,0,68,2,70,136,0,136,206
01/11/2001,TZR,OH,AGL,CE,Federal Contract Tower,0,0,3,0,3,0,0,67,0,67,0,0,70,0,70,178,0,178,248
01/12/2001,TZR,OH,AGL,CE,Federal Contract Tower,0,2,11,0,13,0,0,65,2,67,0,2,76,2,80,222,8,230,310
01/13/2001,TZR,OH,AGL,CE,Federal Contract Tower,0,2,14,0,16,0,0,39,0,39,0,2,53,0,55,132,0,132,187
01/14/2001,TZR,OH,AGL,CE,Federal Contract Tower,0,1,2,0,3,0,0,36,0,36,0,1,38,0,39,92,0,92,131
01/15/2001,TZR,OH,AGL,CE,Federal Contract Tower,0,0,3,0,3,0,1,20,0,21,0,1,23,0,24,31,0,31,55
01/16/2001,TZR,OH,AGL,CE,Federal Contract Tower,0,0,8,0,8,0,0,52,0,52,0,0,60,0,60,58,0,58,118
01/17/2001,TZR,OH,AGL,CE,Federal Contract Tower,0,0,9,1,10,0,0,10,0,10,0,0,19,1,20,95,0,95,115
01/18/2001,TZR,OH,AGL,CE,Federal Contract Tower,0,0,11,0,11,0,0,62,6,68,0,0,73,6,79,134,0,134,213
01/19/2001,TZR,OH,AGL,CE,Federal Contract Tower,0,0,9,0,9,0,0,0,0,0,0,0,9,0,9,0,0,0,9
01/20/2001,TZR,OH,AGL,CE,Federal Contract Tower,0,0,9,0,9,0,0,29,0,29,0,0,38,0,38,48,0,48,86
01/21/2001,TZR,OH,AGL,CE,Federal Contract Tower,0,0,11,0,11,0,0,70,0,70,0,0,81,0,81,134,0,134,215
01/22/2001,TZR,OH,AGL,CE,Federal Contract Tower,0,0,8,0,8,0,2,46,0,48,0,2,54,0,56,76,0,76,132
01/23/2001,TZR,OH,AGL,CE,Federal Contract Tower,0,0,9,0,9,0,2,62,2,66,0,2,71,2,75,152,0,152,227
01/24/2001,TZR,OH,AGL,CE,Federal Contract Tower,0,0,12,0,12,0,0,18,0,18,0,0,30,0,30,64,2,66,96
01/25/2001,TZR,OH,AGL,CE,Federal Contract Tower,0,0,11,0,11,0,0,56,0,56,0,0,67,0,67,188,0,188,255
01/26/2001,TZR,OH,AGL,CE,Federal Contract Tower,0,0,13,0,13,0,0,41,0,41,0,0,54,0,54,84,0,84,138
01/27/2001,TZR,OH,AGL,CE,Federal Contract Tower,0,0,6,0,6,0,0,11,0,11,0,0,17,0,17,0,0,0,17
01/28/2001,TZR,OH,AGL,CE,Federal Contract Tower,0,0,7,0,7,0,0,53,0,53,0,0,60,0,60,154,0,154,214
01/29/2001,TZR,OH,AGL,CE,Federal Contract Tower,0,0,4,0,4,0,1,37,0,38,0,1,41,0,42,111,0,111,153
01/30/2001,TZR,OH,AGL,CE,Federal Contract Tower,0,2,18,0,20,0,8,11,0,19,0,10,29,0,39,95,0,95,134
01/31/2001,TZR,OH,AGL,CE,Federal Contract Tower,0,0,8,0,8,0,0,13,0,13,0,0,21,0,21,90,0,90,111
02/01/2001,TZR,OH,AGL,CE,Federal Contract Tower,0,0,5,0,5,0,0,38,0,38,0,0,43,0,43,104,0,104,147
02/02/2001,TZR,OH,AGL,CE,Federal Contract Tower,0,0,9,0,9,0,0,36,0,36,0,0,45,0,45,38,0,38,83
02/03/2001,TZR,OH,AGL,CE,Federal Contract Tower,0,0,19,0,19,0,0,86,0,86,0,0,105,0,105,178,0,178,283
02/04/2001,TZR,OH,AGL,CE,Federal Contract Tower,0,0,4,0,4,0,0,47,0,47,0,0,51,0,51,222,0,222,273
02/05/2001,TZR,OH,AGL,CE,Federal Contract Tower,0,0,3,0,3,0,0,5,0,5,0,0,8,0,8,0,0,0,8
02/06/2001,TZR,OH,AGL,CE,Federal Contract Tower,0,0,4,0,4,0,0,6,0,6,0,0,10,0,10,0,0,0,10
02/07/2001,TZR,OH,AGL,CE,Federal Contract Tower,0,2,23,0,25,0,0,52,0,52,0,2,75,0,77,186,0,186,263
02/08/2001,TZR,OH,AGL,CE,Federal Contract Tower,0,0,9,0,9,0,0,56,0,56,0,0,65,0,65,186,0,186,251
02/09/2001,TZR,OH,AGL,CE,Federal Contract Tower,0,0,0,0,0,0,0,10,0,10,0,0,10,0,10,28,0,28,38
02/10/2001,TZR,OH,AGL,CE,Federal Contract Tower,0,0,1,0,1,0,0,67,0,67,0,0,68,0,68,52,0,52,120
02/11/2001,TZR,OH,AGL,CE,Federal Contract Tower,0,0,10,0,10,0,0,108,0,108,0,0,118,0,118,135,0,135,253
02/12/2001,TZR,OH,AGL,CE,Federal Contract Tower,0,1,15,0,16,0,0,74,0,74,0,1,89,0,90,80,0,80,170
02/13/2001,TZR,OH,AGL,CE,Federal Contract Tower,0,2,18,0,20,0,2,31,0,33,0,4,49,0,53,214,0,214,267
02/14/2001,TZR,OH,AGL,CE,Federal Contract Tower,0,0,2,0,2,0,3,0,0,3,0,3,2,0,5,0,0,0,5
02/15/2001,TZR,OH,AGL,CE,Federal Contract Tower,0,0,9,0,9,0,3,57,0,60,0,3,66,0,69,54,0,54,123
02/16/2001,TZR,OH,AGL,CE,Federal Contract Tower,0,0,9,0,9,0,0,9,0,9,0,0,18,0,18,18,0,18,36
02/17/2001,TZR,OH,AGL,CE,Federal Contract Tower,0,0,12,0,12,0,0,35,0,35,0,0,47,0,47,18,0,18,65
02/18/2001,TZR,OH,AGL,CE,Federal Contract Tower,0,0,10,0,10,0,0,112,0,112,0,0,122,0,122,186,0,186,308
02/19/2001,TZR,OH,AGL,CE,Federal Contract Tower,0,2,23,0,25,0,0,67,0,67,0,2,90,0,92,108,0,108,200
02/20/2001,TZR,OH,AGL,CE,Federal Contract Tower,0,1,19,0,20,0,1,46,2,49,0,2,65,2,69,20,0,20,89
02/21/2001,TZR,OH,AGL,CE,Federal Contract Tower,0,1,14,0,15,0,0,52,0,52,0,1,66,0,67,98,0,98,165
02/22/2001,TZR,OH,AGL,CE,Federal Contract Tower,0,0,6,0,6,0,2,16,0,18,0,2,22,0,24,14,0,14,38
02/23/2001,TZR,OH,AGL,CE,Federal Contract Tower,0,0,13,0,13,0,0,78,0,78,0,0,91,0,91,120,0,120,211
02/24/2001,TZR,OH,AGL,CE,Federal Contract Tower,0,0,11,0,11,0,0,56,0,56,0,0,67,0,67,140,0,140,207
02/25/2001,TZR,OH,AGL,CE,Federal Contract Tower,0,0,2,0,2,0,0,1,0,1,0,0,3,0,3,0,0,0,3
02/26/2001,TZR,OH,AGL,CE,Federal Contract Tower,0,1,15,0,16,0,3,60,0,63,0,4,75,0,79,115,0,115,194
02/27/2001,TZR,OH,AGL,CE,Federal Contract Tower,0,1,14,0,15,0,2,43,0,45,0,3,57,0,60,94,0,94,154
02/28/2001,TZR,OH,AGL,CE,Federal Contract Tower,0,0,12,0,12,0,0,49,0,49,0,0,61,0,61,172,0,172,233
03/01/2001,TZR,OH,AGL,CE,Federal Contract Tower,0,1,9,0,10,0,2,56,0,58,0,3,65,0,68,124,0,124,192
03/02/2001,TZR,OH,AGL,CE,Federal Contract Tower,0,0,7,0,7,0,0,43,0,43,0,0,50,0,50,134,0,134,184
03/03/2001,TZR,OH,AGL,CE,Federal Contract Tower,0,0,14,0,14,0,0,100,1,101,0,0,114,1,115,316,0,316,431
03/04/2001,TZR,OH,AGL,CE,Federal Contract Tower,0,0,4,0,4,0,0,4,0,4,0,0,8,0,8,0,0,0,8
03/05/2001,TZR,OH,AGL,CE,Federal Contract Tower,0,0,4,0,4,0,0,14,0,14,0,0,18,0,18,2,0,2,20
03/06/2001,TZR,OH,AGL,CE,Federal Contract Tower,0,0,1,0,1,0,0,5,0,5,0,0,6,0,6,0,0,0,6
03/07/2001,TZR,OH,AGL,CE,Federal Contract Tower,0,0,7,0,7,0,0,50,0,50,0,0,57,0,57,106,0,106,163
03/08/2001,TZR,OH,AGL,CE,Federal Contract Tower,0,0,8,0,8,0,0,43,0,43,0,0,51,0,51,154,0,154,205
03/09/2001,TZR,OH,AGL,CE,Federal Contract Tower,0,0,6,0,6,0,0,31,2,33,0,0,37,2,39,72,0,72,111
03/10/2001,TZR,OH,AGL,CE,Federal Contract Tower,0,0,11,0,11,0,0,128,0,128,0,0,139,0,139,176,0,176,315
03/11/2001,TZR,OH,AGL,CE,Federal Contract Tower,0,0,3,0,3,0,0,65,0,65,0,0,68,0,68,148,0,148,216
03/12/2001,TZR,OH,AGL,CE,Federal Contract Tower,0,0,6,0,6,0,0,47,0,47,0,0,53,0,53,58,0,58,111
03/13/2001,TZR,OH,AGL,CE,Federal Contract Tower,0,0,0,0,0,0,0,12,1,13,0,0,12,1,13,26,0,26,39
03/14/2001,TZR,OH,AGL,CE,Federal Contract Tower,0,0,12,0,12,0,0,109,2,111,0,0,121,2,123,154,0,154,277
03/15/2001,TZR,OH,AGL,CE,Federal Contract Tower,0,0,10,0,10,0,7,59,0,66,0,7,69,0,76,96,0,96,172
03/16/2001,TZR,OH,AGL,CE,Federal Contract Tower,0,0,5,0,5,0,0,5,0,5,0,0,10,0,10,4,0,4,14
03/17/2001,TZR,OH,AGL,CE,Federal Contract Tower,0,0,0,0,0,0,0,14,0,14,0,0,14,0,14,0,0,0,14
03/18/2001,TZR,OH,AGL,CE,Federal Contract Tower,0,0,12,0,12,0,0,109,0,109,0,0,121,0,121,164,0,164,285
03/19/2001,TZR,OH,AGL,CE,Federal Contract Tower,0,0,11,0,11,0,0,83,0,83,0,0,94,0,94,46,0,46,140
03/20/2001,TZR,OH,AGL,CE,Federal Contract Tower,0,0,3,0,3,0,0,68,2,70,0,0,71,2,73,118,0,118,191
03/21/2001,TZR,OH,AGL,CE,Federal Contract Tower,0,0,9,0,9,0,0,69,1,70,0,0,78,1,79,88,0,88,167
03/22/2001,TZR,OH,AGL,CE,Federal Contract Tower,0,0,8,0,8,0,0,142,0,142,0,0,150,0,150,186,0,186,336
03/23/2001,TZR,OH,AGL,CE,Federal Contract Tower,0,0,3,0,3,0,0,82,0,82,0,0,85,0,85,102,0,102,187
03/24/2001,TZR,OH,AGL,CE,Federal Contract Tower,0,0,0,0,0,0,0,15,0,15,0,0,15,0,15,0,0,0,15
03/25/2001,TZR,OH,AGL,CE,Federal Contract Tower,0,0,4,0,4,0,0,39,0,39,0,0,43,0,43,46,0,46,89
03/26/2001,TZR,OH,AGL,CE,Federal Contract Tower,0,0,6,0,6,0,0,35,0,35,0,0,41,0,41,40,0,40,81
03/27/2001,TZR,OH,AGL,CE,Federal Contract Tower,0,0,5,0,5,0,0,78,2,80,0,0,83,2,85,120,0,120,205
03/28/2001,TZR,OH,AGL,CE,Federal Contract Tower,0,0,4,0,4,0,2,63,0,65,0,2,67,0,69,112,0,112,181
03/29/2001,TZR,OH,AGL,CE,Federal Contract Tower,0,0,4,0,4,0,0,60,2,62,0,0,64,2,66,92,10,102,168
03/30/2001,TZR,OH,AGL,CE,Federal Contract Tower,0,0,4,0,4,0,1,52,0,53,0,1,56,0,57,158,0,158,215
03/31/2001,TZR,OH,AGL,CE,Federal Contract Tower,0,0,7,0,7,0,1,107,0,108,0,1,114,0,115,218,0,218,333
04/01/2001,TZR,OH,AGL,CE,Federal Contract Tower,0,0,2,0,2,0,0,0,0,0,0,0,2,0,2,2,0,2,4
04/02/2001,TZR,OH,AGL,CE,Federal Contract Tower,0,0,10,0,10,0,0,58,0,58,0,0,68,0,68,128,0,128,196
04/03/2001,TZR,OH,AGL,CE,Federal Contract Tower,0,0,16,0,16,0,0,61,0,61,0,0,77,0,77,84,0,84,161
04/04/2001,TZR,OH,AGL,CE,Federal Contract Tower,0,0,10,0,10,0,0,91,2,93,0,0,101,2,103,82,6,88,191
04/05/2001,TZR,OH,AGL,CE,Federal Contract Tower,0,1,5,0,6,0,1,92,0,93,0,2,97,0,99,118,0,118,217
04/06/2001,TZR,OH,AGL,CE,Federal Contract Tower,0,1,6,0,7,0,1,21,0,22,0,2,27,0,29,12,0,12,41
04/07/2001,TZR,OH,AGL,CE,Federal Contract Tower,0,0,3,0,3,0,0,62,0,62,0,0,65,0,65,72,0,72,137
04/08/2001,TZR,OH,AGL,CE,Federal Contract Tower,0,0,7,0,7,0,0,59,0,59,0,0,66,0,66,108,0,108,174
04/09/2001,TZR,OH,AGL,CE,Federal Contract Tower,0,0,10,0,10,0,0,32,0,32,0,0,42,0,42,38,0,38,80
04/10/2001,TZR,OH,AGL,CE,Federal Contract Tower,0,0,11,0,11,0,0,23,2,25,0,0,34,2,36,70,0,70,106
04/11/2001,TZR,OH,AGL,CE,Federal Contract Tower,0,0,17,0,17,0,0,31,0,31,0,0,48,0,48,88,0,88,136
04/12/2001,TZR,OH,AGL,CE,Federal Contract Tower,0,0,0,0,0,0,0,11,0,11,0,0,11,0,11,12,0,12,23
04/13/2001,TZR,OH,AGL,CE,Federal Contract Tower,0,0,9,0,9,0,3,94,0,97,0,3,103,0,106,110,0,110,216
04/14/2001,TZR,OH,AGL,CE,Federal Contract Tower,0,0,12,0,12,0,0,115,0,115,0,0,127,0,127,272,0,272,399
04/15/2001,TZR,OH,AGL,CE,Federal Contract Tower,0,0,3,0,3,0,0,0,0,0,0,0,3,0,3,0,0,0,3
04/16/2001,TZR,OH,AGL,CE,Federal Contract Tower,0,0,8,0,8,0,3,19,0,22,0,3,27,0,30,16,0,16,46
04/17/2001,TZR,OH,AGL,CE,Federal Contract Tower,0,0,17,0,17,0,0,20,0,20,0,0,37,0,37,28,0,28,65
04/18/2001,TZR,OH,AGL,CE,Federal Contract Tower,0,0,16,0,16,0,0,74,0,74,0,0,90,0,90,42,0,42,132
04/19/2001,TZR,OH,AGL,CE,Federal Contract Tower,0,0,9,0,9,0,2,89,0,91,0,2,98,0,100,255,0,255,355
04/20/2001,TZR,OH,AGL,CE,Federal Contract Tower,0,0,17,0,17,0,0,15,0,15,0,0,32,0,32,0,0,0,32
04/21/2001,TZR,OH,AGL,CE,Federal Contract Tower,0,0,12,0,12,0,0,34,0,34,0,0,46,0,46,12,0,12,58
04/22/2001,TZR,OH,AGL,CE,Federal Contract Tower,0,0,7,0,7,0,0,61,0,61,0,0,68,0,68,140,0,140,208
04/23/2001,TZR,OH,AGL,CE,Federal Contract Tower,0,0,7,0,7,0,0,32,2,34,0,0,39,2,41,38,0,38,79
04/24/2001,TZR,OH,AGL,CE,Federal Contract Tower,0,0,13,0,13,0,0,39,2,41,0,0,52,2,54,59,8,67,121
04/25/2001,TZR,OH,AGL,CE,Federal Contract Tower,0,0,12,0,12,0,0,96,0,96,0,0,108,0,108,196,0,196,304
04/26/2001,TZR,OH,AGL,CE,Federal Contract Tower,0,0,14,0,14,0,0,77,1,78,0,0,91,1,92,238,0,238,330
04/27/2001,TZR,OH,AGL,CE,Federal Contract Tower,0,0,0,0,0,0,0,75,3,78,0,0,75,3,78,142,2,144,222
04/28/2001,TZR,OH,AGL,CE,Federal Contract Tower,0,0,12,0,12,0,0,131,2,133,0,0,143,2,145,133,0,133,278
04/29/2001,TZR,OH,AGL,CE,Federal Contract Tower,0,0,13,0,13,0,0,131,0,131,0,0,144,0,144,132,0,132,276
04/30/2001,TZR,OH,AGL,CE,Federal Contract Tower,0,0,4,0,4,0,0,69,0,69,0,0,73,0,73,224,0,224,297
05/01/2001,TZR,OH,AGL,CE,Federal Contract Tower,0,0,10,0,10,0,0,78,0,78,0,0,88,0,88,160,0,160,248
05/02/2001,TZR,OH,AGL,CE,Federal Contract Tower,0,0,6,0,6,0,0,73,1,74,0,0,79,1,80,195,0,195,275
05/03/2001,TZR,OH,AGL,CE,Federal Contract Tower,0,0,11,0,11,0,0,82,0,82,0,0,93,0,93,226,0,226,319
05/04/2001,TZR,OH,AGL,CE,Federal Contract Tower,0,0,8,0,8,0,0,78,0,78,0,0,86,0,86,148,0,148,234
05/05/2001,TZR,OH,AGL,CE,Federal Contract Tower,0,0,6,0,6,0,0,115,0,115,0,0,121,0,121,222,0,222,343
05/06/2001,TZR,OH,AGL,CE,Federal Contract Tower,0,0,7,0,7,0,0,110,0,110,0,0,117,0,117,214,0,214,331
05/07/2001,TZR,OH,AGL,CE,Federal Contract Tower,0,0,6,0,6,0,0,35,0,35,0,0,41,0,41,90,0,90,131
05/08/2001,TZR,OH,AGL,CE,Federal Contract Tower,0,0,10,0,10,0,0,43,0,43,0,0,53,0,53,92,0,92,145
05/09/2001,TZR,OH,AGL,CE,Federal Contract Tower,0,0,25,0,25,0,0,50,0,50,0,0,75,0,75,102,0,102,177
05/10/2001,TZR,OH,AGL,CE,Federal Contract Tower,0,0,10,0,10,0,0,128,0,128,0,0,138,0,138,224,0,224,362
05/11/2001,TZR,OH,AGL,CE,Federal Contract Tower,0,0,11,0,11,0,0,26,0,26,0,0,37,0,37,76,0,76,113
05/12/2001,TZR,OH,AGL,CE,Federal Contract Tower,0,0,3,0,3,0,0,39,0,39,0,0,42,0,42,78,0,78,120
05/13/2001,TZR,OH,AGL,CE,Federal Contract Tower,0,0,6,0,6,0,0,57,0,57,0,0,63,0,63,22,0,22,85
05/14/2001,TZR,OH,AGL,CE,Federal Contract Tower,0,0,5,0,5,0,0,64,0,64,0,0,69,0,69,106,0,106,175
05/15/2001,TZR,OH,AGL,CE,Federal Contract Tower,0,0,4,0,4,0,1,25,0,26,0,1,29,0,30,34,0,34,64
05/16/2001,TZR,OH,AGL,CE,Federal Contract Tower,0,0,2,0,2,0,0,4,0,4,0,0,6,0,6,0,0,0,6
05/17/2001,TZR,OH,AGL,CE,Federal Contract Tower,0,0,11,0,11,0,0,18,0,18,0,0,29,0,29,34,0,34,63
05/18/2001,TZR,OH,AGL,CE,Federal Contract Tower,0,0,2,0,2,0,0,0,0,0,0,0,2,0,2,0,0,0,2
05/19/2001,TZR,OH,AGL,CE,Federal Contract Tower,0,0,14,1,15,0,0,73,1,74,0,0,87,2,89,168,0,168,257
05/20/2001,TZR,OH,AGL,CE,Federal Contract Tower,0,0,7,0,7,0,1,101,0,102,0,1,108,0,109,150,0,150,259
05/21/2001,TZR,OH,AGL,CE,Federal Contract Tower,0,0,1,0,1,0,0,14,0,14,0,0,15,0,15,22,0,22,37
05/22/2001,TZR,OH,AGL,CE,Federal Contract Tower,0,0,11,0,11,0,0,19,0,19,0,0,30,0,30,38,0,38,68
05/23/2001,TZR,OH,AGL,CE,Federal Contract Tower,0,0,18,0,18,0,1,34,0,35,0,1,52,0,53,126,0,126,179
05/24/2001,TZR,OH,AGL,CE,Federal Contract Tower,0,0,19,0,19,0,0,11,0,11,0,0,30,0,30,26,0,26,56
05/25/2001,TZR,OH,AGL,CE,Federal Contract Tower,0,0,12,0,12,0,0,46,0,46,0,0,58,0,58,47,0,47,105
05/26/2001,TZR,OH,AGL,CE,Federal Contract Tower,0,0,11,0,11,0,0,14,0,14,0,0,25,0,25,78,0,78,103
05/27/2001,TZR,OH,AGL,CE,Federal Contract Tower,0,0,4,0,4,0,0,26,0,26,0,0,30,0,30,44,0,44,74
05/28/2001,TZR,OH,AGL,CE,Federal Contract Tower,0,0,5,0,5,0,0,70,4,74,0,0,75,4,79,158,0,158,237
05/29/2001,TZR,OH,AGL,CE,Federal Contract Tower,0,1,17,0,18,0,0,60,0,60,0,1,77,0,78,172,0,172,250
05/30/2001,TZR,OH,AGL,CE,Federal Contract Tower,0,0,10,0,10,0,0,42,6,48,0,0,52,6,58,146,0,146,204
05/31/2001,TZR,OH,AGL,CE,Federal Contract Tower,0,0,10,0,10,0,0,62,0,62,0,0,72,0,72,72,0,72,144
06/01/2001,TZR,OH,AGL,CE,Federal Contract Tower,0,0,9,0,9,0,0,14,0,14,0,0,23,0,23,10,0,10,33
06/02/2001,TZR,OH,AGL,CE,Federal Contract Tower,0,0,16,0,16,0,0,34,0,34,0,0,50,0,50,18,0,18,68
06/03/2001,TZR,OH,AGL,CE,Federal Contract Tower,0,0,4,0,4,0,0,73,0,73,0,0,77,0,77,34,0,34,111
06/04/2001,TZR,OH,AGL,CE,Federal Contract Tower,0,0,9,0,9,0,4,32,1,37,0,4,41,1,46,52,0,52,98
06/05/2001,TZR,OH,AGL,CE,Federal Contract Tower,0,0,16,0,16,0,0,45,0,45,0,0,61,0,61,76,0,76,137
06/06/2001,TZR,OH,AGL,CE,Federal Contract Tower,0,0,10,0,10,0,2,6,0,8,0,2,16,0,18,24,0,24,42
06/07/2001,TZR,OH,AGL,CE,Federal Contract Tower,0,0,20,0,20,0,0,58,0,58,0,0,78,0,78,136,0,136,214
06/08/2001,TZR,OH,AGL,CE,Federal Contract Tower,0,0,7,0,7,0,0,81,0,81,0,0,88,0,88,150,0,150,238
06/09/2001,TZR,OH,AGL,CE,Federal Contract Tower,0,0,7,0,7,0,0,141,1,142,0,0,148,1,149,112,0,112,261
06/10/2001,TZR,OH,AGL,CE,Federal Contract Tower,0,0,7,0,7,0,0,70,0,70,0,0,77,0,77,84,0,84,161
06/11/2001,TZR,OH,AGL,CE,Federal Contract Tower,0,0,14,0,14,0,14,28,0,42,0,14,42,0,56,124,0,124,180
06/12/2001,TZR,OH,AGL,CE,Federal Contract Tower,0,8,6,0,14,0,1,47,0,48,0,9,53,0,62,101,0,101,163
06/13/2001,TZR,OH,AGL,CE,Federal Contract Tower,0,0,13,0,13,0,0,45,0,45,0,0,58,0,58,85,0,85,143
06/14/2001,TZR,OH,AGL,CE,Federal Contract Tower,0,1,26,0,27,0,1,60,0,61,0,2,86,0,88,108,8,116,204
06/15/2001,TZR,OH,AGL,CE,Federal Contract Tower,0,0,14,0,14,0,0,75,0,75,0,0,89,0,89,74,0,74,163
06/16/2001,TZR,OH,AGL,CE,Federal Contract Tower,0,0,8,0,8,0,0,205,0,205,0,0,213,0,213,467,0,467,680
06/17/2001,TZR,OH,AGL,CE,Federal Contract Tower,0,0,6,0,6,0,0,140,0,140,0,0,146,0,146,293,0,293,439
06/18/2001,TZR,OH,AGL,CE,Federal Contract Tower,0,0,12,0,12,0,0,65,0,65,0,0,77,0,77,109,0,109,186
06/19/2001,TZR,OH,AGL,CE,Federal Contract Tower,0,2,18,0,20,0,1,59,0,60,0,3,77,0,80,162,0,162,242
06/20/2001,TZR,OH,AGL,CE,Federal Contract Tower,0,0,6,0,6,0,0,26,2,28,0,0,32,2,34,107,0,107,141
06/21/2001,TZR,OH,AGL,CE,Federal Contract Tower,0,3,7,0,10,0,0,39,0,39,0,3,46,0,49,124,0,124,173
06/22/2001,TZR,OH,AGL,CE,Federal Contract Tower,0,0,19,0,19,0,0,51,0,51,0,0,70,0,70,106,0,106,176
06/23/2001,TZR,OH,AGL,CE,Federal Contract Tower,0,0,9,0,9,0,0,81,0,81,0,0,90,0,90,106,0,106,196
06/24/2001,TZR,OH,AGL,CE,Federal Contract Tower,0,0,10,0,10,0,0,89,0,89,0,0,99,0,99,122,0,122,221
06/25/2001,TZR,OH,AGL,CE,Federal Contract Tower,0,0,14,0,14,0,0,67,0,67,0,0,81,0,81,64,0,64,145
06/26/2001,TZR,OH,AGL,CE,Federal Contract Tower,0,1,4,0,5,0,0,84,0,84,0,1,88,0,89,74,2,76,165
06/27/2001,TZR,OH,AGL,CE,Federal Contract Tower,0,2,5,0,7,0,0,40,1,41,0,2,45,1,48,72,0,72,120
06/28/2001,TZR,OH,AGL,CE,Federal Contract Tower,0,0,1,0,1,0,0,38,0,38,0,0,39,0,39,26,0,26,65
06/29/2001,TZR,OH,AGL,CE,Federal Contract Tower,0,0,11,0,11,0,0,43,0,43,0,0,54,0,54,90,0,90,144
06/30/2001,TZR,OH,AGL,CE,Federal Contract Tower,0,0,14,0,14,0,0,70,0,70,0,0,84,0,84,226,0,226,310
07/01/2001,TZR,OH,AGL,CE,Federal Contract Tower,0,0,4,0,4,0,0,40,0,40,0,0,44,0,44,38,0,38,82
07/02/2001,TZR,OH,AGL,CE,Federal Contract Tower,0,0,5,0,5,0,0,92,0,92,0,0,97,0,97,166,0,166,263
07/03/2001,TZR,OH,AGL,CE,Federal Contract Tower,0,0,6,0,6,0,0,112,0,112,0,0,118,0,118,168,0,168,286
07/04/2001,TZR,OH,AGL,CE,Federal Contract Tower,0,0,3,0,3,0,0,18,0,18,0,0,21,0,21,10,0,10,31
07/05/2001,TZR,OH,AGL,CE,Federal Contract Tower,0,0,7,0,7,0,0,62,1,63,0,0,69,1,70,54,0,54,124
07/06/2001,TZR,OH,AGL,CE,Federal Contract Tower,0,0,8,0,8,0,0,81,0,81,0,0,89,0,89,238,0,238,327
07/07/2001,TZR,OH,AGL,CE,Federal Contract Tower,0,0,4,0,4,0,0,38,0,38,0,0,42,0,42,138,0,138,180
07/08/2001,TZR,OH,AGL,CE,Federal Contract Tower,0,0,6,0,6,0,0,58,0,58,0,0,64,0,64,164,0,164,228
07/09/2001,TZR,OH,AGL,CE,Federal Contract Tower,0,0,10,0,10,0,0,68,1,69,0,0,78,1,79,160,0,160,239
07/10/2001,TZR,OH,AGL,CE,Federal Contract Tower,0,0,4,0,4,0,0,66,2,68,0,0,70,2,72,194,0,194,266
07/11/2001,TZR,OH,AGL,CE,Federal Contract Tower,0,0,12,0,12,0,0,53,0,53,0,0,65,0,65,116,0,116,181
07/12/2001,TZR,OH,AGL,CE,Federal Contract Tower,0,0,17,0,17,0,0,96,1,97,0,0,113,1,114,140,0,140,254
07/13/2001,TZR,OH,AGL,CE,Federal Contract Tower,0,0,8,0,8,0,0,75,0,75,0,0,83,0,83,132,0,132,215
07/14/2001,TZR,OH,AGL,CE,Federal Contract Tower,0,0,3,0,3,0,0,94,0,94,0,0,97,0,97,154,0,154,251
07/15/2001,TZR,OH,AGL,CE,Federal Contract Tower,0,2,5,0,7,0,1,63,0,64,0,3,68,0,71,126,0,126,197
07/16/2001,TZR,OH,AGL,CE,Federal Contract Tower,0,0,18,0,18,0,0,70,0,70,0,0,88,0,88,148,0,148,236
07/17/2001,TZR,OH,AGL,CE,Federal Contract Tower,0,0,31,0,31,0,0,2,0,2,0,0,33,0,33,21,0,21,54
07/18/2001,TZR,OH,AGL,CE,Federal Contract Tower,0,0,9,1,10,0,2,27,1,30,0,2,36,2,40,78,0,78,118
07/19/2001,TZR,OH,AGL,CE,Federal Contract Tower,0,0,26,0,26,0,1,46,0,47,0,1,72,0,73,68,0,68,141
07/20/2001,TZR,OH,AGL,CE,Federal Contract Tower,0,0,20,0,20,0,3,39,0,42,0,3,59,0,62,76,0,76,138
07/21/2001,TZR,OH,AGL,CE,Federal Contract Tower,0,0,18,0,18,0,1,43,0,44,0,1,61,0,62,140,0,140,202
07/22/2001,TZR,OH,AGL,CE,Federal Contract Tower,0,0,12,0,12,0,0,22,2,24,0,0,34,2,36,58,0,58,94
07/23/2001,TZR,OH,AGL,CE,Federal Contract Tower,0,0,13,0,13,0,0,18,0,18,0,0,31,0,31,102,0,102,133
07/24/2001,TZR,OH,AGL,CE,Federal Contract Tower,0,0,21,0,21,0,0,48,0,48,0,0,69,0,69,190,0,190,259
07/25/2001,TZR,OH,AGL,CE,Federal Contract Tower,0,0,25,0,25,0,0,18,0,18,0,0,43,0,43,46,0,46,89
07/26/2001,TZR,OH,AGL,CE,Federal Contract Tower,0,0,16,0,16,0,0,52,0,52,0,0,68,0,68,178,0,178,246
07/27/2001,TZR,OH,AGL,CE,Federal Contract Tower,0,0,6,0,6,0,0,90,2,92,0,0,96,2,98,166,0,166,264
07/28/2001,TZR,OH,AGL,CE,Federal Contract Tower,0,0,12,0,12,0,0,39,0,39,0,0,51,0,51,156,0,156,207
07/29/2001,TZR,OH,AGL,CE,Federal Contract Tower,0,0,6,0,6,0,0,9,0,9,0,0,15,0,15,22,0,22,37
07/30/2001,TZR,OH,AGL,CE,Federal Contract Tower,0,0,7,0,7,0,0,19,0,19,0,0,26,0,26,114,0,114,140
07/31/2001,TZR,OH,AGL,CE,Federal Contract Tower,0,0,13,0,13,0,0,46,0,46,0,0,59,0,59,133,0,133,192
08/01/2001,TZR,OH,AGL,CE,Federal Contract Tower,0,0,4,0,4,0,0,69,0,69,0,0,73,0,73,126,0,126,199
08/02/2001,TZR,OH,AGL,CE,Federal Contract Tower,0,1,11,0,12,0,0,39,0,39,0,1,50,0,51,267,0,267,318
08/03/2001,TZR,OH,AGL,CE,Federal Contract Tower,0,1,7,0,8,0,0,48,0,48,0,1,55,0,56,152,0,152,208
08/04/2001,TZR,OH,AGL,CE,Federal Contract Tower,0,0,7,0,7,0,0,59,0,59,0,0,66,0,66,1180,0,1180,1246
08/05/2001,TZR,OH,AGL,CE,Federal Contract Tower,0,0,4,0,4,0,2,66,0,68,0,2,70,0,72,108,0,108,180
08/06/2001,TZR,OH,AGL,CE,Federal Contract Tower,0,0,3,0,3,0,0,58,0,58,0,0,61,0,61,132,0,132,193
08/07/2001,TZR,OH,AGL,CE,Federal Contract Tower,0,0,15,0,15,0,0,37,3,40,0,0,52,3,55,150,0,150,205
08/08/2001,TZR,OH,AGL,CE,Federal Contract Tower,0,0,12,0,12,0,0,60,6,66,0,0,72,6,78,178,0,178,256
08/09/2001,TZR,OH,AGL,CE,Federal Contract Tower,0,0,17,0,17,0,0,31,0,31,0,0,48,0,48,74,0,74,122
08/10/2001,TZR,OH,AGL,CE,Federal Contract Tower,0,0,6,0,6,0,0,28,0,28,0,0,34,0,34,128,0,128,162
08/11/2001,TZR,OH,AGL,CE,Federal Contract Tower,0,0,7,0,7,0,0,99,5,104,0,0,106,5,111,160,2,162,273
08/12/2001,TZR,OH,AGL,CE,Federal Contract Tower,0,0,16,0,16,0,0,33,0,33,0,0,49,0,49,66,0,66,115
08/13/2001,TZR,OH,AGL,CE,Federal Contract Tower,0,0,16,0,16,0,0,64,0,64,0,0,80,0,80,145,0,145,225
08/14/2001,TZR,OH,AGL,CE,Federal Contract Tower,0,0,21,2,23,0,0,44,0,44,0,0,65,2,67,163,0,163,230
08/15/2001,TZR,OH,AGL,CE,Federal Contract Tower,0,2,11,0,13,0,0,81,3,84,0,2,92,3,97,184,0,184,281
08/16/2001,TZR,OH,AGL,CE,Federal Contract Tower,0,0,11,0,11,0,0,40,0,40,0,0,51,0,51,124,0,124,175
08/17/2001,TZR,OH,AGL,CE,Federal Contract Tower,0,0,32,0,32,0,0,22,2,24,0,0,54,2,56,98,0,98,154
08/18/2001,TZR,OH,AGL,CE,Federal Contract Tower,0,0,12,0,12,0,0,42,0,42,0,0,54,0,54,204,0,204,258
08/19/2001,TZR,OH,AGL,CE,Federal Contract Tower,0,0,9,0,9,0,0,31,0,31,0,0,40,0,40,85,0,85,125
08/20/2001,TZR,OH,AGL,CE,Federal Contract Tower,0,0,5,0,5,0,0,22,0,22,0,0,27,0,27,100,0,100,127
08/21/2001,TZR,OH,AGL,CE,Federal Contract Tower,0,0,13,0,13,0,0,46,2,48,0,0,59,2,61,144,0,144,205
08/22/2001,TZR,OH,AGL,CE,Federal Contract Tower,0,0,7,0,7,0,0,37,2,39,0,0,44,2,46,54,0,54,100
08/23/2001,TZR,OH,AGL,CE,Federal Contract Tower,0,0,12,0,12,0,0,48,0,48,0,0,60,0,60,164,0,164,224
08/24/2001,TZR,OH,AGL,CE,Federal Contract Tower,0,0,20,0,20,0,0,35,0,35,0,0,55,0,55,224,0,224,279
08/25/2001,TZR,OH,AGL,CE,Federal Contract Tower,0,0,15,0,15,0,0,32,0,32,0,0,47,0,47,185,0,185,232
08/26/2001,TZR,OH,AGL,CE,Federal Contract Tower,0,0,9,0,9,0,0,6,0,6,0,0,15,0,15,73,0,73,88
08/27/2001,TZR,OH,AGL,CE,Federal Contract Tower,0,0,10,0,10,0,0,27,0,27,0,0,37,0,37,198,0,198,235
08/28/2001,TZR,OH,AGL,CE,Federal Contract Tower,0,0,12,0,12,0,0,65,1,66,0,0,77,1,78,267,0,267,345
08/29/2001,TZR,OH,AGL,CE,Federal Contract Tower,0,0,19,0,19,0,0,89,0,89,0,0,108,0,108,201,0,201,309
08/30/2001,TZR,OH,AGL,CE,Federal Contract Tower,0,0,16,0,16,0,0,131,1,132,0,0,147,1,148,328,0,328,476
08/31/2001,TZR,OH,AGL,CE,Federal Contract Tower,0,0,15,0,15,0,4,19,1,24,0,4,34,1,39,64,0,64,103
09/01/2001,TZR,OH,AGL,CE,Federal Contract Tower,0,0,6,0,6,0,0,116,0,116,0,0,122,0,122,318,0,318,440
09/02/2001,TZR,OH,AGL,CE,Federal Contract Tower,0,0,11,0,11,0,0,98,0,98,0,0,109,0,109,313,0,313,422
09/03/2001,TZR,OH,AGL,CE,Federal Contract Tower,0,0,12,0,12,0,0,111,0,111,0,0,123,0,123,269,0,269,392
09/04/2001,TZR,OH,AGL,CE,Federal Contract Tower,0,0,9,1,10,0,0,27,0,27,0,0,36,1,37,130,0,130,167
09/05/2001,TZR,OH,AGL,CE,Federal Contract Tower,0,0,17,0,17,0,0,79,4,83,0,0,96,4,100,198,0,198,298
09/06/2001,TZR,OH,AGL,CE,Federal Contract Tower,0,0,8,0,8,0,0,126,3,129,0,0,134,3,137,216,2,218,355
09/07/2001,TZR,OH,AGL,CE,Federal Contract Tower,0,0,13,0,13,0,0,91,0,91,0,0,104,0,104,180,0,180,284
09/08/2001,TZR,OH,AGL,CE,Federal Contract Tower,0,0,6,0,6,0,0,204,4,208,0,0,210,4,214,214,0,214,428
09/09/2001,TZR,OH,AGL,CE,Federal Contract Tower,0,0,3,0,3,0,0,109,0,109,0,0,112,0,112,309,0,309,421
09/10/2001,TZR,OH,AGL,CE,Federal Contract Tower,0,0,11,0,11,0,0,72,0,72,0,0,83,0,83,218,0,218,301
09/11/2001,TZR,OH,AGL,CE,Federal Contract Tower,0,0,0,0,0,0,0,11,0,11,0,0,11,0,11,10,0,10,21
09/12/2001,TZR,OH,AGL,CE,Federal Contract Tower,0,0,0,0,0,0,0,0,0,0,0,0,0,0,0,0,0,0,0
09/13/2001,TZR,OH,AGL,CE,Federal Contract Tower,0,0,0,0,0,0,0,0,0,0,0,0,0,0,0,0,0,0,0
09/14/2001,TZR,OH,AGL,CE,Federal Contract Tower,0,0,7,2,9,0,0,51,0,51,0,0,58,2,60,0,0,0,60
09/15/2001,TZR,OH,AGL,CE,Federal Contract Tower,0,0,0,0,0,0,0,58,2,60,0,0,58,2,60,0,0,0,60
09/16/2001,TZR,OH,AGL,CE,Federal Contract Tower,0,0,10,0,10,0,0,17,0,17,0,0,27,0,27,2,0,2,29
09/17/2001,TZR,OH,AGL,CE,Federal Contract Tower,0,2,17,0,19,0,0,6,0,6,0,2,23,0,25,0,0,0,25
09/18/2001,TZR,OH,AGL,CE,Federal Contract Tower,0,0,10,0,10,0,0,12,0,12,0,0,22,0,22,0,0,0,22
09/19/2001,TZR,OH,AGL,CE,Federal Contract Tower,0,0,15,0,15,0,0,9,0,9,0,0,24,0,24,26,0,26,50
09/20/2001,TZR,OH,AGL,CE,Federal Contract Tower,0,0,23,0,23,0,0,32,0,32,0,0,55,0,55,24,0,24,79
09/21/2001,TZR,OH,AGL,CE,Federal Contract Tower,0,0,11,0,11,0,0,12,0,12,0,0,23,0,23,12,0,12,35
09/22/2001,TZR,OH,AGL,CE,Federal Contract Tower,0,0,24,0,24,0,0,67,0,67,0,0,91,0,91,108,0,108,199
09/23/2001,TZR,OH,AGL,CE,Federal Contract Tower,0,0,12,0,12,0,0,89,0,89,0,0,101,0,101,94,0,94,195
09/24/2001,TZR,OH,AGL,CE,Federal Contract Tower,0,0,7,0,7,0,0,28,0,28,0,0,35,0,35,77,0,77,112
09/25/2001,TZR,OH,AGL,CE,Federal Contract Tower,0,0,6,0,6,0,0,52,0,52,0,0,58,0,58,124,0,124,182
09/26/2001,TZR,OH,AGL,CE,Federal Contract Tower,0,0,6,0,6,0,0,54,0,54,0,0,60,0,60,118,0,118,178
09/27/2001,TZR,OH,AGL,CE,Federal Contract Tower,0,0,14,0,14,0,0,80,0,80,0,0,94,0,94,210,0,210,304
09/28/2001,TZR,OH,AGL,CE,Federal Contract Tower,0,0,16,0,16,0,0,70,0,70,0,0,86,0,86,200,0,200,286
09/29/2001,TZR,OH,AGL,CE,Federal Contract Tower,0,0,15,0,15,0,0,100,0,100,0,0,115,0,115,190,0,190,305
09/30/2001,TZR,OH,AGL,CE,Federal Contract Tower,0,0,18,0,18,0,0,119,0,119,0,0,137,0,137,188,0,188,325
10/01/2001,TZR,OH,AGL,CE,Federal Contract Tower,0,0,11,0,11,0,0,111,2,113,0,0,122,2,124,202,0,202,326
10/02/2001,TZR,OH,AGL,CE,Federal Contract Tower,0,0,12,0,12,0,0,123,2,125,0,0,135,2,137,176,0,176,313
10/03/2001,TZR,OH,AGL,CE,Federal Contract Tower,0,0,19,0,19,0,0,80,0,80,0,0,99,0,99,116,0,116,215
10/04/2001,TZR,OH,AGL,CE,Federal Contract Tower,0,0,18,0,18,0,0,89,2,91,0,0,107,2,109,158,0,158,267
10/05/2001,TZR,OH,AGL,CE,Federal Contract Tower,0,0,15,0,15,0,0,25,0,25,0,0,40,0,40,32,0,32,72
10/06/2001,TZR,OH,AGL,CE,Federal Contract Tower,0,0,6,0,6,0,0,66,3,69,0,0,72,3,75,106,0,106,181
10/07/2001,TZR,OH,AGL,CE,Federal Contract Tower,0,0,6,0,6,0,0,95,0,95,0,0,101,0,101,132,0,132,233
10/08/2001,TZR,OH,AGL,CE,Federal Contract Tower,0,0,12,0,12,0,0,110,3,113,0,0,122,3,125,232,0,232,357
10/09/2001,TZR,OH,AGL,CE,Federal Contract Tower,0,0,12,0,12,0,0,91,0,91,0,0,103,0,103,162,0,162,265
10/10/2001,TZR,OH,AGL,CE,Federal Contract Tower,0,0,13,0,13,0,0,91,2,93,0,0,104,2,106,190,2,192,298
10/11/2001,TZR,OH,AGL,CE,Federal Contract Tower,0,2,9,0,11,0,0,58,2,60,0,2,67,2,71,139,0,139,210
10/12/2001,TZR,OH,AGL,CE,Federal Contract Tower,0,0,10,0,10,0,0,40,0,40,0,0,50,0,50,0,0,0,50
10/13/2001,TZR,OH,AGL,CE,Federal Contract Tower,0,0,5,0,5,0,0,61,0,61,0,0,66,0,66,94,0,94,160
10/14/2001,TZR,OH,AGL,CE,Federal Contract Tower,0,0,10,0,10,0,0,31,0,31,0,0,41,0,41,34,0,34,75
10/15/2001,TZR,OH,AGL,CE,Federal Contract Tower,0,3,9,0,12,0,0,88,0,88,0,3,97,0,100,176,0,176,276
10/16/2001,TZR,OH,AGL,CE,Federal Contract Tower,0,0,1,0,1,0,4,1,0,5,0,4,2,0,6,0,0,0,6
10/17/2001,TZR,OH,AGL,CE,Federal Contract Tower,0,0,13,1,14,0,0,68,3,71,0,0,81,4,85,24,0,24,109
10/18/2001,TZR,OH,AGL,CE,Federal Contract Tower,0,0,6,0,6,0,0,115,6,121,0,0,121,6,127,142,0,142,269
10/19/2001,TZR,OH,AGL,CE,Federal Contract Tower,0,0,12,0,12,0,0,58,0,58,0,0,70,0,70,132,0,132,202
10/20/2001,TZR,OH,AGL,CE,Federal Contract Tower,0,0,13,0,13,0,0,153,0,153,0,0,166,0,166,214,0,214,380
10/21/2001,TZR,OH,AGL,CE,Federal Contract Tower,0,2,9,0,11,0,0,101,0,101,0,2,110,0,112,140,0,140,252
10/22/2001,TZR,OH,AGL,CE,Federal Contract Tower,0,2,11,0,13,0,0,72,0,72,0,2,83,0,85,176,0,176,261
10/23/2001,TZR,OH,AGL,CE,Federal Contract Tower,0,0,4,0,4,0,0,26,0,26,0,0,30,0,30,84,0,84,114
10/24/2001,TZR,OH,AGL,CE,Federal Contract Tower,0,0,4,0,4,0,0,83,0,83,0,0,87,0,87,80,0,80,167
10/25/2001,TZR,OH,AGL,CE,Federal Contract Tower,0,0,4,0,4,0,0,10,0,10,0,0,14,0,14,0,0,0,14
10/26/2001,TZR,OH,AGL,CE,Federal Contract Tower,0,1,5,0,6,0,0,10,6,16,0,1,15,6,22,0,0,0,22
10/27/2001,TZR,OH,AGL,CE,Federal Contract Tower,0,0,7,0,7,0,0,53,0,53,0,0,60,0,60,102,0,102,162
10/28/2001,TZR,OH,AGL,CE,Federal Contract Tower,0,0,16,0,16,0,0,130,0,130,0,0,146,0,146,249,0,249,395
10/29/2001,TZR,OH,AGL,CE,Federal Contract Tower,0,0,20,0,20,0,0,65,0,65,0,0,85,0,85,234,0,234,319
10/30/2001,TZR,OH,AGL,CE,Federal Contract Tower,0,0,14,1,15,0,0,71,1,72,0,0,85,2,87,230,0,230,317
10/31/2001,TZR,OH,AGL,CE,Federal Contract Tower,0,1,17,0,18,0,0,82,0,82,0,1,99,0,100,310,0,310,410
11/01/2001,TZR,OH,AGL,CE,Federal Contract Tower,0,0,14,0,14,0,0,53,0,53,0,0,67,0,67,56,0,56,123
11/02/2001,TZR,OH,AGL,CE,Federal Contract Tower,0,0,18,0,18,0,0,50,0,50,0,0,68,0,68,74,0,74,142
11/03/2001,TZR,OH,AGL,CE,Federal Contract Tower,0,0,10,0,10,0,0,114,0,114,0,0,124,0,124,192,0,192,316
11/04/2001,TZR,OH,AGL,CE,Federal Contract Tower,0,0,3,0,3,0,0,95,0,95,0,0,98,0,98,146,0,146,244
11/05/2001,TZR,OH,AGL,CE,Federal Contract Tower,0,0,4,0,4,0,0,68,0,68,0,0,72,0,72,130,0,130,202
11/06/2001,TZR,OH,AGL,CE,Federal Contract Tower,0,0,25,0,25,0,0,97,0,97,0,0,122,0,122,312,0,312,434
11/07/2001,TZR,OH,AGL,CE,Federal Contract Tower,0,0,27,0,27,0,0,74,0,74,0,0,101,0,101,142,0,142,243
11/08/2001,TZR,OH,AGL,CE,Federal Contract Tower,0,0,8,0,8,0,0,60,0,60,0,0,68,0,68,162,0,162,230
11/09/2001,TZR,OH,AGL,CE,Federal Contract Tower,0,0,13,0,13,0,0,98,3,101,0,0,111,3,114,122,0,122,236
11/10/2001,TZR,OH,AGL,CE,Federal Contract Tower,0,0,6,0,6,0,0,68,0,68,0,0,74,0,74,136,0,136,210
11/11/2001,TZR,OH,AGL,CE,Federal Contract Tower,0,0,13,0,13,0,0,85,0,85,0,0,98,0,98,120,0,120,218
11/12/2001,TZR,OH,AGL,CE,Federal Contract Tower,0,0,18,0,18,0,0,74,0,74,0,0,92,0,92,192,0,192,284
11/13/2001,TZR,OH,AGL,CE,Federal Contract Tower,0,1,21,0,22,0,0,97,0,97,0,1,118,0,119,208,0,208,327
11/14/2001,TZR,OH,AGL,CE,Federal Contract Tower,0,0,18,0,18,0,0,53,0,53,0,0,71,0,71,129,0,129,200
11/15/2001,TZR,OH,AGL,CE,Federal Contract Tower,0,0,9,0,9,0,0,84,1,85,0,0,93,1,94,192,0,192,286
11/16/2001,TZR,OH,AGL,CE,Federal Contract Tower,0,0,25,0,25,0,0,84,0,84,0,0,109,0,109,226,0,226,335
11/17/2001,TZR,OH,AGL,CE,Federal Contract Tower,0,0,23,0,23,0,0,51,0,51,0,0,74,0,74,140,0,140,214
11/18/2001,TZR,OH,AGL,CE,Federal Contract Tower,0,0,14,0,14,0,0,141,0,141,0,0,155,0,155,228,0,228,383
11/19/2001,TZR,OH,AGL,CE,Federal Contract Tower,0,0,15,0,15,0,0,11,0,11,0,0,26,0,26,110,0,110,136
11/20/2001,TZR,OH,AGL,CE,Federal Contract Tower,0,1,19,0,20,0,0,54,0,54,0,1,73,0,74,140,0,140,214
11/21/2001,TZR,OH,AGL,CE,Federal Contract Tower,0,0,13,0,13,0,0,73,1,74,0,0,86,1,87,154,0,154,241
11/22/2001,TZR,OH,AGL,CE,Federal Contract Tower,0,0,2,0,2,0,0,45,1,46,0,0,47,1,48,90,0,90,138
11/23/2001,TZR,OH,AGL,CE,Federal Contract Tower,0,2,11,0,13,0,0,132,0,132,0,2,143,0,145,50,0,50,195
11/24/2001,TZR,OH,AGL,CE,Federal Contract Tower,0,0,11,0,11,0,0,24,0,24,0,0,35,0,35,4,0,4,39
11/25/2001,TZR,OH,AGL,CE,Federal Contract Tower,0,0,14,0,14,0,0,45,0,45,0,0,59,0,59,50,0,50,109
11/26/2001,TZR,OH,AGL,CE,Federal Contract Tower,0,0,13,0,13,0,0,73,0,73,0,0,86,0,86,110,0,110,196
11/27/2001,TZR,OH,AGL,CE,Federal Contract Tower,0,0,8,0,8,0,0,25,0,25,0,0,33,0,33,20,0,20,53
11/28/2001,TZR,OH,AGL,CE,Federal Contract Tower,0,0,11,0,11,0,0,0,0,0,0,0,11,0,11,6,0,6,17
11/29/2001,TZR,OH,AGL,CE,Federal Contract Tower,0,1,14,0,15,0,0,3,0,3,0,1,17,0,18,0,0,0,18
11/30/2001,TZR,OH,AGL,CE,Federal Contract Tower,0,0,16,0,16,0,0,23,3,26,0,0,39,3,42,54,0,54,96
12/01/2001,TZR,OH,AGL,CE,Federal Contract Tower,0,0,18,0,18,0,0,71,0,71,0,0,89,0,89,134,0,134,223
12/02/2001,TZR,OH,AGL,CE,Federal Contract Tower,0,0,13,0,13,0,0,123,0,123,0,0,136,0,136,268,0,268,404
12/03/2001,TZR,OH,AGL,CE,Federal Contract Tower,0,0,5,0,5,0,0,85,0,85,0,0,90,0,90,242,0,242,332
12/04/2001,TZR,OH,AGL,CE,Federal Contract Tower,0,0,17,0,17,0,0,78,0,78,0,0,95,0,95,350,0,350,445
12/05/2001,TZR,OH,AGL,CE,Federal Contract Tower,0,0,10,0,10,0,0,121,0,121,0,0,131,0,131,176,0,176,307
12/06/2001,TZR,OH,AGL,CE,Federal Contract Tower,0,0,31,0,31,0,0,28,0,28,0,0,59,0,59,80,0,80,139
12/07/2001,TZR,OH,AGL,CE,Federal Contract Tower,0,0,24,0,24,0,0,54,0,54,0,0,78,0,78,108,0,108,186
12/08/2001,TZR,OH,AGL,CE,Federal Contract Tower,0,0,10,0,10,0,0,29,0,29,0,0,39,0,39,86,0,86,125
12/09/2001,TZR,OH,AGL,CE,Federal Contract Tower,0,0,3,0,3,0,0,82,0,82,0,0,85,0,85,234,0,234,319
12/10/2001,TZR,OH,AGL,CE,Federal Contract Tower,0,0,13,0,13,0,0,88,0,88,0,0,101,0,101,281,0,281,382
12/11/2001,TZR,OH,AGL,CE,Federal Contract Tower,0,0,12,0,12,0,0,80,0,80,0,0,92,0,92,284,0,284,376
12/12/2001,TZR,OH,AGL,CE,Federal Contract Tower,0,0,22,0,22,0,0,67,0,67,0,0,89,0,89,194,0,194,283
12/13/2001,TZR,OH,AGL,CE,Federal Contract Tower,0,0,26,0,26,0,0,8,0,8,0,0,34,0,34,8,0,8,42
12/14/2001,TZR,OH,AGL,CE,Federal Contract Tower,0,0,10,0,10,0,0,1,0,1,0,0,11,0,11,12,0,12,23
12/15/2001,TZR,OH,AGL,CE,Federal Contract Tower,0,0,29,0,29,0,0,63,1,64,0,0,92,1,93,112,0,112,205
12/16/2001,TZR,OH,AGL,CE,Federal Contract Tower,0,0,14,0,14,0,0,68,0,68,0,0,82,0,82,116,0,116,198
12/17/2001,TZR,OH,AGL,CE,Federal Contract Tower,0,3,7,0,10,0,0,0,0,0,0,3,7,0,10,2,0,2,12
12/18/2001,TZR,OH,AGL,CE,Federal Contract Tower,0,0,13,0,13,0,0,90,0,90,0,0,103,0,103,154,0,154,257
12/19/2001,TZR,OH,AGL,CE,Federal Contract Tower,0,0,20,0,20,0,0,50,0,50,0,0,70,0,70,172,0,172,242
12/20/2001,TZR,OH,AGL,CE,Federal Contract Tower,0,0,10,0,10,0,0,44,0,44,0,0,54,0,54,26,0,26,80
12/21/2001,TZR,OH,AGL,CE,Federal Contract Tower,0,0,12,0,12,0,0,122,0,122,0,0,134,0,134,154,0,154,288
12/22/2001,TZR,OH,AGL,CE,Federal Contract Tower,0,0,0,0,0,0,0,125,0,125,0,0,125,0,125,178,0,178,303
12/23/2001,TZR,OH,AGL,CE,Federal Contract Tower,0,0,2,0,2,0,0,2,0,2,0,0,4,0,4,0,0,0,4
12/24/2001,TZR,OH,AGL,CE,Federal Contract Tower,0,0,1,0,1,0,0,24,0,24,0,0,25,0,25,0,0,0,25
12/25/2001,TZR,OH,AGL,CE,Federal Contract Tower,0,0,0,0,0,0,0,14,0,14,0,0,14,0,14,8,0,8,22
12/26/2001,TZR,OH,AGL,CE,Federal Contract Tower,0,0,13,0,13,0,0,53,0,53,0,0,66,0,66,192,0,192,258
12/27/2001,TZR,OH,AGL,CE,Federal Contract Tower,0,0,8,0,8,0,0,60,0,60,0,0,68,0,68,63,0,63,131
12/28/2001,TZR,OH,AGL,CE,Federal Contract Tower,0,0,9,0,9,0,0,19,0,19,0,0,28,0,28,92,2,94,122
12/29/2001,TZR,OH,AGL,CE,Federal Contract Tower,0,0,4,0,4,0,0,20,0,20,0,0,24,0,24,38,0,38,62
12/30/2001,TZR,OH,AGL,CE,Federal Contract Tower,0,0,1,0,1,0,0,73,0,73,0,0,74,0,74,64,0,64,138
12/31/2001,TZR,OH,AGL,CE,Federal Contract Tower,0,0,2,0,2,0,0,76,0,76,0,0,78,0,78,130,0,130,208
01/01/2002,TZR,OH,AGL,CE,Federal Contract Tower,0,0,9,0,9,0,0,47,0,47,0,0,56,0,56,80,0,80,136
01/02/2002,TZR,OH,AGL,CE,Federal Contract Tower,0,0,12,0,12,0,0,60,0,60,0,0,72,0,72,102,0,102,174
01/03/2002,TZR,OH,AGL,CE,Federal Contract Tower,0,0,14,0,14,0,0,77,4,81,0,0,91,4,95,92,0,92,187
01/04/2002,TZR,OH,AGL,CE,Federal Contract Tower,0,0,7,0,7,0,0,109,0,109,0,0,116,0,116,68,0,68,184
01/05/2002,TZR,OH,AGL,CE,Federal Contract Tower,0,0,13,0,13,0,0,92,0,92,0,0,105,0,105,189,0,189,294
01/06/2002,TZR,OH,AGL,CE,Federal Contract Tower,0,0,0,0,0,0,0,0,0,0,0,0,0,0,0,0,0,0,0
01/07/2002,TZR,OH,AGL,CE,Federal Contract Tower,0,0,8,0,8,0,0,26,0,26,0,0,34,0,34,6,0,6,40
01/08/2002,TZR,OH,AGL,CE,Federal Contract Tower,0,0,6,0,6,0,0,79,0,79,0,0,85,0,85,108,0,108,193
01/09/2002,TZR,OH,AGL,CE,Federal Contract Tower,0,0,13,0,13,0,0,63,20,83,0,0,76,20,96,102,20,122,218
01/10/2002,TZR,OH,AGL,CE,Federal Contract Tower,0,0,12,0,12,0,0,83,0,83,0,0,95,0,95,140,0,140,235
01/11/2002,TZR,OH,AGL,CE,Federal Contract Tower,0,0,19,0,19,0,0,56,0,56,0,0,75,0,75,98,0,98,173
01/12/2002,TZR,OH,AGL,CE,Federal Contract Tower,0,0,6,2,8,0,0,97,0,97,0,0,103,2,105,138,0,138,243
01/13/2002,TZR,OH,AGL,CE,Federal Contract Tower,0,0,4,0,4,0,0,88,4,92,0,0,92,4,96,122,0,122,218
01/14/2002,TZR,OH,AGL,CE,Federal Contract Tower,0,0,35,0,35,0,0,32,0,32,0,0,67,0,67,40,0,40,107
01/15/2002,TZR,OH,AGL,CE,Federal Contract Tower,0,0,10,0,10,0,0,29,0,29,0,0,39,0,39,20,0,20,59
01/16/2002,TZR,OH,AGL,CE,Federal Contract Tower,0,1,11,0,12,0,0,62,0,62,0,1,73,0,74,126,0,126,200
01/17/2002,TZR,OH,AGL,CE,Federal Contract Tower,0,0,10,0,10,0,0,60,0,60,0,0,70,0,70,132,0,132,202
01/18/2002,TZR,OH,AGL,CE,Federal Contract Tower,0,0,13,0,13,0,0,97,0,97,0,0,110,0,110,194,0,194,304
01/19/2002,TZR,OH,AGL,CE,Federal Contract Tower,0,0,5,0,5,0,0,0,0,0,0,0,5,0,5,6,0,6,11
01/20/2002,TZR,OH,AGL,CE,Federal Contract Tower,0,0,21,0,21,0,0,4,0,4,0,0,25,0,25,4,0,4,29
01/21/2002,TZR,OH,AGL,CE,Federal Contract Tower,0,0,8,0,8,0,0,20,0,20,0,0,28,0,28,56,0,56,84
01/22/2002,TZR,OH,AGL,CE,Federal Contract Tower,0,0,7,0,7,0,0,95,2,97,0,0,102,2,104,179,2,181,285
01/23/2002,TZR,OH,AGL,CE,Federal Contract Tower,0,0,7,0,7,0,0,6,0,6,0,0,13,0,13,0,0,0,13
01/24/2002,TZR,OH,AGL,CE,Federal Contract Tower,0,0,12,0,12,0,0,0,0,0,0,0,12,0,12,9,0,9,21
01/25/2002,TZR,OH,AGL,CE,Federal Contract Tower,0,0,9,0,9,0,0,73,4,77,0,0,82,4,86,152,0,152,238
01/26/2002,TZR,OH,AGL,CE,Federal Contract Tower,0,0,10,0,10,0,0,89,0,89,0,0,99,0,99,209,0,209,308
01/27/2002,TZR,OH,AGL,CE,Federal Contract Tower,0,0,21,0,21,0,0,70,0,70,0,0,91,0,91,198,0,198,289
01/28/2002,TZR,OH,AGL,CE,Federal Contract Tower,0,0,12,0,12,0,0,52,0,52,0,0,64,0,64,181,0,181,245
01/29/2002,TZR,OH,AGL,CE,Federal Contract Tower,0,1,11,8,20,0,1,69,0,70,0,2,80,8,90,98,0,98,188
01/30/2002,TZR,OH,AGL,CE,Federal Contract Tower,0,0,28,0,28,0,3,1,2,6,0,3,29,2,34,8,0,8,42
01/31/2002,TZR,OH,AGL,CE,Federal Contract Tower,0,0,10,0,10,0,0,44,0,44,0,0,54,0,54,90,0,90,144
02/01/2002,TZR,OH,AGL,CE,Federal Contract Tower,0,0,1,0,1,0,0,7,0,7,0,0,8,0,8,2,0,2,10
02/02/2002,TZR,OH,AGL,CE,Federal Contract Tower,0,0,8,0,8,0,0,86,0,86,0,0,94,0,94,194,0,194,288
02/03/2002,TZR,OH,AGL,CE,Federal Contract Tower,0,0,0,0,0,0,0,50,0,50,0,0,50,0,50,162,0,162,212
02/04/2002,TZR,OH,AGL,CE,Federal Contract Tower,0,0,4,0,4,0,0,14,0,14,0,0,18,0,18,13,2,15,33
02/05/2002,TZR,OH,AGL,CE,Federal Contract Tower,0,0,19,0,19,0,0,55,0,55,0,0,74,0,74,181,0,181,255
02/06/2002,TZR,OH,AGL,CE,Federal Contract Tower,0,0,17,0,17,0,0,77,0,77,0,0,94,0,94,118,0,118,212
02/07/2002,TZR,OH,AGL,CE,Federal Contract Tower,0,0,10,0,10,0,0,74,0,74,0,0,84,0,84,194,0,194,278
02/08/2002,TZR,OH,AGL,CE,Federal Contract Tower,0,0,6,0,6,0,0,52,0,52,0,0,58,0,58,82,0,82,140
02/09/2002,TZR,OH,AGL,CE,Federal Contract Tower,0,0,2,0,2,0,0,147,0,147,0,0,149,0,149,180,0,180,329
02/10/2002,TZR,OH,AGL,CE,Federal Contract Tower,0,0,7,0,7,0,0,29,0,29,0,0,36,0,36,94,0,94,130
02/11/2002,TZR,OH,AGL,CE,Federal Contract Tower,0,0,10,0,10,0,0,13,0,13,0,0,23,0,23,125,0,125,148
02/12/2002,TZR,OH,AGL,CE,Federal Contract Tower,0,0,8,0,8,0,0,37,0,37,0,0,45,0,45,12,0,12,57
02/13/2002,TZR,OH,AGL,CE,Federal Contract Tower,0,1,15,0,16,0,0,97,2,99,0,1,112,2,115,192,0,192,307
02/14/2002,TZR,OH,AGL,CE,Federal Contract Tower,0,0,24,0,24,0,0,126,0,126,0,0,150,0,150,84,0,84,234
02/15/2002,TZR,OH,AGL,CE,Federal Contract Tower,0,0,3,0,3,0,0,47,0,47,0,0,50,0,50,34,0,34,84
02/16/2002,TZR,OH,AGL,CE,Federal Contract Tower,0,0,6,0,6,0,0,32,0,32,0,0,38,0,38,64,0,64,102
02/17/2002,TZR,OH,AGL,CE,Federal Contract Tower,0,0,1,0,1,0,0,45,0,45,0,0,46,0,46,54,0,54,100
02/18/2002,TZR,OH,AGL,CE,Federal Contract Tower,0,0,13,0,13,0,0,82,0,82,0,0,95,0,95,62,0,62,157
02/19/2002,TZR,OH,AGL,CE,Federal Contract Tower,0,0,7,0,7,0,0,61,0,61,0,0,68,0,68,190,0,190,258
02/20/2002,TZR,OH,AGL,CE,Federal Contract Tower,0,0,7,0,7,0,0,23,0,23,0,0,30,0,30,36,0,36,66
02/21/2002,TZR,OH,AGL,CE,Federal Contract Tower,0,0,5,0,5,0,0,13,0,13,0,0,18,0,18,50,0,50,68
02/22/2002,TZR,OH,AGL,CE,Federal Contract Tower,0,0,13,0,13,0,2,46,2,50,0,2,59,2,63,83,0,83,146
02/23/2002,TZR,OH,AGL,CE,Federal Contract Tower,0,0,10,0,10,0,0,160,0,160,0,0,170,0,170,238,0,238,408
02/24/2002,TZR,OH,AGL,CE,Federal Contract Tower,0,0,7,0,7,0,0,123,0,123,0,0,130,0,130,184,0,184,314
02/25/2002,TZR,OH,AGL,CE,Federal Contract Tower,0,0,5,0,5,0,0,67,0,67,0,0,72,0,72,134,0,134,206
02/26/2002,TZR,OH,AGL,CE,Federal Contract Tower,0,2,8,0,10,0,0,0,0,0,0,2,8,0,10,14,0,14,24
02/27/2002,TZR,OH,AGL,CE,Federal Contract Tower,0,2,3,0,5,0,0,19,2,21,0,2,22,2,26,2,0,2,28
02/28/2002,TZR,OH,AGL,CE,Federal Contract Tower,0,0,22,0,22,0,0,76,0,76,0,0,98,0,98,90,0,90,188
03/01/2002,TZR,OH,AGL,CE,Federal Contract Tower,0,0,12,0,12,0,0,119,0,119,0,0,131,0,131,104,0,104,235
03/02/2002,TZR,OH,AGL,CE,Federal Contract Tower,0,0,7,0,7,0,0,37,1,38,0,0,44,1,45,52,0,52,97
03/03/2002,TZR,OH,AGL,CE,Federal Contract Tower,0,0,2,0,2,0,0,0,0,0,0,0,2,0,2,2,0,2,4
03/04/2002,TZR,OH,AGL,CE,Federal Contract Tower,0,0,9,0,9,0,0,24,0,24,0,0,33,0,33,2,0,2,35
03/05/2002,TZR,OH,AGL,CE,Federal Contract Tower,0,0,15,0,15,0,0,0,0,0,0,0,15,0,15,120,0,120,135
03/06/2002,TZR,OH,AGL,CE,Federal Contract Tower,0,0,14,0,14,0,0,48,1,49,0,0,62,1,63,38,0,38,101
03/07/2002,TZR,OH,AGL,CE,Federal Contract Tower,0,0,28,0,28,0,0,77,1,78,0,0,105,1,106,252,0,252,358
03/08/2002,TZR,OH,AGL,CE,Federal Contract Tower,0,0,8,0,8,0,0,91,2,93,0,0,99,2,101,86,0,86,187
03/09/2002,TZR,OH,AGL,CE,Federal Contract Tower,0,0,2,0,2,0,0,5,1,6,0,0,7,1,8,8,0,8,16
03/10/2002,TZR,OH,AGL,CE,Federal Contract Tower,0,0,2,0,2,0,0,19,2,21,0,0,21,2,23,2,0,2,25
03/11/2002,TZR,OH,AGL,CE,Federal Contract Tower,0,0,6,0,6,0,0,80,0,80,0,0,86,0,86,200,0,200,286
03/12/2002,TZR,OH,AGL,CE,Federal Contract Tower,0,0,6,0,6,0,0,31,0,31,0,0,37,0,37,62,0,62,99
03/13/2002,TZR,OH,AGL,CE,Federal Contract Tower,0,0,21,0,21,0,0,85,0,85,0,0,106,0,106,188,0,188,294
03/14/2002,TZR,OH,AGL,CE,Federal Contract Tower,0,1,26,0,27,0,0,92,0,92,0,1,118,0,119,177,0,177,296
03/15/2002,TZR,OH,AGL,CE,Federal Contract Tower,0,0,30,0,30,0,1,39,0,40,0,1,69,0,70,56,0,56,126
03/16/2002,TZR,OH,AGL,CE,Federal Contract Tower,0,0,10,0,10,0,0,65,1,66,0,0,75,1,76,92,0,92,168
03/17/2002,TZR,OH,AGL,CE,Federal Contract Tower,0,0,8,0,8,0,0,19,0,19,0,0,27,0,27,14,0,14,41
03/18/2002,TZR,OH,AGL,CE,Federal Contract Tower,0,0,15,0,15,0,0,55,0,55,0,0,70,0,70,190,0,190,260
03/19/2002,TZR,OH,AGL,CE,Federal Contract Tower,0,0,12,0,12,0,0,71,0,71,0,0,83,0,83,132,0,132,215
03/20/2002,TZR,OH,AGL,CE,Federal Contract Tower,0,1,31,0,32,0,0,8,0,8,0,1,39,0,40,10,2,12,52
03/21/2002,TZR,OH,AGL,CE,Federal Contract Tower,0,3,10,0,13,0,0,58,3,61,0,3,68,3,74,68,0,68,142
03/22/2002,TZR,OH,AGL,CE,Federal Contract Tower,0,0,12,0,12,0,0,37,0,37,0,0,49,0,49,62,0,62,111
03/23/2002,TZR,OH,AGL,CE,Federal Contract Tower,0,0,7,0,7,0,0,89,0,89,0,0,96,0,96,82,0,82,178
03/24/2002,TZR,OH,AGL,CE,Federal Contract Tower,0,0,10,0,10,0,0,63,0,63,0,0,73,0,73,104,0,104,177
03/25/2002,TZR,OH,AGL,CE,Federal Contract Tower,0,0,1,0,1,0,0,0,0,0,0,0,1,0,1,0,0,0,1
03/26/2002,TZR,OH,AGL,CE,Federal Contract Tower,0,0,2,0,2,0,0,0,0,0,0,0,2,0,2,0,0,0,2
03/27/2002,TZR,OH,AGL,CE,Federal Contract Tower,0,0,20,0,20,0,0,66,0,66,0,0,86,0,86,120,0,120,206
03/28/2002,TZR,OH,AGL,CE,Federal Contract Tower,0,0,10,0,10,0,0,69,0,69,0,0,79,0,79,86,0,86,165
03/29/2002,TZR,OH,AGL,CE,Federal Contract Tower,0,0,7,0,7,0,0,54,0,54,0,0,61,0,61,138,0,138,199
03/30/2002,TZR,OH,AGL,CE,Federal Contract Tower,0,0,11,0,11,0,0,106,0,106,0,0,117,0,117,126,0,126,243
03/31/2002,TZR,OH,AGL,CE,Federal Contract Tower,0,0,6,0,6,0,0,69,0,69,0,0,75,0,75,152,0,152,227
04/01/2002,TZR,OH,AGL,CE,Federal Contract Tower,0,0,16,0,16,0,0,92,0,92,0,0,108,0,108,85,0,85,193
04/02/2002,TZR,OH,AGL,CE,Federal Contract Tower,0,0,1,0,1,0,0,33,0,33,0,0,34,0,34,60,0,60,94
04/03/2002,TZR,OH,AGL,CE,Federal Contract Tower,0,0,17,0,17,0,0,36,2,38,0,0,53,2,55,68,4,72,127
04/04/2002,TZR,OH,AGL,CE,Federal Contract Tower,0,0,18,0,18,0,0,66,2,68,0,0,84,2,86,164,0,164,250
04/05/2002,TZR,OH,AGL,CE,Federal Contract Tower,0,2,15,0,17,0,0,75,0,75,0,2,90,0,92,76,0,76,168
04/06/2002,TZR,OH,AGL,CE,Federal Contract Tower,0,0,14,0,14,0,0,101,0,101,0,0,115,0,115,220,0,220,335
04/07/2002,TZR,OH,AGL,CE,Federal Contract Tower,0,0,3,0,3,0,0,183,0,183,0,0,186,0,186,140,0,140,326
04/08/2002,TZR,OH,AGL,CE,Federal Contract Tower,0,0,8,0,8,0,0,84,0,84,0,0,92,0,92,0,0,0,92
04/09/2002,TZR,OH,AGL,CE,Federal Contract Tower,0,0,17,0,17,0,2,74,4,80,0,2,91,4,97,53,0,53,150
04/10/2002,TZR,OH,AGL,CE,Federal Contract Tower,0,0,18,0,18,0,0,160,0,160,0,0,178,0,178,203,0,203,381
04/11/2002,TZR,OH,AGL,CE,Federal Contract Tower,0,0,21,0,21,0,0,196,0,196,0,0,217,0,217,239,0,239,456
04/12/2002,TZR,OH,AGL,CE,Federal Contract Tower,0,0,9,0,9,0,0,62,0,62,0,0,71,0,71,33,0,33,104
04/13/2002,TZR,OH,AGL,CE,Federal Contract Tower,0,2,11,0,13,0,0,47,3,50,0,2,58,3,63,86,0,86,149
04/14/2002,TZR,OH,AGL,CE,Federal Contract Tower,0,0,6,0,6,0,0,0,0,0,0,0,6,0,6,46,0,46,52
04/15/2002,TZR,OH,AGL,CE,Federal Contract Tower,0,0,6,0,6,0,0,98,0,98,0,0,104,0,104,60,0,60,164
04/16/2002,TZR,OH,AGL,CE,Federal Contract Tower,0,0,14,0,14,0,0,79,2,81,0,0,93,2,95,24,0,24,119
04/17/2002,TZR,OH,AGL,CE,Federal Contract Tower,0,1,21,0,22,0,0,73,2,75,0,1,94,2,97,111,0,111,208
04/18/2002,TZR,OH,AGL,CE,Federal Contract Tower,0,0,0,0,0,0,0,111,0,111,0,0,111,0,111,120,0,120,231
04/19/2002,TZR,OH,AGL,CE,Federal Contract Tower,0,0,18,0,18,0,0,42,0,42,0,0,60,0,60,32,0,32,92
04/20/2002,TZR,OH,AGL,CE,Federal Contract Tower,0,0,25,0,25,0,0,44,0,44,0,0,69,0,69,190,0,190,259
04/21/2002,TZR,OH,AGL,CE,Federal Contract Tower,0,0,11,0,11,0,0,5,0,5,0,0,16,0,16,8,0,8,24
04/22/2002,TZR,OH,AGL,CE,Federal Contract Tower,0,0,7,0,7,0,0,31,0,31,0,0,38,0,38,12,0,12,50
04/23/2002,TZR,OH,AGL,CE,Federal Contract Tower,0,0,12,0,12,0,0,143,0,143,0,0,155,0,155,102,0,102,257
04/24/2002,TZR,OH,AGL,CE,Federal Contract Tower,0,0,6,0,6,0,0,95,0,95,0,0,101,0,101,85,0,85,186
04/25/2002,TZR,OH,AGL,CE,Federal Contract Tower,0,0,16,0,16,0,0,76,0,76,0,0,92,0,92,30,0,30,122
04/26/2002,TZR,OH,AGL,CE,Federal Contract Tower,0,0,16,0,16,0,0,104,0,104,0,0,120,0,120,92,0,92,212
04/27/2002,TZR,OH,AGL,CE,Federal Contract Tower,0,0,9,0,9,0,0,65,0,65,0,0,74,0,74,102,0,102,176
04/28/2002,TZR,OH,AGL,CE,Federal Contract Tower,0,0,2,0,2,0,0,6,0,6,0,0,8,0,8,8,0,8,16
04/29/2002,TZR,OH,AGL,CE,Federal Contract Tower,0,0,24,0,24,0,0,51,0,51,0,0,75,0,75,56,0,56,131
04/30/2002,TZR,OH,AGL,CE,Federal Contract Tower,0,0,10,0,10,0,2,75,1,78,0,2,85,1,88,66,0,66,154
05/01/2002,TZR,OH,AGL,CE,Federal Contract Tower,0,2,11,0,13,0,0,72,0,72,0,2,83,0,85,42,0,42,127
05/02/2002,TZR,OH,AGL,CE,Federal Contract Tower,0,0,17,0,17,0,0,71,0,71,0,0,88,0,88,54,0,54,142
05/03/2002,TZR,OH,AGL,CE,Federal Contract Tower,0,0,19,0,19,0,0,113,0,113,0,0,132,0,132,51,0,51,183
05/04/2002,TZR,OH,AGL,CE,Federal Contract Tower,0,0,6,0,6,0,0,114,0,114,0,0,120,0,120,96,0,96,216
05/05/2002,TZR,OH,AGL,CE,Federal Contract Tower,0,0,10,0,10,0,0,94,1,95,0,0,104,1,105,102,0,102,207
05/06/2002,TZR,OH,AGL,CE,Federal Contract Tower,0,0,1,0,1,0,0,19,0,19,0,0,20,0,20,22,0,22,42
05/07/2002,TZR,OH,AGL,CE,Federal Contract Tower,0,0,7,0,7,0,0,66,0,66,0,0,73,0,73,90,0,90,163
05/08/2002,TZR,OH,AGL,CE,Federal Contract Tower,0,0,21,0,21,0,0,18,0,18,0,0,39,0,39,16,0,16,55
05/09/2002,TZR,OH,AGL,CE,Federal Contract Tower,0,0,16,0,16,0,0,30,0,30,0,0,46,0,46,66,0,66,112
05/10/2002,TZR,OH,AGL,CE,Federal Contract Tower,0,0,19,0,19,0,0,115,3,118,0,0,134,3,137,142,0,142,279
05/11/2002,TZR,OH,AGL,CE,Federal Contract Tower,0,0,6,0,6,0,0,136,0,136,0,0,142,0,142,213,0,213,355
05/12/2002,TZR,OH,AGL,CE,Federal Contract Tower,0,0,1,0,1,0,0,11,0,11,0,0,12,0,12,22,0,22,34
05/13/2002,TZR,OH,AGL,CE,Federal Contract Tower,0,0,0,0,0,0,2,8,0,10,0,2,8,0,10,0,0,0,10
05/14/2002,TZR,OH,AGL,CE,Federal Contract Tower,0,0,25,0,25,0,0,70,4,74,0,0,95,4,99,88,0,88,187
05/15/2002,TZR,OH,AGL,CE,Federal Contract Tower,0,0,9,0,9,0,0,116,0,116,0,0,125,0,125,150,0,150,275
05/16/2002,TZR,OH,AGL,CE,Federal Contract Tower,0,1,6,0,7,0,0,82,0,82,0,1,88,0,89,195,0,195,284
05/17/2002,TZR,OH,AGL,CE,Federal Contract Tower,0,0,15,0,15,0,0,26,0,26,0,0,41,0,41,45,0,45,86
05/18/2002,TZR,OH,AGL,CE,Federal Contract Tower,0,0,12,0,12,0,0,82,8,90,0,0,94,8,102,181,0,181,283
05/19/2002,TZR,OH,AGL,CE,Federal Contract Tower,0,0,10,0,10,0,0,112,0,112,0,0,122,0,122,193,0,193,315
05/20/2002,TZR,OH,AGL,CE,Federal Contract Tower,0,0,18,0,18,0,0,73,0,73,0,0,91,0,91,99,0,99,190
05/21/2002,TZR,OH,AGL,CE,Federal Contract Tower,0,0,22,0,22,0,0,74,4,78,0,0,96,4,100,223,0,223,323
05/22/2002,TZR,OH,AGL,CE,Federal Contract Tower,0,0,0,0,0,0,0,144,0,144,0,0,144,0,144,22,0,22,166
05/23/2002,TZR,OH,AGL,CE,Federal Contract Tower,0,0,24,0,24,0,0,119,0,119,0,0,143,0,143,177,0,177,320
05/24/2002,TZR,OH,AGL,CE,Federal Contract Tower,0,0,15,0,15,0,0,80,0,80,0,0,95,0,95,137,0,137,232
05/25/2002,TZR,OH,AGL,CE,Federal Contract Tower,0,0,17,0,17,0,0,41,0,41,0,0,58,0,58,29,0,29,87
05/26/2002,TZR,OH,AGL,CE,Federal Contract Tower,0,0,13,0,13,0,0,137,0,137,0,0,150,0,150,180,0,180,330
05/27/2002,TZR,OH,AGL,CE,Federal Contract Tower,0,0,3,0,3,0,0,124,4,128,0,0,127,4,131,146,0,146,277
05/28/2002,TZR,OH,AGL,CE,Federal Contract Tower,0,0,9,0,9,0,0,41,2,43,0,0,50,2,52,69,0,69,121
05/29/2002,TZR,OH,AGL,CE,Federal Contract Tower,0,0,21,0,21,0,0,15,2,17,0,0,36,2,38,40,0,40,78
05/30/2002,TZR,OH,AGL,CE,Federal Contract Tower,0,0,24,0,24,0,0,55,0,55,0,0,79,0,79,185,0,185,264
05/31/2002,TZR,OH,AGL,CE,Federal Contract Tower,0,0,16,0,16,0,0,76,0,76,0,0,92,0,92,80,0,80,172
06/01/2002,TZR,OH,AGL,CE,Federal Contract Tower,0,0,9,0,9,0,0,182,0,182,0,0,191,0,191,199,0,199,390
06/02/2002,TZR,OH,AGL,CE,Federal Contract Tower,0,0,13,0,13,0,0,104,0,104,0,0,117,0,117,117,0,117,234
06/03/2002,TZR,OH,AGL,CE,Federal Contract Tower,0,0,13,0,13,0,0,55,0,55,0,0,68,0,68,89,0,89,157
06/04/2002,TZR,OH,AGL,CE,Federal Contract Tower,0,0,16,0,16,0,0,42,0,42,0,0,58,0,58,150,0,150,208
06/05/2002,TZR,OH,AGL,CE,Federal Contract Tower,0,0,19,0,19,0,0,44,0,44,0,0,63,0,63,30,0,30,93
06/06/2002,TZR,OH,AGL,CE,Federal Contract Tower,0,0,30,0,30,0,0,2,0,2,0,0,32,0,32,24,0,24,56
06/07/2002,TZR,OH,AGL,CE,Federal Contract Tower,0,0,22,0,22,0,0,118,0,118,0,0,140,0,140,247,0,247,387
06/08/2002,TZR,OH,AGL,CE,Federal Contract Tower,0,0,11,0,11,0,0,136,0,136,0,0,147,0,147,250,0,250,397
06/09/2002,TZR,OH,AGL,CE,Federal Contract Tower,0,0,18,0,18,0,0,125,0,125,0,0,143,0,143,270,0,270,413
06/10/2002,TZR,OH,AGL,CE,Federal Contract Tower,0,0,8,0,8,0,0,82,0,82,0,0,90,0,90,190,0,190,280
06/11/2002,TZR,OH,AGL,CE,Federal Contract Tower,0,0,13,0,13,0,0,83,0,83,0,0,96,0,96,82,0,82,178
06/12/2002,TZR,OH,AGL,CE,Federal Contract Tower,0,0,13,0,13,0,0,67,10,77,0,0,80,10,90,122,8,130,220
06/13/2002,TZR,OH,AGL,CE,Federal Contract Tower,0,1,27,0,28,0,0,22,0,22,0,1,49,0,50,84,0,84,134
06/14/2002,TZR,OH,AGL,CE,Federal Contract Tower,0,0,6,0,6,0,0,61,4,65,0,0,67,4,71,93,0,93,164
06/15/2002,TZR,OH,AGL,CE,Federal Contract Tower,0,0,1,0,1,0,0,58,0,58,0,0,59,0,59,48,0,48,107
06/16/2002,TZR,OH,AGL,CE,Federal Contract Tower,0,0,11,0,11,0,0,125,0,125,0,0,136,0,136,155,0,155,291
06/17/2002,TZR,OH,AGL,CE,Federal Contract Tower,0,0,29,0,29,0,0,76,0,76,0,0,105,0,105,197,0,197,302
06/18/2002,TZR,OH,AGL,CE,Federal Contract Tower,0,2,10,0,12,0,0,105,0,105,0,2,115,0,117,192,0,192,309
06/19/2002,TZR,OH,AGL,CE,Federal Contract Tower,0,0,22,0,22,0,1,84,2,87,0,1,106,2,109,148,0,148,257
06/20/2002,TZR,OH,AGL,CE,Federal Contract Tower,0,0,9,0,9,0,1,112,0,113,0,1,121,0,122,156,0,156,278
06/21/2002,TZR,OH,AGL,CE,Federal Contract Tower,0,0,22,0,22,0,0,90,0,90,0,0,112,0,112,131,0,131,243
06/22/2002,TZR,OH,AGL,CE,Federal Contract Tower,0,0,7,0,7,0,0,175,0,175,0,0,182,0,182,194,0,194,376
06/23/2002,TZR,OH,AGL,CE,Federal Contract Tower,0,0,14,0,14,0,0,173,0,173,0,0,187,0,187,188,0,188,375
06/24/2002,TZR,OH,AGL,CE,Federal Contract Tower,0,0,8,0,8,0,0,87,0,87,0,0,95,0,95,180,0,180,275
06/25/2002,TZR,OH,AGL,CE,Federal Contract Tower,0,0,12,0,12,0,0,101,0,101,0,0,113,0,113,199,0,199,312
06/26/2002,TZR,OH,AGL,CE,Federal Contract Tower,0,0,25,0,25,0,0,71,2,73,0,0,96,2,98,234,0,234,332
06/27/2002,TZR,OH,AGL,CE,Federal Contract Tower,0,3,10,0,13,0,0,55,0,55,0,3,65,0,68,78,0,78,146
06/28/2002,TZR,OH,AGL,CE,Federal Contract Tower,0,1,26,0,27,0,0,65,0,65,0,1,91,0,92,132,0,132,224
06/29/2002,TZR,OH,AGL,CE,Federal Contract Tower,0,0,20,0,20,0,0,169,1,170,0,0,189,1,190,140,0,140,330
06/30/2002,TZR,OH,AGL,CE,Federal Contract Tower,0,0,12,0,12,0,0,78,0,78,0,0,90,0,90,98,0,98,188
07/01/2002,TZR,OH,AGL,CE,Federal Contract Tower,0,0,30,0,30,0,0,65,0,65,0,0,95,0,95,115,0,115,210
07/02/2002,TZR,OH,AGL,CE,Federal Contract Tower,0,0,14,0,14,0,0,107,6,113,0,0,121,6,127,136,0,136,263
07/03/2002,TZR,OH,AGL,CE,Federal Contract Tower,0,1,31,0,32,0,0,136,2,138,0,1,167,2,170,247,0,247,417
07/04/2002,TZR,OH,AGL,CE,Federal Contract Tower,0,0,8,0,8,0,0,144,0,144,0,0,152,0,152,197,0,197,349
07/05/2002,TZR,OH,AGL,CE,Federal Contract Tower,0,0,18,0,18,0,0,133,0,133,0,0,151,0,151,147,0,147,298
07/06/2002,TZR,OH,AGL,CE,Federal Contract Tower,0,0,5,0,5,0,0,107,0,107,0,0,112,0,112,99,0,99,211
07/07/2002,TZR,OH,AGL,CE,Federal Contract Tower,0,0,6,0,6,0,0,86,0,86,0,0,92,0,92,48,0,48,140
07/08/2002,TZR,OH,AGL,CE,Federal Contract Tower,0,0,17,0,17,0,0,88,4,92,0,0,105,4,109,160,0,160,269
07/09/2002,TZR,OH,AGL,CE,Federal Contract Tower,0,0,12,0,12,0,0,68,0,68,0,0,80,0,80,62,0,62,142
07/10/2002,TZR,OH,AGL,CE,Federal Contract Tower,0,0,16,0,16,0,0,49,0,49,0,0,65,0,65,72,0,72,137
07/11/2002,TZR,OH,AGL,CE,Federal Contract Tower,0,0,16,0,16,0,0,52,2,54,0,0,68,2,70,62,0,62,132
07/12/2002,TZR,OH,AGL,CE,Federal Contract Tower,0,0,14,0,14,0,0,83,6,89,0,0,97,6,103,124,0,124,227
07/13/2002,TZR,OH,AGL,CE,Federal Contract Tower,0,0,6,0,6,0,0,84,0,84,0,0,90,0,90,72,0,72,162
07/14/2002,TZR,OH,AGL,CE,Federal Contract Tower,0,0,9,0,9,0,0,60,1,61,0,0,69,1,70,44,0,44,114
07/15/2002,TZR,OH,AGL,CE,Federal Contract Tower,0,1,22,0,23,0,0,76,0,76,0,1,98,0,99,248,0,248,347
07/16/2002,TZR,OH,AGL,CE,Federal Contract Tower,0,0,15,0,15,0,0,127,0,127,0,0,142,0,142,167,0,167,309
07/17/2002,TZR,OH,AGL,CE,Federal Contract Tower,0,0,19,0,19,0,0,78,8,86,0,0,97,8,105,197,0,197,302
07/18/2002,TZR,OH,AGL,CE,Federal Contract Tower,0,1,19,0,20,0,0,19,1,20,0,1,38,1,40,46,0,46,86
07/19/2002,TZR,OH,AGL,CE,Federal Contract Tower,0,0,21,0,21,0,0,65,0,65,0,0,86,0,86,34,0,34,120
07/20/2002,TZR,OH,AGL,CE,Federal Contract Tower,0,0,19,0,19,0,0,107,8,115,0,0,126,8,134,162,0,162,296
07/21/2002,TZR,OH,AGL,CE,Federal Contract Tower,0,0,16,0,16,0,0,90,0,90,0,0,106,0,106,88,0,88,194
07/22/2002,TZR,OH,AGL,CE,Federal Contract Tower,0,0,11,0,11,0,0,65,0,65,0,0,76,0,76,122,0,122,198
07/23/2002,TZR,OH,AGL,CE,Federal Contract Tower,0,0,18,0,18,0,0,66,0,66,0,0,84,0,84,48,0,48,132
07/24/2002,TZR,OH,AGL,CE,Federal Contract Tower,0,0,10,0,10,0,0,122,0,122,0,0,132,0,132,217,0,217,349
07/25/2002,TZR,OH,AGL,CE,Federal Contract Tower,0,2,12,0,14,0,0,174,0,174,0,2,186,0,188,344,0,344,532
07/26/2002,TZR,OH,AGL,CE,Federal Contract Tower,0,0,27,0,27,0,1,101,0,102,0,1,128,0,129,156,0,156,285
07/27/2002,TZR,OH,AGL,CE,Federal Contract Tower,0,0,3,0,3,0,0,139,0,139,0,0,142,0,142,119,0,119,261
07/28/2002,TZR,OH,AGL,CE,Federal Contract Tower,0,0,11,0,11,0,0,115,0,115,0,0,126,0,126,134,0,134,260
07/29/2002,TZR,OH,AGL,CE,Federal Contract Tower,0,0,10,0,10,0,0,68,0,68,0,0,78,0,78,112,0,112,190
07/30/2002,TZR,OH,AGL,CE,Federal Contract Tower,0,0,26,0,26,0,0,65,0,65,0,0,91,0,91,36,0,36,127
07/31/2002,TZR,OH,AGL,CE,Federal Contract Tower,0,0,20,0,20,0,0,116,0,116,0,0,136,0,136,197,0,197,333
08/01/2002,TZR,OH,AGL,CE,Federal Contract Tower,0,0,7,0,7,0,0,228,0,228,0,0,235,0,235,344,0,344,579
08/02/2002,TZR,OH,AGL,CE,Federal Contract Tower,0,1,19,0,20,0,0,146,4,150,0,1,165,4,170,236,0,236,406
08/03/2002,TZR,OH,AGL,CE,Federal Contract Tower,0,0,24,0,24,0,0,139,0,139,0,0,163,0,163,183,0,183,346
08/04/2002,TZR,OH,AGL,CE,Federal Contract Tower,0,0,2,0,2,0,0,104,0,104,0,0,106,0,106,265,0,265,371
08/05/2002,TZR,OH,AGL,CE,Federal Contract Tower,0,0,15,0,15,0,0,66,0,66,0,0,81,0,81,16,0,16,97
08/06/2002,TZR,OH,AGL,CE,Federal Contract Tower,0,0,16,0,16,0,0,146,0,146,0,0,162,0,162,102,0,102,264
08/07/2002,TZR,OH,AGL,CE,Federal Contract Tower,0,0,16,0,16,0,0,136,0,136,0,0,152,0,152,141,0,141,293
08/08/2002,TZR,OH,AGL,CE,Federal Contract Tower,0,0,20,0,20,0,0,147,4,151,0,0,167,4,171,190,0,190,361
08/09/2002,TZR,OH,AGL,CE,Federal Contract Tower,0,0,15,0,15,0,0,169,6,175,0,0,184,6,190,115,0,115,305
08/10/2002,TZR,OH,AGL,CE,Federal Contract Tower,0,0,12,0,12,0,0,112,10,122,0,0,124,10,134,184,0,184,318
08/11/2002,TZR,OH,AGL,CE,Federal Contract Tower,0,0,12,0,12,0,0,144,10,154,0,0,156,10,166,254,0,254,420
08/12/2002,TZR,OH,AGL,CE,Federal Contract Tower,0,0,10,0,10,0,0,93,0,93,0,0,103,0,103,186,0,186,289
08/13/2002,TZR,OH,AGL,CE,Federal Contract Tower,0,2,10,4,16,0,0,71,1,72,0,2,81,5,88,78,0,78,166
08/14/2002,TZR,OH,AGL,CE,Federal Contract Tower,0,1,4,0,5,0,0,84,3,87,0,1,88,3,92,136,0,136,228
08/15/2002,TZR,OH,AGL,CE,Federal Contract Tower,0,0,14,0,14,0,0,141,0,141,0,0,155,0,155,244,0,244,399
08/16/2002,TZR,OH,AGL,CE,Federal Contract Tower,0,0,10,0,10,0,0,176,8,184,0,0,186,8,194,415,0,415,609
08/17/2002,TZR,OH,AGL,CE,Federal Contract Tower,0,0,11,0,11,0,0,135,6,141,0,0,146,6,152,388,0,388,540
08/18/2002,TZR,OH,AGL,CE,Federal Contract Tower,0,0,7,0,7,0,0,114,0,114,0,0,121,0,121,134,0,134,255
08/19/2002,TZR,OH,AGL,CE,Federal Contract Tower,0,0,20,0,20,0,0,35,0,35,0,0,55,0,55,104,0,104,159
08/20/2002,TZR,OH,AGL,CE,Federal Contract Tower,0,2,21,0,23,0,0,176,0,176,0,2,197,0,199,182,0,182,381
08/21/2002,TZR,OH,AGL,CE,Federal Contract Tower,0,0,15,0,15,0,0,168,1,169,0,0,183,1,184,246,0,246,430
08/22/2002,TZR,OH,AGL,CE,Federal Contract Tower,0,0,10,0,10,0,0,139,0,139,0,0,149,0,149,290,0,290,439
08/23/2002,TZR,OH,AGL,CE,Federal Contract Tower,0,0,12,0,12,0,0,152,2,154,0,0,164,2,166,344,8,352,518
08/24/2002,TZR,OH,AGL,CE,Federal Contract Tower,0,0,15,0,15,0,0,135,0,135,0,0,150,0,150,146,0,146,296
08/25/2002,TZR,OH,AGL,CE,Federal Contract Tower,0,1,14,0,15,0,0,154,0,154,0,1,168,0,169,282,0,282,451
08/26/2002,TZR,OH,AGL,CE,Federal Contract Tower,0,0,23,0,23,0,0,127,0,127,0,0,150,0,150,200,0,200,350
08/27/2002,TZR,OH,AGL,CE,Federal Contract Tower,0,0,4,0,4,0,0,126,0,126,0,0,130,0,130,122,0,122,252
08/28/2002,TZR,OH,AGL,CE,Federal Contract Tower,0,0,10,0,10,0,0,97,1,98,0,0,107,1,108,155,0,155,263
08/29/2002,TZR,OH,AGL,CE,Federal Contract Tower,0,0,19,0,19,0,0,109,1,110,0,0,128,1,129,184,0,184,313
08/30/2002,TZR,OH,AGL,CE,Federal Contract Tower,0,0,16,0,16,0,0,129,6,135,0,0,145,6,151,224,2,226,377
08/31/2002,TZR,OH,AGL,CE,Federal Contract Tower,0,0,4,0,4,0,0,159,0,159,0,0,163,0,163,389,0,389,552
09/01/2002,TZR,OH,AGL,CE,Federal Contract Tower,0,0,0,0,0,0,0,122,0,122,0,0,122,0,122,292,0,292,414
09/02/2002,TZR,OH,AGL,CE,Federal Contract Tower,0,0,12,0,12,0,0,122,0,122,0,0,134,0,134,227,0,227,361
09/03/2002,TZR,OH,AGL,CE,Federal Contract Tower,0,0,8,0,8,0,0,78,2,80,0,0,86,2,88,224,0,224,312
09/04/2002,TZR,OH,AGL,CE,Federal Contract Tower,0,0,13,0,13,0,0,136,0,136,0,0,149,0,149,240,0,240,389
09/05/2002,TZR,OH,AGL,CE,Federal Contract Tower,0,0,8,0,8,0,0,115,0,115,0,0,123,0,123,286,0,286,409
09/06/2002,TZR,OH,AGL,CE,Federal Contract Tower,0,0,14,0,14,0,0,112,0,112,0,0,126,0,126,299,0,299,425
09/07/2002,TZR,OH,AGL,CE,Federal Contract Tower,0,0,9,0,9,0,0,202,0,202,0,0,211,0,211,304,0,304,515
09/08/2002,TZR,OH,AGL,CE,Federal Contract Tower,0,0,9,0,9,0,0,152,0,152,0,0,161,0,161,279,0,279,440
09/09/2002,TZR,OH,AGL,CE,Federal Contract Tower,0,2,9,0,11,0,0,75,0,75,0,2,84,0,86,228,0,228,314
09/10/2002,TZR,OH,AGL,CE,Federal Contract Tower,0,0,13,2,15,0,0,102,4,106,0,0,115,6,121,186,0,186,307
09/11/2002,TZR,OH,AGL,CE,Federal Contract Tower,0,0,10,0,10,0,0,76,4,80,0,0,86,4,90,106,0,106,196
09/12/2002,TZR,OH,AGL,CE,Federal Contract Tower,0,0,9,0,9,0,0,160,0,160,0,0,169,0,169,288,0,288,457
09/13/2002,TZR,OH,AGL,CE,Federal Contract Tower,0,0,5,0,5,0,0,119,0,119,0,0,124,0,124,182,0,182,306
09/14/2002,TZR,OH,AGL,CE,Federal Contract Tower,0,0,20,0,20,0,0,135,0,135,0,0,155,0,155,164,0,164,319
09/15/2002,TZR,OH,AGL,CE,Federal Contract Tower,0,0,1,0,1,0,0,23,0,23,0,0,24,0,24,52,0,52,76
09/16/2002,TZR,OH,AGL,CE,Federal Contract Tower,0,0,13,0,13,0,0,39,2,41,0,0,52,2,54,70,0,70,124
09/17/2002,TZR,OH,AGL,CE,Federal Contract Tower,0,0,9,0,9,0,0,51,0,51,0,0,60,0,60,125,0,125,185
09/18/2002,TZR,OH,AGL,CE,Federal Contract Tower,0,1,11,0,12,0,0,31,4,35,0,1,42,4,47,182,0,182,229
09/19/2002,TZR,OH,AGL,CE,Federal Contract Tower,0,0,14,0,14,0,0,60,2,62,0,0,74,2,76,102,0,102,178
09/20/2002,TZR,OH,AGL,CE,Federal Contract Tower,0,0,6,0,6,0,0,31,0,31,0,0,37,0,37,54,0,54,91
09/21/2002,TZR,OH,AGL,CE,Federal Contract Tower,0,0,4,0,4,0,0,90,0,90,0,0,94,0,94,102,0,102,196
09/22/2002,TZR,OH,AGL,CE,Federal Contract Tower,0,0,5,0,5,0,0,47,0,47,0,0,52,0,52,98,0,98,150
09/23/2002,TZR,OH,AGL,CE,Federal Contract Tower,0,0,8,0,8,0,0,84,0,84,0,0,92,0,92,224,0,224,316
09/24/2002,TZR,OH,AGL,CE,Federal Contract Tower,0,0,9,0,9,0,0,61,2,63,0,0,70,2,72,133,0,133,205
09/25/2002,TZR,OH,AGL,CE,Federal Contract Tower,0,2,15,0,17,0,0,65,0,65,0,2,80,0,82,175,0,175,257
09/26/2002,TZR,OH,AGL,CE,Federal Contract Tower,0,0,32,0,32,0,0,14,0,14,0,0,46,0,46,31,0,31,77
09/27/2002,TZR,OH,AGL,CE,Federal Contract Tower,0,0,11,0,11,0,0,10,0,10,0,0,21,0,21,6,0,6,27
09/28/2002,TZR,OH,AGL,CE,Federal Contract Tower,0,0,22,0,22,0,0,141,0,141,0,0,163,0,163,82,0,82,245
09/29/2002,TZR,OH,AGL,CE,Federal Contract Tower,0,0,2,0,2,0,0,79,0,79,0,0,81,0,81,133,0,133,214
09/30/2002,TZR,OH,AGL,CE,Federal Contract Tower,0,0,2,0,2,0,0,58,0,58,0,0,60,0,60,194,0,194,254
10/01/2002,TZR,OH,AGL,CE,Federal Contract Tower,0,0,13,0,13,0,0,53,0,53,0,0,66,0,66,174,0,174,240
10/02/2002,TZR,OH,AGL,CE,Federal Contract Tower,0,0,21,0,21,0,0,45,4,49,0,0,66,4,70,124,4,128,198
10/03/2002,TZR,OH,AGL,CE,Federal Contract Tower,0,0,12,0,12,0,0,31,2,33,0,0,43,2,45,47,0,47,92
10/04/2002,TZR,OH,AGL,CE,Federal Contract Tower,0,0,5,0,5,0,0,12,0,12,0,0,17,0,17,33,0,33,50
10/05/2002,TZR,OH,AGL,CE,Federal Contract Tower,0,0,16,0,16,0,2,145,0,147,0,2,161,0,163,146,0,146,309
10/06/2002,TZR,OH,AGL,CE,Federal Contract Tower,0,0,4,4,8,0,0,121,0,121,0,0,125,4,129,176,0,176,305
10/07/2002,TZR,OH,AGL,CE,Federal Contract Tower,0,0,12,0,12,0,0,72,0,72,0,0,84,0,84,182,0,182,266
10/08/2002,TZR,OH,AGL,CE,Federal Contract Tower,0,0,34,0,34,0,0,0,2,2,0,0,34,2,36,125,2,127,163
10/09/2002,TZR,OH,AGL,CE,Federal Contract Tower,0,0,13,0,13,0,0,55,4,59,0,0,68,4,72,132,0,132,204
10/10/2002,TZR,OH,AGL,CE,Federal Contract Tower,0,0,20,0,20,0,0,45,2,47,0,0,65,2,67,188,0,188,255
10/11/2002,TZR,OH,AGL,CE,Federal Contract Tower,0,0,22,0,22,0,0,24,0,24,0,0,46,0,46,20,0,20,66
10/12/2002,TZR,OH,AGL,CE,Federal Contract Tower,0,0,20,0,20,0,0,126,0,126,0,0,146,0,146,195,0,195,341
10/13/2002,TZR,OH,AGL,CE,Federal Contract Tower,0,0,10,0,10,0,0,36,0,36,0,0,46,0,46,44,0,44,90
10/14/2002,TZR,OH,AGL,CE,Federal Contract Tower,0,0,17,0,17,0,0,91,0,91,0,0,108,0,108,149,0,149,257
10/15/2002,TZR,OH,AGL,CE,Federal Contract Tower,0,0,13,0,13,0,0,55,0,55,0,0,68,0,68,158,6,164,232
10/16/2002,TZR,OH,AGL,CE,Federal Contract Tower,0,0,20,0,20,0,0,35,0,35,0,0,55,0,55,34,0,34,89
10/17/2002,TZR,OH,AGL,CE,Federal Contract Tower,0,0,18,0,18,0,0,60,0,60,0,0,78,0,78,158,0,158,236
10/18/2002,TZR,OH,AGL,CE,Federal Contract Tower,0,0,10,0,10,0,0,80,0,80,0,0,90,0,90,156,0,156,246
10/19/2002,TZR,OH,AGL,CE,Federal Contract Tower,0,0,4,0,4,0,0,42,0,42,0,0,46,0,46,17,0,17,63
10/20/2002,TZR,OH,AGL,CE,Federal Contract Tower,0,0,15,0,15,0,0,65,0,65,0,0,80,0,80,180,0,180,260
10/21/2002,TZR,OH,AGL,CE,Federal Contract Tower,0,0,15,0,15,0,0,121,0,121,0,0,136,0,136,180,0,180,316
10/22/2002,TZR,OH,AGL,CE,Federal Contract Tower,0,0,29,0,29,0,0,83,0,83,0,0,112,0,112,94,0,94,206
10/23/2002,TZR,OH,AGL,CE,Federal Contract Tower,0,0,20,0,20,0,0,36,0,36,0,0,56,0,56,89,0,89,145
10/24/2002,TZR,OH,AGL,CE,Federal Contract Tower,0,0,18,0,18,0,0,48,2,50,0,0,66,2,68,164,4,168,236
10/25/2002,TZR,OH,AGL,CE,Federal Contract Tower,0,0,10,0,10,0,0,3,0,3,0,0,13,0,13,6,0,6,19
10/26/2002,TZR,OH,AGL,CE,Federal Contract Tower,0,0,26,0,26,0,0,0,0,0,0,0,26,0,26,68,0,68,94
10/27/2002,TZR,OH,AGL,CE,Federal Contract Tower,0,0,10,0,10,0,0,70,0,70,0,0,80,0,80,245,0,245,325
10/28/2002,TZR,OH,AGL,CE,Federal Contract Tower,0,0,14,0,14,0,0,104,4,108,0,0,118,4,122,164,0,164,286
10/29/2002,TZR,OH,AGL,CE,Federal Contract Tower,0,0,10,0,10,0,0,3,0,3,0,0,13,0,13,0,0,0,13
10/30/2002,TZR,OH,AGL,CE,Federal Contract Tower,0,0,12,0,12,0,0,31,6,37,0,0,43,6,49,4,6,10,59
10/31/2002,TZR,OH,AGL,CE,Federal Contract Tower,0,0,15,0,15,0,0,136,0,136,0,0,151,0,151,104,0,104,255
11/01/2002,TZR,OH,AGL,CE,Federal Contract Tower,0,1,11,0,12,0,1,53,0,54,0,2,64,0,66,27,0,27,93
11/02/2002,TZR,OH,AGL,CE,Federal Contract Tower,0,5,5,0,10,0,0,134,0,134,0,5,139,0,144,227,0,227,371
11/03/2002,TZR,OH,AGL,CE,Federal Contract Tower,0,5,5,0,10,0,0,140,0,140,0,5,145,0,150,185,0,185,335
11/04/2002,TZR,OH,AGL,CE,Federal Contract Tower,0,0,11,0,11,0,0,21,0,21,0,0,32,0,32,48,0,48,80
11/05/2002,TZR,OH,AGL,CE,Federal Contract Tower,0,0,29,0,29,0,0,27,0,27,0,0,56,0,56,16,0,16,72
11/06/2002,TZR,OH,AGL,CE,Federal Contract Tower,0,0,11,0,11,0,0,22,0,22,0,0,33,0,33,14,0,14,47
11/07/2002,TZR,OH,AGL,CE,Federal Contract Tower,0,0,12,0,12,0,0,54,16,70,0,0,66,16,82,169,0,169,251
11/08/2002,TZR,OH,AGL,CE,Federal Contract Tower,0,2,10,0,12,0,0,73,2,75,0,2,83,2,87,145,0,145,232
11/09/2002,TZR,OH,AGL,CE,Federal Contract Tower,0,0,5,0,5,0,0,90,0,90,0,0,95,0,95,103,0,103,198
11/10/2002,TZR,OH,AGL,CE,Federal Contract Tower,0,0,5,0,5,0,0,7,0,7,0,0,12,0,12,55,0,55,67
11/11/2002,TZR,OH,AGL,CE,Federal Contract Tower,0,0,11,0,11,0,0,71,0,71,0,0,82,0,82,85,0,85,167
11/12/2002,TZR,OH,AGL,CE,Federal Contract Tower,0,0,8,0,8,0,0,65,2,67,0,0,73,2,75,50,0,50,125
11/13/2002,TZR,OH,AGL,CE,Federal Contract Tower,0,2,16,0,18,0,0,128,0,128,0,2,144,0,146,160,0,160,306
11/14/2002,TZR,OH,AGL,CE,Federal Contract Tower,0,2,15,0,17,0,0,97,5,102,0,2,112,5,119,166,0,166,285
11/15/2002,TZR,OH,AGL,CE,Federal Contract Tower,0,0,17,0,17,0,0,33,0,33,0,0,50,0,50,90,0,90,140
11/16/2002,TZR,OH,AGL,CE,Federal Contract Tower,0,0,4,0,4,0,0,7,0,7,0,0,11,0,11,32,0,32,43
11/17/2002,TZR,OH,AGL,CE,Federal Contract Tower,0,0,2,0,2,0,0,18,4,22,0,0,20,4,24,6,0,6,30
11/18/2002,TZR,OH,AGL,CE,Federal Contract Tower,0,0,6,0,6,0,0,89,0,89,0,0,95,0,95,150,0,150,245
11/19/2002,TZR,OH,AGL,CE,Federal Contract Tower,0,0,12,0,12,0,0,46,0,46,0,0,58,0,58,24,0,24,82
11/20/2002,TZR,OH,AGL,CE,Federal Contract Tower,0,1,19,0,20,0,1,108,0,109,0,2,127,0,129,184,0,184,313
11/21/2002,TZR,OH,AGL,CE,Federal Contract Tower,0,0,17,0,17,0,0,41,0,41,0,0,58,0,58,88,0,88,146
11/22/2002,TZR,OH,AGL,CE,Federal Contract Tower,0,2,6,0,8,0,0,15,0,15,0,2,21,0,23,0,0,0,23
11/23/2002,TZR,OH,AGL,CE,Federal Contract Tower,0,0,9,0,9,0,0,280,1,281,0,0,289,1,290,202,0,202,492
11/24/2002,TZR,OH,AGL,CE,Federal Contract Tower,0,0,5,0,5,0,0,176,0,176,0,0,181,0,181,190,0,190,371
11/25/2002,TZR,OH,AGL,CE,Federal Contract Tower,0,0,9,0,9,0,0,69,0,69,0,0,78,0,78,62,0,62,140
11/26/2002,TZR,OH,AGL,CE,Federal Contract Tower,0,0,15,0,15,0,0,64,0,64,0,0,79,0,79,86,0,86,165
11/27/2002,TZR,OH,AGL,CE,Federal Contract Tower,0,0,6,0,6,0,0,89,0,89,0,0,95,0,95,90,0,90,185
11/28/2002,TZR,OH,AGL,CE,Federal Contract Tower,0,0,6,0,6,0,0,61,0,61,0,0,67,0,67,2,0,2,69
11/29/2002,TZR,OH,AGL,CE,Federal Contract Tower,0,0,4,0,4,0,0,71,0,71,0,0,75,0,75,4,0,4,79
11/30/2002,TZR,OH,AGL,CE,Federal Contract Tower,0,0,3,0,3,0,0,2,0,2,0,0,5,0,5,2,0,2,7
12/01/2002,TZR,OH,AGL,CE,Federal Contract Tower,0,0,6,0,6,0,0,89,0,89,0,0,95,0,95,102,0,102,197
12/02/2002,TZR,OH,AGL,CE,Federal Contract Tower,0,0,2,0,2,0,0,79,0,79,0,0,81,0,81,184,0,184,265
12/03/2002,TZR,OH,AGL,CE,Federal Contract Tower,0,0,10,0,10,0,0,83,0,83,0,0,93,0,93,76,0,76,169
12/04/2002,TZR,OH,AGL,CE,Federal Contract Tower,0,0,11,0,11,0,0,75,0,75,0,0,86,0,86,100,0,100,186
12/05/2002,TZR,OH,AGL,CE,Federal Contract Tower,0,0,10,0,10,0,0,38,2,40,0,0,48,2,50,52,0,52,102
12/06/2002,TZR,OH,AGL,CE,Federal Contract Tower,0,0,15,0,15,0,0,90,0,90,0,0,105,0,105,155,0,155,260
12/07/2002,TZR,OH,AGL,CE,Federal Contract Tower,0,0,14,0,14,0,0,43,0,43,0,0,57,0,57,20,0,20,77
12/08/2002,TZR,OH,AGL,CE,Federal Contract Tower,0,0,10,0,10,0,0,84,1,85,0,0,94,1,95,24,0,24,119
12/09/2002,TZR,OH,AGL,CE,Federal Contract Tower,0,0,12,0,12,0,0,130,0,130,0,0,142,0,142,194,0,194,336
12/10/2002,TZR,OH,AGL,CE,Federal Contract Tower,0,0,15,0,15,0,0,106,0,106,0,0,121,0,121,68,0,68,189
12/11/2002,TZR,OH,AGL,CE,Federal Contract Tower,0,0,5,0,5,0,0,1,0,1,0,0,6,0,6,0,0,0,6
12/12/2002,TZR,OH,AGL,CE,Federal Contract Tower,0,0,7,0,7,0,0,0,2,2,0,0,7,2,9,0,0,0,9
12/13/2002,TZR,OH,AGL,CE,Federal Contract Tower,0,2,9,0,11,0,0,20,0,20,0,2,29,0,31,14,0,14,45
12/14/2002,TZR,OH,AGL,CE,Federal Contract Tower,0,0,1,0,1,0,0,6,0,6,0,0,7,0,7,10,0,10,17
12/15/2002,TZR,OH,AGL,CE,Federal Contract Tower,0,0,15,0,15,0,0,47,0,47,0,0,62,0,62,124,0,124,186
12/16/2002,TZR,OH,AGL,CE,Federal Contract Tower,0,0,15,0,15,0,0,107,0,107,0,0,122,0,122,186,0,186,308
12/17/2002,TZR,OH,AGL,CE,Federal Contract Tower,0,0,5,0,5,0,0,42,3,45,0,0,47,3,50,64,0,64,114
12/18/2002,TZR,OH,AGL,CE,Federal Contract Tower,0,0,8,0,8,0,0,98,2,100,0,0,106,2,108,46,0,46,154
12/19/2002,TZR,OH,AGL,CE,Federal Contract Tower,0,0,3,0,3,0,0,3,0,3,0,0,6,0,6,0,0,0,6
12/20/2002,TZR,OH,AGL,CE,Federal Contract Tower,0,0,6,0,6,0,0,38,0,38,0,0,44,0,44,22,0,22,66
12/21/2002,TZR,OH,AGL,CE,Federal Contract Tower,0,0,4,0,4,0,0,90,16,106,0,0,94,16,110,66,0,66,176
12/22/2002,TZR,OH,AGL,CE,Federal Contract Tower,0,0,3,0,3,0,0,52,0,52,0,0,55,0,55,78,0,78,133
12/23/2002,TZR,OH,AGL,CE,Federal Contract Tower,0,0,9,0,9,0,0,82,0,82,0,0,91,0,91,60,0,60,151
12/24/2002,TZR,OH,AGL,CE,Federal Contract Tower,0,0,2,0,2,0,0,32,0,32,0,0,34,0,34,16,0,16,50
12/25/2002,TZR,OH,AGL,CE,Federal Contract Tower,0,0,0,0,0,0,0,4,0,4,0,0,4,0,4,10,0,10,14
12/26/2002,TZR,OH,AGL,CE,Federal Contract Tower,0,0,3,0,3,0,0,24,0,24,0,0,27,0,27,44,0,44,71
12/27/2002,TZR,OH,AGL,CE,Federal Contract Tower,0,0,12,0,12,0,0,44,0,44,0,0,56,0,56,114,0,114,170
12/28/2002,TZR,OH,AGL,CE,Federal Contract Tower,0,0,6,0,6,0,0,52,0,52,0,0,58,0,58,74,0,74,132
12/29/2002,TZR,OH,AGL,CE,Federal Contract Tower,0,0,13,0,13,0,0,69,0,69,0,0,82,0,82,96,0,96,178
12/30/2002,TZR,OH,AGL,CE,Federal Contract Tower,0,0,6,0,6,0,0,13,0,13,0,0,19,0,19,28,0,28,47
12/31/2002,TZR,OH,AGL,CE,Federal Contract Tower,0,2,14,0,16,0,0,12,2,14,0,2,26,2,30,8,0,8,38
01/01/2003,TZR,OH,AGL,CE,Federal Contract Tower,0,0,0,0,0,0,0,0,0,0,0,0,0,0,0,0,0,0,0
01/02/2003,TZR,OH,AGL,CE,Federal Contract Tower,0,0,0,0,0,0,0,1,0,1,0,0,1,0,1,0,0,0,1
01/03/2003,TZR,OH,AGL,CE,Federal Contract Tower,0,0,8,0,8,0,0,15,0,15,0,0,23,0,23,6,0,6,29
01/04/2003,TZR,OH,AGL,CE,Federal Contract Tower,0,0,2,0,2,0,0,68,0,68,0,0,70,0,70,126,0,126,196
01/05/2003,TZR,OH,AGL,CE,Federal Contract Tower,0,0,3,0,3,0,0,0,0,0,0,0,3,0,3,0,0,0,3
01/06/2003,TZR,OH,AGL,CE,Federal Contract Tower,0,0,0,0,0,0,0,28,0,28,0,0,28,0,28,0,0,0,28
01/07/2003,TZR,OH,AGL,CE,Federal Contract Tower,0,0,16,0,16,0,0,76,0,76,0,0,92,0,92,40,0,40,132
01/08/2003,TZR,OH,AGL,CE,Federal Contract Tower,0,0,21,0,21,0,0,133,2,135,0,0,154,2,156,80,0,80,236
01/09/2003,TZR,OH,AGL,CE,Federal Contract Tower,0,0,16,0,16,0,0,87,0,87,0,0,103,0,103,52,0,52,155
01/10/2003,TZR,OH,AGL,CE,Federal Contract Tower,0,0,11,2,13,0,0,25,0,25,0,0,36,2,38,6,0,6,44
01/11/2003,TZR,OH,AGL,CE,Federal Contract Tower,0,0,3,0,3,0,0,89,2,91,0,0,92,2,94,128,0,128,222
01/12/2003,TZR,OH,AGL,CE,Federal Contract Tower,0,0,14,0,14,0,0,121,0,121,0,0,135,0,135,140,0,140,275
01/13/2003,TZR,OH,AGL,CE,Federal Contract Tower,0,2,13,0,15,0,0,68,0,68,0,2,81,0,83,72,0,72,155
01/14/2003,TZR,OH,AGL,CE,Federal Contract Tower,0,0,5,0,5,0,0,17,2,19,0,0,22,2,24,18,0,18,42
01/15/2003,TZR,OH,AGL,CE,Federal Contract Tower,0,0,17,0,17,0,0,100,0,100,0,0,117,0,117,78,0,78,195
01/16/2003,TZR,OH,AGL,CE,Federal Contract Tower,0,1,9,0,10,0,0,14,0,14,0,1,23,0,24,10,0,10,34
01/17/2003,TZR,OH,AGL,CE,Federal Contract Tower,0,0,16,0,16,0,0,59,0,59,0,0,75,0,75,96,0,96,171
01/18/2003,TZR,OH,AGL,CE,Federal Contract Tower,0,0,6,0,6,0,0,121,0,121,0,0,127,0,127,110,0,110,237
01/19/2003,TZR,OH,AGL,CE,Federal Contract Tower,0,0,4,0,4,0,0,63,0,63,0,0,67,0,67,72,0,72,139
01/20/2003,TZR,OH,AGL,CE,Federal Contract Tower,0,0,15,0,15,0,0,56,0,56,0,0,71,0,71,104,0,104,175
01/21/2003,TZR,OH,AGL,CE,Federal Contract Tower,0,0,16,0,16,0,0,46,2,48,0,0,62,2,64,108,0,108,172
01/22/2003,TZR,OH,AGL,CE,Federal Contract Tower,0,0,15,2,17,0,0,52,3,55,0,0,67,5,72,74,0,74,146
01/23/2003,TZR,OH,AGL,CE,Federal Contract Tower,0,0,10,0,10,0,0,43,0,43,0,0,53,0,53,26,0,26,79
01/24/2003,TZR,OH,AGL,CE,Federal Contract Tower,0,0,19,0,19,0,0,86,2,88,0,0,105,2,107,102,0,102,209
01/25/2003,TZR,OH,AGL,CE,Federal Contract Tower,0,0,15,0,15,0,0,146,0,146,0,0,161,0,161,132,0,132,293
01/26/2003,TZR,OH,AGL,CE,Federal Contract Tower,0,0,1,0,1,0,0,0,0,0,0,0,1,0,1,0,0,0,1
01/27/2003,TZR,OH,AGL,CE,Federal Contract Tower,0,0,9,0,9,0,0,87,0,87,0,0,96,0,96,218,0,218,314
01/28/2003,TZR,OH,AGL,CE,Federal Contract Tower,0,0,3,0,3,0,0,22,0,22,0,0,25,0,25,16,0,16,41
01/29/2003,TZR,OH,AGL,CE,Federal Contract Tower,0,0,7,0,7,0,2,13,0,15,0,2,20,0,22,28,0,28,50
01/30/2003,TZR,OH,AGL,CE,Federal Contract Tower,0,0,9,0,9,0,1,85,0,86,0,1,94,0,95,164,0,164,259
01/31/2003,TZR,OH,AGL,CE,Federal Contract Tower,0,0,15,0,15,0,0,61,0,61,0,0,76,0,76,90,0,90,166
02/01/2003,TZR,OH,AGL,CE,Federal Contract Tower,0,0,5,0,5,0,0,6,0,6,0,0,11,0,11,4,0,4,15
02/02/2003,TZR,OH,AGL,CE,Federal Contract Tower,0,0,14,0,14,0,0,74,0,74,0,0,88,0,88,96,0,96,184
02/03/2003,TZR,OH,AGL,CE,Federal Contract Tower,0,0,12,0,12,0,0,50,0,50,0,0,62,0,62,158,0,158,220
02/04/2003,TZR,OH,AGL,CE,Federal Contract Tower,0,0,1,0,1,0,0,14,4,18,0,0,15,4,19,0,0,0,19
02/05/2003,TZR,OH,AGL,CE,Federal Contract Tower,0,0,14,0,14,0,0,88,0,88,0,0,102,0,102,91,0,91,193
02/06/2003,TZR,OH,AGL,CE,Federal Contract Tower,0,0,21,0,21,0,0,4,0,4,0,0,25,0,25,0,0,0,25
02/07/2003,TZR,OH,AGL,CE,Federal Contract Tower,0,0,6,0,6,0,0,60,0,60,0,0,66,0,66,42,0,42,108
02/08/2003,TZR,OH,AGL,CE,Federal Contract Tower,0,0,13,0,13,0,0,153,0,153,0,0,166,0,166,112,0,112,278
02/09/2003,TZR,OH,AGL,CE,Federal Contract Tower,0,0,3,0,3,0,0,77,0,77,0,0,80,0,80,160,0,160,240
02/10/2003,TZR,OH,AGL,CE,Federal Contract Tower,0,2,3,0,5,0,0,1,0,1,0,2,4,0,6,0,0,0,6
02/11/2003,TZR,OH,AGL,CE,Federal Contract Tower,0,0,5,0,5,0,0,38,0,38,0,0,43,0,43,4,0,4,47
02/12/2003,TZR,OH,AGL,CE,Federal Contract Tower,0,0,15,0,15,0,0,57,6,63,0,0,72,6,78,28,0,28,106
02/13/2003,TZR,OH,AGL,CE,Federal Contract Tower,0,0,20,0,20,0,0,101,0,101,0,0,121,0,121,82,0,82,203
02/14/2003,TZR,OH,AGL,CE,Federal Contract Tower,0,0,4,0,4,0,0,53,0,53,0,0,57,0,57,24,0,24,81
02/15/2003,TZR,OH,AGL,CE,Federal Contract Tower,0,0,2,0,2,0,0,5,0,5,0,0,7,0,7,0,0,0,7
02/16/2003,TZR,OH,AGL,CE,Federal Contract Tower,0,0,1,0,1,0,0,0,0,0,0,0,1,0,1,0,0,0,1
02/17/2003,TZR,OH,AGL,CE,Federal Contract Tower,0,0,0,0,0,0,0,0,0,0,0,0,0,0,0,0,0,0,0
02/18/2003,TZR,OH,AGL,CE,Federal Contract Tower,0,0,3,0,3,0,0,22,2,24,0,0,25,2,27,0,0,0,27
02/19/2003,TZR,OH,AGL,CE,Federal Contract Tower,0,0,7,0,7,0,0,1,0,1,0,0,8,0,8,0,0,0,8
02/20/2003,TZR,OH,AGL,CE,Federal Contract Tower,0,0,14,0,14,0,0,65,0,65,0,0,79,0,79,86,0,86,165
02/21/2003,TZR,OH,AGL,CE,Federal Contract Tower,0,0,16,0,16,0,0,24,0,24,0,0,40,0,40,52,0,52,92
02/22/2003,TZR,OH,AGL,CE,Federal Contract Tower,0,0,11,0,11,0,0,0,0,0,0,0,11,0,11,0,0,0,11
02/23/2003,TZR,OH,AGL,CE,Federal Contract Tower,0,0,6,0,6,0,0,29,0,29,0,0,35,0,35,22,0,22,57
02/24/2003,TZR,OH,AGL,CE,Federal Contract Tower,0,0,19,0,19,0,0,0,0,0,0,0,19,0,19,18,0,18,37
02/25/2003,TZR,OH,AGL,CE,Federal Contract Tower,0,0,21,0,21,0,0,88,2,90,0,0,109,2,111,118,0,118,229
02/26/2003,TZR,OH,AGL,CE,Federal Contract Tower,0,0,16,0,16,0,0,105,4,109,0,0,121,4,125,152,0,152,277
02/27/2003,TZR,OH,AGL,CE,Federal Contract Tower,0,0,12,0,12,0,0,61,6,67,0,0,73,6,79,96,0,96,175
02/28/2003,TZR,OH,AGL,CE,Federal Contract Tower,0,0,17,0,17,0,0,85,0,85,0,0,102,0,102,102,0,102,204
03/01/2003,TZR,OH,AGL,CE,Federal Contract Tower,0,0,7,0,7,0,0,0,0,0,0,0,7,0,7,0,0,0,7
03/02/2003,TZR,OH,AGL,CE,Federal Contract Tower,0,0,7,0,7,0,0,14,3,17,0,0,21,3,24,66,0,66,90
03/03/2003,TZR,OH,AGL,CE,Federal Contract Tower,0,0,6,0,6,0,0,111,0,111,0,0,117,0,117,126,0,126,243
03/04/2003,TZR,OH,AGL,CE,Federal Contract Tower,0,0,15,0,15,0,0,95,2,97,0,0,110,2,112,126,0,126,238
03/05/2003,TZR,OH,AGL,CE,Federal Contract Tower,0,0,9,0,9,0,0,0,0,0,0,0,9,0,9,0,0,0,9
03/06/2003,TZR,OH,AGL,CE,Federal Contract Tower,0,0,6,0,6,0,0,58,0,58,0,0,64,0,64,60,0,60,124
03/07/2003,TZR,OH,AGL,CE,Federal Contract Tower,0,2,11,0,13,0,0,55,1,56,0,2,66,1,69,38,0,38,107
03/08/2003,TZR,OH,AGL,CE,Federal Contract Tower,0,0,5,0,5,0,0,170,0,170,0,0,175,0,175,182,0,182,357
03/09/2003,TZR,OH,AGL,CE,Federal Contract Tower,0,0,5,0,5,0,0,94,0,94,0,0,99,0,99,70,0,70,169
03/10/2003,TZR,OH,AGL,CE,Federal Contract Tower,0,0,6,0,6,0,0,115,0,115,0,0,121,0,121,66,0,66,187
03/11/2003,TZR,OH,AGL,CE,Federal Contract Tower,0,0,8,0,8,0,0,136,2,138,0,0,144,2,146,178,0,178,324
03/12/2003,TZR,OH,AGL,CE,Federal Contract Tower,0,0,4,0,4,0,2,110,0,112,0,2,114,0,116,142,0,142,258
03/13/2003,TZR,OH,AGL,CE,Federal Contract Tower,0,2,7,0,9,0,0,0,0,0,0,2,7,0,9,0,0,0,9
03/14/2003,TZR,OH,AGL,CE,Federal Contract Tower,0,0,25,0,25,0,0,161,0,161,0,0,186,0,186,144,0,144,330
03/15/2003,TZR,OH,AGL,CE,Federal Contract Tower,0,0,12,0,12,0,0,219,0,219,0,0,231,0,231,194,0,194,425
03/16/2003,TZR,OH,AGL,CE,Federal Contract Tower,0,0,20,0,20,0,0,170,0,170,0,0,190,0,190,232,0,232,422
03/17/2003,TZR,OH,AGL,CE,Federal Contract Tower,0,1,27,0,28,0,2,133,0,135,0,3,160,0,163,122,0,122,285
03/18/2003,TZR,OH,AGL,CE,Federal Contract Tower,0,0,8,0,8,0,0,91,0,91,0,0,99,0,99,52,0,52,151
03/19/2003,TZR,OH,AGL,CE,Federal Contract Tower,0,0,8,0,8,0,0,49,0,49,0,0,57,0,57,24,0,24,81
03/20/2003,TZR,OH,AGL,CE,Federal Contract Tower,0,0,15,0,15,0,0,68,0,68,0,0,83,0,83,138,0,138,221
03/21/2003,TZR,OH,AGL,CE,Federal Contract Tower,0,0,9,0,9,0,0,22,0,22,0,0,31,0,31,32,0,32,63
03/22/2003,TZR,OH,AGL,CE,Federal Contract Tower,0,0,6,0,6,0,0,101,0,101,0,0,107,0,107,80,0,80,187
03/23/2003,TZR,OH,AGL,CE,Federal Contract Tower,0,0,8,0,8,0,0,76,0,76,0,0,84,0,84,98,0,98,182
03/24/2003,TZR,OH,AGL,CE,Federal Contract Tower,0,0,5,0,5,0,0,123,0,123,0,0,128,0,128,114,0,114,242
03/25/2003,TZR,OH,AGL,CE,Federal Contract Tower,0,0,13,0,13,0,0,78,0,78,0,0,91,0,91,86,0,86,177
03/26/2003,TZR,OH,AGL,CE,Federal Contract Tower,0,0,9,0,9,0,0,150,0,150,0,0,159,0,159,130,0,130,289
03/27/2003,TZR,OH,AGL,CE,Federal Contract Tower,0,0,10,0,10,0,0,130,0,130,0,0,140,0,140,64,0,64,204
03/28/2003,TZR,OH,AGL,CE,Federal Contract Tower,0,0,11,0,11,0,0,55,4,59,0,0,66,4,70,0,0,0,70
03/29/2003,TZR,OH,AGL,CE,Federal Contract Tower,0,0,2,2,4,0,0,30,0,30,0,0,32,2,34,2,0,2,36
03/30/2003,TZR,OH,AGL,CE,Federal Contract Tower,0,0,6,0,6,0,0,38,0,38,0,0,44,0,44,12,0,12,56
03/31/2003,TZR,OH,AGL,CE,Federal Contract Tower,0,0,7,2,9,0,0,62,2,64,0,0,69,4,73,24,0,24,97
04/01/2003,TZR,OH,AGL,CE,Federal Contract Tower,0,0,10,0,10,0,0,51,0,51,0,0,61,0,61,56,0,56,117
04/02/2003,TZR,OH,AGL,CE,Federal Contract Tower,0,0,8,0,8,0,0,96,0,96,0,0,104,0,104,44,0,44,148
04/03/2003,TZR,OH,AGL,CE,Federal Contract Tower,0,0,12,0,12,0,0,72,2,74,0,0,84,2,86,84,0,84,170
04/04/2003,TZR,OH,AGL,CE,Federal Contract Tower,0,0,10,0,10,0,0,59,0,59,0,0,69,0,69,56,0,56,125
04/05/2003,TZR,OH,AGL,CE,Federal Contract Tower,0,0,3,0,3,0,0,23,0,23,0,0,26,0,26,6,0,6,32
04/06/2003,TZR,OH,AGL,CE,Federal Contract Tower,0,0,16,0,16,0,0,105,2,107,0,0,121,2,123,110,0,110,233
04/07/2003,TZR,OH,AGL,CE,Federal Contract Tower,0,0,6,0,6,0,0,0,0,0,0,0,6,0,6,0,0,0,6
04/08/2003,TZR,OH,AGL,CE,Federal Contract Tower,0,2,25,2,29,0,0,10,0,10,0,2,35,2,39,2,0,2,41
04/09/2003,TZR,OH,AGL,CE,Federal Contract Tower,0,0,9,0,9,0,0,28,0,28,0,0,37,0,37,36,0,36,73
04/10/2003,TZR,OH,AGL,CE,Federal Contract Tower,0,0,32,0,32,0,0,23,0,23,0,0,55,0,55,87,0,87,142
04/11/2003,TZR,OH,AGL,CE,Federal Contract Tower,0,0,44,0,44,0,0,88,5,93,0,0,132,5,137,178,0,178,315
04/12/2003,TZR,OH,AGL,CE,Federal Contract Tower,0,0,18,0,18,0,0,195,0,195,0,0,213,0,213,196,0,196,409
04/13/2003,TZR,OH,AGL,CE,Federal Contract Tower,0,0,7,0,7,0,0,188,0,188,0,0,195,0,195,142,0,142,337
04/14/2003,TZR,OH,AGL,CE,Federal Contract Tower,0,0,21,0,21,0,0,115,0,115,0,0,136,0,136,136,0,136,272
04/15/2003,TZR,OH,AGL,CE,Federal Contract Tower,0,0,18,0,18,0,0,75,0,75,0,0,93,0,93,40,0,40,133
04/16/2003,TZR,OH,AGL,CE,Federal Contract Tower,0,0,20,0,20,0,0,106,0,106,0,0,126,0,126,174,0,174,300
04/17/2003,TZR,OH,AGL,CE,Federal Contract Tower,0,0,9,0,9,0,0,73,0,73,0,0,82,0,82,144,0,144,226
04/18/2003,TZR,OH,AGL,CE,Federal Contract Tower,0,0,13,0,13,0,0,74,0,74,0,0,87,0,87,154,0,154,241
04/19/2003,TZR,OH,AGL,CE,Federal Contract Tower,0,0,7,0,7,0,0,153,0,153,0,0,160,0,160,232,0,232,392
04/20/2003,TZR,OH,AGL,CE,Federal Contract Tower,0,0,4,0,4,0,0,49,0,49,0,0,53,0,53,20,0,20,73
04/21/2003,TZR,OH,AGL,CE,Federal Contract Tower,0,0,9,0,9,0,0,55,0,55,0,0,64,0,64,58,0,58,122
04/22/2003,TZR,OH,AGL,CE,Federal Contract Tower,0,0,16,2,18,0,0,31,0,31,0,0,47,2,49,58,0,58,107
04/23/2003,TZR,OH,AGL,CE,Federal Contract Tower,0,0,31,0,31,0,0,148,2,150,0,0,179,2,181,186,0,186,367
04/24/2003,TZR,OH,AGL,CE,Federal Contract Tower,0,0,20,0,20,0,0,96,0,96,0,0,116,0,116,84,0,84,200
04/25/2003,TZR,OH,AGL,CE,Federal Contract Tower,0,0,22,0,22,0,0,61,0,61,0,0,83,0,83,42,0,42,125
04/26/2003,TZR,OH,AGL,CE,Federal Contract Tower,0,0,5,0,5,0,0,142,0,142,0,0,147,0,147,118,0,118,265
04/27/2003,TZR,OH,AGL,CE,Federal Contract Tower,0,0,7,0,7,0,0,201,2,203,0,0,208,2,210,192,0,192,402
04/28/2003,TZR,OH,AGL,CE,Federal Contract Tower,0,0,27,0,27,0,0,128,4,132,0,0,155,4,159,106,0,106,265
04/29/2003,TZR,OH,AGL,CE,Federal Contract Tower,0,0,31,0,31,0,0,95,8,103,0,0,126,8,134,85,0,85,219
04/30/2003,TZR,OH,AGL,CE,Federal Contract Tower,0,3,23,0,26,0,0,66,0,66,0,3,89,0,92,94,0,94,186
05/01/2003,TZR,OH,AGL,CE,Federal Contract Tower,0,0,7,0,7,0,0,57,2,59,0,0,64,2,66,34,0,34,100
05/02/2003,TZR,OH,AGL,CE,Federal Contract Tower,0,0,23,0,23,0,0,51,0,51,0,0,74,0,74,82,0,82,156
05/03/2003,TZR,OH,AGL,CE,Federal Contract Tower,0,0,6,0,6,0,0,166,4,170,0,0,172,4,176,196,0,196,372
05/04/2003,TZR,OH,AGL,CE,Federal Contract Tower,0,0,3,0,3,0,0,141,2,143,0,0,144,2,146,188,0,188,334
05/05/2003,TZR,OH,AGL,CE,Federal Contract Tower,0,0,8,0,8,0,0,17,0,17,0,0,25,0,25,24,0,24,49
05/06/2003,TZR,OH,AGL,CE,Federal Contract Tower,0,0,12,0,12,0,0,67,0,67,0,0,79,0,79,69,0,69,148
05/07/2003,TZR,OH,AGL,CE,Federal Contract Tower,0,0,6,0,6,0,0,62,0,62,0,0,68,0,68,62,0,62,130
05/08/2003,TZR,OH,AGL,CE,Federal Contract Tower,0,0,19,0,19,0,0,68,0,68,0,0,87,0,87,114,0,114,201
05/09/2003,TZR,OH,AGL,CE,Federal Contract Tower,0,0,7,0,7,0,0,23,0,23,0,0,30,0,30,53,0,53,83
05/10/2003,TZR,OH,AGL,CE,Federal Contract Tower,0,0,0,0,0,0,0,9,0,9,0,0,9,0,9,11,0,11,20
05/11/2003,TZR,OH,AGL,CE,Federal Contract Tower,0,0,2,0,2,0,0,3,0,3,0,0,5,0,5,0,0,0,5
05/12/2003,TZR,OH,AGL,CE,Federal Contract Tower,0,0,1,0,1,0,0,20,2,22,0,0,21,2,23,10,0,10,33
05/13/2003,TZR,OH,AGL,CE,Federal Contract Tower,0,2,12,0,14,0,0,57,0,57,0,2,69,0,71,21,0,21,92
05/14/2003,TZR,OH,AGL,CE,Federal Contract Tower,0,0,14,0,14,0,0,192,0,192,0,0,206,0,206,208,0,208,414
05/15/2003,TZR,OH,AGL,CE,Federal Contract Tower,0,2,14,0,16,0,0,63,0,63,0,2,77,0,79,78,0,78,157
05/16/2003,TZR,OH,AGL,CE,Federal Contract Tower,0,0,24,0,24,0,0,64,0,64,0,0,88,0,88,212,0,212,300
05/17/2003,TZR,OH,AGL,CE,Federal Contract Tower,0,0,22,0,22,0,0,116,0,116,0,0,138,0,138,228,0,228,366
05/18/2003,TZR,OH,AGL,CE,Federal Contract Tower,0,0,13,0,13,0,0,43,0,43,0,0,56,0,56,100,0,100,156
05/19/2003,TZR,OH,AGL,CE,Federal Contract Tower,0,0,8,0,8,0,0,153,0,153,0,0,161,0,161,170,0,170,331
05/20/2003,TZR,OH,AGL,CE,Federal Contract Tower,0,0,9,0,9,0,0,0,0,0,0,0,9,0,9,0,0,0,9
05/21/2003,TZR,OH,AGL,CE,Federal Contract Tower,0,0,37,0,37,0,0,87,0,87,0,0,124,0,124,102,0,102,226
05/22/2003,TZR,OH,AGL,CE,Federal Contract Tower,0,0,17,0,17,0,1,127,0,128,0,1,144,0,145,80,0,80,225
05/23/2003,TZR,OH,AGL,CE,Federal Contract Tower,0,0,11,0,11,0,0,173,0,173,0,0,184,0,184,142,0,142,326
05/24/2003,TZR,OH,AGL,CE,Federal Contract Tower,0,0,13,0,13,0,0,181,0,181,0,0,194,0,194,140,0,140,334
05/25/2003,TZR,OH,AGL,CE,Federal Contract Tower,0,0,22,0,22,0,0,118,0,118,0,0,140,0,140,155,0,155,295
05/26/2003,TZR,OH,AGL,CE,Federal Contract Tower,0,0,22,0,22,0,0,146,6,152,0,0,168,6,174,86,0,86,260
05/27/2003,TZR,OH,AGL,CE,Federal Contract Tower,0,0,11,0,11,0,0,103,4,107,0,0,114,4,118,106,0,106,224
05/28/2003,TZR,OH,AGL,CE,Federal Contract Tower,0,0,17,2,19,0,0,112,0,112,0,0,129,2,131,130,8,138,269
05/29/2003,TZR,OH,AGL,CE,Federal Contract Tower,0,0,14,0,14,0,0,100,0,100,0,0,114,0,114,166,0,166,280
05/30/2003,TZR,OH,AGL,CE,Federal Contract Tower,0,2,10,0,12,0,0,193,0,193,0,2,203,0,205,234,0,234,439
05/31/2003,TZR,OH,AGL,CE,Federal Contract Tower,0,0,2,0,2,0,0,15,0,15,0,0,17,0,17,10,0,10,27
06/01/2003,TZR,OH,AGL,CE,Federal Contract Tower,0,0,16,0,16,0,0,117,0,117,0,0,133,0,133,134,0,134,267
06/02/2003,TZR,OH,AGL,CE,Federal Contract Tower,0,0,13,0,13,0,0,187,0,187,0,0,200,0,200,134,0,134,334
06/03/2003,TZR,OH,AGL,CE,Federal Contract Tower,0,0,20,0,20,0,0,0,0,0,0,0,20,0,20,4,0,4,24
06/04/2003,TZR,OH,AGL,CE,Federal Contract Tower,0,0,23,0,23,0,0,41,0,41,0,0,64,0,64,78,0,78,142
06/05/2003,TZR,OH,AGL,CE,Federal Contract Tower,0,0,25,0,25,0,0,120,4,124,0,0,145,4,149,55,0,55,204
06/06/2003,TZR,OH,AGL,CE,Federal Contract Tower,0,0,12,0,12,0,0,158,0,158,0,0,170,0,170,136,0,136,306
06/07/2003,TZR,OH,AGL,CE,Federal Contract Tower,0,0,26,0,26,0,0,54,4,58,0,0,80,4,84,79,0,79,163
06/08/2003,TZR,OH,AGL,CE,Federal Contract Tower,0,0,9,0,9,0,0,49,0,49,0,0,58,0,58,24,0,24,82
06/09/2003,TZR,OH,AGL,CE,Federal Contract Tower,0,0,15,0,15,0,0,115,0,115,0,0,130,0,130,68,0,68,198
06/10/2003,TZR,OH,AGL,CE,Federal Contract Tower,0,1,22,0,23,0,0,113,2,115,0,1,135,2,138,120,0,120,258
06/11/2003,TZR,OH,AGL,CE,Federal Contract Tower,0,6,19,0,25,0,0,70,0,70,0,6,89,0,95,28,0,28,123
06/12/2003,TZR,OH,AGL,CE,Federal Contract Tower,0,2,29,0,31,0,0,33,0,33,0,2,62,0,64,36,0,36,100
06/13/2003,TZR,OH,AGL,CE,Federal Contract Tower,0,2,15,0,17,0,0,70,0,70,0,2,85,0,87,118,0,118,205
06/14/2003,TZR,OH,AGL,CE,Federal Contract Tower,0,0,18,0,18,0,0,47,4,51,0,0,65,4,69,70,0,70,139
06/15/2003,TZR,OH,AGL,CE,Federal Contract Tower,0,0,10,0,10,0,0,108,2,110,0,0,118,2,120,54,0,54,174
06/16/2003,TZR,OH,AGL,CE,Federal Contract Tower,0,0,7,0,7,0,1,70,0,71,0,1,77,0,78,116,0,116,194
06/17/2003,TZR,OH,AGL,CE,Federal Contract Tower,0,0,25,0,25,0,0,14,0,14,0,0,39,0,39,72,0,72,111
06/18/2003,TZR,OH,AGL,CE,Federal Contract Tower,0,0,13,0,13,0,0,69,0,69,0,0,82,0,82,161,0,161,243
06/19/2003,TZR,OH,AGL,CE,Federal Contract Tower,0,0,8,0,8,0,0,52,0,52,0,0,60,0,60,56,0,56,116
06/20/2003,TZR,OH,AGL,CE,Federal Contract Tower,0,0,9,0,9,0,0,107,0,107,0,0,116,0,116,104,0,104,220
06/21/2003,TZR,OH,AGL,CE,Federal Contract Tower,0,0,8,0,8,0,0,224,0,224,0,0,232,0,232,132,0,132,364
06/22/2003,TZR,OH,AGL,CE,Federal Contract Tower,0,0,14,0,14,0,0,162,0,162,0,0,176,0,176,134,0,134,310
06/23/2003,TZR,OH,AGL,CE,Federal Contract Tower,0,0,10,0,10,0,0,124,2,126,0,0,134,2,136,114,2,116,252
06/24/2003,TZR,OH,AGL,CE,Federal Contract Tower,0,0,35,0,35,0,0,104,0,104,0,0,139,0,139,180,0,180,319
06/25/2003,TZR,OH,AGL,CE,Federal Contract Tower,0,0,19,0,19,0,0,125,0,125,0,0,144,0,144,200,0,200,344
06/26/2003,TZR,OH,AGL,CE,Federal Contract Tower,0,0,13,0,13,0,0,97,0,97,0,0,110,0,110,90,0,90,200
06/27/2003,TZR,OH,AGL,CE,Federal Contract Tower,0,2,17,0,19,0,0,145,0,145,0,2,162,0,164,139,0,139,303
06/28/2003,TZR,OH,AGL,CE,Federal Contract Tower,0,0,7,0,7,0,0,163,0,163,0,0,170,0,170,148,0,148,318
06/29/2003,TZR,OH,AGL,CE,Federal Contract Tower,0,1,11,0,12,0,1,84,0,85,0,2,95,0,97,76,0,76,173
06/30/2003,TZR,OH,AGL,CE,Federal Contract Tower,0,0,14,0,14,0,0,134,0,134,0,0,148,0,148,152,0,152,300
07/01/2003,TZR,OH,AGL,CE,Federal Contract Tower,0,0,10,0,10,0,0,98,2,100,0,0,108,2,110,116,0,116,226
07/02/2003,TZR,OH,AGL,CE,Federal Contract Tower,0,0,12,0,12,0,0,150,0,150,0,0,162,0,162,166,0,166,328
07/03/2003,TZR,OH,AGL,CE,Federal Contract Tower,0,0,18,0,18,0,0,164,0,164,0,0,182,0,182,82,0,82,264
07/04/2003,TZR,OH,AGL,CE,Federal Contract Tower,0,0,2,0,2,0,0,206,8,214,0,0,208,8,216,218,0,218,434
07/05/2003,TZR,OH,AGL,CE,Federal Contract Tower,0,0,6,0,6,0,0,88,0,88,0,0,94,0,94,20,0,20,114
07/06/2003,TZR,OH,AGL,CE,Federal Contract Tower,0,0,8,0,8,0,0,97,0,97,0,0,105,0,105,54,0,54,159
07/07/2003,TZR,OH,AGL,CE,Federal Contract Tower,0,0,19,0,19,0,0,30,0,30,0,0,49,0,49,473,0,473,522
07/08/2003,TZR,OH,AGL,CE,Federal Contract Tower,0,0,16,0,16,0,0,46,0,46,0,0,62,0,62,72,0,72,134
07/09/2003,TZR,OH,AGL,CE,Federal Contract Tower,0,0,19,0,19,0,0,56,0,56,0,0,75,0,75,140,0,140,215
07/10/2003,TZR,OH,AGL,CE,Federal Contract Tower,0,0,15,0,15,0,0,13,0,13,0,0,28,0,28,20,0,20,48
07/11/2003,TZR,OH,AGL,CE,Federal Contract Tower,0,0,5,0,5,0,0,63,0,63,0,0,68,0,68,18,0,18,86
07/12/2003,TZR,OH,AGL,CE,Federal Contract Tower,0,0,11,0,11,0,0,106,6,112,0,0,117,6,123,146,0,146,269
07/13/2003,TZR,OH,AGL,CE,Federal Contract Tower,0,0,11,0,11,0,0,153,0,153,0,0,164,0,164,82,0,82,246
07/14/2003,TZR,OH,AGL,CE,Federal Contract Tower,0,0,14,0,14,0,0,151,0,151,0,0,165,0,165,132,0,132,297
07/15/2003,TZR,OH,AGL,CE,Federal Contract Tower,0,0,8,0,8,0,0,111,0,111,0,0,119,0,119,66,0,66,185
07/16/2003,TZR,OH,AGL,CE,Federal Contract Tower,0,0,9,0,9,0,0,138,0,138,0,0,147,0,147,208,0,208,355
07/17/2003,TZR,OH,AGL,CE,Federal Contract Tower,0,2,8,0,10,0,0,134,2,136,0,2,142,2,146,98,0,98,244
07/18/2003,TZR,OH,AGL,CE,Federal Contract Tower,0,0,11,0,11,0,0,142,0,142,0,0,153,0,153,118,0,118,271
07/19/2003,TZR,OH,AGL,CE,Federal Contract Tower,0,0,13,0,13,0,0,119,0,119,0,0,132,0,132,215,0,215,347
07/20/2003,TZR,OH,AGL,CE,Federal Contract Tower,0,0,10,0,10,0,0,133,0,133,0,0,143,0,143,104,0,104,247
07/21/2003,TZR,OH,AGL,CE,Federal Contract Tower,0,0,5,0,5,0,0,15,0,15,0,0,20,0,20,2,0,2,22
07/22/2003,TZR,OH,AGL,CE,Federal Contract Tower,0,0,8,0,8,0,0,59,0,59,0,0,67,0,67,86,0,86,153
07/23/2003,TZR,OH,AGL,CE,Federal Contract Tower,0,4,13,0,17,0,0,47,0,47,0,4,60,0,64,76,0,76,140
07/24/2003,TZR,OH,AGL,CE,Federal Contract Tower,0,0,7,0,7,0,0,116,0,116,0,0,123,0,123,180,0,180,303
07/25/2003,TZR,OH,AGL,CE,Federal Contract Tower,0,0,19,0,19,0,0,163,14,177,0,0,182,14,196,182,0,182,378
07/26/2003,TZR,OH,AGL,CE,Federal Contract Tower,0,0,12,0,12,0,0,184,0,184,0,0,196,0,196,154,0,154,350
07/27/2003,TZR,OH,AGL,CE,Federal Contract Tower,0,0,3,0,3,0,0,51,0,51,0,0,54,0,54,36,0,36,90
07/28/2003,TZR,OH,AGL,CE,Federal Contract Tower,0,2,18,0,20,0,0,46,0,46,0,2,64,0,66,36,0,36,102
07/29/2003,TZR,OH,AGL,CE,Federal Contract Tower,0,0,16,0,16,0,0,125,0,125,0,0,141,0,141,96,0,96,237
07/30/2003,TZR,OH,AGL,CE,Federal Contract Tower,0,0,14,0,14,0,0,123,0,123,0,0,137,0,137,122,0,122,259
07/31/2003,TZR,OH,AGL,CE,Federal Contract Tower,0,0,12,0,12,0,0,0,0,0,0,0,12,0,12,46,0,46,58
08/01/2003,TZR,OH,AGL,CE,Federal Contract Tower,0,0,10,0,10,0,0,56,2,58,0,0,66,2,68,192,0,192,260
08/02/2003,TZR,OH,AGL,CE,Federal Contract Tower,0,0,3,0,3,0,0,116,0,116,0,0,119,0,119,120,0,120,239
08/03/2003,TZR,OH,AGL,CE,Federal Contract Tower,0,0,9,0,9,0,0,72,0,72,0,0,81,0,81,68,0,68,149
08/04/2003,TZR,OH,AGL,CE,Federal Contract Tower,0,2,3,0,5,0,0,12,0,12,0,2,15,0,17,0,0,0,17
08/05/2003,TZR,OH,AGL,CE,Federal Contract Tower,0,2,10,0,12,0,0,41,0,41,0,2,51,0,53,20,0,20,73
08/06/2003,TZR,OH,AGL,CE,Federal Contract Tower,0,0,17,0,17,0,2,160,2,164,0,2,177,2,181,88,0,88,269
08/07/2003,TZR,OH,AGL,CE,Federal Contract Tower,0,0,14,0,14,0,0,134,4,138,0,0,148,4,152,126,0,126,278
08/08/2003,TZR,OH,AGL,CE,Federal Contract Tower,0,0,20,0,20,0,0,402,0,402,0,0,422,0,422,200,0,200,622
08/09/2003,TZR,OH,AGL,CE,Federal Contract Tower,0,0,19,0,19,0,0,106,0,106,0,0,125,0,125,312,0,312,437
08/10/2003,TZR,OH,AGL,CE,Federal Contract Tower,0,0,12,0,12,0,0,161,0,161,0,0,173,0,173,434,0,434,607
08/11/2003,TZR,OH,AGL,CE,Federal Contract Tower,0,0,17,0,17,0,0,99,0,99,0,0,116,0,116,154,0,154,270
08/12/2003,TZR,OH,AGL,CE,Federal Contract Tower,0,0,28,0,28,0,0,100,2,102,0,0,128,2,130,80,0,80,210
08/13/2003,TZR,OH,AGL,CE,Federal Contract Tower,0,0,24,0,24,0,0,97,2,99,0,0,121,2,123,150,0,150,273
08/14/2003,TZR,OH,AGL,CE,Federal Contract Tower,0,0,29,0,29,0,0,114,4,118,0,0,143,4,147,172,0,172,319
08/15/2003,TZR,OH,AGL,CE,Federal Contract Tower,0,0,20,0,20,0,0,86,2,88,0,0,106,2,108,78,0,78,186
08/16/2003,TZR,OH,AGL,CE,Federal Contract Tower,0,0,7,0,7,0,0,68,0,68,0,0,75,0,75,56,0,56,131
08/17/2003,TZR,OH,AGL,CE,Federal Contract Tower,0,0,21,0,21,0,0,129,0,129,0,0,150,0,150,144,0,144,294
08/18/2003,TZR,OH,AGL,CE,Federal Contract Tower,0,0,15,0,15,0,0,150,0,150,0,0,165,0,165,176,0,176,341
08/19/2003,TZR,OH,AGL,CE,Federal Contract Tower,0,0,9,4,13,0,0,158,6,164,0,0,167,10,177,134,0,134,311
08/20/2003,TZR,OH,AGL,CE,Federal Contract Tower,0,0,14,0,14,0,0,121,10,131,0,0,135,10,145,129,0,129,274
08/21/2003,TZR,OH,AGL,CE,Federal Contract Tower,0,0,13,0,13,0,0,97,2,99,0,0,110,2,112,139,0,139,251
08/22/2003,TZR,OH,AGL,CE,Federal Contract Tower,0,0,17,1,18,0,0,74,1,75,0,0,91,2,93,76,0,76,169
08/23/2003,TZR,OH,AGL,CE,Federal Contract Tower,0,0,9,0,9,0,0,181,0,181,0,0,190,0,190,118,0,118,308
08/24/2003,TZR,OH,AGL,CE,Federal Contract Tower,0,4,13,0,17,0,0,146,0,146,0,4,159,0,163,160,0,160,323
08/25/2003,TZR,OH,AGL,CE,Federal Contract Tower,0,0,15,0,15,0,0,115,0,115,0,0,130,0,130,152,0,152,282
08/26/2003,TZR,OH,AGL,CE,Federal Contract Tower,0,2,12,0,14,0,0,91,0,91,0,2,103,0,105,48,0,48,153
08/27/2003,TZR,OH,AGL,CE,Federal Contract Tower,0,0,7,2,9,0,0,50,0,50,0,0,57,2,59,40,0,40,99
08/28/2003,TZR,OH,AGL,CE,Federal Contract Tower,0,0,10,0,10,0,0,95,0,95,0,0,105,0,105,100,0,100,205
08/29/2003,TZR,OH,AGL,CE,Federal Contract Tower,0,0,5,0,5,0,0,54,2,56,0,0,59,2,61,18,0,18,79
08/30/2003,TZR,OH,AGL,CE,Federal Contract Tower,0,0,14,0,14,0,0,110,0,110,0,0,124,0,124,88,0,88,212
08/31/2003,TZR,OH,AGL,CE,Federal Contract Tower,0,0,6,0,6,0,0,48,0,48,0,0,54,0,54,80,0,80,134
09/01/2003,TZR,OH,AGL,CE,Federal Contract Tower,0,0,3,0,3,0,0,5,0,5,0,0,8,0,8,2,0,2,10
09/02/2003,TZR,OH,AGL,CE,Federal Contract Tower,0,0,13,0,13,0,0,8,0,8,0,0,21,0,21,46,0,46,67
09/03/2003,TZR,OH,AGL,CE,Federal Contract Tower,0,0,17,0,17,0,0,45,0,45,0,0,62,0,62,52,0,52,114
09/04/2003,TZR,OH,AGL,CE,Federal Contract Tower,0,0,18,0,18,0,0,96,2,98,0,0,114,2,116,78,0,78,194
09/05/2003,TZR,OH,AGL,CE,Federal Contract Tower,0,0,16,0,16,0,0,172,0,172,0,0,188,0,188,114,0,114,302
09/06/2003,TZR,OH,AGL,CE,Federal Contract Tower,0,0,8,0,8,0,0,179,12,191,0,0,187,12,199,146,0,146,345
09/07/2003,TZR,OH,AGL,CE,Federal Contract Tower,0,0,7,0,7,0,0,182,0,182,0,0,189,0,189,122,0,122,311
09/08/2003,TZR,OH,AGL,CE,Federal Contract Tower,0,0,6,0,6,0,0,95,0,95,0,0,101,0,101,14,0,14,115
09/09/2003,TZR,OH,AGL,CE,Federal Contract Tower,0,0,13,0,13,0,0,93,0,93,0,0,106,0,106,54,0,54,160
09/10/2003,TZR,OH,AGL,CE,Federal Contract Tower,0,1,9,0,10,0,0,120,0,120,0,1,129,0,130,34,0,34,164
09/11/2003,TZR,OH,AGL,CE,Federal Contract Tower,0,0,4,0,4,0,0,154,4,158,0,0,158,4,162,6,0,6,168
09/12/2003,TZR,OH,AGL,CE,Federal Contract Tower,0,0,3,0,3,0,0,172,0,172,0,0,175,0,175,32,0,32,207
09/13/2003,TZR,OH,AGL,CE,Federal Contract Tower,0,0,6,0,6,0,0,198,16,214,0,0,204,16,220,110,0,110,330
09/14/2003,TZR,OH,AGL,CE,Federal Contract Tower,0,0,8,0,8,0,0,45,0,45,0,0,53,0,53,42,0,42,95
09/15/2003,TZR,OH,AGL,CE,Federal Contract Tower,0,0,2,0,2,0,0,62,0,62,0,0,64,0,64,62,0,62,126
09/16/2003,TZR,OH,AGL,CE,Federal Contract Tower,0,0,14,0,14,0,0,100,4,104,0,0,114,4,118,110,0,110,228
09/17/2003,TZR,OH,AGL,CE,Federal Contract Tower,0,0,6,0,6,0,0,126,0,126,0,0,132,0,132,104,0,104,236
09/18/2003,TZR,OH,AGL,CE,Federal Contract Tower,0,0,3,0,3,0,0,73,0,73,0,0,76,0,76,46,0,46,122
09/19/2003,TZR,OH,AGL,CE,Federal Contract Tower,0,0,7,0,7,0,0,46,0,46,0,0,53,0,53,50,0,50,103
09/20/2003,TZR,OH,AGL,CE,Federal Contract Tower,0,0,12,0,12,0,0,157,0,157,0,0,169,0,169,114,0,114,283
09/21/2003,TZR,OH,AGL,CE,Federal Contract Tower,0,0,6,0,6,0,0,157,0,157,0,0,163,0,163,144,0,144,307
09/22/2003,TZR,OH,AGL,CE,Federal Contract Tower,0,0,25,0,25,0,0,0,0,0,0,0,25,0,25,4,0,4,29
09/23/2003,TZR,OH,AGL,CE,Federal Contract Tower,0,0,14,0,14,0,0,129,0,129,0,0,143,0,143,86,0,86,229
09/24/2003,TZR,OH,AGL,CE,Federal Contract Tower,0,0,10,0,10,0,0,138,0,138,0,0,148,0,148,148,0,148,296
09/25/2003,TZR,OH,AGL,CE,Federal Contract Tower,0,0,16,0,16,0,0,88,2,90,0,0,104,2,106,36,0,36,142
09/26/2003,TZR,OH,AGL,CE,Federal Contract Tower,0,0,5,0,5,0,0,106,0,106,0,0,111,0,111,148,0,148,259
09/27/2003,TZR,OH,AGL,CE,Federal Contract Tower,0,0,5,0,5,0,0,133,0,133,0,0,138,0,138,82,0,82,220
09/28/2003,TZR,OH,AGL,CE,Federal Contract Tower,0,0,15,0,15,0,0,87,0,87,0,0,102,0,102,72,0,72,174
09/29/2003,TZR,OH,AGL,CE,Federal Contract Tower,0,0,13,0,13,0,0,82,0,82,0,0,95,0,95,84,0,84,179
09/30/2003,TZR,OH,AGL,CE,Federal Contract Tower,0,0,14,0,14,0,0,107,0,107,0,0,121,0,121,70,0,70,191
10/01/2003,TZR,OH,AGL,CE,Federal Contract Tower,0,0,14,0,14,0,0,71,0,71,0,0,85,0,85,124,0,124,209
10/02/2003,TZR,OH,AGL,CE,Federal Contract Tower,0,0,15,0,15,0,0,112,0,112,0,0,127,0,127,108,0,108,235
10/03/2003,TZR,OH,AGL,CE,Federal Contract Tower,0,0,22,0,22,0,0,120,0,120,0,0,142,0,142,142,0,142,284
10/04/2003,TZR,OH,AGL,CE,Federal Contract Tower,0,0,9,0,9,0,0,61,2,63,0,0,70,2,72,24,0,24,96
10/05/2003,TZR,OH,AGL,CE,Federal Contract Tower,0,0,8,0,8,0,0,152,0,152,0,0,160,0,160,128,0,128,288
10/06/2003,TZR,OH,AGL,CE,Federal Contract Tower,0,0,6,0,6,0,0,135,0,135,0,0,141,0,141,124,0,124,265
10/07/2003,TZR,OH,AGL,CE,Federal Contract Tower,0,0,19,0,19,0,1,130,0,131,0,1,149,0,150,134,0,134,284
10/08/2003,TZR,OH,AGL,CE,Federal Contract Tower,0,0,2,0,2,0,0,104,0,104,0,0,106,0,106,74,0,74,180
10/09/2003,TZR,OH,AGL,CE,Federal Contract Tower,0,0,16,0,16,0,0,130,2,132,0,0,146,2,148,112,0,112,260
10/10/2003,TZR,OH,AGL,CE,Federal Contract Tower,0,0,17,0,17,0,0,76,0,76,0,0,93,0,93,149,0,149,242
10/11/2003,TZR,OH,AGL,CE,Federal Contract Tower,0,0,19,0,19,0,0,97,0,97,0,0,116,0,116,99,0,99,215
10/12/2003,TZR,OH,AGL,CE,Federal Contract Tower,0,0,6,0,6,0,0,59,0,59,0,0,65,0,65,31,0,31,96
10/13/2003,TZR,OH,AGL,CE,Federal Contract Tower,0,0,10,0,10,0,0,130,0,130,0,0,140,0,140,158,0,158,298
10/14/2003,TZR,OH,AGL,CE,Federal Contract Tower,0,0,7,0,7,0,0,18,0,18,0,0,25,0,25,4,0,4,29
10/15/2003,TZR,OH,AGL,CE,Federal Contract Tower,0,0,8,0,8,0,0,58,0,58,0,0,66,0,66,43,0,43,109
10/16/2003,TZR,OH,AGL,CE,Federal Contract Tower,0,0,7,0,7,0,0,90,2,92,0,0,97,2,99,185,0,185,284
10/17/2003,TZR,OH,AGL,CE,Federal Contract Tower,0,0,21,0,21,0,0,43,2,45,0,0,64,2,66,84,0,84,150
10/18/2003,TZR,OH,AGL,CE,Federal Contract Tower,0,0,1,0,1,0,0,194,2,196,0,0,195,2,197,82,0,82,279
10/19/2003,TZR,OH,AGL,CE,Federal Contract Tower,0,0,7,0,7,0,0,166,0,166,0,0,173,0,173,42,0,42,215
10/20/2003,TZR,OH,AGL,CE,Federal Contract Tower,0,0,11,0,11,0,0,105,0,105,0,0,116,0,116,110,0,110,226
10/21/2003,TZR,OH,AGL,CE,Federal Contract Tower,0,0,23,0,23,0,0,101,2,103,0,0,124,2,126,90,0,90,216
10/22/2003,TZR,OH,AGL,CE,Federal Contract Tower,0,0,10,0,10,0,0,91,0,91,0,0,101,0,101,36,0,36,137
10/23/2003,TZR,OH,AGL,CE,Federal Contract Tower,0,0,11,0,11,0,0,105,0,105,0,0,116,0,116,148,0,148,264
10/24/2003,TZR,OH,AGL,CE,Federal Contract Tower,0,0,19,0,19,0,0,146,0,146,0,0,165,0,165,104,0,104,269
10/25/2003,TZR,OH,AGL,CE,Federal Contract Tower,0,0,2,0,2,0,0,68,0,68,0,0,70,0,70,34,0,34,104
10/26/2003,TZR,OH,AGL,CE,Federal Contract Tower,0,0,13,0,13,0,0,14,0,14,0,0,27,0,27,10,0,10,37
10/27/2003,TZR,OH,AGL,CE,Federal Contract Tower,0,0,11,0,11,0,0,113,2,115,0,0,124,2,126,124,0,124,250
10/28/2003,TZR,OH,AGL,CE,Federal Contract Tower,0,0,14,0,14,0,0,62,0,62,0,0,76,0,76,94,0,94,170
10/29/2003,TZR,OH,AGL,CE,Federal Contract Tower,0,0,10,0,10,0,0,117,0,117,0,0,127,0,127,48,0,48,175
10/30/2003,TZR,OH,AGL,CE,Federal Contract Tower,0,0,9,0,9,0,0,94,0,94,0,0,103,0,103,48,0,48,151
10/31/2003,TZR,OH,AGL,CE,Federal Contract Tower,0,0,14,0,14,0,0,100,0,100,0,0,114,0,114,89,0,89,203
11/01/2003,TZR,OH,AGL,CE,Federal Contract Tower,0,0,6,0,6,0,0,2,0,2,0,0,8,0,8,0,0,0,8
11/02/2003,TZR,OH,AGL,CE,Federal Contract Tower,0,0,9,0,9,0,0,139,4,143,0,0,148,4,152,86,0,86,238
11/03/2003,TZR,OH,AGL,CE,Federal Contract Tower,0,0,7,0,7,0,0,149,0,149,0,0,156,0,156,142,0,142,298
11/04/2003,TZR,OH,AGL,CE,Federal Contract Tower,0,1,21,0,22,0,0,156,0,156,0,1,177,0,178,168,0,168,346
11/05/2003,TZR,OH,AGL,CE,Federal Contract Tower,0,0,20,0,20,0,0,68,0,68,0,0,88,0,88,82,0,82,170
11/06/2003,TZR,OH,AGL,CE,Federal Contract Tower,0,0,17,0,17,0,1,19,2,22,0,1,36,2,39,14,0,14,53
11/07/2003,TZR,OH,AGL,CE,Federal Contract Tower,0,0,5,0,5,0,0,116,0,116,0,0,121,0,121,62,0,62,183
11/08/2003,TZR,OH,AGL,CE,Federal Contract Tower,0,0,16,0,16,0,0,170,0,170,0,0,186,0,186,70,0,70,256
11/09/2003,TZR,OH,AGL,CE,Federal Contract Tower,0,0,5,0,5,0,0,101,0,101,0,0,106,0,106,80,0,80,186
11/10/2003,TZR,OH,AGL,CE,Federal Contract Tower,0,0,3,0,3,0,0,88,0,88,0,0,91,0,91,96,0,96,187
11/11/2003,TZR,OH,AGL,CE,Federal Contract Tower,0,0,10,0,10,0,0,11,0,11,0,0,21,0,21,0,0,0,21
11/12/2003,TZR,OH,AGL,CE,Federal Contract Tower,0,0,17,0,17,0,0,34,4,38,0,0,51,4,55,8,0,8,63
11/13/2003,TZR,OH,AGL,CE,Federal Contract Tower,0,0,4,0,4,0,0,16,4,20,0,0,20,4,24,0,0,0,24
11/14/2003,TZR,OH,AGL,CE,Federal Contract Tower,0,0,7,0,7,0,0,118,0,118,0,0,125,0,125,68,0,68,193
11/15/2003,TZR,OH,AGL,CE,Federal Contract Tower,0,0,14,0,14,0,0,3,0,3,0,0,17,0,17,10,0,10,27
11/16/2003,TZR,OH,AGL,CE,Federal Contract Tower,0,0,6,0,6,0,0,10,0,10,0,0,16,0,16,30,0,30,46
11/17/2003,TZR,OH,AGL,CE,Federal Contract Tower,0,0,13,0,13,0,0,69,0,69,0,0,82,0,82,130,0,130,212
11/18/2003,TZR,OH,AGL,CE,Federal Contract Tower,0,0,11,0,11,0,0,18,0,18,0,0,29,0,29,4,0,4,33
11/19/2003,TZR,OH,AGL,CE,Federal Contract Tower,0,0,11,0,11,0,0,56,0,56,0,0,67,0,67,44,0,44,111
11/20/2003,TZR,OH,AGL,CE,Federal Contract Tower,0,0,8,0,8,0,0,176,4,180,0,0,184,4,188,122,0,122,310
11/21/2003,TZR,OH,AGL,CE,Federal Contract Tower,0,0,16,0,16,0,0,152,4,156,0,0,168,4,172,82,0,82,254
11/22/2003,TZR,OH,AGL,CE,Federal Contract Tower,0,0,5,0,5,0,0,129,0,129,0,0,134,0,134,82,0,82,216
11/23/2003,TZR,OH,AGL,CE,Federal Contract Tower,0,0,4,0,4,0,0,89,0,89,0,0,93,0,93,68,0,68,161
11/24/2003,TZR,OH,AGL,CE,Federal Contract Tower,0,0,3,0,3,0,0,4,4,8,0,0,7,4,11,0,0,0,11
11/25/2003,TZR,OH,AGL,CE,Federal Contract Tower,0,0,23,0,23,0,2,121,0,123,0,2,144,0,146,184,0,184,330
11/26/2003,TZR,OH,AGL,CE,Federal Contract Tower,0,0,10,0,10,0,0,102,0,102,0,0,112,0,112,156,0,156,268
11/27/2003,TZR,OH,AGL,CE,Federal Contract Tower,0,0,5,0,5,0,0,4,0,4,0,0,9,0,9,0,0,0,9
11/28/2003,TZR,OH,AGL,CE,Federal Contract Tower,0,0,3,0,3,0,0,1,0,1,0,0,4,0,4,4,0,4,8
11/29/2003,TZR,OH,AGL,CE,Federal Contract Tower,0,0,1,0,1,0,0,9,0,9,0,0,10,0,10,2,0,2,12
11/30/2003,TZR,OH,AGL,CE,Federal Contract Tower,0,0,3,0,3,0,0,74,0,74,0,0,77,0,77,36,0,36,113
12/01/2003,TZR,OH,AGL,CE,Federal Contract Tower,0,0,2,0,2,0,0,30,0,30,0,0,32,0,32,0,0,0,32
12/02/2003,TZR,OH,AGL,CE,Federal Contract Tower,0,0,13,0,13,0,0,89,0,89,0,0,102,0,102,28,0,28,130
12/03/2003,TZR,OH,AGL,CE,Federal Contract Tower,0,0,15,0,15,0,0,98,0,98,0,0,113,0,113,72,0,72,185
12/04/2003,TZR,OH,AGL,CE,Federal Contract Tower,0,0,18,0,18,0,0,69,2,71,0,0,87,2,89,52,0,52,141
12/05/2003,TZR,OH,AGL,CE,Federal Contract Tower,0,0,4,0,4,0,0,3,0,3,0,0,7,0,7,0,0,0,7
12/06/2003,TZR,OH,AGL,CE,Federal Contract Tower,0,0,6,0,6,0,0,54,0,54,0,0,60,0,60,50,0,50,110
12/07/2003,TZR,OH,AGL,CE,Federal Contract Tower,0,0,6,0,6,0,0,105,0,105,0,0,111,0,111,110,0,110,221
12/08/2003,TZR,OH,AGL,CE,Federal Contract Tower,0,0,25,0,25,0,0,99,0,99,0,0,124,0,124,110,0,110,234
12/09/2003,TZR,OH,AGL,CE,Federal Contract Tower,0,0,25,0,25,0,0,77,0,77,0,0,102,0,102,88,0,88,190
12/10/2003,TZR,OH,AGL,CE,Federal Contract Tower,0,0,25,0,25,0,0,11,4,15,0,0,36,4,40,0,0,0,40
12/11/2003,TZR,OH,AGL,CE,Federal Contract Tower,0,0,6,0,6,0,0,25,4,29,0,0,31,4,35,16,0,16,51
12/12/2003,TZR,OH,AGL,CE,Federal Contract Tower,0,0,18,0,18,0,0,104,0,104,0,0,122,0,122,60,0,60,182
12/13/2003,TZR,OH,AGL,CE,Federal Contract Tower,0,0,11,0,11,0,0,99,0,99,0,0,110,0,110,90,0,90,200
12/14/2003,TZR,OH,AGL,CE,Federal Contract Tower,0,0,2,0,2,0,0,2,0,2,0,0,4,0,4,2,0,2,6
12/15/2003,TZR,OH,AGL,CE,Federal Contract Tower,0,0,14,0,14,0,0,19,0,19,0,0,33,0,33,0,0,0,33
12/16/2003,TZR,OH,AGL,CE,Federal Contract Tower,0,0,3,0,3,0,0,36,2,38,0,0,39,2,41,24,0,24,65
12/17/2003,TZR,OH,AGL,CE,Federal Contract Tower,0,0,10,0,10,0,0,20,2,22,0,0,30,2,32,0,0,0,32
12/18/2003,TZR,OH,AGL,CE,Federal Contract Tower,0,0,7,0,7,0,0,42,0,42,0,0,49,0,49,84,0,84,133
12/19/2003,TZR,OH,AGL,CE,Federal Contract Tower,0,0,12,0,12,0,0,32,0,32,0,0,44,0,44,22,0,22,66
12/20/2003,TZR,OH,AGL,CE,Federal Contract Tower,0,0,12,0,12,0,0,51,0,51,0,0,63,0,63,22,0,22,85
12/21/2003,TZR,OH,AGL,CE,Federal Contract Tower,0,0,5,0,5,0,0,106,0,106,0,0,111,0,111,70,0,70,181
12/22/2003,TZR,OH,AGL,CE,Federal Contract Tower,0,0,18,0,18,0,0,108,0,108,0,0,126,0,126,182,0,182,308
12/23/2003,TZR,OH,AGL,CE,Federal Contract Tower,0,0,9,0,9,0,0,14,6,20,0,0,23,6,29,20,4,24,53
12/24/2003,TZR,OH,AGL,CE,Federal Contract Tower,0,0,2,0,2,0,0,24,0,24,0,0,26,0,26,12,0,12,38
12/25/2003,TZR,OH,AGL,CE,Federal Contract Tower,0,0,1,0,1,0,0,11,0,11,0,0,12,0,12,0,0,0,12
12/26/2003,TZR,OH,AGL,CE,Federal Contract Tower,0,0,6,0,6,0,0,150,0,150,0,0,156,0,156,118,0,118,274
12/27/2003,TZR,OH,AGL,CE,Federal Contract Tower,0,0,6,0,6,0,0,124,0,124,0,0,130,0,130,112,0,112,242
12/28/2003,TZR,OH,AGL,CE,Federal Contract Tower,0,0,7,0,7,0,0,94,0,94,0,0,101,0,101,88,0,88,189
12/29/2003,TZR,OH,AGL,CE,Federal Contract Tower,0,0,15,0,15,0,0,65,0,65,0,0,80,0,80,170,0,170,250
12/30/2003,TZR,OH,AGL,CE,Federal Contract Tower,0,0,7,0,7,0,0,80,0,80,0,0,87,0,87,52,0,52,139
12/31/2003,TZR,OH,AGL,CE,Federal Contract Tower,0,0,10,0,10,0,0,113,0,113,0,0,123,0,123,22,0,22,145
01/01/2004,TZR,OH,AGL,CE,Federal Contract Tower,0,0,10,0,10,0,0,108,0,108,0,0,118,0,118,50,0,50,168
01/02/2004,TZR,OH,AGL,CE,Federal Contract Tower,0,0,1,0,1,0,0,4,0,4,0,0,5,0,5,0,0,0,5
01/03/2004,TZR,OH,AGL,CE,Federal Contract Tower,0,0,39,0,39,0,0,8,0,8,0,0,47,0,47,22,0,22,69
01/04/2004,TZR,OH,AGL,CE,Federal Contract Tower,0,0,5,0,5,0,0,4,0,4,0,0,9,0,9,26,0,26,35
01/05/2004,TZR,OH,AGL,CE,Federal Contract Tower,0,0,8,1,9,0,0,49,1,50,0,0,57,2,59,2,0,2,61
01/06/2004,TZR,OH,AGL,CE,Federal Contract Tower,0,0,4,0,4,0,0,63,0,63,0,0,67,0,67,0,0,0,67
01/07/2004,TZR,OH,AGL,CE,Federal Contract Tower,0,0,20,0,20,0,0,76,4,80,0,0,96,4,100,40,0,40,140
01/08/2004,TZR,OH,AGL,CE,Federal Contract Tower,0,0,6,0,6,0,0,40,0,40,0,0,46,0,46,16,0,16,62
01/09/2004,TZR,OH,AGL,CE,Federal Contract Tower,0,0,18,0,18,0,0,121,4,125,0,0,139,4,143,96,6,102,245
01/10/2004,TZR,OH,AGL,CE,Federal Contract Tower,0,0,17,0,17,0,0,151,0,151,0,0,168,0,168,94,0,94,262
01/11/2004,TZR,OH,AGL,CE,Federal Contract Tower,0,0,5,0,5,0,0,106,0,106,0,0,111,0,111,106,0,106,217
01/12/2004,TZR,OH,AGL,CE,Federal Contract Tower,0,0,13,0,13,0,0,25,0,25,0,0,38,0,38,16,0,16,54
01/13/2004,TZR,OH,AGL,CE,Federal Contract Tower,0,0,13,0,13,0,0,69,6,75,0,0,82,6,88,96,6,102,190
01/14/2004,TZR,OH,AGL,CE,Federal Contract Tower,0,0,16,0,16,0,0,145,0,145,0,0,161,0,161,128,0,128,289
01/15/2004,TZR,OH,AGL,CE,Federal Contract Tower,0,0,13,0,13,0,0,99,0,99,0,0,112,0,112,56,0,56,168
01/16/2004,TZR,OH,AGL,CE,Federal Contract Tower,0,0,19,0,19,0,0,105,2,107,0,0,124,2,126,90,0,90,216
01/17/2004,TZR,OH,AGL,CE,Federal Contract Tower,0,0,1,0,1,0,0,0,0,0,0,0,1,0,1,0,0,0,1
01/18/2004,TZR,OH,AGL,CE,Federal Contract Tower,0,0,10,0,10,0,0,3,0,3,0,0,13,0,13,32,0,32,45
01/19/2004,TZR,OH,AGL,CE,Federal Contract Tower,0,0,25,0,25,0,0,34,0,34,0,0,59,0,59,54,0,54,113
01/20/2004,TZR,OH,AGL,CE,Federal Contract Tower,0,0,18,0,18,0,0,142,4,146,0,0,160,4,164,148,10,158,322
01/21/2004,TZR,OH,AGL,CE,Federal Contract Tower,0,0,6,0,6,0,0,158,0,158,0,0,164,0,164,122,0,122,286
01/22/2004,TZR,OH,AGL,CE,Federal Contract Tower,0,0,11,0,11,0,0,68,0,68,0,0,79,0,79,14,0,14,93
01/23/2004,TZR,OH,AGL,CE,Federal Contract Tower,0,0,4,0,4,0,0,52,0,52,0,0,56,0,56,38,0,38,94
01/24/2004,TZR,OH,AGL,CE,Federal Contract Tower,0,0,1,0,1,0,0,81,0,81,0,0,82,0,82,68,0,68,150
01/25/2004,TZR,OH,AGL,CE,Federal Contract Tower,0,0,2,0,2,0,0,87,0,87,0,0,89,0,89,12,0,12,101
01/26/2004,TZR,OH,AGL,CE,Federal Contract Tower,0,0,2,0,2,0,0,0,0,0,0,0,2,0,2,0,0,0,2
01/27/2004,TZR,OH,AGL,CE,Federal Contract Tower,0,0,11,0,11,0,0,6,0,6,0,0,17,0,17,0,0,0,17
01/28/2004,TZR,OH,AGL,CE,Federal Contract Tower,0,0,7,0,7,0,0,101,0,101,0,0,108,0,108,16,0,16,124
01/29/2004,TZR,OH,AGL,CE,Federal Contract Tower,0,0,13,0,13,0,0,53,4,57,0,0,66,4,70,48,0,48,118
01/30/2004,TZR,OH,AGL,CE,Federal Contract Tower,0,0,11,0,11,0,0,162,0,162,0,0,173,0,173,104,0,104,277
01/31/2004,TZR,OH,AGL,CE,Federal Contract Tower,0,0,0,0,0,0,1,182,0,183,0,1,182,0,183,134,0,134,317
02/01/2004,TZR,OH,AGL,CE,Federal Contract Tower,0,0,4,0,4,0,0,178,0,178,0,0,182,0,182,56,0,56,238
02/02/2004,TZR,OH,AGL,CE,Federal Contract Tower,0,0,3,1,4,0,0,136,1,137,0,0,139,2,141,58,0,58,199
02/03/2004,TZR,OH,AGL,CE,Federal Contract Tower,0,0,4,0,4,0,0,2,0,2,0,0,6,0,6,0,0,0,6
02/04/2004,TZR,OH,AGL,CE,Federal Contract Tower,0,0,7,0,7,0,0,178,0,178,0,0,185,0,185,184,0,184,369
02/05/2004,TZR,OH,AGL,CE,Federal Contract Tower,0,0,5,0,5,0,0,42,0,42,0,0,47,0,47,58,0,58,105
02/06/2004,TZR,OH,AGL,CE,Federal Contract Tower,0,0,3,0,3,0,0,9,0,9,0,0,12,0,12,0,0,0,12
02/07/2004,TZR,OH,AGL,CE,Federal Contract Tower,0,0,1,0,1,0,0,3,0,3,0,0,4,0,4,0,0,0,4
02/08/2004,TZR,OH,AGL,CE,Federal Contract Tower,0,0,7,0,7,0,0,180,0,180,0,0,187,0,187,134,0,134,321
02/09/2004,TZR,OH,AGL,CE,Federal Contract Tower,0,0,5,0,5,0,0,140,0,140,0,0,145,0,145,22,0,22,167
02/10/2004,TZR,OH,AGL,CE,Federal Contract Tower,0,0,10,0,10,0,0,203,0,203,0,0,213,0,213,26,0,26,239
02/11/2004,TZR,OH,AGL,CE,Federal Contract Tower,0,0,15,0,15,0,0,134,4,138,0,0,149,4,153,134,0,134,287
02/12/2004,TZR,OH,AGL,CE,Federal Contract Tower,0,0,14,0,14,0,0,139,4,143,0,0,153,4,157,82,4,86,243
02/13/2004,TZR,OH,AGL,CE,Federal Contract Tower,0,0,1,0,1,0,0,88,4,92,0,0,89,4,93,132,0,132,225
02/14/2004,TZR,OH,AGL,CE,Federal Contract Tower,0,0,2,0,2,0,2,326,0,328,0,2,328,0,330,188,0,188,518
02/15/2004,TZR,OH,AGL,CE,Federal Contract Tower,0,0,4,0,4,0,0,227,0,227,0,0,231,0,231,48,0,48,279
02/16/2004,TZR,OH,AGL,CE,Federal Contract Tower,0,0,19,0,19,0,0,182,0,182,0,0,201,0,201,72,0,72,273
02/17/2004,TZR,OH,AGL,CE,Federal Contract Tower,0,0,21,0,21,0,0,194,0,194,0,0,215,0,215,140,0,140,355
02/18/2004,TZR,OH,AGL,CE,Federal Contract Tower,0,0,17,0,17,0,0,203,4,207,0,0,220,4,224,90,0,90,314
02/19/2004,TZR,OH,AGL,CE,Federal Contract Tower,0,0,6,0,6,0,0,254,0,254,0,0,260,0,260,158,0,158,418
02/20/2004,TZR,OH,AGL,CE,Federal Contract Tower,0,0,4,0,4,0,0,145,0,145,0,0,149,0,149,24,0,24,173
02/21/2004,TZR,OH,AGL,CE,Federal Contract Tower,0,0,3,0,3,0,0,26,0,26,0,0,29,0,29,52,0,52,81
02/22/2004,TZR,OH,AGL,CE,Federal Contract Tower,0,0,22,0,22,0,0,285,4,289,0,0,307,4,311,152,0,152,463
02/23/2004,TZR,OH,AGL,CE,Federal Contract Tower,0,0,14,0,14,0,0,174,0,174,0,0,188,0,188,74,0,74,262
02/24/2004,TZR,OH,AGL,CE,Federal Contract Tower,0,0,5,0,5,0,0,49,0,49,0,0,54,0,54,92,0,92,146
02/25/2004,TZR,OH,AGL,CE,Federal Contract Tower,0,0,7,0,7,0,0,192,0,192,0,0,199,0,199,32,0,32,231
02/26/2004,TZR,OH,AGL,CE,Federal Contract Tower,0,0,12,0,12,0,0,221,0,221,0,0,233,0,233,90,0,90,323
02/27/2004,TZR,OH,AGL,CE,Federal Contract Tower,0,0,10,0,10,0,0,258,0,258,0,0,268,0,268,102,0,102,370
02/28/2004,TZR,OH,AGL,CE,Federal Contract Tower,0,0,15,0,15,0,0,320,0,320,0,0,335,0,335,166,0,166,501
02/29/2004,TZR,OH,AGL,CE,Federal Contract Tower,0,0,13,0,13,0,0,229,0,229,0,0,242,0,242,114,0,114,356
03/01/2004,TZR,OH,AGL,CE,Federal Contract Tower,0,0,9,0,9,0,0,17,0,17,0,0,26,0,26,46,0,46,72
03/02/2004,TZR,OH,AGL,CE,Federal Contract Tower,0,0,7,0,7,0,0,71,0,71,0,0,78,0,78,46,0,46,124
03/03/2004,TZR,OH,AGL,CE,Federal Contract Tower,0,1,12,0,13,0,3,85,2,90,0,4,97,2,103,80,0,80,183
03/04/2004,TZR,OH,AGL,CE,Federal Contract Tower,0,0,26,0,26,0,0,14,0,14,0,0,40,0,40,2,0,2,42
03/05/2004,TZR,OH,AGL,CE,Federal Contract Tower,0,0,0,0,0,0,0,48,0,48,0,0,48,0,48,10,0,10,58
03/06/2004,TZR,OH,AGL,CE,Federal Contract Tower,0,0,15,0,15,0,0,36,0,36,0,0,51,0,51,54,0,54,105
03/07/2004,TZR,OH,AGL,CE,Federal Contract Tower,0,0,0,0,0,0,0,122,0,122,0,0,122,0,122,40,0,40,162
03/08/2004,TZR,OH,AGL,CE,Federal Contract Tower,0,1,4,0,5,0,1,130,0,131,0,2,134,0,136,4,0,4,140
03/09/2004,TZR,OH,AGL,CE,Federal Contract Tower,0,0,4,0,4,0,0,69,0,69,0,0,73,0,73,28,0,28,101
03/10/2004,TZR,OH,AGL,CE,Federal Contract Tower,0,0,13,1,14,0,6,103,5,114,0,6,116,6,128,88,0,88,216
03/11/2004,TZR,OH,AGL,CE,Federal Contract Tower,0,0,11,0,11,0,0,62,0,62,0,0,73,0,73,54,0,54,127
03/12/2004,TZR,OH,AGL,CE,Federal Contract Tower,0,0,32,0,32,0,0,65,0,65,0,0,97,0,97,64,0,64,161
03/13/2004,TZR,OH,AGL,CE,Federal Contract Tower,0,0,4,0,4,0,0,227,0,227,0,0,231,0,231,270,0,270,501
03/14/2004,TZR,OH,AGL,CE,Federal Contract Tower,0,0,5,0,5,0,0,68,0,68,0,0,73,0,73,38,0,38,111
03/15/2004,TZR,OH,AGL,CE,Federal Contract Tower,0,0,12,0,12,0,0,117,0,117,0,0,129,0,129,84,0,84,213
03/16/2004,TZR,OH,AGL,CE,Federal Contract Tower,0,0,4,0,4,0,4,6,0,10,0,4,10,0,14,0,0,0,14
03/17/2004,TZR,OH,AGL,CE,Federal Contract Tower,0,0,17,0,17,0,0,29,2,31,0,0,46,2,48,56,0,56,104
03/18/2004,TZR,OH,AGL,CE,Federal Contract Tower,0,0,11,0,11,0,0,5,0,5,0,0,16,0,16,0,0,0,16
03/19/2004,TZR,OH,AGL,CE,Federal Contract Tower,0,0,6,0,6,0,2,94,0,96,0,2,100,0,102,168,0,168,270
03/20/2004,TZR,OH,AGL,CE,Federal Contract Tower,0,0,6,0,6,0,2,21,0,23,0,2,27,0,29,47,0,47,76
03/21/2004,TZR,OH,AGL,CE,Federal Contract Tower,0,0,6,0,6,0,2,25,0,27,0,2,31,0,33,32,0,32,65
03/22/2004,TZR,OH,AGL,CE,Federal Contract Tower,0,0,5,0,5,0,0,112,0,112,0,0,117,0,117,96,0,96,213
03/23/2004,TZR,OH,AGL,CE,Federal Contract Tower,0,0,8,0,8,0,6,110,0,116,0,6,118,0,124,152,0,152,276
03/24/2004,TZR,OH,AGL,CE,Federal Contract Tower,0,0,14,0,14,0,3,57,2,62,0,3,71,2,76,80,0,80,156
03/25/2004,TZR,OH,AGL,CE,Federal Contract Tower,0,0,13,0,13,0,0,66,0,66,0,0,79,0,79,102,0,102,181
03/26/2004,TZR,OH,AGL,CE,Federal Contract Tower,0,0,8,0,8,0,0,74,0,74,0,0,82,0,82,56,0,56,138
03/27/2004,TZR,OH,AGL,CE,Federal Contract Tower,0,0,15,0,15,0,0,81,0,81,0,0,96,0,96,110,0,110,206
03/28/2004,TZR,OH,AGL,CE,Federal Contract Tower,0,0,22,0,22,0,4,95,0,99,0,4,117,0,121,96,0,96,217
03/29/2004,TZR,OH,AGL,CE,Federal Contract Tower,0,0,18,0,18,0,2,42,0,44,0,2,60,0,62,38,0,38,100
03/30/2004,TZR,OH,AGL,CE,Federal Contract Tower,0,0,20,0,20,0,1,23,2,26,0,1,43,2,46,40,0,40,86
03/31/2004,TZR,OH,AGL,CE,Federal Contract Tower,0,0,47,0,47,0,1,23,4,28,0,1,70,4,75,32,0,32,107
04/01/2004,TZR,OH,AGL,CE,Federal Contract Tower,0,0,10,0,10,0,0,9,0,9,0,0,19,0,19,0,0,0,19
04/02/2004,TZR,OH,AGL,CE,Federal Contract Tower,0,1,8,0,9,0,1,22,0,23,0,2,30,0,32,28,0,28,60
04/03/2004,TZR,OH,AGL,CE,Federal Contract Tower,0,0,12,0,12,0,0,78,0,78,0,0,90,0,90,76,0,76,166
04/04/2004,TZR,OH,AGL,CE,Federal Contract Tower,0,0,4,0,4,0,0,15,2,17,0,0,19,2,21,0,0,0,21
04/05/2004,TZR,OH,AGL,CE,Federal Contract Tower,0,1,25,0,26,0,1,117,0,118,0,2,142,0,144,188,6,194,338
04/06/2004,TZR,OH,AGL,CE,Federal Contract Tower,0,0,18,0,18,0,0,133,0,133,0,0,151,0,151,188,0,188,339
04/07/2004,TZR,OH,AGL,CE,Federal Contract Tower,0,0,19,0,19,0,0,184,10,194,0,0,203,10,213,206,0,206,419
04/08/2004,TZR,OH,AGL,CE,Federal Contract Tower,0,1,10,0,11,0,0,75,0,75,0,1,85,0,86,48,0,48,134
04/09/2004,TZR,OH,AGL,CE,Federal Contract Tower,0,1,21,0,22,0,2,148,0,150,0,3,169,0,172,228,0,228,400
04/10/2004,TZR,OH,AGL,CE,Federal Contract Tower,0,0,4,0,4,0,0,126,0,126,0,0,130,0,130,171,0,171,301
04/11/2004,TZR,OH,AGL,CE,Federal Contract Tower,0,0,4,0,4,0,0,71,0,71,0,0,75,0,75,68,0,68,143
04/12/2004,TZR,OH,AGL,CE,Federal Contract Tower,0,0,6,0,6,0,0,56,0,56,0,0,62,0,62,82,0,82,144
04/13/2004,TZR,OH,AGL,CE,Federal Contract Tower,0,0,2,0,2,0,0,1,0,1,0,0,3,0,3,0,6,6,9
04/14/2004,TZR,OH,AGL,CE,Federal Contract Tower,0,0,12,1,13,0,2,123,5,130,0,2,135,6,143,84,0,84,227
04/15/2004,TZR,OH,AGL,CE,Federal Contract Tower,0,0,30,1,31,0,0,138,7,145,0,0,168,8,176,137,0,137,313
04/16/2004,TZR,OH,AGL,CE,Federal Contract Tower,0,0,21,1,22,0,2,146,1,149,0,2,167,2,171,212,0,212,383
04/17/2004,TZR,OH,AGL,CE,Federal Contract Tower,0,0,20,0,20,0,4,96,0,100,0,4,116,0,120,210,0,210,330
04/18/2004,TZR,OH,AGL,CE,Federal Contract Tower,0,0,5,0,5,0,12,103,0,115,0,12,108,0,120,142,0,142,262
04/19/2004,TZR,OH,AGL,CE,Federal Contract Tower,0,0,9,0,9,0,0,61,0,61,0,0,70,0,70,70,0,70,140
04/20/2004,TZR,OH,AGL,CE,Federal Contract Tower,0,0,19,0,19,0,8,40,0,48,0,8,59,0,67,132,0,132,199
04/21/2004,TZR,OH,AGL,CE,Federal Contract Tower,0,0,6,0,6,0,0,35,0,35,0,0,41,0,41,68,0,68,109
04/22/2004,TZR,OH,AGL,CE,Federal Contract Tower,0,0,30,0,30,0,0,3,0,3,0,0,33,0,33,42,0,42,75
04/23/2004,TZR,OH,AGL,CE,Federal Contract Tower,0,0,12,0,12,0,0,49,0,49,0,0,61,0,61,36,0,36,97
04/24/2004,TZR,OH,AGL,CE,Federal Contract Tower,0,0,10,0,10,0,4,184,2,190,0,4,194,2,200,186,0,186,386
04/25/2004,TZR,OH,AGL,CE,Federal Contract Tower,0,0,6,0,6,0,0,10,0,10,0,0,16,0,16,28,0,28,44
04/26/2004,TZR,OH,AGL,CE,Federal Contract Tower,0,0,13,0,13,0,0,89,0,89,0,0,102,0,102,156,0,156,258
04/27/2004,TZR,OH,AGL,CE,Federal Contract Tower,0,0,15,0,15,0,0,48,6,54,0,0,63,6,69,14,0,14,83
04/28/2004,TZR,OH,AGL,CE,Federal Contract Tower,0,0,9,0,9,0,2,80,0,82,0,2,89,0,91,129,0,129,220
04/29/2004,TZR,OH,AGL,CE,Federal Contract Tower,0,0,9,0,9,0,0,142,0,142,0,0,151,0,151,234,0,234,385
04/30/2004,TZR,OH,AGL,CE,Federal Contract Tower,0,0,15,0,15,0,3,3,0,6,0,3,18,0,21,52,0,52,73
05/01/2004,TZR,OH,AGL,CE,Federal Contract Tower,0,0,5,0,5,0,0,55,0,55,0,0,60,0,60,22,0,22,82
05/02/2004,TZR,OH,AGL,CE,Federal Contract Tower,0,0,12,0,12,0,0,9,0,9,0,0,21,0,21,0,0,0,21
05/03/2004,TZR,OH,AGL,CE,Federal Contract Tower,0,1,10,0,11,0,3,71,2,76,0,4,81,2,87,84,0,84,171
05/04/2004,TZR,OH,AGL,CE,Federal Contract Tower,0,1,18,0,19,0,1,122,8,131,0,2,140,8,150,162,0,162,312
05/05/2004,TZR,OH,AGL,CE,Federal Contract Tower,0,1,10,0,11,0,0,157,2,159,0,1,167,2,170,150,0,150,320
05/06/2004,TZR,OH,AGL,CE,Federal Contract Tower,0,1,1,0,2,0,3,135,4,142,0,4,136,4,144,200,0,200,344
05/07/2004,TZR,OH,AGL,CE,Federal Contract Tower,0,0,10,0,10,0,0,80,0,80,0,0,90,0,90,76,0,76,166
05/08/2004,TZR,OH,AGL,CE,Federal Contract Tower,0,0,8,0,8,0,0,118,0,118,0,0,126,0,126,148,0,148,274
05/09/2004,TZR,OH,AGL,CE,Federal Contract Tower,0,0,1,0,1,0,6,104,0,110,0,6,105,0,111,108,0,108,219
05/10/2004,TZR,OH,AGL,CE,Federal Contract Tower,0,0,6,1,7,0,0,129,1,130,0,0,135,2,137,86,0,86,223
05/11/2004,TZR,OH,AGL,CE,Federal Contract Tower,0,0,4,0,4,0,0,77,0,77,0,0,81,0,81,52,0,52,133
05/12/2004,TZR,OH,AGL,CE,Federal Contract Tower,0,0,8,0,8,0,2,88,0,90,0,2,96,0,98,131,0,131,229
05/13/2004,TZR,OH,AGL,CE,Federal Contract Tower,0,0,15,0,15,0,0,104,0,104,0,0,119,0,119,199,0,199,318
05/14/2004,TZR,OH,AGL,CE,Federal Contract Tower,0,0,9,1,10,0,0,82,7,89,0,0,91,8,99,130,2,132,231
05/15/2004,TZR,OH,AGL,CE,Federal Contract Tower,0,0,30,0,30,0,0,0,0,0,0,0,30,0,30,12,0,12,42
05/16/2004,TZR,OH,AGL,CE,Federal Contract Tower,0,0,23,0,23,0,0,107,0,107,0,0,130,0,130,252,0,252,382
05/17/2004,TZR,OH,AGL,CE,Federal Contract Tower,0,0,11,0,11,0,0,164,0,164,0,0,175,0,175,82,0,82,257
05/18/2004,TZR,OH,AGL,CE,Federal Contract Tower,0,0,16,0,16,0,2,68,0,70,0,2,84,0,86,88,0,88,174
05/19/2004,TZR,OH,AGL,CE,Federal Contract Tower,0,0,19,0,19,0,0,58,2,60,0,0,77,2,79,110,0,110,189
05/20/2004,TZR,OH,AGL,CE,Federal Contract Tower,0,0,22,0,22,0,1,112,2,115,0,1,134,2,137,242,2,244,381
05/21/2004,TZR,OH,AGL,CE,Federal Contract Tower,0,0,14,0,14,0,0,95,0,95,0,0,109,0,109,180,0,180,289
05/22/2004,TZR,OH,AGL,CE,Federal Contract Tower,0,0,1,0,1,0,6,121,0,127,0,6,122,0,128,138,0,138,266
05/23/2004,TZR,OH,AGL,CE,Federal Contract Tower,0,0,8,0,8,0,14,89,0,103,0,14,97,0,111,80,0,80,191
05/24/2004,TZR,OH,AGL,CE,Federal Contract Tower,0,0,15,0,15,0,0,86,4,90,0,0,101,4,105,44,0,44,149
05/25/2004,TZR,OH,AGL,CE,Federal Contract Tower,0,0,24,0,24,0,4,75,0,79,0,4,99,0,103,134,0,134,237
05/26/2004,TZR,OH,AGL,CE,Federal Contract Tower,0,0,26,0,26,0,2,94,2,98,0,2,120,2,124,189,0,189,313
05/27/2004,TZR,OH,AGL,CE,Federal Contract Tower,0,0,20,0,20,0,0,61,0,61,0,0,81,0,81,184,0,184,265
05/28/2004,TZR,OH,AGL,CE,Federal Contract Tower,0,0,20,0,20,0,0,88,6,94,0,0,108,6,114,146,0,146,260
05/29/2004,TZR,OH,AGL,CE,Federal Contract Tower,0,0,8,0,8,0,0,215,0,215,0,0,223,0,223,196,0,196,419
05/30/2004,TZR,OH,AGL,CE,Federal Contract Tower,0,0,3,0,3,0,0,30,0,30,0,0,33,0,33,128,0,128,161
05/31/2004,TZR,OH,AGL,CE,Federal Contract Tower,0,0,10,0,10,0,6,21,4,31,0,6,31,4,41,10,0,10,51
06/01/2004,TZR,OH,AGL,CE,Federal Contract Tower,0,0,15,0,15,0,0,108,6,114,0,0,123,6,129,128,2,130,259
06/02/2004,TZR,OH,AGL,CE,Federal Contract Tower,0,1,13,0,14,0,1,94,4,99,0,2,107,4,113,124,0,124,237
06/03/2004,TZR,OH,AGL,CE,Federal Contract Tower,0,0,24,0,24,0,0,127,4,131,0,0,151,4,155,198,0,198,353
06/04/2004,TZR,OH,AGL,CE,Federal Contract Tower,0,1,11,0,12,0,3,202,0,205,0,4,213,0,217,240,0,240,457
06/05/2004,TZR,OH,AGL,CE,Federal Contract Tower,0,1,8,0,9,0,1,203,0,204,0,2,211,0,213,216,0,216,429
06/06/2004,TZR,OH,AGL,CE,Federal Contract Tower,0,1,12,0,13,0,1,99,0,100,0,2,111,0,113,166,0,166,279
06/07/2004,TZR,OH,AGL,CE,Federal Contract Tower,0,1,16,0,17,0,5,112,0,117,0,6,128,0,134,128,0,128,262
06/08/2004,TZR,OH,AGL,CE,Federal Contract Tower,0,1,17,0,18,0,1,139,4,144,0,2,156,4,162,150,0,150,312
06/09/2004,TZR,OH,AGL,CE,Federal Contract Tower,0,0,11,0,11,0,0,88,0,88,0,0,99,0,99,146,0,146,245
06/10/2004,TZR,OH,AGL,CE,Federal Contract Tower,0,0,6,0,6,0,0,75,0,75,0,0,81,0,81,90,0,90,171
06/11/2004,TZR,OH,AGL,CE,Federal Contract Tower,0,0,6,0,6,0,0,18,0,18,0,0,24,0,24,2,0,2,26
06/12/2004,TZR,OH,AGL,CE,Federal Contract Tower,0,0,16,0,16,0,0,42,0,42,0,0,58,0,58,38,0,38,96
06/13/2004,TZR,OH,AGL,CE,Federal Contract Tower,0,0,8,0,8,0,0,77,0,77,0,0,85,0,85,106,0,106,191
06/14/2004,TZR,OH,AGL,CE,Federal Contract Tower,0,0,13,0,13,0,2,74,0,76,0,2,87,0,89,160,0,160,249
06/15/2004,TZR,OH,AGL,CE,Federal Contract Tower,0,0,37,0,37,0,0,28,0,28,0,0,65,0,65,89,0,89,154
06/16/2004,TZR,OH,AGL,CE,Federal Contract Tower,0,0,14,0,14,0,2,23,4,29,0,2,37,4,43,34,0,34,77
06/17/2004,TZR,OH,AGL,CE,Federal Contract Tower,0,0,23,0,23,0,8,85,2,95,0,8,108,2,118,62,0,62,180
06/18/2004,TZR,OH,AGL,CE,Federal Contract Tower,0,0,10,0,10,0,1,125,0,126,0,1,135,0,136,160,0,160,296
06/19/2004,TZR,OH,AGL,CE,Federal Contract Tower,0,0,9,0,9,0,2,107,0,109,0,2,116,0,118,108,0,108,226
06/20/2004,TZR,OH,AGL,CE,Federal Contract Tower,0,0,10,0,10,0,6,166,0,172,0,6,176,0,182,162,0,162,344
06/21/2004,TZR,OH,AGL,CE,Federal Contract Tower,0,0,3,0,3,0,0,110,2,112,0,0,113,2,115,116,2,118,233
06/22/2004,TZR,OH,AGL,CE,Federal Contract Tower,0,0,13,0,13,0,6,77,0,83,0,6,90,0,96,120,0,120,216
06/23/2004,TZR,OH,AGL,CE,Federal Contract Tower,0,0,13,0,13,0,4,151,2,157,0,4,164,2,170,282,0,282,452
06/24/2004,TZR,OH,AGL,CE,Federal Contract Tower,0,0,13,0,13,0,0,125,0,125,0,0,138,0,138,182,0,182,320
06/25/2004,TZR,OH,AGL,CE,Federal Contract Tower,0,0,16,0,16,0,0,117,0,117,0,0,133,0,133,236,0,236,369
06/26/2004,TZR,OH,AGL,CE,Federal Contract Tower,0,0,6,0,6,0,0,221,0,221,0,0,227,0,227,342,0,342,569
06/27/2004,TZR,OH,AGL,CE,Federal Contract Tower,0,0,3,0,3,0,0,125,2,127,0,0,128,2,130,148,0,148,278
06/28/2004,TZR,OH,AGL,CE,Federal Contract Tower,0,0,15,0,15,0,0,67,0,67,0,0,82,0,82,178,0,178,260
06/29/2004,TZR,OH,AGL,CE,Federal Contract Tower,0,0,10,0,10,0,0,106,0,106,0,0,116,0,116,126,0,126,242
06/30/2004,TZR,OH,AGL,CE,Federal Contract Tower,0,0,22,0,22,0,0,132,5,137,0,0,154,5,159,208,0,208,367
07/01/2004,TZR,OH,AGL,CE,Federal Contract Tower,0,1,22,0,23,0,3,115,0,118,0,4,137,0,141,228,0,228,369
07/02/2004,TZR,OH,AGL,CE,Federal Contract Tower,0,1,9,0,10,0,1,261,0,262,0,2,270,0,272,96,0,96,368
07/03/2004,TZR,OH,AGL,CE,Federal Contract Tower,0,0,14,0,14,0,0,114,0,114,0,0,128,0,128,116,0,116,244
07/04/2004,TZR,OH,AGL,CE,Federal Contract Tower,0,0,6,0,6,0,0,68,0,68,0,0,74,0,74,12,0,12,86
07/05/2004,TZR,OH,AGL,CE,Federal Contract Tower,0,0,6,0,6,0,0,126,0,126,0,0,132,0,132,58,0,58,190
07/06/2004,TZR,OH,AGL,CE,Federal Contract Tower,0,0,9,0,9,0,0,78,6,84,0,0,87,6,93,183,0,183,276
07/07/2004,TZR,OH,AGL,CE,Federal Contract Tower,0,0,22,1,23,0,1,50,5,56,0,1,72,6,79,236,0,236,315
07/08/2004,TZR,OH,AGL,CE,Federal Contract Tower,0,0,17,1,18,0,2,94,3,99,0,2,111,4,117,154,0,154,271
07/09/2004,TZR,OH,AGL,CE,Federal Contract Tower,0,0,12,0,12,0,0,114,0,114,0,0,126,0,126,147,0,147,273
07/10/2004,TZR,OH,AGL,CE,Federal Contract Tower,0,0,5,0,5,0,0,125,6,131,0,0,130,6,136,130,0,130,266
07/11/2004,TZR,OH,AGL,CE,Federal Contract Tower,0,0,11,0,11,0,0,123,0,123,0,0,134,0,134,152,0,152,286
07/12/2004,TZR,OH,AGL,CE,Federal Contract Tower,0,0,18,0,18,0,0,47,0,47,0,0,65,0,65,48,0,48,113
07/13/2004,TZR,OH,AGL,CE,Federal Contract Tower,0,0,13,0,13,0,0,101,0,101,0,0,114,0,114,132,0,132,246
07/14/2004,TZR,OH,AGL,CE,Federal Contract Tower,0,0,9,0,9,0,6,57,2,65,0,6,66,2,74,34,0,34,108
07/15/2004,TZR,OH,AGL,CE,Federal Contract Tower,0,0,13,0,13,0,4,65,0,69,0,4,78,0,82,34,0,34,116
07/16/2004,TZR,OH,AGL,CE,Federal Contract Tower,0,0,8,0,8,0,4,96,0,100,0,4,104,0,108,98,0,98,206
07/17/2004,TZR,OH,AGL,CE,Federal Contract Tower,0,0,28,0,28,0,0,28,0,28,0,0,56,0,56,22,0,22,78
07/18/2004,TZR,OH,AGL,CE,Federal Contract Tower,0,0,14,0,14,0,0,96,0,96,0,0,110,0,110,70,0,70,180
07/19/2004,TZR,OH,AGL,CE,Federal Contract Tower,0,0,15,0,15,0,2,89,0,91,0,2,104,0,106,56,0,56,162
07/20/2004,TZR,OH,AGL,CE,Federal Contract Tower,0,0,13,0,13,0,2,121,0,123,0,2,134,0,136,120,0,120,256
07/21/2004,TZR,OH,AGL,CE,Federal Contract Tower,0,0,25,0,25,0,0,103,0,103,0,0,128,0,128,186,0,186,314
07/22/2004,TZR,OH,AGL,CE,Federal Contract Tower,0,0,27,0,27,0,0,26,0,26,0,0,53,0,53,80,0,80,133
07/23/2004,TZR,OH,AGL,CE,Federal Contract Tower,0,0,14,0,14,0,0,86,0,86,0,0,100,0,100,122,0,122,222
07/24/2004,TZR,OH,AGL,CE,Federal Contract Tower,0,0,9,0,9,0,0,146,6,152,0,0,155,6,161,170,0,170,331
07/25/2004,TZR,OH,AGL,CE,Federal Contract Tower,0,0,8,0,8,0,0,146,0,146,0,0,154,0,154,170,0,170,324
07/26/2004,TZR,OH,AGL,CE,Federal Contract Tower,0,0,13,0,13,0,0,21,0,21,0,0,34,0,34,14,0,14,48
07/27/2004,TZR,OH,AGL,CE,Federal Contract Tower,0,0,16,0,16,0,0,18,0,18,0,0,34,0,34,36,0,36,70
07/28/2004,TZR,OH,AGL,CE,Federal Contract Tower,0,0,16,0,16,0,0,101,2,103,0,0,117,2,119,179,0,179,298
07/29/2004,TZR,OH,AGL,CE,Federal Contract Tower,0,0,22,0,22,0,0,100,2,102,0,0,122,2,124,138,0,138,262
07/30/2004,TZR,OH,AGL,CE,Federal Contract Tower,0,0,17,0,17,0,6,58,2,66,0,6,75,2,83,110,0,110,193
07/31/2004,TZR,OH,AGL,CE,Federal Contract Tower,0,0,9,0,9,0,0,39,0,39,0,0,48,0,48,48,0,48,96
08/01/2004,TZR,OH,AGL,CE,Federal Contract Tower,0,0,5,0,5,0,0,89,0,89,0,0,94,0,94,109,0,109,203
08/02/2004,TZR,OH,AGL,CE,Federal Contract Tower,0,0,17,0,17,0,0,117,4,121,0,0,134,4,138,64,0,64,202
08/03/2004,TZR,OH,AGL,CE,Federal Contract Tower,0,1,16,0,17,0,1,97,0,98,0,2,113,0,115,112,0,112,227
08/04/2004,TZR,OH,AGL,CE,Federal Contract Tower,0,0,24,0,24,0,6,28,0,34,0,6,52,0,58,50,0,50,108
08/05/2004,TZR,OH,AGL,CE,Federal Contract Tower,0,0,8,0,8,0,2,74,0,76,0,2,82,0,84,94,0,94,178
08/06/2004,TZR,OH,AGL,CE,Federal Contract Tower,0,0,24,1,25,0,8,116,1,125,0,8,140,2,150,118,0,118,268
08/07/2004,TZR,OH,AGL,CE,Federal Contract Tower,0,0,21,0,21,0,4,154,0,158,0,4,175,0,179,198,0,198,377
08/08/2004,TZR,OH,AGL,CE,Federal Contract Tower,0,0,13,0,13,0,0,114,0,114,0,0,127,0,127,70,0,70,197
08/09/2004,TZR,OH,AGL,CE,Federal Contract Tower,0,0,22,0,22,0,0,84,0,84,0,0,106,0,106,104,0,104,210
08/10/2004,TZR,OH,AGL,CE,Federal Contract Tower,0,0,13,0,13,0,0,58,0,58,0,0,71,0,71,50,0,50,121
08/11/2004,TZR,OH,AGL,CE,Federal Contract Tower,0,0,10,0,10,0,0,86,0,86,0,0,96,0,96,128,0,128,224
08/12/2004,TZR,OH,AGL,CE,Federal Contract Tower,0,0,17,0,17,1,0,108,2,111,1,0,125,2,128,182,0,182,310
08/13/2004,TZR,OH,AGL,CE,Federal Contract Tower,0,0,29,0,29,0,8,115,0,123,0,8,144,0,152,134,0,134,286
08/14/2004,TZR,OH,AGL,CE,Federal Contract Tower,0,0,17,0,17,0,4,125,0,129,0,4,142,0,146,144,0,144,290
08/15/2004,TZR,OH,AGL,CE,Federal Contract Tower,0,0,10,0,10,0,0,102,0,102,0,0,112,0,112,108,0,108,220
08/16/2004,TZR,OH,AGL,CE,Federal Contract Tower,0,0,21,0,21,0,4,76,0,80,0,4,97,0,101,58,0,58,159
08/17/2004,TZR,OH,AGL,CE,Federal Contract Tower,0,0,28,0,28,0,4,99,4,107,0,4,127,4,135,74,0,74,209
08/18/2004,TZR,OH,AGL,CE,Federal Contract Tower,0,0,13,0,13,0,6,92,0,98,0,6,105,0,111,72,0,72,183
08/19/2004,TZR,OH,AGL,CE,Federal Contract Tower,0,0,15,0,15,0,0,71,2,73,0,0,86,2,88,98,0,98,186
08/20/2004,TZR,OH,AGL,CE,Federal Contract Tower,0,0,12,0,12,0,0,25,0,25,0,0,37,0,37,64,0,64,101
08/21/2004,TZR,OH,AGL,CE,Federal Contract Tower,0,0,14,0,14,0,0,120,10,130,0,0,134,10,144,106,2,108,252
08/22/2004,TZR,OH,AGL,CE,Federal Contract Tower,0,0,12,0,12,0,0,123,0,123,0,0,135,0,135,76,0,76,211
08/23/2004,TZR,OH,AGL,CE,Federal Contract Tower,0,0,14,0,14,0,2,84,0,86,0,2,98,0,100,76,0,76,176
08/24/2004,TZR,OH,AGL,CE,Federal Contract Tower,0,0,9,0,9,0,0,73,0,73,0,0,82,0,82,86,0,86,168
08/25/2004,TZR,OH,AGL,CE,Federal Contract Tower,0,0,20,0,20,0,2,64,0,66,0,2,84,0,86,84,0,84,170
08/26/2004,TZR,OH,AGL,CE,Federal Contract Tower,0,0,17,0,17,0,0,23,0,23,0,0,40,0,40,44,2,46,86
08/27/2004,TZR,OH,AGL,CE,Federal Contract Tower,0,0,10,0,10,0,0,73,10,83,0,0,83,10,93,84,0,84,177
08/28/2004,TZR,OH,AGL,CE,Federal Contract Tower,0,0,3,0,3,0,0,30,2,32,0,0,33,2,35,40,0,40,75
08/29/2004,TZR,OH,AGL,CE,Federal Contract Tower,0,0,6,0,6,0,0,20,0,20,0,0,26,0,26,12,0,12,38
08/30/2004,TZR,OH,AGL,CE,Federal Contract Tower,0,0,15,0,15,0,2,66,0,68,0,2,81,0,83,86,0,86,169
08/31/2004,TZR,OH,AGL,CE,Federal Contract Tower,0,0,15,0,15,0,0,95,2,97,0,0,110,2,112,92,0,92,204
09/01/2004,TZR,OH,AGL,CE,Federal Contract Tower,0,1,4,0,5,0,1,81,2,84,0,2,85,2,89,98,0,98,187
09/02/2004,TZR,OH,AGL,CE,Federal Contract Tower,0,0,8,0,8,0,0,114,4,118,0,0,122,4,126,116,0,116,242
09/03/2004,TZR,OH,AGL,CE,Federal Contract Tower,0,0,15,0,15,0,0,104,0,104,0,0,119,0,119,148,0,148,267
09/04/2004,TZR,OH,AGL,CE,Federal Contract Tower,0,1,9,0,10,0,1,30,0,31,0,2,39,0,41,68,0,68,109
09/05/2004,TZR,OH,AGL,CE,Federal Contract Tower,0,1,8,0,9,0,9,61,0,70,0,10,69,0,79,88,0,88,167
09/06/2004,TZR,OH,AGL,CE,Federal Contract Tower,0,0,8,0,8,0,4,129,0,133,0,4,137,0,141,72,0,72,213
09/07/2004,TZR,OH,AGL,CE,Federal Contract Tower,0,0,13,0,13,0,0,94,0,94,0,0,107,0,107,144,0,144,251
09/08/2004,TZR,OH,AGL,CE,Federal Contract Tower,0,0,19,0,19,0,0,2,0,2,0,0,21,0,21,6,0,6,27
09/09/2004,TZR,OH,AGL,CE,Federal Contract Tower,0,0,21,0,21,0,0,35,0,35,0,0,56,0,56,92,0,92,148
09/10/2004,TZR,OH,AGL,CE,Federal Contract Tower,0,0,31,0,31,0,0,25,0,25,0,0,56,0,56,16,0,16,72
09/11/2004,TZR,OH,AGL,CE,Federal Contract Tower,0,0,5,0,5,0,0,177,0,177,0,0,182,0,182,148,0,148,330
09/12/2004,TZR,OH,AGL,CE,Federal Contract Tower,0,0,5,0,5,0,2,100,0,102,0,2,105,0,107,62,0,62,169
09/13/2004,TZR,OH,AGL,CE,Federal Contract Tower,0,0,12,0,12,0,0,89,0,89,0,0,101,0,101,86,0,86,187
09/14/2004,TZR,OH,AGL,CE,Federal Contract Tower,0,0,32,0,32,0,0,82,2,84,0,0,114,2,116,188,0,188,304
09/15/2004,TZR,OH,AGL,CE,Federal Contract Tower,0,0,21,0,21,0,0,86,0,86,0,0,107,0,107,112,0,112,219
09/16/2004,TZR,OH,AGL,CE,Federal Contract Tower,0,0,13,0,13,0,0,62,0,62,0,0,75,0,75,122,0,122,197
09/17/2004,TZR,OH,AGL,CE,Federal Contract Tower,0,0,18,0,18,0,0,25,0,25,0,0,43,0,43,14,0,14,57
09/18/2004,TZR,OH,AGL,CE,Federal Contract Tower,0,0,4,0,4,0,0,109,0,109,0,0,113,0,113,102,0,102,215
09/19/2004,TZR,OH,AGL,CE,Federal Contract Tower,0,0,4,0,4,0,0,122,0,122,0,0,126,0,126,132,0,132,258
09/20/2004,TZR,OH,AGL,CE,Federal Contract Tower,0,0,14,0,14,0,2,82,0,84,0,2,96,0,98,98,0,98,196
09/21/2004,TZR,OH,AGL,CE,Federal Contract Tower,0,0,7,0,7,0,4,132,1,137,0,4,139,1,144,152,0,152,296
09/22/2004,TZR,OH,AGL,CE,Federal Contract Tower,0,0,12,0,12,0,0,142,0,142,0,0,154,0,154,212,0,212,366
09/23/2004,TZR,OH,AGL,CE,Federal Contract Tower,0,0,19,0,19,0,0,99,0,99,0,0,118,0,118,122,0,122,240
09/24/2004,TZR,OH,AGL,CE,Federal Contract Tower,0,0,9,0,9,0,0,110,0,110,0,0,119,0,119,130,0,130,249
09/25/2004,TZR,OH,AGL,CE,Federal Contract Tower,0,0,9,0,9,0,0,134,0,134,0,0,143,0,143,144,0,144,287
09/26/2004,TZR,OH,AGL,CE,Federal Contract Tower,0,0,10,0,10,0,0,103,0,103,0,0,113,0,113,156,0,156,269
09/27/2004,TZR,OH,AGL,CE,Federal Contract Tower,0,0,11,0,11,0,4,44,4,52,0,4,55,4,63,20,19,39,102
09/28/2004,TZR,OH,AGL,CE,Federal Contract Tower,0,0,18,0,18,0,4,69,2,75,0,4,87,2,93,113,0,113,206
09/29/2004,TZR,OH,AGL,CE,Federal Contract Tower,0,0,14,0,14,0,0,63,2,65,0,0,77,2,79,56,0,56,135
09/30/2004,TZR,OH,AGL,CE,Federal Contract Tower,0,0,19,0,19,0,0,94,2,96,0,0,113,2,115,144,0,144,259
10/01/2004,TZR,OH,AGL,CE,Federal Contract Tower,0,0,17,0,17,0,0,76,2,78,0,0,93,2,95,64,0,64,159
10/02/2004,TZR,OH,AGL,CE,Federal Contract Tower,0,2,5,0,7,0,0,32,0,32,0,2,37,0,39,0,0,0,39
10/03/2004,TZR,OH,AGL,CE,Federal Contract Tower,0,0,10,0,10,0,0,139,0,139,0,0,149,0,149,146,0,146,295
10/04/2004,TZR,OH,AGL,CE,Federal Contract Tower,0,0,9,0,9,0,0,106,0,106,0,0,115,0,115,106,0,106,221
10/05/2004,TZR,OH,AGL,CE,Federal Contract Tower,0,0,17,0,17,0,4,126,2,132,0,4,143,2,149,96,0,96,245
10/06/2004,TZR,OH,AGL,CE,Federal Contract Tower,0,0,9,0,9,0,0,96,0,96,0,0,105,0,105,96,0,96,201
10/07/2004,TZR,OH,AGL,CE,Federal Contract Tower,0,0,13,0,13,0,2,91,0,93,0,2,104,0,106,86,0,86,192
10/08/2004,TZR,OH,AGL,CE,Federal Contract Tower,0,0,7,0,7,0,4,108,0,112,0,4,115,0,119,116,0,116,235
10/09/2004,TZR,OH,AGL,CE,Federal Contract Tower,0,0,4,0,4,0,0,124,0,124,0,0,128,0,128,114,0,114,242
10/10/2004,TZR,OH,AGL,CE,Federal Contract Tower,0,0,8,0,8,0,0,83,0,83,0,0,91,0,91,76,0,76,167
10/11/2004,TZR,OH,AGL,CE,Federal Contract Tower,0,0,6,0,6,0,2,120,0,122,0,2,126,0,128,94,0,94,222
10/12/2004,TZR,OH,AGL,CE,Federal Contract Tower,0,0,17,0,17,0,4,119,0,123,0,4,136,0,140,110,0,110,250
10/13/2004,TZR,OH,AGL,CE,Federal Contract Tower,0,0,17,0,17,0,2,18,2,22,0,2,35,2,39,18,0,18,57
10/14/2004,TZR,OH,AGL,CE,Federal Contract Tower,0,0,11,0,11,0,0,44,0,44,0,0,55,0,55,18,0,18,73
10/15/2004,TZR,OH,AGL,CE,Federal Contract Tower,0,0,18,0,18,0,0,7,0,7,0,0,25,0,25,0,0,0,25
10/16/2004,TZR,OH,AGL,CE,Federal Contract Tower,0,0,2,0,2,0,0,17,0,17,0,0,19,0,19,16,0,16,35
10/17/2004,TZR,OH,AGL,CE,Federal Contract Tower,0,0,7,0,7,0,4,114,0,118,0,4,121,0,125,68,0,68,193
10/18/2004,TZR,OH,AGL,CE,Federal Contract Tower,0,0,3,0,3,0,0,13,0,13,0,0,16,0,16,12,0,12,28
10/19/2004,TZR,OH,AGL,CE,Federal Contract Tower,0,0,15,0,15,0,0,0,0,0,0,0,15,0,15,14,0,14,29
10/20/2004,TZR,OH,AGL,CE,Federal Contract Tower,0,0,22,0,22,0,0,0,0,0,0,0,22,0,22,46,0,46,68
10/21/2004,TZR,OH,AGL,CE,Federal Contract Tower,0,0,18,0,18,0,0,49,0,49,0,0,67,0,67,76,0,76,143
10/23/2004,TZR,OH,AGL,CE,Federal Contract Tower,0,0,7,0,7,0,0,49,0,49,0,0,56,0,56,94,0,94,150
10/25/2004,TZR,OH,AGL,CE,Federal Contract Tower,0,2,25,0,27,0,0,80,0,80,0,2,105,0,107,132,0,132,239
10/26/2004,TZR,OH,AGL,CE,Federal Contract Tower,0,0,11,0,11,0,0,126,0,126,0,0,137,0,137,128,0,128,265
10/27/2004,TZR,OH,AGL,CE,Federal Contract Tower,0,0,18,0,18,0,4,53,4,61,0,4,71,4,79,116,0,116,195
10/29/2004,TZR,OH,AGL,CE,Federal Contract Tower,0,0,16,0,16,0,0,9,0,9,0,0,25,0,25,0,0,0,25
10/30/2004,TZR,OH,AGL,CE,Federal Contract Tower,0,0,8,0,8,0,0,67,0,67,0,0,75,0,75,124,0,124,199
10/31/2004,TZR,OH,AGL,CE,Federal Contract Tower,0,0,7,0,7,0,0,115,0,115,0,0,122,0,122,82,0,82,204
11/01/2004,TZR,OH,AGL,CE,Federal Contract Tower,0,0,2,0,2,0,0,111,0,111,0,0,113,0,113,152,0,152,265
11/02/2004,TZR,OH,AGL,CE,Federal Contract Tower,0,0,15,0,15,0,0,56,0,56,0,0,71,0,71,8,0,8,79
11/03/2004,TZR,OH,AGL,CE,Federal Contract Tower,0,4,12,0,16,0,0,91,0,91,0,4,103,0,107,116,0,116,223
11/04/2004,TZR,OH,AGL,CE,Federal Contract Tower,0,0,7,0,7,0,0,5,0,5,0,0,12,0,12,0,0,0,12
11/05/2004,TZR,OH,AGL,CE,Federal Contract Tower,0,0,10,0,10,0,4,118,0,122,0,4,128,0,132,60,0,60,192
11/06/2004,TZR,OH,AGL,CE,Federal Contract Tower,0,0,9,0,9,0,0,82,0,82,0,0,91,0,91,76,0,76,167
11/07/2004,TZR,OH,AGL,CE,Federal Contract Tower,0,0,8,0,8,0,0,81,0,81,0,0,89,0,89,102,0,102,191
11/08/2004,TZR,OH,AGL,CE,Federal Contract Tower,0,0,7,0,7,0,4,73,0,77,0,4,80,0,84,32,0,32,116
11/09/2004,TZR,OH,AGL,CE,Federal Contract Tower,0,0,7,0,7,0,0,141,4,145,0,0,148,4,152,120,0,120,272
11/10/2004,TZR,OH,AGL,CE,Federal Contract Tower,0,1,4,0,5,0,0,90,0,90,0,1,94,0,95,118,0,118,213
11/11/2004,TZR,OH,AGL,CE,Federal Contract Tower,0,0,10,0,10,0,0,26,0,26,0,0,36,0,36,22,0,22,58
11/12/2004,TZR,OH,AGL,CE,Federal Contract Tower,0,4,14,3,21,0,0,65,4,69,0,4,79,7,90,44,0,44,134
11/13/2004,TZR,OH,AGL,CE,Federal Contract Tower,0,0,13,0,13,0,0,99,0,99,0,0,112,0,112,98,0,98,210
11/14/2004,TZR,OH,AGL,CE,Federal Contract Tower,0,0,12,0,12,0,0,106,0,106,0,0,118,0,118,116,0,116,234
11/15/2004,TZR,OH,AGL,CE,Federal Contract Tower,0,0,8,0,8,0,0,101,0,101,0,0,109,0,109,68,0,68,177
11/16/2004,TZR,OH,AGL,CE,Federal Contract Tower,0,0,20,0,20,0,0,82,4,86,0,0,102,4,106,126,0,126,232
11/17/2004,TZR,OH,AGL,CE,Federal Contract Tower,0,0,15,0,15,0,0,32,0,32,0,0,47,0,47,50,0,50,97
11/18/2004,TZR,OH,AGL,CE,Federal Contract Tower,0,0,31,0,31,0,0,8,0,8,0,0,39,0,39,24,0,24,63
11/19/2004,TZR,OH,AGL,CE,Federal Contract Tower,0,2,6,0,8,0,0,0,0,0,0,2,6,0,8,6,0,6,14
11/20/2004,TZR,OH,AGL,CE,Federal Contract Tower,0,0,12,0,12,0,0,118,0,118,0,0,130,0,130,102,0,102,232
11/21/2004,TZR,OH,AGL,CE,Federal Contract Tower,0,0,15,0,15,0,0,42,0,42,0,0,57,0,57,118,0,118,175
11/22/2004,TZR,OH,AGL,CE,Federal Contract Tower,0,0,18,0,18,0,0,21,0,21,0,0,39,0,39,58,0,58,97
11/23/2004,TZR,OH,AGL,CE,Federal Contract Tower,0,0,8,0,8,0,0,44,0,44,0,0,52,0,52,68,0,68,120
11/24/2004,TZR,OH,AGL,CE,Federal Contract Tower,0,0,8,0,8,0,0,4,0,4,0,0,12,0,12,0,0,0,12
11/25/2004,TZR,OH,AGL,CE,Federal Contract Tower,0,0,4,0,4,0,0,2,0,2,0,0,6,0,6,0,0,0,6
11/26/2004,TZR,OH,AGL,CE,Federal Contract Tower,0,0,6,0,6,0,0,83,0,83,0,0,89,0,89,92,0,92,181
11/27/2004,TZR,OH,AGL,CE,Federal Contract Tower,0,0,13,0,13,0,0,28,0,28,0,0,41,0,41,20,0,20,61
11/28/2004,TZR,OH,AGL,CE,Federal Contract Tower,0,0,3,0,3,0,0,58,0,58,0,0,61,0,61,32,0,32,93
11/29/2004,TZR,OH,AGL,CE,Federal Contract Tower,0,0,9,0,9,0,0,86,0,86,0,0,95,0,95,72,0,72,167
11/30/2004,TZR,OH,AGL,CE,Federal Contract Tower,0,0,10,0,10,0,0,35,4,39,0,0,45,4,49,52,0,52,101
12/01/2004,TZR,OH,AGL,CE,Federal Contract Tower,0,0,7,0,7,0,0,28,0,28,0,0,35,0,35,52,0,52,87
12/02/2004,TZR,OH,AGL,CE,Federal Contract Tower,0,2,14,0,16,0,0,112,0,112,0,2,126,0,128,160,0,160,288
12/03/2004,TZR,OH,AGL,CE,Federal Contract Tower,0,0,23,0,23,0,2,74,0,76,0,2,97,0,99,86,0,86,185
12/04/2004,TZR,OH,AGL,CE,Federal Contract Tower,0,2,9,0,11,0,1,89,0,90,0,3,98,0,101,116,0,116,217
12/05/2004,TZR,OH,AGL,CE,Federal Contract Tower,0,0,14,0,14,0,0,126,0,126,0,0,140,0,140,120,0,120,260
12/06/2004,TZR,OH,AGL,CE,Federal Contract Tower,0,0,16,0,16,0,0,3,0,3,0,0,19,0,19,20,0,20,39
12/07/2004,TZR,OH,AGL,CE,Federal Contract Tower,0,0,4,0,4,0,0,0,0,0,0,0,4,0,4,2,0,2,6
12/08/2004,TZR,OH,AGL,CE,Federal Contract Tower,0,1,23,0,24,0,0,76,0,76,0,1,99,0,100,196,0,196,296
12/09/2004,TZR,OH,AGL,CE,Federal Contract Tower,0,3,21,0,24,0,2,31,0,33,0,5,52,0,57,38,0,38,95
12/10/2004,TZR,OH,AGL,CE,Federal Contract Tower,0,0,6,0,6,0,0,10,0,10,0,0,16,0,16,0,0,0,16
12/11/2004,TZR,OH,AGL,CE,Federal Contract Tower,0,0,4,0,4,0,0,2,0,2,0,0,6,0,6,0,0,0,6
12/12/2004,TZR,OH,AGL,CE,Federal Contract Tower,0,0,4,0,4,0,2,4,0,6,0,2,8,0,10,2,0,2,12
12/13/2004,TZR,OH,AGL,CE,Federal Contract Tower,0,0,3,0,3,0,0,11,0,11,0,0,14,0,14,0,0,0,14
12/14/2004,TZR,OH,AGL,CE,Federal Contract Tower,0,0,16,0,16,0,0,25,2,27,0,0,41,2,43,32,0,32,75
12/15/2004,TZR,OH,AGL,CE,Federal Contract Tower,0,0,20,2,22,0,2,96,0,98,0,2,116,2,120,182,2,184,304
12/16/2004,TZR,OH,AGL,CE,Federal Contract Tower,0,0,9,0,9,0,0,75,0,75,0,0,84,0,84,102,0,102,186
12/17/2004,TZR,OH,AGL,CE,Federal Contract Tower,0,0,5,0,5,0,4,97,0,101,0,4,102,0,106,100,0,100,206
12/18/2004,TZR,OH,AGL,CE,Federal Contract Tower,0,0,11,0,11,0,0,93,0,93,0,0,104,0,104,198,0,198,302
12/19/2004,TZR,OH,AGL,CE,Federal Contract Tower,0,0,0,0,0,0,0,2,0,2,0,0,2,0,2,0,0,0,2
12/20/2004,TZR,OH,AGL,CE,Federal Contract Tower,0,0,11,0,11,0,0,62,0,62,0,0,73,0,73,24,0,24,97
12/21/2004,TZR,OH,AGL,CE,Federal Contract Tower,0,0,9,0,9,0,0,66,0,66,0,0,75,0,75,106,0,106,181
12/22/2004,TZR,OH,AGL,CE,Federal Contract Tower,0,0,2,0,2,0,0,2,0,2,0,0,4,0,4,8,0,8,12
12/23/2004,TZR,OH,AGL,CE,Federal Contract Tower,0,0,1,0,1,0,0,4,0,4,0,0,5,0,5,0,0,0,5
12/24/2004,TZR,OH,AGL,CE,Federal Contract Tower,0,0,1,0,1,0,10,22,0,32,0,10,23,0,33,0,0,0,33
12/25/2004,TZR,OH,AGL,CE,Federal Contract Tower,0,0,2,0,2,0,0,6,0,6,0,0,8,0,8,0,0,0,8
12/26/2004,TZR,OH,AGL,CE,Federal Contract Tower,0,0,3,0,3,0,0,7,0,7,0,0,10,0,10,4,0,4,14
12/27/2004,TZR,OH,AGL,CE,Federal Contract Tower,0,0,2,0,2,0,0,4,0,4,0,0,6,0,6,0,0,0,6
12/28/2004,TZR,OH,AGL,CE,Federal Contract Tower,0,0,9,0,9,0,0,74,6,80,0,0,83,6,89,110,0,110,199
12/29/2004,TZR,OH,AGL,CE,Federal Contract Tower,0,4,4,0,8,0,2,65,0,67,0,6,69,0,75,88,0,88,163
12/30/2004,TZR,OH,AGL,CE,Federal Contract Tower,0,0,10,0,10,0,0,21,0,21,0,0,31,0,31,34,0,34,65
12/31/2004,TZR,OH,AGL,CE,Federal Contract Tower,0,0,6,0,6,0,0,15,0,15,0,0,21,0,21,22,0,22,43
01/01/2005,TZR,OH,AGL,CE,Federal Contract Tower,0,0,0,0,0,0,0,0,0,0,0,0,0,0,0,0,0,0,0
01/02/2005,TZR,OH,AGL,CE,Federal Contract Tower,0,0,6,0,6,0,0,5,0,5,0,0,11,0,11,0,0,0,11
01/03/2005,TZR,OH,AGL,CE,Federal Contract Tower,0,0,3,0,3,0,0,0,0,0,0,0,3,0,3,0,0,0,3
01/04/2005,TZR,OH,AGL,CE,Federal Contract Tower,0,0,3,0,3,0,0,0,0,0,0,0,3,0,3,2,0,2,5
01/05/2005,TZR,OH,AGL,CE,Federal Contract Tower,0,0,6,0,6,0,0,0,0,0,0,0,6,0,6,0,0,0,6
01/06/2005,TZR,OH,AGL,CE,Federal Contract Tower,0,0,16,0,16,0,0,15,0,15,0,0,31,0,31,4,0,4,35
01/07/2005,TZR,OH,AGL,CE,Federal Contract Tower,0,0,14,0,14,0,4,90,0,94,0,4,104,0,108,176,0,176,284
01/08/2005,TZR,OH,AGL,CE,Federal Contract Tower,0,0,8,0,8,0,0,31,0,31,0,0,39,0,39,144,28,172,211
01/09/2005,TZR,OH,AGL,CE,Federal Contract Tower,0,0,19,0,19,0,0,113,0,113,0,0,132,0,132,133,0,133,265
01/10/2005,TZR,OH,AGL,CE,Federal Contract Tower,0,0,9,0,9,0,0,37,0,37,0,0,46,0,46,22,0,22,68
01/11/2005,TZR,OH,AGL,CE,Federal Contract Tower,0,0,3,0,3,0,0,0,0,0,0,0,3,0,3,0,0,0,3
01/12/2005,TZR,OH,AGL,CE,Federal Contract Tower,0,0,6,0,6,0,2,54,0,56,0,2,60,0,62,82,0,82,144
01/13/2005,TZR,OH,AGL,CE,Federal Contract Tower,0,0,5,0,5,0,2,2,0,4,0,2,7,0,9,14,0,14,23
01/14/2005,TZR,OH,AGL,CE,Federal Contract Tower,0,0,19,0,19,0,10,84,0,94,0,10,103,0,113,64,0,64,177
01/15/2005,TZR,OH,AGL,CE,Federal Contract Tower,0,0,11,0,11,0,8,131,0,139,0,8,142,0,150,104,0,104,254
01/16/2005,TZR,OH,AGL,CE,Federal Contract Tower,0,0,3,0,3,0,0,0,0,0,0,0,3,0,3,0,0,0,3
01/17/2005,TZR,OH,AGL,CE,Federal Contract Tower,0,0,8,0,8,0,0,79,0,79,0,0,87,0,87,64,0,64,151
01/18/2005,TZR,OH,AGL,CE,Federal Contract Tower,0,0,3,0,3,0,0,113,4,117,0,0,116,4,120,82,0,82,202
01/19/2005,TZR,OH,AGL,CE,Federal Contract Tower,0,0,0,0,0,0,0,4,0,4,0,0,4,0,4,0,0,0,4
01/20/2005,TZR,OH,AGL,CE,Federal Contract Tower,0,0,9,0,9,0,0,7,0,7,0,0,16,0,16,28,0,28,44
01/21/2005,TZR,OH,AGL,CE,Federal Contract Tower,0,0,20,0,20,0,0,82,0,82,0,0,102,0,102,134,4,138,240
01/22/2005,TZR,OH,AGL,CE,Federal Contract Tower,0,0,0,0,0,0,0,0,0,0,0,0,0,0,0,0,0,0,0
01/23/2005,TZR,OH,AGL,CE,Federal Contract Tower,0,0,2,0,2,0,0,50,0,50,0,0,52,0,52,26,0,26,78
01/24/2005,TZR,OH,AGL,CE,Federal Contract Tower,0,0,6,0,6,0,0,57,0,57,0,0,63,0,63,44,0,44,107
01/25/2005,TZR,OH,AGL,CE,Federal Contract Tower,0,2,8,1,11,0,2,107,1,110,0,4,115,2,121,178,0,178,299
01/26/2005,TZR,OH,AGL,CE,Federal Contract Tower,0,1,8,0,9,0,0,29,0,29,0,1,37,0,38,36,0,36,74
01/27/2005,TZR,OH,AGL,CE,Federal Contract Tower,0,3,13,1,17,0,0,54,1,55,0,3,67,2,72,62,0,62,134
01/28/2005,TZR,OH,AGL,CE,Federal Contract Tower,0,2,10,0,12,0,2,82,0,84,0,4,92,0,96,100,0,100,196
01/29/2005,TZR,OH,AGL,CE,Federal Contract Tower,0,0,7,0,7,0,0,34,0,34,0,0,41,0,41,44,0,44,85
01/30/2005,TZR,OH,AGL,CE,Federal Contract Tower,0,0,12,0,12,0,0,44,0,44,0,0,56,0,56,72,0,72,128
01/31/2005,TZR,OH,AGL,CE,Federal Contract Tower,0,0,5,0,5,0,0,60,0,60,0,0,65,0,65,140,2,142,207
02/01/2005,TZR,OH,AGL,CE,Federal Contract Tower,0,0,20,0,20,0,0,69,0,69,0,0,89,0,89,86,0,86,175
02/02/2005,TZR,OH,AGL,CE,Federal Contract Tower,0,8,11,0,19,0,0,75,0,75,0,8,86,0,94,86,0,86,180
02/03/2005,TZR,OH,AGL,CE,Federal Contract Tower,0,0,9,0,9,0,0,21,0,21,0,0,30,0,30,24,0,24,54
02/04/2005,TZR,OH,AGL,CE,Federal Contract Tower,0,0,10,0,10,0,0,59,0,59,0,0,69,0,69,58,0,58,127
02/05/2005,TZR,OH,AGL,CE,Federal Contract Tower,0,0,16,0,16,0,0,102,0,102,0,0,118,0,118,196,0,196,314
02/06/2005,TZR,OH,AGL,CE,Federal Contract Tower,0,0,8,0,8,0,0,100,0,100,0,0,108,0,108,80,0,80,188
02/07/2005,TZR,OH,AGL,CE,Federal Contract Tower,0,0,16,0,16,0,0,51,0,51,0,0,67,0,67,46,0,46,113
02/08/2005,TZR,OH,AGL,CE,Federal Contract Tower,0,0,3,0,3,0,0,0,0,0,0,0,3,0,3,0,0,0,3
02/09/2005,TZR,OH,AGL,CE,Federal Contract Tower,0,0,3,0,3,0,0,9,0,9,0,0,12,0,12,0,0,0,12
02/10/2005,TZR,OH,AGL,CE,Federal Contract Tower,0,0,1,0,1,0,0,15,0,15,0,0,16,0,16,4,0,4,20
02/11/2005,TZR,OH,AGL,CE,Federal Contract Tower,0,0,19,0,19,0,0,45,2,47,0,0,64,2,66,58,0,58,124
02/12/2005,TZR,OH,AGL,CE,Federal Contract Tower,0,0,18,0,18,0,0,178,0,178,0,0,196,0,196,88,0,88,284
02/13/2005,TZR,OH,AGL,CE,Federal Contract Tower,0,0,9,0,9,0,0,41,0,41,0,0,50,0,50,18,0,18,68
02/14/2005,TZR,OH,AGL,CE,Federal Contract Tower,0,0,0,0,0,0,0,2,0,2,0,0,2,0,2,0,0,0,2
02/15/2005,TZR,OH,AGL,CE,Federal Contract Tower,0,0,18,0,18,0,0,95,0,95,0,0,113,0,113,72,0,72,185
02/16/2005,TZR,OH,AGL,CE,Federal Contract Tower,0,0,8,0,8,0,0,40,0,40,0,0,48,0,48,54,0,54,102
02/17/2005,TZR,OH,AGL,CE,Federal Contract Tower,0,0,8,0,8,0,0,46,2,48,0,0,54,2,56,24,0,24,80
02/18/2005,TZR,OH,AGL,CE,Federal Contract Tower,0,2,14,0,16,0,2,57,0,59,0,4,71,0,75,58,0,58,133
02/19/2005,TZR,OH,AGL,CE,Federal Contract Tower,0,0,12,0,12,0,0,113,0,113,0,0,125,0,125,158,0,158,283
02/20/2005,TZR,OH,AGL,CE,Federal Contract Tower,0,0,2,0,2,0,0,3,0,3,0,0,5,0,5,20,0,20,25
02/21/2005,TZR,OH,AGL,CE,Federal Contract Tower,0,0,12,0,12,0,0,7,0,7,0,0,19,0,19,0,0,0,19
02/22/2005,TZR,OH,AGL,CE,Federal Contract Tower,0,0,15,0,15,0,0,45,0,45,0,0,60,0,60,94,0,94,154
02/23/2005,TZR,OH,AGL,CE,Federal Contract Tower,0,2,9,0,11,0,2,50,4,56,0,4,59,4,67,40,0,40,107
02/24/2005,TZR,OH,AGL,CE,Federal Contract Tower,0,0,2,0,2,0,0,2,0,2,0,0,4,0,4,0,0,0,4
02/25/2005,TZR,OH,AGL,CE,Federal Contract Tower,0,0,9,0,9,0,0,75,0,75,0,0,84,0,84,56,0,56,140
02/26/2005,TZR,OH,AGL,CE,Federal Contract Tower,0,0,3,0,3,0,0,71,0,71,0,0,74,0,74,114,0,114,188
02/27/2005,TZR,OH,AGL,CE,Federal Contract Tower,0,0,8,0,8,0,0,103,2,105,0,0,111,2,113,45,0,45,158
02/28/2005,TZR,OH,AGL,CE,Federal Contract Tower,0,0,7,0,7,0,0,4,0,4,0,0,11,0,11,16,0,16,27
03/01/2005,TZR,OH,AGL,CE,Federal Contract Tower,0,0,2,0,2,0,0,0,0,0,0,0,2,0,2,0,0,0,2
03/02/2005,TZR,OH,AGL,CE,Federal Contract Tower,0,0,4,0,4,0,4,43,0,47,0,4,47,0,51,2,0,2,53
03/03/2005,TZR,OH,AGL,CE,Federal Contract Tower,0,0,10,0,10,0,2,102,0,104,0,2,112,0,114,142,0,142,256
03/04/2005,TZR,OH,AGL,CE,Federal Contract Tower,0,0,10,0,10,0,0,27,4,31,0,0,37,4,41,44,0,44,85
03/05/2005,TZR,OH,AGL,CE,Federal Contract Tower,0,0,6,0,6,0,0,83,0,83,0,0,89,0,89,92,0,92,181
03/06/2005,TZR,OH,AGL,CE,Federal Contract Tower,0,0,7,0,7,0,0,67,0,67,0,0,74,0,74,62,0,62,136
03/07/2005,TZR,OH,AGL,CE,Federal Contract Tower,0,0,10,0,10,0,0,12,0,12,0,0,22,0,22,0,0,0,22
03/08/2005,TZR,OH,AGL,CE,Federal Contract Tower,0,0,3,0,3,0,0,42,2,44,0,0,45,2,47,38,0,38,85
03/09/2005,TZR,OH,AGL,CE,Federal Contract Tower,0,0,11,0,11,0,0,68,0,68,0,0,79,0,79,66,0,66,145
03/10/2005,TZR,OH,AGL,CE,Federal Contract Tower,0,0,5,0,5,0,2,57,0,59,0,2,62,0,64,30,0,30,94
03/11/2005,TZR,OH,AGL,CE,Federal Contract Tower,0,0,2,0,2,0,0,4,0,4,0,0,6,0,6,0,0,0,6
03/12/2005,TZR,OH,AGL,CE,Federal Contract Tower,0,0,10,0,10,0,4,28,8,40,0,4,38,8,50,68,0,68,118
03/13/2005,TZR,OH,AGL,CE,Federal Contract Tower,0,0,11,0,11,0,0,104,2,106,0,0,115,2,117,68,0,68,185
03/14/2005,TZR,OH,AGL,CE,Federal Contract Tower,0,2,4,0,6,0,2,83,0,85,0,4,87,0,91,102,0,102,193
03/15/2005,TZR,OH,AGL,CE,Federal Contract Tower,0,2,9,0,11,0,0,111,0,111,0,2,120,0,122,146,0,146,268
03/16/2005,TZR,OH,AGL,CE,Federal Contract Tower,0,0,10,0,10,0,0,119,0,119,0,0,129,0,129,90,0,90,219
03/17/2005,TZR,OH,AGL,CE,Federal Contract Tower,0,0,11,0,11,0,6,106,8,120,0,6,117,8,131,100,0,100,231
03/18/2005,TZR,OH,AGL,CE,Federal Contract Tower,0,2,16,0,18,0,2,132,0,134,0,4,148,0,152,110,2,112,264
03/19/2005,TZR,OH,AGL,CE,Federal Contract Tower,0,0,8,0,8,0,0,47,0,47,0,0,55,0,55,78,0,78,133
03/20/2005,TZR,OH,AGL,CE,Federal Contract Tower,0,0,6,0,6,0,0,4,0,4,0,0,10,0,10,0,0,0,10
03/21/2005,TZR,OH,AGL,CE,Federal Contract Tower,0,0,6,0,6,0,0,97,0,97,0,0,103,0,103,102,0,102,205
03/22/2005,TZR,OH,AGL,CE,Federal Contract Tower,0,0,6,0,6,0,0,84,4,88,0,0,90,4,94,56,0,56,150
03/23/2005,TZR,OH,AGL,CE,Federal Contract Tower,0,0,6,0,6,0,0,0,0,0,0,0,6,0,6,0,0,0,6
03/24/2005,TZR,OH,AGL,CE,Federal Contract Tower,0,0,4,1,5,0,0,71,1,72,0,0,75,2,77,130,0,130,207
03/25/2005,TZR,OH,AGL,CE,Federal Contract Tower,0,0,4,0,4,0,0,6,0,6,0,0,10,0,10,0,0,0,10
03/26/2005,TZR,OH,AGL,CE,Federal Contract Tower,0,0,17,0,17,0,0,64,0,64,0,0,81,0,81,119,0,119,200
03/27/2005,TZR,OH,AGL,CE,Federal Contract Tower,0,0,5,0,5,0,4,12,2,18,0,4,17,2,23,26,0,26,49
03/28/2005,TZR,OH,AGL,CE,Federal Contract Tower,0,0,5,0,5,0,0,0,0,0,0,0,5,0,5,0,0,0,5
03/29/2005,TZR,OH,AGL,CE,Federal Contract Tower,0,1,11,0,12,0,4,118,0,122,0,5,129,0,134,168,0,168,302
03/30/2005,TZR,OH,AGL,CE,Federal Contract Tower,0,0,15,2,17,0,2,114,2,118,0,2,129,4,135,114,0,114,249
03/31/2005,TZR,OH,AGL,CE,Federal Contract Tower,0,0,19,0,19,0,2,42,0,44,0,2,61,0,63,34,0,34,97
04/01/2005,TZR,OH,AGL,CE,Federal Contract Tower,0,0,7,0,7,0,0,92,2,94,0,0,99,2,101,74,0,74,175
04/02/2005,TZR,OH,AGL,CE,Federal Contract Tower,0,0,1,0,1,0,0,0,0,0,0,0,1,0,1,0,0,0,1
04/03/2005,TZR,OH,AGL,CE,Federal Contract Tower,0,0,1,0,1,0,0,26,0,26,0,0,27,0,27,12,0,12,39
04/04/2005,TZR,OH,AGL,CE,Federal Contract Tower,0,0,9,0,9,0,0,127,0,127,0,0,136,0,136,140,0,140,276
04/05/2005,TZR,OH,AGL,CE,Federal Contract Tower,0,0,22,2,24,0,2,119,0,121,0,2,141,2,145,118,0,118,263
04/06/2005,TZR,OH,AGL,CE,Federal Contract Tower,0,0,15,2,17,0,0,111,0,111,0,0,126,2,128,88,0,88,216
04/07/2005,TZR,OH,AGL,CE,Federal Contract Tower,0,0,4,0,4,0,0,27,0,27,0,0,31,0,31,54,0,54,85
04/08/2005,TZR,OH,AGL,CE,Federal Contract Tower,0,0,7,0,7,0,0,100,0,100,0,0,107,0,107,60,0,60,167
04/09/2005,TZR,OH,AGL,CE,Federal Contract Tower,0,0,9,0,9,0,0,165,2,167,0,0,174,2,176,102,4,106,282
04/10/2005,TZR,OH,AGL,CE,Federal Contract Tower,0,0,3,0,3,0,0,164,0,164,0,0,167,0,167,106,0,106,273
04/11/2005,TZR,OH,AGL,CE,Federal Contract Tower,0,0,9,0,9,0,2,58,0,60,0,2,67,0,69,42,0,42,111
04/12/2005,TZR,OH,AGL,CE,Federal Contract Tower,0,0,17,0,17,0,0,45,0,45,0,0,62,0,62,58,0,58,120
04/13/2005,TZR,OH,AGL,CE,Federal Contract Tower,0,0,9,0,9,0,0,62,0,62,0,0,71,0,71,50,0,50,121
04/14/2005,TZR,OH,AGL,CE,Federal Contract Tower,0,0,12,0,12,0,0,95,0,95,0,0,107,0,107,86,0,86,193
04/15/2005,TZR,OH,AGL,CE,Federal Contract Tower,0,0,16,0,16,0,2,106,0,108,0,2,122,0,124,90,2,92,216
04/16/2005,TZR,OH,AGL,CE,Federal Contract Tower,0,0,7,0,7,0,0,151,0,151,0,0,158,0,158,132,0,132,290
04/17/2005,TZR,OH,AGL,CE,Federal Contract Tower,0,0,11,0,11,0,2,103,0,105,0,2,114,0,116,150,0,150,266
04/18/2005,TZR,OH,AGL,CE,Federal Contract Tower,0,0,16,0,16,0,6,64,0,70,0,6,80,0,86,72,0,72,158
04/19/2005,TZR,OH,AGL,CE,Federal Contract Tower,0,0,20,0,20,0,4,109,0,113,0,4,129,0,133,142,0,142,275
04/20/2005,TZR,OH,AGL,CE,Federal Contract Tower,0,0,8,0,8,0,2,55,0,57,0,2,63,0,65,58,0,58,123
04/21/2005,TZR,OH,AGL,CE,Federal Contract Tower,0,0,19,0,19,0,0,31,0,31,0,0,50,0,50,42,0,42,92
04/22/2005,TZR,OH,AGL,CE,Federal Contract Tower,0,0,7,0,7,0,0,0,0,0,0,0,7,0,7,14,0,14,21
04/23/2005,TZR,OH,AGL,CE,Federal Contract Tower,0,0,1,0,1,0,0,0,0,0,0,0,1,0,1,0,0,0,1
04/24/2005,TZR,OH,AGL,CE,Federal Contract Tower,0,0,1,0,1,0,0,0,0,0,0,0,1,0,1,0,0,0,1
04/25/2005,TZR,OH,AGL,CE,Federal Contract Tower,0,0,14,0,14,0,0,45,0,45,0,0,59,0,59,60,2,62,121
04/26/2005,TZR,OH,AGL,CE,Federal Contract Tower,0,0,24,0,24,0,0,22,0,22,0,0,46,0,46,66,0,66,112
04/27/2005,TZR,OH,AGL,CE,Federal Contract Tower,0,0,11,0,11,0,2,37,0,39,0,2,48,0,50,54,0,54,104
04/28/2005,TZR,OH,AGL,CE,Federal Contract Tower,0,0,12,0,12,0,0,89,0,89,0,0,101,0,101,80,0,80,181
04/29/2005,TZR,OH,AGL,CE,Federal Contract Tower,0,0,6,0,6,0,0,78,0,78,0,0,84,0,84,128,0,128,212
04/30/2005,TZR,OH,AGL,CE,Federal Contract Tower,0,0,19,0,19,0,0,23,0,23,0,0,42,0,42,40,0,40,82
05/01/2005,TZR,OH,AGL,CE,Federal Contract Tower,0,0,9,0,9,0,2,69,0,71,0,2,78,0,80,62,0,62,142
05/02/2005,TZR,OH,AGL,CE,Federal Contract Tower,0,0,13,0,13,0,0,35,0,35,0,0,48,0,48,34,0,34,82
05/03/2005,TZR,OH,AGL,CE,Federal Contract Tower,0,0,15,0,15,0,0,74,0,74,0,0,89,0,89,84,0,84,173
05/04/2005,TZR,OH,AGL,CE,Federal Contract Tower,0,0,10,0,10,0,0,102,0,102,0,0,112,0,112,102,0,102,214
05/05/2005,TZR,OH,AGL,CE,Federal Contract Tower,0,0,8,0,8,0,0,81,0,81,0,0,89,0,89,106,0,106,195
05/06/2005,TZR,OH,AGL,CE,Federal Contract Tower,0,0,21,0,21,0,0,122,0,122,0,0,143,0,143,148,0,148,291
05/07/2005,TZR,OH,AGL,CE,Federal Contract Tower,0,0,11,0,11,0,0,86,0,86,0,0,97,0,97,78,0,78,175
05/08/2005,TZR,OH,AGL,CE,Federal Contract Tower,0,0,15,0,15,0,2,103,0,105,0,2,118,0,120,74,0,74,194
05/09/2005,TZR,OH,AGL,CE,Federal Contract Tower,0,2,5,0,7,0,0,100,0,100,0,2,105,0,107,96,0,96,203
05/10/2005,TZR,OH,AGL,CE,Federal Contract Tower,0,0,15,0,15,0,0,73,0,73,0,0,88,0,88,50,0,50,138
05/11/2005,TZR,OH,AGL,CE,Federal Contract Tower,0,0,7,0,7,0,0,100,0,100,0,0,107,0,107,80,0,80,187
05/12/2005,TZR,OH,AGL,CE,Federal Contract Tower,0,0,12,0,12,0,0,92,0,92,0,0,104,0,104,34,0,34,138
05/13/2005,TZR,OH,AGL,CE,Federal Contract Tower,0,2,14,0,16,0,0,62,0,62,0,2,76,0,78,98,0,98,176
05/14/2005,TZR,OH,AGL,CE,Federal Contract Tower,0,0,9,0,9,0,0,16,0,16,0,0,25,0,25,24,0,24,49
05/15/2005,TZR,OH,AGL,CE,Federal Contract Tower,0,0,13,0,13,0,6,98,0,104,0,6,111,0,117,138,0,138,255
05/16/2005,TZR,OH,AGL,CE,Federal Contract Tower,0,0,7,0,7,0,0,81,0,81,0,0,88,0,88,92,0,92,180
05/17/2005,TZR,OH,AGL,CE,Federal Contract Tower,0,8,14,0,22,0,0,92,0,92,0,8,106,0,114,128,0,128,242
05/18/2005,TZR,OH,AGL,CE,Federal Contract Tower,0,2,12,0,14,0,1,81,6,88,0,3,93,6,102,96,0,96,198
05/19/2005,TZR,OH,AGL,CE,Federal Contract Tower,0,2,8,0,10,0,0,23,4,27,0,2,31,4,37,31,0,31,68
05/20/2005,TZR,OH,AGL,CE,Federal Contract Tower,0,0,29,0,29,0,0,2,0,2,0,0,31,0,31,18,0,18,49
05/21/2005,TZR,OH,AGL,CE,Federal Contract Tower,0,0,15,2,17,0,0,177,2,179,0,0,192,4,196,182,2,184,380
05/22/2005,TZR,OH,AGL,CE,Federal Contract Tower,0,0,8,0,8,0,0,61,0,61,0,0,69,0,69,113,0,113,182
05/23/2005,TZR,OH,AGL,CE,Federal Contract Tower,0,0,5,0,5,0,2,26,0,28,0,2,31,0,33,20,0,20,53
05/24/2005,TZR,OH,AGL,CE,Federal Contract Tower,0,0,6,0,6,0,0,64,2,66,0,0,70,2,72,86,0,86,158
05/25/2005,TZR,OH,AGL,CE,Federal Contract Tower,0,0,25,0,25,0,0,69,0,69,0,0,94,0,94,198,0,198,292
05/26/2005,TZR,OH,AGL,CE,Federal Contract Tower,0,5,23,0,28,0,0,95,0,95,0,5,118,0,123,162,2,164,287
05/27/2005,TZR,OH,AGL,CE,Federal Contract Tower,0,0,14,0,14,0,0,85,0,85,0,0,99,0,99,142,0,142,241
05/28/2005,TZR,OH,AGL,CE,Federal Contract Tower,0,0,9,0,9,0,0,69,0,69,0,0,78,0,78,92,0,92,170
05/29/2005,TZR,OH,AGL,CE,Federal Contract Tower,0,0,7,0,7,0,0,100,0,100,0,0,107,0,107,74,0,74,181
05/30/2005,TZR,OH,AGL,CE,Federal Contract Tower,0,0,20,0,20,0,0,47,2,49,0,0,67,2,69,42,0,42,111
05/31/2005,TZR,OH,AGL,CE,Federal Contract Tower,0,0,20,0,20,0,0,109,0,109,0,0,129,0,129,124,0,124,253
06/01/2005,TZR,OH,AGL,CE,Federal Contract Tower,0,0,16,0,16,0,0,112,0,112,0,0,128,0,128,82,0,82,210
06/02/2005,TZR,OH,AGL,CE,Federal Contract Tower,0,0,12,0,12,0,0,70,0,70,0,0,82,0,82,110,0,110,192
06/03/2005,TZR,OH,AGL,CE,Federal Contract Tower,0,0,19,0,19,0,0,127,0,127,0,0,146,0,146,106,0,106,252
06/04/2005,TZR,OH,AGL,CE,Federal Contract Tower,0,0,9,0,9,0,8,116,0,124,0,8,125,0,133,186,0,186,319
06/05/2005,TZR,OH,AGL,CE,Federal Contract Tower,0,0,5,0,5,0,0,98,0,98,0,0,103,0,103,90,0,90,193
06/06/2005,TZR,OH,AGL,CE,Federal Contract Tower,0,0,5,0,5,0,12,58,0,70,0,12,63,0,75,36,0,36,111
06/07/2005,TZR,OH,AGL,CE,Federal Contract Tower,0,0,8,0,8,0,0,122,8,130,0,0,130,8,138,94,2,96,234
06/08/2005,TZR,OH,AGL,CE,Federal Contract Tower,0,0,14,0,14,0,0,41,2,43,0,0,55,2,57,82,0,82,139
06/09/2005,TZR,OH,AGL,CE,Federal Contract Tower,0,0,3,0,3,0,0,52,0,52,0,0,55,0,55,78,0,78,133
06/10/2005,TZR,OH,AGL,CE,Federal Contract Tower,0,0,5,0,5,0,0,52,0,52,0,0,57,0,57,48,0,48,105
06/11/2005,TZR,OH,AGL,CE,Federal Contract Tower,0,0,17,0,17,0,0,69,2,71,0,0,86,2,88,48,0,48,136
06/12/2005,TZR,OH,AGL,CE,Federal Contract Tower,0,0,2,0,2,0,0,51,0,51,0,0,53,0,53,84,0,84,137
06/13/2005,TZR,OH,AGL,CE,Federal Contract Tower,0,2,13,0,15,0,0,36,0,36,0,2,49,0,51,36,0,36,87
06/14/2005,TZR,OH,AGL,CE,Federal Contract Tower,0,3,6,2,11,0,0,51,4,55,0,3,57,6,66,66,0,66,132
06/15/2005,TZR,OH,AGL,CE,Federal Contract Tower,0,1,18,0,19,0,0,44,0,44,0,1,62,0,63,30,0,30,93
06/16/2005,TZR,OH,AGL,CE,Federal Contract Tower,0,0,14,0,14,0,0,64,2,66,0,0,78,2,80,90,0,90,170
06/17/2005,TZR,OH,AGL,CE,Federal Contract Tower,0,0,10,0,10,0,4,150,0,154,0,4,160,0,164,192,0,192,356
06/18/2005,TZR,OH,AGL,CE,Federal Contract Tower,0,2,11,0,13,0,0,144,0,144,0,2,155,0,157,246,0,246,403
06/19/2005,TZR,OH,AGL,CE,Federal Contract Tower,0,0,12,0,12,0,0,98,0,98,0,0,110,0,110,94,0,94,204
06/20/2005,TZR,OH,AGL,CE,Federal Contract Tower,0,2,19,0,21,0,0,86,2,88,0,2,105,2,109,140,0,140,249
06/21/2005,TZR,OH,AGL,CE,Federal Contract Tower,0,0,10,2,12,0,2,98,2,102,0,2,108,4,114,170,2,172,286
06/22/2005,TZR,OH,AGL,CE,Federal Contract Tower,0,2,15,2,19,0,0,57,0,57,0,2,72,2,76,68,0,68,144
06/23/2005,TZR,OH,AGL,CE,Federal Contract Tower,0,4,8,0,12,0,0,121,0,121,0,4,129,0,133,266,2,268,401
06/24/2005,TZR,OH,AGL,CE,Federal Contract Tower,0,0,15,0,15,0,0,88,0,88,0,0,103,0,103,250,0,250,353
06/25/2005,TZR,OH,AGL,CE,Federal Contract Tower,0,5,9,0,14,0,0,90,4,94,0,5,99,4,108,68,0,68,176
06/26/2005,TZR,OH,AGL,CE,Federal Contract Tower,0,0,4,0,4,0,10,54,0,64,0,10,58,0,68,122,0,122,190
06/27/2005,TZR,OH,AGL,CE,Federal Contract Tower,0,0,9,0,9,0,6,75,0,81,0,6,84,0,90,84,0,84,174
06/28/2005,TZR,OH,AGL,CE,Federal Contract Tower,0,0,13,0,13,0,0,47,2,49,0,0,60,2,62,46,0,46,108
06/29/2005,TZR,OH,AGL,CE,Federal Contract Tower,0,0,14,0,14,0,2,65,0,67,0,2,79,0,81,82,0,82,163
06/30/2005,TZR,OH,AGL,CE,Federal Contract Tower,0,0,7,0,7,0,0,16,0,16,0,0,23,0,23,28,0,28,51
07/01/2005,TZR,OH,AGL,CE,Federal Contract Tower,0,0,16,0,16,0,2,141,0,143,0,2,157,0,159,162,0,162,321
07/02/2005,TZR,OH,AGL,CE,Federal Contract Tower,0,0,5,0,5,0,0,167,0,167,0,0,172,0,172,72,0,72,244
07/03/2005,TZR,OH,AGL,CE,Federal Contract Tower,0,0,6,0,6,0,0,115,0,115,0,0,121,0,121,88,0,88,209
07/04/2005,TZR,OH,AGL,CE,Federal Contract Tower,0,0,4,0,4,0,0,141,8,149,0,0,145,8,153,152,0,152,305
07/05/2005,TZR,OH,AGL,CE,Federal Contract Tower,0,2,5,0,7,0,0,35,0,35,0,2,40,0,42,64,0,64,106
07/06/2005,TZR,OH,AGL,CE,Federal Contract Tower,0,2,11,0,13,0,2,120,0,122,0,4,131,0,135,144,0,144,279
07/07/2005,TZR,OH,AGL,CE,Federal Contract Tower,0,4,18,0,22,0,0,105,0,105,0,4,123,0,127,188,0,188,315
07/08/2005,TZR,OH,AGL,CE,Federal Contract Tower,0,0,19,0,19,0,2,101,0,103,0,2,120,0,122,132,0,132,254
07/09/2005,TZR,OH,AGL,CE,Federal Contract Tower,0,0,16,0,16,0,2,150,8,160,0,2,166,8,176,84,0,84,260
07/10/2005,TZR,OH,AGL,CE,Federal Contract Tower,0,0,11,0,11,0,0,109,0,109,0,0,120,0,120,152,0,152,272
07/11/2005,TZR,OH,AGL,CE,Federal Contract Tower,0,0,13,0,13,0,0,69,0,69,0,0,82,0,82,82,0,82,164
07/12/2005,TZR,OH,AGL,CE,Federal Contract Tower,0,0,4,2,6,0,0,75,0,75,0,0,79,2,81,116,2,118,199
07/13/2005,TZR,OH,AGL,CE,Federal Contract Tower,0,1,10,0,11,0,2,25,2,29,0,3,35,2,40,24,0,24,64
07/14/2005,TZR,OH,AGL,CE,Federal Contract Tower,0,0,14,0,14,0,7,19,0,26,0,7,33,0,40,10,0,10,50
07/15/2005,TZR,OH,AGL,CE,Federal Contract Tower,0,0,8,0,8,0,0,49,2,51,0,0,57,2,59,18,0,18,77
07/16/2005,TZR,OH,AGL,CE,Federal Contract Tower,0,0,9,0,9,0,0,43,4,47,0,0,52,4,56,12,0,12,68
07/17/2005,TZR,OH,AGL,CE,Federal Contract Tower,0,0,11,0,11,0,0,26,0,26,0,0,37,0,37,18,0,18,55
07/18/2005,TZR,OH,AGL,CE,Federal Contract Tower,0,0,17,0,17,0,0,32,2,34,0,0,49,2,51,82,0,82,133
07/19/2005,TZR,OH,AGL,CE,Federal Contract Tower,0,0,7,0,7,0,4,103,0,107,0,4,110,0,114,84,0,84,198
07/20/2005,TZR,OH,AGL,CE,Federal Contract Tower,0,0,10,0,10,0,0,69,2,71,0,0,79,2,81,90,0,90,171
07/21/2005,TZR,OH,AGL,CE,Federal Contract Tower,0,0,12,0,12,0,2,53,0,55,0,2,65,0,67,110,0,110,177
07/22/2005,TZR,OH,AGL,CE,Federal Contract Tower,0,0,4,0,4,0,0,111,0,111,0,0,115,0,115,90,0,90,205
07/23/2005,TZR,OH,AGL,CE,Federal Contract Tower,0,0,6,0,6,0,0,150,4,154,0,0,156,4,160,124,0,124,284
07/24/2005,TZR,OH,AGL,CE,Federal Contract Tower,0,0,6,0,6,0,6,103,0,109,0,6,109,0,115,78,0,78,193
07/25/2005,TZR,OH,AGL,CE,Federal Contract Tower,0,2,8,0,10,0,2,32,0,34,0,4,40,0,44,28,0,28,72
07/26/2005,TZR,OH,AGL,CE,Federal Contract Tower,0,0,9,0,9,0,0,29,0,29,0,0,38,0,38,30,0,30,68
07/27/2005,TZR,OH,AGL,CE,Federal Contract Tower,0,0,7,0,7,0,0,16,6,22,0,0,23,6,29,0,0,0,29
07/28/2005,TZR,OH,AGL,CE,Federal Contract Tower,0,0,19,0,19,0,0,89,0,89,0,0,108,0,108,132,0,132,240
07/29/2005,TZR,OH,AGL,CE,Federal Contract Tower,0,4,33,0,37,0,0,99,2,101,0,4,132,2,138,52,0,52,190
07/30/2005,TZR,OH,AGL,CE,Federal Contract Tower,0,0,7,0,7,0,4,127,0,131,0,4,134,0,138,28,0,28,166
07/31/2005,TZR,OH,AGL,CE,Federal Contract Tower,0,0,9,0,9,0,0,120,0,120,0,0,129,0,129,98,0,98,227
08/01/2005,TZR,OH,AGL,CE,Federal Contract Tower,0,0,13,0,13,0,0,119,0,119,0,0,132,0,132,40,0,40,172
08/02/2005,TZR,OH,AGL,CE,Federal Contract Tower,0,0,10,0,10,0,0,67,0,67,0,0,77,0,77,111,0,111,188
08/03/2005,TZR,OH,AGL,CE,Federal Contract Tower,0,6,14,0,20,0,0,51,0,51,0,6,65,0,71,26,0,26,97
08/04/2005,TZR,OH,AGL,CE,Federal Contract Tower,0,0,4,0,4,0,2,50,4,56,0,2,54,4,60,41,0,41,101
08/05/2005,TZR,OH,AGL,CE,Federal Contract Tower,0,0,13,0,13,0,0,31,2,33,0,0,44,2,46,20,0,20,66
08/06/2005,TZR,OH,AGL,CE,Federal Contract Tower,0,0,18,0,18,0,4,91,2,97,0,4,109,2,115,92,0,92,207
08/07/2005,TZR,OH,AGL,CE,Federal Contract Tower,0,0,12,0,12,0,4,140,0,144,0,4,152,0,156,78,0,78,234
08/08/2005,TZR,OH,AGL,CE,Federal Contract Tower,0,0,20,0,20,0,4,61,0,65,0,4,81,0,85,64,0,64,149
08/09/2005,TZR,OH,AGL,CE,Federal Contract Tower,0,0,7,4,11,0,6,96,0,102,0,6,103,4,113,92,4,96,209
08/10/2005,TZR,OH,AGL,CE,Federal Contract Tower,0,0,4,0,4,0,0,44,2,46,0,0,48,2,50,78,0,78,128
08/11/2005,TZR,OH,AGL,CE,Federal Contract Tower,0,0,11,0,11,0,0,49,2,51,0,0,60,2,62,48,0,48,110
08/12/2005,TZR,OH,AGL,CE,Federal Contract Tower,0,0,11,0,11,0,0,80,4,84,0,0,91,4,95,58,0,58,153
08/13/2005,TZR,OH,AGL,CE,Federal Contract Tower,0,0,3,0,3,0,4,108,8,120,0,4,111,8,123,42,0,42,165
08/14/2005,TZR,OH,AGL,CE,Federal Contract Tower,0,0,6,0,6,0,0,64,0,64,0,0,70,0,70,30,0,30,100
08/15/2005,TZR,OH,AGL,CE,Federal Contract Tower,0,0,18,0,18,0,0,41,0,41,0,0,59,0,59,28,0,28,87
08/16/2005,TZR,OH,AGL,CE,Federal Contract Tower,0,0,11,2,13,0,0,56,2,58,0,0,67,4,71,114,0,114,185
08/17/2005,TZR,OH,AGL,CE,Federal Contract Tower,0,0,12,0,12,0,0,119,0,119,0,0,131,0,131,128,0,128,259
08/18/2005,TZR,OH,AGL,CE,Federal Contract Tower,0,0,11,0,11,0,0,66,4,70,0,0,77,4,81,62,0,62,143
08/19/2005,TZR,OH,AGL,CE,Federal Contract Tower,0,0,8,0,8,0,2,82,2,86,0,2,90,2,94,70,0,70,164
08/20/2005,TZR,OH,AGL,CE,Federal Contract Tower,0,0,8,0,8,0,0,77,0,77,0,0,85,0,85,70,0,70,155
08/21/2005,TZR,OH,AGL,CE,Federal Contract Tower,0,0,3,0,3,0,8,111,0,119,0,8,114,0,122,6,0,6,128
08/22/2005,TZR,OH,AGL,CE,Federal Contract Tower,0,0,13,0,13,0,0,89,2,91,0,0,102,2,104,154,0,154,258
08/23/2005,TZR,OH,AGL,CE,Federal Contract Tower,0,0,9,0,9,0,0,90,4,94,0,0,99,4,103,142,0,142,245
08/24/2005,TZR,OH,AGL,CE,Federal Contract Tower,0,0,15,0,15,0,0,113,0,113,0,0,128,0,128,106,2,108,236
08/25/2005,TZR,OH,AGL,CE,Federal Contract Tower,0,2,10,0,12,0,4,104,0,108,0,6,114,0,120,92,0,92,212
08/26/2005,TZR,OH,AGL,CE,Federal Contract Tower,0,0,8,0,8,0,0,34,2,36,0,0,42,2,44,10,0,10,54
08/27/2005,TZR,OH,AGL,CE,Federal Contract Tower,0,0,1,0,1,0,0,15,0,15,0,0,16,0,16,6,0,6,22
08/28/2005,TZR,OH,AGL,CE,Federal Contract Tower,0,4,9,0,13,0,2,130,0,132,0,6,139,0,145,154,0,154,299
08/29/2005,TZR,OH,AGL,CE,Federal Contract Tower,0,2,32,0,34,0,6,43,2,51,0,8,75,2,85,52,0,52,137
08/30/2005,TZR,OH,AGL,CE,Federal Contract Tower,0,0,5,0,5,0,0,0,0,0,0,0,5,0,5,0,0,0,5
08/31/2005,TZR,OH,AGL,CE,Federal Contract Tower,0,0,11,0,11,0,0,36,2,38,0,0,47,2,49,42,0,42,91
09/01/2005,TZR,OH,AGL,CE,Federal Contract Tower,0,0,13,0,13,0,0,87,0,87,0,0,100,0,100,86,0,86,186
09/02/2005,TZR,OH,AGL,CE,Federal Contract Tower,0,0,6,0,6,0,0,129,0,129,0,0,135,0,135,66,0,66,201
09/03/2005,TZR,OH,AGL,CE,Federal Contract Tower,0,0,6,0,6,0,0,138,0,138,0,0,144,0,144,112,0,112,256
09/04/2005,TZR,OH,AGL,CE,Federal Contract Tower,0,0,4,0,4,0,2,98,0,100,0,2,102,0,104,84,0,84,188
09/05/2005,TZR,OH,AGL,CE,Federal Contract Tower,0,0,5,0,5,0,2,118,0,120,0,2,123,0,125,70,0,70,195
09/06/2005,TZR,OH,AGL,CE,Federal Contract Tower,0,0,4,0,4,0,6,78,0,84,0,6,82,0,88,186,0,186,274
09/07/2005,TZR,OH,AGL,CE,Federal Contract Tower,0,1,8,0,9,0,0,86,4,90,0,1,94,4,99,180,0,180,279
09/08/2005,TZR,OH,AGL,CE,Federal Contract Tower,0,2,8,0,10,0,2,107,0,109,0,4,115,0,119,186,0,186,305
09/09/2005,TZR,OH,AGL,CE,Federal Contract Tower,0,0,6,0,6,0,2,70,0,72,0,2,76,0,78,70,0,70,148
09/10/2005,TZR,OH,AGL,CE,Federal Contract Tower,0,0,12,0,12,0,8,154,6,168,0,8,166,6,180,180,0,180,360
09/11/2005,TZR,OH,AGL,CE,Federal Contract Tower,0,0,8,0,8,0,0,97,2,99,0,0,105,2,107,20,0,20,127
09/12/2005,TZR,OH,AGL,CE,Federal Contract Tower,0,0,7,0,7,0,0,79,0,79,0,0,86,0,86,78,0,78,164
09/13/2005,TZR,OH,AGL,CE,Federal Contract Tower,0,0,3,0,3,0,0,37,0,37,0,0,40,0,40,34,0,34,74
09/14/2005,TZR,OH,AGL,CE,Federal Contract Tower,0,0,4,0,4,0,2,43,0,45,0,2,47,0,49,22,0,22,71
09/15/2005,TZR,OH,AGL,CE,Federal Contract Tower,0,0,1,0,1,0,2,47,2,51,0,2,48,2,52,12,0,12,64
09/16/2005,TZR,OH,AGL,CE,Federal Contract Tower,0,0,4,0,4,0,0,45,0,45,0,0,49,0,49,90,0,90,139
09/17/2005,TZR,OH,AGL,CE,Federal Contract Tower,0,0,7,0,7,0,2,121,0,123,0,2,128,0,130,54,0,54,184
09/18/2005,TZR,OH,AGL,CE,Federal Contract Tower,0,0,9,0,9,0,2,91,0,93,0,2,100,0,102,74,4,78,180
09/19/2005,TZR,OH,AGL,CE,Federal Contract Tower,0,0,8,0,8,0,2,80,0,82,0,2,88,0,90,66,0,66,156
09/20/2005,TZR,OH,AGL,CE,Federal Contract Tower,0,0,2,0,2,0,0,23,4,27,0,0,25,4,29,20,0,20,49
09/21/2005,TZR,OH,AGL,CE,Federal Contract Tower,0,0,2,0,2,0,0,56,4,60,0,0,58,4,62,16,0,16,78
09/22/2005,TZR,OH,AGL,CE,Federal Contract Tower,0,0,6,0,6,0,0,50,0,50,0,0,56,0,56,12,0,12,68
09/23/2005,TZR,OH,AGL,CE,Federal Contract Tower,0,0,8,0,8,0,0,42,0,42,0,0,50,0,50,34,0,34,84
09/24/2005,TZR,OH,AGL,CE,Federal Contract Tower,0,0,3,0,3,0,0,42,0,42,0,0,45,0,45,20,0,20,65
09/25/2005,TZR,OH,AGL,CE,Federal Contract Tower,0,0,5,0,5,0,0,31,0,31,0,0,36,0,36,30,0,30,66
09/26/2005,TZR,OH,AGL,CE,Federal Contract Tower,0,0,4,0,4,0,0,20,0,20,0,0,24,0,24,32,0,32,56
09/27/2005,TZR,OH,AGL,CE,Federal Contract Tower,0,0,2,0,2,0,2,103,0,105,0,2,105,0,107,16,0,16,123
09/28/2005,TZR,OH,AGL,CE,Federal Contract Tower,0,0,13,0,13,0,4,73,4,81,0,4,86,4,94,78,0,78,172
09/29/2005,TZR,OH,AGL,CE,Federal Contract Tower,0,0,0,0,0,0,0,34,0,34,0,0,34,0,34,14,0,14,48
09/30/2005,TZR,OH,AGL,CE,Federal Contract Tower,0,0,10,0,10,0,2,136,0,138,0,2,146,0,148,58,0,58,206
10/01/2005,TZR,OH,AGL,CE,Federal Contract Tower,0,0,6,0,6,0,0,145,0,145,0,0,151,0,151,70,0,70,221
10/02/2005,TZR,OH,AGL,CE,Federal Contract Tower,0,0,11,0,11,0,2,83,0,85,0,2,94,0,96,50,0,50,146
10/03/2005,TZR,OH,AGL,CE,Federal Contract Tower,0,0,7,0,7,0,0,87,0,87,0,0,94,0,94,136,0,136,230
10/04/2005,TZR,OH,AGL,CE,Federal Contract Tower,0,0,6,0,6,0,6,26,0,32,0,6,32,0,38,10,0,10,48
10/05/2005,TZR,OH,AGL,CE,Federal Contract Tower,0,0,5,0,5,0,0,39,0,39,0,0,44,0,44,14,2,16,60
10/06/2005,TZR,OH,AGL,CE,Federal Contract Tower,0,0,7,0,7,0,2,87,2,91,0,2,94,2,98,86,0,86,184
10/07/2005,TZR,OH,AGL,CE,Federal Contract Tower,0,0,11,0,11,0,0,0,0,0,0,0,11,0,11,6,0,6,17
10/08/2005,TZR,OH,AGL,CE,Federal Contract Tower,0,0,12,0,12,0,0,27,0,27,0,0,39,0,39,22,0,22,61
10/09/2005,TZR,OH,AGL,CE,Federal Contract Tower,0,0,10,0,10,0,0,28,2,30,0,0,38,2,40,58,0,58,98
10/10/2005,TZR,OH,AGL,CE,Federal Contract Tower,0,0,10,0,10,0,0,27,0,27,0,0,37,0,37,66,0,66,103
10/11/2005,TZR,OH,AGL,CE,Federal Contract Tower,0,0,9,2,11,0,4,48,2,54,0,4,57,4,65,64,0,64,129
10/12/2005,TZR,OH,AGL,CE,Federal Contract Tower,0,0,5,0,5,0,2,46,2,50,0,2,51,2,55,32,0,32,87
10/13/2005,TZR,OH,AGL,CE,Federal Contract Tower,0,0,10,0,10,0,0,83,0,83,0,0,93,0,93,76,0,76,169
10/14/2005,TZR,OH,AGL,CE,Federal Contract Tower,0,0,14,0,14,0,10,92,2,104,0,10,106,2,118,74,0,74,192
10/15/2005,TZR,OH,AGL,CE,Federal Contract Tower,0,0,3,0,3,0,0,154,2,156,0,0,157,2,159,96,0,96,255
10/16/2005,TZR,OH,AGL,CE,Federal Contract Tower,0,0,13,2,15,0,0,107,4,111,0,0,120,6,126,82,2,84,210
10/17/2005,TZR,OH,AGL,CE,Federal Contract Tower,0,0,12,0,12,0,2,108,0,110,0,2,120,0,122,160,0,160,282
10/18/2005,TZR,OH,AGL,CE,Federal Contract Tower,0,0,15,2,17,0,0,100,0,100,0,0,115,2,117,184,0,184,301
10/19/2005,TZR,OH,AGL,CE,Federal Contract Tower,0,8,8,0,16,0,0,105,6,111,0,8,113,6,127,90,0,90,217
10/20/2005,TZR,OH,AGL,CE,Federal Contract Tower,0,0,18,0,18,0,0,105,7,112,0,0,123,7,130,156,6,162,292
10/21/2005,TZR,OH,AGL,CE,Federal Contract Tower,0,0,8,0,8,0,0,0,0,0,0,0,8,0,8,0,0,0,8
10/22/2005,TZR,OH,AGL,CE,Federal Contract Tower,0,0,8,0,8,0,0,37,0,37,0,0,45,0,45,12,0,12,57
10/23/2005,TZR,OH,AGL,CE,Federal Contract Tower,0,0,3,0,3,0,2,31,2,35,0,2,34,2,38,30,0,30,68
10/24/2005,TZR,OH,AGL,CE,Federal Contract Tower,0,0,2,0,2,0,0,4,2,6,0,0,6,2,8,0,0,0,8
10/25/2005,TZR,OH,AGL,CE,Federal Contract Tower,0,0,11,2,13,0,2,3,0,5,0,2,14,2,18,24,0,24,42
10/26/2005,TZR,OH,AGL,CE,Federal Contract Tower,0,0,8,0,8,0,0,79,2,81,0,0,87,2,89,86,0,86,175
10/27/2005,TZR,OH,AGL,CE,Federal Contract Tower,0,2,11,0,13,0,0,81,5,86,0,2,92,5,99,164,0,164,263
10/28/2005,TZR,OH,AGL,CE,Federal Contract Tower,0,0,5,2,7,0,0,103,0,103,0,0,108,2,110,74,0,74,184
10/29/2005,TZR,OH,AGL,CE,Federal Contract Tower,0,0,4,0,4,0,2,134,0,136,0,2,138,0,140,64,0,64,204
10/30/2005,TZR,OH,AGL,CE,Federal Contract Tower,0,0,4,0,4,0,0,97,0,97,0,0,101,0,101,90,0,90,191
10/31/2005,TZR,OH,AGL,CE,Federal Contract Tower,0,0,5,0,5,0,2,115,0,117,0,2,120,0,122,98,0,98,220
11/01/2005,TZR,OH,AGL,CE,Federal Contract Tower,0,4,10,0,14,0,0,11,0,11,0,4,21,0,25,0,0,0,25
11/02/2005,TZR,OH,AGL,CE,Federal Contract Tower,0,0,11,0,11,0,0,77,0,77,0,0,88,0,88,120,0,120,208
11/03/2005,TZR,OH,AGL,CE,Federal Contract Tower,0,0,8,0,8,0,2,100,4,106,0,2,108,4,114,94,0,94,208
11/04/2005,TZR,OH,AGL,CE,Federal Contract Tower,0,0,11,2,13,0,0,52,0,52,0,0,63,2,65,12,0,12,77
11/05/2005,TZR,OH,AGL,CE,Federal Contract Tower,0,0,2,0,2,0,0,130,1,131,0,0,132,1,133,130,0,130,263
11/06/2005,TZR,OH,AGL,CE,Federal Contract Tower,0,0,2,0,2,0,0,21,0,21,0,0,23,0,23,10,0,10,33
11/07/2005,TZR,OH,AGL,CE,Federal Contract Tower,0,0,5,0,5,0,0,104,0,104,0,0,109,0,109,154,0,154,263
11/08/2005,TZR,OH,AGL,CE,Federal Contract Tower,0,0,6,0,6,0,2,48,2,52,0,2,54,2,58,86,0,86,144
11/09/2005,TZR,OH,AGL,CE,Federal Contract Tower,0,0,3,0,3,0,6,35,10,51,0,6,38,10,54,30,0,30,84
11/10/2005,TZR,OH,AGL,CE,Federal Contract Tower,0,0,5,0,5,0,0,52,0,52,0,0,57,0,57,62,0,62,119
11/11/2005,TZR,OH,AGL,CE,Federal Contract Tower,0,0,10,0,10,0,6,116,4,126,0,6,126,4,136,153,0,153,289
11/12/2005,TZR,OH,AGL,CE,Federal Contract Tower,0,0,2,0,2,0,0,140,0,140,0,0,142,0,142,88,0,88,230
11/13/2005,TZR,OH,AGL,CE,Federal Contract Tower,0,0,4,0,4,0,0,24,0,24,0,0,28,0,28,6,0,6,34
11/14/2005,TZR,OH,AGL,CE,Federal Contract Tower,0,0,10,0,10,0,0,82,0,82,0,0,92,0,92,101,0,101,193
11/15/2005,TZR,OH,AGL,CE,Federal Contract Tower,0,0,0,0,0,0,0,3,0,3,0,0,3,0,3,0,0,0,3
11/16/2005,TZR,OH,AGL,CE,Federal Contract Tower,0,0,7,0,7,0,2,18,2,22,0,2,25,2,29,0,0,0,29
11/17/2005,TZR,OH,AGL,CE,Federal Contract Tower,0,0,15,0,15,0,2,84,0,86,0,2,99,0,101,98,0,98,199
11/18/2005,TZR,OH,AGL,CE,Federal Contract Tower,0,0,10,0,10,0,0,89,0,89,0,0,99,0,99,108,0,108,207
11/19/2005,TZR,OH,AGL,CE,Federal Contract Tower,0,0,5,0,5,0,4,110,0,114,0,4,115,0,119,72,0,72,191
11/20/2005,TZR,OH,AGL,CE,Federal Contract Tower,0,0,9,0,9,0,0,126,0,126,0,0,135,0,135,130,0,130,265
11/21/2005,TZR,OH,AGL,CE,Federal Contract Tower,0,0,15,0,15,0,0,98,0,98,0,0,113,0,113,174,0,174,287
11/22/2005,TZR,OH,AGL,CE,Federal Contract Tower,0,0,4,0,4,0,2,38,0,40,0,2,42,0,44,20,0,20,64
11/23/2005,TZR,OH,AGL,CE,Federal Contract Tower,0,0,3,0,3,0,0,9,4,13,0,0,12,4,16,4,0,4,20
11/24/2005,TZR,OH,AGL,CE,Federal Contract Tower,0,0,0,0,0,0,0,0,0,0,0,0,0,0,0,0,0,0,0
11/25/2005,TZR,OH,AGL,CE,Federal Contract Tower,0,0,3,0,3,0,2,67,0,69,0,2,70,0,72,40,0,40,112
11/26/2005,TZR,OH,AGL,CE,Federal Contract Tower,0,0,12,0,12,0,10,80,2,92,0,10,92,2,104,160,0,160,264
11/27/2005,TZR,OH,AGL,CE,Federal Contract Tower,0,0,4,0,4,0,0,39,0,39,0,0,43,0,43,58,0,58,101
11/28/2005,TZR,OH,AGL,CE,Federal Contract Tower,0,0,5,0,5,0,0,24,0,24,0,0,29,0,29,2,0,2,31
11/29/2005,TZR,OH,AGL,CE,Federal Contract Tower,0,2,7,0,9,0,0,59,2,61,0,2,66,2,70,44,0,44,114
11/30/2005,TZR,OH,AGL,CE,Federal Contract Tower,0,0,10,0,10,0,2,40,6,48,0,2,50,6,58,96,0,96,154
12/01/2005,TZR,OH,AGL,CE,Federal Contract Tower,0,0,10,0,10,0,0,47,0,47,0,0,57,0,57,62,0,62,119
12/02/2005,TZR,OH,AGL,CE,Federal Contract Tower,0,0,13,2,15,0,0,27,0,27,0,0,40,2,42,0,0,0,42
12/03/2005,TZR,OH,AGL,CE,Federal Contract Tower,0,0,9,2,11,0,0,77,10,87,0,0,86,12,98,94,0,94,192
12/04/2005,TZR,OH,AGL,CE,Federal Contract Tower,0,0,3,0,3,0,0,4,0,4,0,0,7,0,7,0,0,0,7
12/05/2005,TZR,OH,AGL,CE,Federal Contract Tower,0,0,11,0,11,0,4,21,4,29,0,4,32,4,40,86,0,86,126
12/06/2005,TZR,OH,AGL,CE,Federal Contract Tower,0,0,17,0,17,0,0,45,2,47,0,0,62,2,64,38,0,38,102
12/07/2005,TZR,OH,AGL,CE,Federal Contract Tower,0,0,11,0,11,0,0,73,6,79,0,0,84,6,90,88,0,88,178
12/08/2005,TZR,OH,AGL,CE,Federal Contract Tower,0,0,14,0,14,0,0,73,2,75,0,0,87,2,89,96,0,96,185
12/09/2005,TZR,OH,AGL,CE,Federal Contract Tower,0,0,1,0,1,0,0,15,0,15,0,0,16,0,16,0,0,0,16
12/10/2005,TZR,OH,AGL,CE,Federal Contract Tower,0,0,1,2,3,0,8,68,0,76,0,8,69,2,79,86,0,86,165
12/11/2005,TZR,OH,AGL,CE,Federal Contract Tower,0,0,2,0,2,0,0,2,0,2,0,0,4,0,4,0,0,0,4
12/12/2005,TZR,OH,AGL,CE,Federal Contract Tower,0,0,21,0,21,0,2,73,0,75,0,2,94,0,96,118,0,118,214
12/13/2005,TZR,OH,AGL,CE,Federal Contract Tower,0,4,6,0,10,0,0,101,2,103,0,4,107,2,113,112,0,112,225
12/14/2005,TZR,OH,AGL,CE,Federal Contract Tower,0,0,10,0,10,0,0,28,0,28,0,0,38,0,38,64,0,64,102
12/15/2005,TZR,OH,AGL,CE,Federal Contract Tower,0,0,1,0,1,0,0,0,0,0,0,0,1,0,1,0,0,0,1
12/16/2005,TZR,OH,AGL,CE,Federal Contract Tower,0,0,1,0,1,0,0,21,0,21,0,0,22,0,22,38,0,38,60
12/17/2005,TZR,OH,AGL,CE,Federal Contract Tower,0,0,9,0,9,0,0,100,0,100,0,0,109,0,109,124,0,124,233
12/18/2005,TZR,OH,AGL,CE,Federal Contract Tower,0,0,12,0,12,0,0,40,0,40,0,0,52,0,52,68,0,68,120
12/19/2005,TZR,OH,AGL,CE,Federal Contract Tower,0,0,9,0,9,0,0,53,0,53,0,0,62,0,62,38,4,42,104
12/20/2005,TZR,OH,AGL,CE,Federal Contract Tower,0,0,10,0,10,0,0,80,2,82,0,0,90,2,92,160,0,160,252
12/21/2005,TZR,OH,AGL,CE,Federal Contract Tower,0,0,3,0,3,0,2,91,0,93,0,2,94,0,96,164,0,164,260
12/22/2005,TZR,OH,AGL,CE,Federal Contract Tower,0,0,12,0,12,0,2,73,0,75,0,2,85,0,87,120,0,120,207
12/23/2005,TZR,OH,AGL,CE,Federal Contract Tower,0,0,4,2,6,0,2,36,2,40,0,2,40,4,46,48,0,48,94
12/24/2005,TZR,OH,AGL,CE,Federal Contract Tower,0,0,1,0,1,0,6,46,0,52,0,6,47,0,53,4,0,4,57
12/25/2005,TZR,OH,AGL,CE,Federal Contract Tower,0,0,0,0,0,0,0,0,0,0,0,0,0,0,0,0,0,0,0
12/26/2005,TZR,OH,AGL,CE,Federal Contract Tower,0,0,4,0,4,0,0,1,0,1,0,0,5,0,5,2,0,2,7
12/27/2005,TZR,OH,AGL,CE,Federal Contract Tower,0,0,13,0,13,0,0,44,0,44,0,0,57,0,57,54,0,54,111
12/28/2005,TZR,OH,AGL,CE,Federal Contract Tower,0,0,5,0,5,0,0,85,0,85,0,0,90,0,90,134,0,134,224
12/29/2005,TZR,OH,AGL,CE,Federal Contract Tower,0,0,7,0,7,0,0,3,0,3,0,0,10,0,10,4,0,4,14
12/30/2005,TZR,OH,AGL,CE,Federal Contract Tower,0,0,7,0,7,0,0,19,0,19,0,0,26,0,26,44,0,44,70
12/31/2005,TZR,OH,AGL,CE,Federal Contract Tower,0,0,0,0,0,0,0,9,0,9,0,0,9,0,9,24,0,24,33
01/01/2006,TZR,OH,AGL,CE,Federal Contract Tower,0,0,5,0,5,0,4,77,0,81,0,4,82,0,86,64,0,64,150
01/02/2006,TZR,OH,AGL,CE,Federal Contract Tower,0,0,0,0,0,0,0,2,0,2,0,0,2,0,2,0,0,0,2
01/03/2006,TZR,OH,AGL,CE,Federal Contract Tower,0,0,6,0,6,0,0,1,0,1,0,0,7,0,7,0,0,0,7
01/04/2006,TZR,OH,AGL,CE,Federal Contract Tower,0,0,14,0,14,0,0,25,0,25,0,0,39,0,39,60,0,60,99
01/05/2006,TZR,OH,AGL,CE,Federal Contract Tower,0,0,4,0,4,0,0,6,0,6,0,0,10,0,10,2,0,2,12
01/06/2006,TZR,OH,AGL,CE,Federal Contract Tower,0,0,10,0,10,0,0,34,0,34,0,0,44,0,44,26,0,26,70
01/07/2006,TZR,OH,AGL,CE,Federal Contract Tower,0,0,8,0,8,0,0,62,10,72,0,0,70,10,80,82,0,82,162
01/08/2006,TZR,OH,AGL,CE,Federal Contract Tower,0,0,2,0,2,0,0,63,0,63,0,0,65,0,65,32,0,32,97
01/09/2006,TZR,OH,AGL,CE,Federal Contract Tower,0,0,2,0,2,0,2,27,0,29,0,2,29,0,31,28,0,28,59
01/10/2006,TZR,OH,AGL,CE,Federal Contract Tower,0,0,10,0,10,0,2,61,0,63,0,2,71,0,73,50,0,50,123
01/11/2006,TZR,OH,AGL,CE,Federal Contract Tower,0,0,7,0,7,0,0,19,0,19,0,0,26,0,26,54,0,54,80
01/12/2006,TZR,OH,AGL,CE,Federal Contract Tower,0,0,15,0,15,0,0,140,0,140,0,0,155,0,155,254,0,254,409
01/13/2006,TZR,OH,AGL,CE,Federal Contract Tower,0,0,0,0,0,0,0,10,4,14,0,0,10,4,14,26,0,26,40
01/14/2006,TZR,OH,AGL,CE,Federal Contract Tower,0,0,8,0,8,0,0,0,2,2,0,0,8,2,10,0,0,0,10
01/15/2006,TZR,OH,AGL,CE,Federal Contract Tower,0,0,11,0,11,0,0,108,0,108,0,0,119,0,119,146,0,146,265
01/16/2006,TZR,OH,AGL,CE,Federal Contract Tower,0,0,9,0,9,0,0,90,0,90,0,0,99,0,99,94,0,94,193
01/17/2006,TZR,OH,AGL,CE,Federal Contract Tower,0,0,3,0,3,0,0,0,0,0,0,0,3,0,3,0,0,0,3
01/18/2006,TZR,OH,AGL,CE,Federal Contract Tower,0,0,0,0,0,0,0,6,2,8,0,0,6,2,8,0,0,0,8
01/19/2006,TZR,OH,AGL,CE,Federal Contract Tower,0,0,13,0,13,0,0,67,4,71,0,0,80,4,84,94,0,94,178
01/20/2006,TZR,OH,AGL,CE,Federal Contract Tower,0,0,11,0,11,0,0,53,2,55,0,0,64,2,66,44,0,44,110
01/21/2006,TZR,OH,AGL,CE,Federal Contract Tower,0,0,8,0,8,0,0,36,0,36,0,0,44,0,44,44,0,44,88
01/22/2006,TZR,OH,AGL,CE,Federal Contract Tower,0,0,2,0,2,0,0,88,0,88,0,0,90,0,90,98,0,98,188
01/23/2006,TZR,OH,AGL,CE,Federal Contract Tower,0,0,17,0,17,0,0,61,0,61,0,0,78,0,78,76,0,76,154
01/24/2006,TZR,OH,AGL,CE,Federal Contract Tower,0,0,11,0,11,0,0,31,0,31,0,0,42,0,42,8,0,8,50
01/25/2006,TZR,OH,AGL,CE,Federal Contract Tower,0,0,3,0,3,0,2,8,10,20,0,2,11,10,23,0,0,0,23
01/26/2006,TZR,OH,AGL,CE,Federal Contract Tower,0,0,22,0,22,0,0,107,0,107,0,0,129,0,129,230,0,230,359
01/27/2006,TZR,OH,AGL,CE,Federal Contract Tower,0,2,8,0,10,0,0,117,2,119,0,2,125,2,129,174,0,174,303
01/28/2006,TZR,OH,AGL,CE,Federal Contract Tower,0,0,4,0,4,0,6,131,6,143,0,6,135,6,147,140,0,140,287
01/29/2006,TZR,OH,AGL,CE,Federal Contract Tower,0,0,1,0,1,0,0,2,0,2,0,0,3,0,3,0,0,0,3
01/30/2006,TZR,OH,AGL,CE,Federal Contract Tower,0,0,11,0,11,0,0,86,0,86,0,0,97,0,97,48,0,48,145
01/31/2006,TZR,OH,AGL,CE,Federal Contract Tower,0,0,4,0,4,0,2,33,2,37,0,2,37,2,41,24,0,24,65
02/01/2006,TZR,OH,AGL,CE,Federal Contract Tower,0,0,12,0,12,0,0,93,0,93,0,0,105,0,105,134,0,134,239
02/02/2006,TZR,OH,AGL,CE,Federal Contract Tower,0,0,20,0,20,0,2,65,0,67,0,2,85,0,87,162,0,162,249
02/03/2006,TZR,OH,AGL,CE,Federal Contract Tower,0,0,7,0,7,0,0,19,2,21,0,0,26,2,28,26,2,28,56
02/04/2006,TZR,OH,AGL,CE,Federal Contract Tower,0,0,4,0,4,0,0,0,0,0,0,0,4,0,4,0,0,0,4
02/05/2006,TZR,OH,AGL,CE,Federal Contract Tower,0,0,4,0,4,0,0,0,0,0,0,0,4,0,4,0,0,0,4
02/06/2006,TZR,OH,AGL,CE,Federal Contract Tower,0,0,11,0,11,0,0,49,0,49,0,0,60,0,60,34,0,34,94
02/07/2006,TZR,OH,AGL,CE,Federal Contract Tower,0,0,13,0,13,0,0,76,0,76,0,0,89,0,89,156,0,156,245
02/08/2006,TZR,OH,AGL,CE,Federal Contract Tower,0,1,18,0,19,0,0,57,0,57,0,1,75,0,76,36,0,36,112
02/09/2006,TZR,OH,AGL,CE,Federal Contract Tower,0,0,22,0,22,0,2,84,10,96,0,2,106,10,118,92,0,92,210
02/10/2006,TZR,OH,AGL,CE,Federal Contract Tower,0,0,13,0,13,0,0,41,0,41,0,0,54,0,54,54,0,54,108
02/11/2006,TZR,OH,AGL,CE,Federal Contract Tower,0,0,5,0,5,0,0,151,0,151,0,0,156,0,156,72,0,72,228
02/12/2006,TZR,OH,AGL,CE,Federal Contract Tower,0,0,3,0,3,0,0,44,0,44,0,0,47,0,47,2,0,2,49
02/13/2006,TZR,OH,AGL,CE,Federal Contract Tower,0,0,4,0,4,0,0,31,10,41,0,0,35,10,45,18,0,18,63
02/14/2006,TZR,OH,AGL,CE,Federal Contract Tower,0,0,16,0,16,0,0,69,2,71,0,0,85,2,87,62,0,62,149
02/15/2006,TZR,OH,AGL,CE,Federal Contract Tower,0,0,7,0,7,0,2,60,0,62,0,2,67,0,69,94,0,94,163
02/16/2006,TZR,OH,AGL,CE,Federal Contract Tower,0,0,5,0,5,0,0,20,2,22,0,0,25,2,27,20,0,20,47
02/17/2006,TZR,OH,AGL,CE,Federal Contract Tower,0,0,1,0,1,0,2,35,0,37,0,2,36,0,38,0,0,0,38
02/18/2006,TZR,OH,AGL,CE,Federal Contract Tower,0,0,0,0,0,0,0,24,0,24,0,0,24,0,24,0,0,0,24
02/19/2006,TZR,OH,AGL,CE,Federal Contract Tower,0,0,8,0,8,0,0,109,0,109,0,0,117,0,117,68,0,68,185
02/20/2006,TZR,OH,AGL,CE,Federal Contract Tower,0,0,14,0,14,0,4,121,0,125,0,4,135,0,139,94,0,94,233
02/21/2006,TZR,OH,AGL,CE,Federal Contract Tower,0,0,14,0,14,0,0,99,2,101,0,0,113,2,115,106,0,106,221
02/22/2006,TZR,OH,AGL,CE,Federal Contract Tower,0,0,11,0,11,0,2,90,0,92,0,2,101,0,103,188,2,190,293
02/23/2006,TZR,OH,AGL,CE,Federal Contract Tower,0,0,17,0,17,0,0,64,0,64,0,0,81,0,81,108,0,108,189
02/24/2006,TZR,OH,AGL,CE,Federal Contract Tower,0,0,11,0,11,0,0,98,0,98,0,0,109,0,109,90,0,90,199
02/25/2006,TZR,OH,AGL,CE,Federal Contract Tower,0,0,5,0,5,0,0,12,0,12,0,0,17,0,17,12,0,12,29
02/26/2006,TZR,OH,AGL,CE,Federal Contract Tower,0,0,5,0,5,0,0,84,0,84,0,0,89,0,89,36,0,36,125
02/27/2006,TZR,OH,AGL,CE,Federal Contract Tower,0,0,1,0,1,0,0,7,0,7,0,0,8,0,8,14,0,14,22
02/28/2006,TZR,OH,AGL,CE,Federal Contract Tower,0,0,7,0,7,0,2,95,0,97,0,2,102,0,104,126,0,126,230
03/01/2006,TZR,OH,AGL,CE,Federal Contract Tower,0,0,13,0,13,0,0,67,2,69,0,0,80,2,82,76,0,76,158
03/02/2006,TZR,OH,AGL,CE,Federal Contract Tower,0,0,10,0,10,0,0,14,0,14,0,0,24,0,24,24,0,24,48
03/03/2006,TZR,OH,AGL,CE,Federal Contract Tower,0,0,6,0,6,0,8,34,6,48,0,8,40,6,54,26,0,26,80
03/04/2006,TZR,OH,AGL,CE,Federal Contract Tower,0,0,21,0,21,0,0,140,0,140,0,0,161,0,161,140,0,140,301
03/05/2006,TZR,OH,AGL,CE,Federal Contract Tower,0,0,1,0,1,0,0,114,0,114,0,0,115,0,115,120,0,120,235
03/06/2006,TZR,OH,AGL,CE,Federal Contract Tower,0,2,1,0,3,0,0,0,0,0,0,2,1,0,3,0,0,0,3
03/07/2006,TZR,OH,AGL,CE,Federal Contract Tower,0,2,14,0,16,0,0,100,0,100,0,2,114,0,116,102,0,102,218
03/08/2006,TZR,OH,AGL,CE,Federal Contract Tower,0,0,2,0,2,0,0,12,0,12,0,0,14,0,14,22,0,22,36
03/09/2006,TZR,OH,AGL,CE,Federal Contract Tower,0,0,7,0,7,0,4,9,2,15,0,4,16,2,22,20,0,20,42
03/10/2006,TZR,OH,AGL,CE,Federal Contract Tower,0,0,7,0,7,0,0,42,0,42,0,0,49,0,49,106,0,106,155
03/11/2006,TZR,OH,AGL,CE,Federal Contract Tower,0,0,3,0,3,0,2,19,0,21,0,2,22,0,24,16,0,16,40
03/12/2006,TZR,OH,AGL,CE,Federal Contract Tower,0,0,10,0,10,0,0,25,0,25,0,0,35,0,35,16,0,16,51
03/13/2006,TZR,OH,AGL,CE,Federal Contract Tower,0,0,1,0,1,0,0,3,0,3,0,0,4,0,4,0,0,0,4
03/14/2006,TZR,OH,AGL,CE,Federal Contract Tower,0,0,6,0,6,0,4,7,0,11,0,4,13,0,17,0,0,0,17
03/15/2006,TZR,OH,AGL,CE,Federal Contract Tower,0,0,6,0,6,0,0,90,2,92,0,0,96,2,98,58,0,58,156
03/16/2006,TZR,OH,AGL,CE,Federal Contract Tower,0,0,10,0,10,0,0,64,0,64,0,0,74,0,74,86,0,86,160
03/17/2006,TZR,OH,AGL,CE,Federal Contract Tower,0,0,8,0,8,0,2,44,12,58,0,2,52,12,66,50,0,50,116
03/18/2006,TZR,OH,AGL,CE,Federal Contract Tower,0,0,27,0,27,0,0,140,2,142,0,0,167,2,169,136,0,136,305
03/19/2006,TZR,OH,AGL,CE,Federal Contract Tower,0,0,9,0,9,0,0,100,0,100,0,0,109,0,109,37,0,37,146
03/20/2006,TZR,OH,AGL,CE,Federal Contract Tower,0,0,10,0,10,0,0,92,0,92,0,0,102,0,102,62,0,62,164
03/21/2006,TZR,OH,AGL,CE,Federal Contract Tower,0,0,6,0,6,0,0,0,0,0,0,0,6,0,6,0,0,0,6
03/22/2006,TZR,OH,AGL,CE,Federal Contract Tower,0,0,16,2,18,0,0,46,0,46,0,0,62,2,64,50,0,50,114
03/23/2006,TZR,OH,AGL,CE,Federal Contract Tower,0,0,4,0,4,0,0,82,0,82,0,0,86,0,86,92,0,92,178
03/24/2006,TZR,OH,AGL,CE,Federal Contract Tower,0,0,23,2,25,0,2,29,2,33,0,2,52,4,58,36,0,36,94
03/25/2006,TZR,OH,AGL,CE,Federal Contract Tower,0,0,16,0,16,0,0,18,0,18,0,0,34,0,34,4,0,4,38
03/26/2006,TZR,OH,AGL,CE,Federal Contract Tower,0,0,12,0,12,0,0,58,0,58,0,0,70,0,70,38,0,38,108
03/27/2006,TZR,OH,AGL,CE,Federal Contract Tower,0,0,5,0,5,0,0,104,4,108,0,0,109,4,113,94,0,94,207
03/28/2006,TZR,OH,AGL,CE,Federal Contract Tower,0,0,3,0,3,0,2,3,0,5,0,2,6,0,8,6,0,6,14
03/29/2006,TZR,OH,AGL,CE,Federal Contract Tower,0,0,6,0,6,0,4,87,2,93,0,4,93,2,99,94,0,94,193
03/30/2006,TZR,OH,AGL,CE,Federal Contract Tower,0,0,17,1,18,0,7,117,2,126,0,7,134,3,144,64,2,66,210
03/31/2006,TZR,OH,AGL,CE,Federal Contract Tower,0,0,1,0,1,0,0,13,0,13,0,0,14,0,14,0,0,0,14
04/01/2006,TZR,OH,AGL,CE,Federal Contract Tower,0,0,18,0,18,0,0,65,0,65,0,0,83,0,83,46,0,46,129
04/02/2006,TZR,OH,AGL,CE,Federal Contract Tower,0,0,15,0,15,0,0,83,0,83,0,0,98,0,98,112,0,112,210
04/03/2006,TZR,OH,AGL,CE,Federal Contract Tower,0,0,7,0,7,0,0,48,0,48,0,0,55,0,55,0,0,0,55
04/04/2006,TZR,OH,AGL,CE,Federal Contract Tower,0,0,5,0,5,0,0,36,4,40,0,0,41,4,45,12,0,12,57
04/05/2006,TZR,OH,AGL,CE,Federal Contract Tower,0,0,4,0,4,0,8,58,2,68,0,8,62,2,72,16,0,16,88
04/06/2006,TZR,OH,AGL,CE,Federal Contract Tower,0,0,9,0,9,0,4,121,2,127,0,4,130,2,136,154,0,154,290
04/07/2006,TZR,OH,AGL,CE,Federal Contract Tower,0,0,5,0,5,0,0,20,0,20,0,0,25,0,25,2,0,2,27
04/08/2006,TZR,OH,AGL,CE,Federal Contract Tower,0,0,8,0,8,0,0,62,0,62,0,0,70,0,70,26,0,26,96
04/09/2006,TZR,OH,AGL,CE,Federal Contract Tower,0,0,17,0,17,0,0,136,4,140,0,0,153,4,157,130,0,130,287
04/10/2006,TZR,OH,AGL,CE,Federal Contract Tower,0,0,10,0,10,0,0,138,0,138,0,0,148,0,148,158,0,158,306
04/11/2006,TZR,OH,AGL,CE,Federal Contract Tower,0,0,12,0,12,0,0,104,10,114,0,0,116,10,126,64,6,70,196
04/12/2006,TZR,OH,AGL,CE,Federal Contract Tower,0,0,6,0,6,0,0,22,0,22,0,0,28,0,28,36,0,36,64
04/13/2006,TZR,OH,AGL,CE,Federal Contract Tower,0,4,12,0,16,0,0,128,0,128,0,4,140,0,144,144,0,144,288
04/14/2006,TZR,OH,AGL,CE,Federal Contract Tower,0,0,17,0,17,0,0,58,0,58,0,0,75,0,75,66,0,66,141
04/15/2006,TZR,OH,AGL,CE,Federal Contract Tower,0,0,18,0,18,0,4,81,0,85,0,4,99,0,103,80,0,80,183
04/16/2006,TZR,OH,AGL,CE,Federal Contract Tower,0,0,3,0,3,0,0,29,0,29,0,0,32,0,32,14,0,14,46
04/17/2006,TZR,OH,AGL,CE,Federal Contract Tower,0,0,9,0,9,0,0,34,0,34,0,0,43,0,43,6,0,6,49
04/18/2006,TZR,OH,AGL,CE,Federal Contract Tower,0,1,9,1,11,0,0,120,5,125,0,1,129,6,136,118,6,124,260
04/19/2006,TZR,OH,AGL,CE,Federal Contract Tower,0,0,9,0,9,0,8,117,10,135,0,8,126,10,144,54,0,54,198
04/20/2006,TZR,OH,AGL,CE,Federal Contract Tower,0,0,18,0,18,0,0,85,0,85,0,0,103,0,103,94,0,94,197
04/21/2006,TZR,OH,AGL,CE,Federal Contract Tower,0,0,5,0,5,0,2,91,4,97,0,2,96,4,102,102,0,102,204
04/22/2006,TZR,OH,AGL,CE,Federal Contract Tower,0,0,9,0,9,0,2,127,4,133,0,2,136,4,142,48,0,48,190
04/23/2006,TZR,OH,AGL,CE,Federal Contract Tower,0,0,15,0,15,0,2,69,0,71,0,2,84,0,86,46,0,46,132
04/24/2006,TZR,OH,AGL,CE,Federal Contract Tower,0,0,6,2,8,0,0,82,2,84,0,0,88,4,92,66,0,66,158
04/25/2006,TZR,OH,AGL,CE,Federal Contract Tower,0,0,10,0,10,0,0,28,0,28,0,0,38,0,38,12,0,12,50
04/26/2006,TZR,OH,AGL,CE,Federal Contract Tower,0,0,10,0,10,0,2,87,4,93,0,2,97,4,103,102,8,110,213
04/27/2006,TZR,OH,AGL,CE,Federal Contract Tower,0,0,6,0,6,0,17,107,0,124,0,17,113,0,130,84,0,84,214
04/28/2006,TZR,OH,AGL,CE,Federal Contract Tower,0,0,12,0,12,0,0,138,0,138,0,0,150,0,150,124,0,124,274
04/29/2006,TZR,OH,AGL,CE,Federal Contract Tower,0,0,6,0,6,0,2,134,2,138,0,2,140,2,144,8,0,8,152
04/30/2006,TZR,OH,AGL,CE,Federal Contract Tower,0,0,8,0,8,0,0,40,0,40,0,0,48,0,48,58,0,58,106
05/01/2006,TZR,OH,AGL,CE,Federal Contract Tower,0,0,16,0,16,0,0,59,0,59,0,0,75,0,75,30,0,30,105
05/02/2006,TZR,OH,AGL,CE,Federal Contract Tower,0,0,12,0,12,0,0,19,0,19,0,0,31,0,31,8,0,8,39
05/03/2006,TZR,OH,AGL,CE,Federal Contract Tower,0,0,15,0,15,0,2,61,2,65,0,2,76,2,80,76,0,76,156
05/04/2006,TZR,OH,AGL,CE,Federal Contract Tower,0,0,15,0,15,0,0,53,4,57,0,0,68,4,72,76,0,76,148
05/05/2006,TZR,OH,AGL,CE,Federal Contract Tower,0,0,11,0,11,0,0,76,10,86,0,0,87,10,97,52,0,52,149
05/06/2006,TZR,OH,AGL,CE,Federal Contract Tower,0,0,2,0,2,0,0,111,8,119,0,0,113,8,121,206,0,206,327
05/07/2006,TZR,OH,AGL,CE,Federal Contract Tower,0,0,8,2,10,0,2,91,0,93,0,2,99,2,103,62,0,62,165
05/08/2006,TZR,OH,AGL,CE,Federal Contract Tower,0,0,9,0,9,0,4,103,0,107,0,4,112,0,116,98,0,98,214
05/09/2006,TZR,OH,AGL,CE,Federal Contract Tower,0,0,15,0,15,0,0,110,4,114,0,0,125,4,129,80,0,80,209
05/10/2006,TZR,OH,AGL,CE,Federal Contract Tower,0,1,15,0,16,0,0,40,0,40,0,1,55,0,56,62,0,62,118
05/11/2006,TZR,OH,AGL,CE,Federal Contract Tower,0,0,9,0,9,0,0,21,4,25,0,0,30,4,34,2,0,2,36
05/12/2006,TZR,OH,AGL,CE,Federal Contract Tower,0,0,2,0,2,0,0,2,0,2,0,0,4,0,4,0,0,0,4
05/13/2006,TZR,OH,AGL,CE,Federal Contract Tower,0,0,15,0,15,0,0,14,0,14,0,0,29,0,29,61,0,61,90
05/14/2006,TZR,OH,AGL,CE,Federal Contract Tower,0,0,7,0,7,0,0,14,0,14,0,0,21,0,21,34,0,34,55
05/15/2006,TZR,OH,AGL,CE,Federal Contract Tower,0,0,19,0,19,0,0,37,0,37,0,0,56,0,56,0,0,0,56
05/16/2006,TZR,OH,AGL,CE,Federal Contract Tower,0,0,12,0,12,0,0,25,2,27,0,0,37,2,39,34,0,34,73
05/17/2006,TZR,OH,AGL,CE,Federal Contract Tower,0,0,17,0,17,0,0,40,0,40,0,0,57,0,57,74,0,74,131
05/18/2006,TZR,OH,AGL,CE,Federal Contract Tower,0,0,7,0,7,0,0,21,0,21,0,0,28,0,28,42,0,42,70
05/19/2006,TZR,OH,AGL,CE,Federal Contract Tower,0,2,16,1,19,0,2,52,1,55,0,4,68,2,74,10,7,17,91
05/20/2006,TZR,OH,AGL,CE,Federal Contract Tower,0,0,12,0,12,0,0,87,0,87,0,0,99,0,99,116,0,116,215
05/21/2006,TZR,OH,AGL,CE,Federal Contract Tower,0,0,10,0,10,0,0,55,0,55,0,0,65,0,65,0,0,0,65
05/22/2006,TZR,OH,AGL,CE,Federal Contract Tower,0,0,11,0,11,0,0,85,4,89,0,0,96,4,100,84,0,84,184
05/23/2006,TZR,OH,AGL,CE,Federal Contract Tower,0,0,12,0,12,0,0,117,6,123,0,0,129,6,135,148,0,148,283
05/24/2006,TZR,OH,AGL,CE,Federal Contract Tower,0,0,10,0,10,0,0,108,0,108,0,0,118,0,118,108,0,108,226
05/25/2006,TZR,OH,AGL,CE,Federal Contract Tower,0,0,12,0,12,0,4,13,0,17,0,4,25,0,29,0,0,0,29
05/26/2006,TZR,OH,AGL,CE,Federal Contract Tower,0,0,13,0,13,0,2,24,0,26,0,2,37,0,39,2,2,4,43
05/27/2006,TZR,OH,AGL,CE,Federal Contract Tower,0,0,19,0,19,0,0,104,0,104,0,0,123,0,123,130,0,130,253
05/28/2006,TZR,OH,AGL,CE,Federal Contract Tower,0,0,4,2,6,0,0,105,0,105,0,0,109,2,111,98,0,98,209
05/29/2006,TZR,OH,AGL,CE,Federal Contract Tower,0,0,4,0,4,0,0,97,12,109,0,0,101,12,113,68,0,68,181
05/30/2006,TZR,OH,AGL,CE,Federal Contract Tower,0,0,25,0,25,0,0,73,0,73,0,0,98,0,98,208,0,208,306
05/31/2006,TZR,OH,AGL,CE,Federal Contract Tower,0,0,13,0,13,0,0,83,0,83,0,0,96,0,96,146,0,146,242
06/01/2006,TZR,OH,AGL,CE,Federal Contract Tower,0,2,7,2,11,0,1,63,2,66,0,3,70,4,77,106,0,106,183
06/02/2006,TZR,OH,AGL,CE,Federal Contract Tower,0,0,17,0,17,0,0,1,0,1,0,0,18,0,18,14,0,14,32
06/03/2006,TZR,OH,AGL,CE,Federal Contract Tower,0,0,15,0,15,0,2,116,0,118,0,2,131,0,133,114,0,114,247
06/04/2006,TZR,OH,AGL,CE,Federal Contract Tower,0,0,13,0,13,0,0,59,0,59,0,0,72,0,72,56,0,56,128
06/05/2006,TZR,OH,AGL,CE,Federal Contract Tower,0,1,17,0,18,0,6,95,0,101,0,7,112,0,119,110,0,110,229
06/06/2006,TZR,OH,AGL,CE,Federal Contract Tower,0,2,16,0,18,0,0,98,0,98,0,2,114,0,116,120,0,120,236
06/07/2006,TZR,OH,AGL,CE,Federal Contract Tower,0,0,6,0,6,0,4,42,2,48,0,4,48,2,54,42,0,42,96
06/08/2006,TZR,OH,AGL,CE,Federal Contract Tower,0,0,15,0,15,0,0,66,0,66,0,0,81,0,81,66,0,66,147
06/09/2006,TZR,OH,AGL,CE,Federal Contract Tower,0,0,8,0,8,0,4,62,0,66,0,4,70,0,74,40,0,40,114
06/10/2006,TZR,OH,AGL,CE,Federal Contract Tower,0,0,19,0,19,0,0,22,14,36,0,0,41,14,55,91,0,91,146
06/11/2006,TZR,OH,AGL,CE,Federal Contract Tower,0,0,7,0,7,0,0,54,0,54,0,0,61,0,61,21,0,21,82
06/12/2006,TZR,OH,AGL,CE,Federal Contract Tower,0,0,12,0,12,0,0,72,0,72,0,0,84,0,84,92,0,92,176
06/13/2006,TZR,OH,AGL,CE,Federal Contract Tower,0,0,8,0,8,0,0,97,0,97,0,0,105,0,105,148,0,148,253
06/14/2006,TZR,OH,AGL,CE,Federal Contract Tower,0,2,5,0,7,0,0,67,4,71,0,2,72,4,78,57,0,57,135
06/15/2006,TZR,OH,AGL,CE,Federal Contract Tower,0,0,6,0,6,0,0,93,0,93,0,0,99,0,99,124,0,124,223
06/16/2006,TZR,OH,AGL,CE,Federal Contract Tower,0,0,6,0,6,0,0,84,0,84,0,0,90,0,90,86,0,86,176
06/17/2006,TZR,OH,AGL,CE,Federal Contract Tower,0,0,4,0,4,0,0,108,0,108,0,0,112,0,112,88,0,88,200
06/18/2006,TZR,OH,AGL,CE,Federal Contract Tower,0,0,4,0,4,0,2,38,0,40,0,2,42,0,44,38,0,38,82
06/19/2006,TZR,OH,AGL,CE,Federal Contract Tower,0,0,8,1,9,0,0,42,1,43,0,0,50,2,52,48,0,48,100
06/20/2006,TZR,OH,AGL,CE,Federal Contract Tower,0,0,17,0,17,0,0,100,0,100,0,0,117,0,117,134,0,134,251
06/21/2006,TZR,OH,AGL,CE,Federal Contract Tower,0,8,8,0,16,0,2,41,0,43,0,10,49,0,59,14,0,14,73
06/22/2006,TZR,OH,AGL,CE,Federal Contract Tower,0,0,7,0,7,0,0,30,2,32,0,0,37,2,39,54,0,54,93
06/23/2006,TZR,OH,AGL,CE,Federal Contract Tower,0,0,13,0,13,0,0,0,0,0,0,0,13,0,13,6,0,6,19
06/24/2006,TZR,OH,AGL,CE,Federal Contract Tower,0,0,16,0,16,0,0,105,10,115,0,0,121,10,131,70,0,70,201
06/25/2006,TZR,OH,AGL,CE,Federal Contract Tower,0,0,14,0,14,0,2,107,0,109,0,2,121,0,123,106,0,106,229
06/26/2006,TZR,OH,AGL,CE,Federal Contract Tower,0,4,17,0,21,0,1,35,0,36,0,5,52,0,57,56,0,56,113
06/27/2006,TZR,OH,AGL,CE,Federal Contract Tower,0,0,19,0,19,0,2,78,2,82,0,2,97,2,101,124,0,124,225
06/28/2006,TZR,OH,AGL,CE,Federal Contract Tower,0,0,11,0,11,0,6,54,0,60,0,6,65,0,71,28,0,28,99
06/29/2006,TZR,OH,AGL,CE,Federal Contract Tower,0,0,28,0,28,0,2,75,0,77,0,2,103,0,105,30,0,30,135
06/30/2006,TZR,OH,AGL,CE,Federal Contract Tower,0,0,25,2,27,0,2,67,0,69,0,2,92,2,96,58,0,58,154
07/01/2006,TZR,OH,AGL,CE,Federal Contract Tower,0,0,19,0,19,0,4,149,6,159,0,4,168,6,178,118,0,118,296
07/02/2006,TZR,OH,AGL,CE,Federal Contract Tower,0,0,3,0,3,0,0,42,0,42,0,0,45,0,45,42,0,42,87
07/03/2006,TZR,OH,AGL,CE,Federal Contract Tower,0,0,12,0,12,0,0,71,0,71,0,0,83,0,83,82,0,82,165
07/04/2006,TZR,OH,AGL,CE,Federal Contract Tower,0,0,5,0,5,0,4,22,0,26,0,4,27,0,31,36,0,36,67
07/05/2006,TZR,OH,AGL,CE,Federal Contract Tower,0,0,6,0,6,0,0,53,4,57,0,0,59,4,63,70,0,70,133
07/06/2006,TZR,OH,AGL,CE,Federal Contract Tower,0,0,24,0,24,0,0,78,6,84,0,0,102,6,108,42,0,42,150
07/07/2006,TZR,OH,AGL,CE,Federal Contract Tower,0,0,6,0,6,0,0,94,0,94,0,0,100,0,100,84,0,84,184
07/08/2006,TZR,OH,AGL,CE,Federal Contract Tower,0,0,4,0,4,0,0,135,6,141,0,0,139,6,145,78,0,78,223
07/09/2006,TZR,OH,AGL,CE,Federal Contract Tower,0,0,3,0,3,0,0,39,0,39,0,0,42,0,42,52,0,52,94
07/10/2006,TZR,OH,AGL,CE,Federal Contract Tower,0,0,14,0,14,0,4,59,0,63,0,4,73,0,77,108,0,108,185
07/11/2006,TZR,OH,AGL,CE,Federal Contract Tower,0,0,12,0,12,0,0,22,4,26,0,0,34,4,38,58,0,58,96
07/12/2006,TZR,OH,AGL,CE,Federal Contract Tower,0,0,10,0,10,0,0,26,2,28,0,0,36,2,38,30,0,30,68
07/13/2006,TZR,OH,AGL,CE,Federal Contract Tower,0,0,9,0,9,0,0,9,0,9,0,0,18,0,18,6,0,6,24
07/14/2006,TZR,OH,AGL,CE,Federal Contract Tower,0,0,30,0,30,0,0,17,0,17,0,0,47,0,47,29,0,29,76
07/15/2006,TZR,OH,AGL,CE,Federal Contract Tower,0,0,8,0,8,0,0,25,0,25,0,0,33,0,33,17,0,17,50
07/16/2006,TZR,OH,AGL,CE,Federal Contract Tower,0,0,9,0,9,0,0,58,8,66,0,0,67,8,75,12,0,12,87
07/17/2006,TZR,OH,AGL,CE,Federal Contract Tower,0,0,13,0,13,0,2,50,0,52,0,2,63,0,65,62,0,62,127
07/18/2006,TZR,OH,AGL,CE,Federal Contract Tower,0,0,13,4,17,0,0,40,0,40,0,0,53,4,57,42,4,46,103
07/19/2006,TZR,OH,AGL,CE,Federal Contract Tower,0,0,18,0,18,0,2,61,4,67,0,2,79,4,85,40,0,40,125
07/20/2006,TZR,OH,AGL,CE,Federal Contract Tower,0,0,9,0,9,0,0,17,4,21,0,0,26,4,30,8,0,8,38
07/21/2006,TZR,OH,AGL,CE,Federal Contract Tower,0,0,7,0,7,0,0,55,8,63,0,0,62,8,70,53,0,53,123
07/22/2006,TZR,OH,AGL,CE,Federal Contract Tower,0,0,2,0,2,0,2,32,0,34,0,2,34,0,36,49,0,49,85
07/23/2006,TZR,OH,AGL,CE,Federal Contract Tower,0,0,11,0,11,0,2,62,6,70,0,2,73,6,81,89,0,89,170
07/24/2006,TZR,OH,AGL,CE,Federal Contract Tower,0,0,17,0,17,0,4,92,0,96,0,4,109,0,113,126,0,126,239
07/25/2006,TZR,OH,AGL,CE,Federal Contract Tower,0,0,22,0,22,0,2,67,2,71,0,2,89,2,93,68,0,68,161
07/26/2006,TZR,OH,AGL,CE,Federal Contract Tower,0,0,15,0,15,0,0,55,12,67,0,0,70,12,82,96,0,96,178
07/27/2006,TZR,OH,AGL,CE,Federal Contract Tower,0,0,12,0,12,0,0,19,4,23,0,0,31,4,35,18,16,34,69
07/28/2006,TZR,OH,AGL,CE,Federal Contract Tower,0,0,24,0,24,0,6,38,2,46,0,6,62,2,70,60,0,60,130
07/29/2006,TZR,OH,AGL,CE,Federal Contract Tower,0,0,16,0,16,0,6,55,2,63,0,6,71,2,79,38,0,38,117
07/30/2006,TZR,OH,AGL,CE,Federal Contract Tower,0,0,17,0,17,0,2,88,0,90,0,2,105,0,107,48,0,48,155
07/31/2006,TZR,OH,AGL,CE,Federal Contract Tower,0,0,12,0,12,0,0,58,0,58,0,0,70,0,70,114,0,114,184
08/01/2006,TZR,OH,AGL,CE,Federal Contract Tower,0,0,7,0,7,0,2,95,2,99,0,2,102,2,106,74,0,74,180
08/02/2006,TZR,OH,AGL,CE,Federal Contract Tower,0,0,6,2,8,0,0,55,0,55,0,0,61,2,63,50,0,50,113
08/03/2006,TZR,OH,AGL,CE,Federal Contract Tower,0,0,11,0,11,0,0,57,4,61,0,0,68,4,72,90,0,90,162
08/04/2006,TZR,OH,AGL,CE,Federal Contract Tower,0,0,11,0,11,0,20,111,2,133,0,20,122,2,144,156,0,156,300
08/05/2006,TZR,OH,AGL,CE,Federal Contract Tower,0,0,2,0,2,0,4,111,0,115,0,4,113,0,117,70,0,70,187
08/06/2006,TZR,OH,AGL,CE,Federal Contract Tower,0,0,7,0,7,0,0,90,2,92,0,0,97,2,99,52,0,52,151
08/07/2006,TZR,OH,AGL,CE,Federal Contract Tower,0,0,14,0,14,0,0,56,0,56,0,0,70,0,70,72,0,72,142
08/08/2006,TZR,OH,AGL,CE,Federal Contract Tower,0,2,6,0,8,0,16,109,2,127,0,18,115,2,135,130,0,130,265
08/09/2006,TZR,OH,AGL,CE,Federal Contract Tower,0,0,14,0,14,0,0,64,0,64,0,0,78,0,78,83,0,83,161
08/10/2006,TZR,OH,AGL,CE,Federal Contract Tower,0,0,11,0,11,0,0,36,2,38,0,0,47,2,49,58,0,58,107
08/11/2006,TZR,OH,AGL,CE,Federal Contract Tower,0,0,10,0,10,0,4,88,0,92,0,4,98,0,102,142,0,142,244
08/12/2006,TZR,OH,AGL,CE,Federal Contract Tower,0,0,4,0,4,0,0,143,2,145,0,0,147,2,149,102,0,102,251
08/13/2006,TZR,OH,AGL,CE,Federal Contract Tower,0,0,8,0,8,0,0,93,0,93,0,0,101,0,101,56,0,56,157
08/14/2006,TZR,OH,AGL,CE,Federal Contract Tower,0,0,10,0,10,0,0,42,0,42,0,0,52,0,52,46,0,46,98
08/15/2006,TZR,OH,AGL,CE,Federal Contract Tower,0,0,13,0,13,0,2,128,0,130,0,2,141,0,143,192,0,192,335
08/16/2006,TZR,OH,AGL,CE,Federal Contract Tower,0,0,11,0,11,0,0,98,0,98,0,0,109,0,109,78,0,78,187
08/17/2006,TZR,OH,AGL,CE,Federal Contract Tower,0,0,11,0,11,0,4,98,2,104,0,4,109,2,115,82,0,82,197
08/18/2006,TZR,OH,AGL,CE,Federal Contract Tower,0,0,18,0,18,0,0,30,0,30,0,0,48,0,48,18,0,18,66
08/19/2006,TZR,OH,AGL,CE,Federal Contract Tower,0,0,3,0,3,0,4,13,0,17,0,4,16,0,20,0,0,0,20
08/20/2006,TZR,OH,AGL,CE,Federal Contract Tower,0,0,13,0,13,0,0,63,2,65,0,0,76,2,78,16,0,16,94
08/21/2006,TZR,OH,AGL,CE,Federal Contract Tower,0,0,13,0,13,0,0,95,0,95,0,0,108,0,108,104,0,104,212
08/22/2006,TZR,OH,AGL,CE,Federal Contract Tower,0,0,19,0,19,0,4,123,2,129,0,4,142,2,148,148,2,150,298
08/23/2006,TZR,OH,AGL,CE,Federal Contract Tower,0,0,4,0,4,0,0,76,4,80,0,0,80,4,84,94,0,94,178
08/24/2006,TZR,OH,AGL,CE,Federal Contract Tower,0,0,16,0,16,0,6,98,0,104,0,6,114,0,120,98,0,98,218
08/25/2006,TZR,OH,AGL,CE,Federal Contract Tower,0,0,15,0,15,0,2,56,4,62,0,2,71,4,77,40,0,40,117
08/26/2006,TZR,OH,AGL,CE,Federal Contract Tower,0,0,5,0,5,0,0,93,0,93,0,0,98,0,98,50,0,50,148
08/27/2006,TZR,OH,AGL,CE,Federal Contract Tower,0,0,14,0,14,0,0,34,0,34,0,0,48,0,48,60,0,60,108
08/28/2006,TZR,OH,AGL,CE,Federal Contract Tower,0,0,7,0,7,0,0,4,0,4,0,0,11,0,11,0,0,0,11
08/29/2006,TZR,OH,AGL,CE,Federal Contract Tower,0,0,16,0,16,0,4,35,0,39,0,4,51,0,55,58,0,58,113
08/30/2006,TZR,OH,AGL,CE,Federal Contract Tower,0,0,11,0,11,0,4,45,0,49,0,4,56,0,60,38,0,38,98
08/31/2006,TZR,OH,AGL,CE,Federal Contract Tower,0,0,22,0,22,0,0,7,0,7,0,0,29,0,29,0,0,0,29
09/01/2006,TZR,OH,AGL,CE,Federal Contract Tower,0,0,13,1,14,0,0,30,0,30,0,0,43,1,44,30,10,40,84
09/02/2006,TZR,OH,AGL,CE,Federal Contract Tower,0,0,9,0,9,0,0,22,0,22,0,0,31,0,31,24,0,24,55
09/03/2006,TZR,OH,AGL,CE,Federal Contract Tower,0,0,10,0,10,0,0,23,0,23,0,0,33,0,33,40,0,40,73
09/04/2006,TZR,OH,AGL,CE,Federal Contract Tower,0,0,8,0,8,0,0,81,1,82,0,0,89,1,90,66,0,66,156
09/05/2006,TZR,OH,AGL,CE,Federal Contract Tower,0,3,25,0,28,0,4,26,1,31,0,7,51,1,59,88,0,88,147
09/06/2006,TZR,OH,AGL,CE,Federal Contract Tower,0,0,11,0,11,0,4,76,4,84,0,4,87,4,95,48,0,48,143
09/07/2006,TZR,OH,AGL,CE,Federal Contract Tower,0,0,8,0,8,0,0,115,2,117,0,0,123,2,125,74,0,74,199
09/08/2006,TZR,OH,AGL,CE,Federal Contract Tower,0,0,24,0,24,0,4,125,0,129,0,4,149,0,153,120,0,120,273
09/09/2006,TZR,OH,AGL,CE,Federal Contract Tower,0,0,5,0,5,0,8,112,24,144,0,8,117,24,149,76,4,80,229
09/10/2006,TZR,OH,AGL,CE,Federal Contract Tower,0,0,14,0,14,0,0,59,0,59,0,0,73,0,73,49,0,49,122
09/11/2006,TZR,OH,AGL,CE,Federal Contract Tower,0,0,15,0,15,0,0,83,0,83,0,0,98,0,98,86,0,86,184
09/12/2006,TZR,OH,AGL,CE,Federal Contract Tower,0,0,0,0,0,0,0,0,0,0,0,0,0,0,0,0,0,0,0
09/13/2006,TZR,OH,AGL,CE,Federal Contract Tower,0,0,9,0,9,0,2,33,0,35,0,2,42,0,44,8,0,8,52
09/14/2006,TZR,OH,AGL,CE,Federal Contract Tower,0,2,15,0,17,0,4,47,0,51,0,6,62,0,68,98,0,98,166
09/15/2006,TZR,OH,AGL,CE,Federal Contract Tower,0,0,10,0,10,0,0,66,0,66,0,0,76,0,76,84,0,84,160
09/16/2006,TZR,OH,AGL,CE,Federal Contract Tower,0,0,11,0,11,0,0,98,6,104,0,0,109,6,115,46,2,48,163
09/17/2006,TZR,OH,AGL,CE,Federal Contract Tower,0,0,14,0,14,0,0,101,2,103,0,0,115,2,117,78,0,78,195
09/18/2006,TZR,OH,AGL,CE,Federal Contract Tower,0,0,4,0,4,0,0,15,0,15,0,0,19,0,19,18,0,18,37
09/19/2006,TZR,OH,AGL,CE,Federal Contract Tower,0,2,14,0,16,0,0,79,0,79,0,2,93,0,95,30,0,30,125
09/20/2006,TZR,OH,AGL,CE,Federal Contract Tower,0,0,17,0,17,0,0,71,4,75,0,0,88,4,92,70,0,70,162
09/21/2006,TZR,OH,AGL,CE,Federal Contract Tower,0,0,18,0,18,0,0,143,0,143,0,0,161,0,161,162,0,162,323
09/22/2006,TZR,OH,AGL,CE,Federal Contract Tower,0,0,12,0,12,0,0,44,0,44,0,0,56,0,56,22,0,22,78
09/23/2006,TZR,OH,AGL,CE,Federal Contract Tower,0,0,3,0,3,0,4,79,0,83,0,4,82,0,86,50,0,50,136
09/24/2006,TZR,OH,AGL,CE,Federal Contract Tower,0,0,7,0,7,0,0,33,0,33,0,0,40,0,40,8,0,8,48
09/25/2006,TZR,OH,AGL,CE,Federal Contract Tower,0,2,12,0,14,0,0,78,0,78,0,2,90,0,92,44,0,44,136
09/26/2006,TZR,OH,AGL,CE,Federal Contract Tower,0,0,18,0,18,0,2,97,6,105,0,2,115,6,123,118,0,118,241
09/27/2006,TZR,OH,AGL,CE,Federal Contract Tower,0,0,9,0,9,0,0,65,0,65,0,0,74,0,74,84,0,84,158
09/28/2006,TZR,OH,AGL,CE,Federal Contract Tower,0,0,7,0,7,0,0,10,6,16,0,0,17,6,23,0,0,0,23
09/29/2006,TZR,OH,AGL,CE,Federal Contract Tower,0,0,16,0,16,0,0,122,0,122,0,0,138,0,138,136,0,136,274
09/30/2006,TZR,OH,AGL,CE,Federal Contract Tower,0,0,8,0,8,0,2,22,0,24,0,2,30,0,32,22,0,22,54
10/01/2006,TZR,OH,AGL,CE,Federal Contract Tower,0,0,6,0,6,0,0,108,0,108,0,0,114,0,114,98,0,98,212
10/02/2006,TZR,OH,AGL,CE,Federal Contract Tower,0,0,9,0,9,0,2,80,2,84,0,2,89,2,93,148,0,148,241
10/03/2006,TZR,OH,AGL,CE,Federal Contract Tower,0,0,10,0,10,0,2,81,2,85,0,2,91,2,95,146,0,146,241
10/04/2006,TZR,OH,AGL,CE,Federal Contract Tower,0,0,9,0,9,0,6,24,4,34,0,6,33,4,43,76,0,76,119
10/05/2006,TZR,OH,AGL,CE,Federal Contract Tower,0,0,7,0,7,0,0,17,0,17,0,0,24,0,24,30,0,30,54
10/06/2006,TZR,OH,AGL,CE,Federal Contract Tower,0,0,11,0,11,0,0,132,0,132,0,0,143,0,143,102,0,102,245
10/07/2006,TZR,OH,AGL,CE,Federal Contract Tower,0,0,13,0,13,0,0,135,4,139,0,0,148,4,152,98,0,98,250
10/08/2006,TZR,OH,AGL,CE,Federal Contract Tower,0,0,10,0,10,0,6,122,0,128,0,6,132,0,138,74,0,74,212
10/09/2006,TZR,OH,AGL,CE,Federal Contract Tower,0,0,18,0,18,0,6,105,0,111,0,6,123,0,129,140,0,140,269
10/10/2006,TZR,OH,AGL,CE,Federal Contract Tower,0,0,9,0,9,0,0,112,0,112,0,0,121,0,121,192,0,192,313
10/11/2006,TZR,OH,AGL,CE,Federal Contract Tower,0,0,6,0,6,0,0,2,0,2,0,0,8,0,8,6,0,6,14
10/12/2006,TZR,OH,AGL,CE,Federal Contract Tower,0,0,4,0,4,0,0,12,0,12,0,0,16,0,16,0,0,0,16
10/13/2006,TZR,OH,AGL,CE,Federal Contract Tower,0,0,5,0,5,0,0,41,2,43,0,0,46,2,48,14,6,20,68
10/14/2006,TZR,OH,AGL,CE,Federal Contract Tower,0,0,1,0,1,0,0,74,2,76,0,0,75,2,77,46,0,46,123
10/15/2006,TZR,OH,AGL,CE,Federal Contract Tower,0,0,11,0,11,0,0,100,0,100,0,0,111,0,111,56,0,56,167
10/16/2006,TZR,OH,AGL,CE,Federal Contract Tower,0,0,13,0,13,0,0,61,4,65,0,0,74,4,78,134,0,134,212
10/17/2006,TZR,OH,AGL,CE,Federal Contract Tower,0,0,7,0,7,0,0,15,0,15,0,0,22,0,22,40,0,40,62
10/18/2006,TZR,OH,AGL,CE,Federal Contract Tower,0,2,21,0,23,0,2,66,2,70,0,4,87,2,93,28,0,28,121
10/19/2006,TZR,OH,AGL,CE,Federal Contract Tower,0,1,19,0,20,0,0,6,0,6,0,1,25,0,26,0,0,0,26
10/20/2006,TZR,OH,AGL,CE,Federal Contract Tower,0,0,8,0,8,0,0,58,0,58,0,0,66,0,66,44,0,44,110
10/21/2006,TZR,OH,AGL,CE,Federal Contract Tower,0,0,11,0,11,0,6,196,0,202,0,6,207,0,213,116,0,116,329
10/22/2006,TZR,OH,AGL,CE,Federal Contract Tower,0,0,0,0,0,0,2,19,0,21,0,2,19,0,21,16,0,16,37
10/23/2006,TZR,OH,AGL,CE,Federal Contract Tower,0,0,3,0,3,0,0,59,0,59,0,0,62,0,62,30,2,32,94
10/24/2006,TZR,OH,AGL,CE,Federal Contract Tower,0,0,10,0,10,0,0,35,4,39,0,0,45,4,49,64,0,64,113
10/25/2006,TZR,OH,AGL,CE,Federal Contract Tower,0,2,14,3,19,0,6,145,3,154,0,8,159,6,173,152,8,160,333
10/26/2006,TZR,OH,AGL,CE,Federal Contract Tower,0,2,6,0,8,0,0,41,0,41,0,2,47,0,49,74,0,74,123
10/27/2006,TZR,OH,AGL,CE,Federal Contract Tower,0,0,3,0,3,0,0,0,0,0,0,0,3,0,3,0,0,0,3
10/28/2006,TZR,OH,AGL,CE,Federal Contract Tower,0,0,9,0,9,0,0,57,0,57,0,0,66,0,66,36,0,36,102
10/29/2006,TZR,OH,AGL,CE,Federal Contract Tower,0,0,2,0,2,0,0,35,0,35,0,0,37,0,37,34,0,34,71
10/30/2006,TZR,OH,AGL,CE,Federal Contract Tower,0,0,21,0,21,0,0,110,0,110,0,0,131,0,131,142,0,142,273
10/31/2006,TZR,OH,AGL,CE,Federal Contract Tower,0,0,11,0,11,0,0,26,0,26,0,0,37,0,37,18,0,18,55
11/01/2006,TZR,OH,AGL,CE,Federal Contract Tower,0,0,16,0,16,0,4,65,4,73,0,4,81,4,89,94,0,94,183
11/02/2006,TZR,OH,AGL,CE,Federal Contract Tower,0,0,19,0,19,0,4,44,0,48,0,4,63,0,67,14,0,14,81
11/03/2006,TZR,OH,AGL,CE,Federal Contract Tower,0,0,14,0,14,0,0,83,4,87,0,0,97,4,101,156,0,156,257
11/04/2006,TZR,OH,AGL,CE,Federal Contract Tower,0,0,8,0,8,0,2,131,24,157,0,2,139,24,165,84,4,88,253
11/05/2006,TZR,OH,AGL,CE,Federal Contract Tower,0,0,11,0,11,0,0,86,18,104,0,0,97,18,115,140,6,146,261
11/06/2006,TZR,OH,AGL,CE,Federal Contract Tower,0,0,8,0,8,0,0,88,0,88,0,0,96,0,96,120,0,120,216
11/07/2006,TZR,OH,AGL,CE,Federal Contract Tower,0,0,16,0,16,0,0,6,0,6,0,0,22,0,22,6,0,6,28
11/08/2006,TZR,OH,AGL,CE,Federal Contract Tower,0,0,7,0,7,0,0,14,0,14,0,0,21,0,21,16,0,16,37
11/09/2006,TZR,OH,AGL,CE,Federal Contract Tower,0,0,13,0,13,0,0,98,4,102,0,0,111,4,115,136,0,136,251
11/10/2006,TZR,OH,AGL,CE,Federal Contract Tower,0,0,12,0,12,0,2,73,0,75,0,2,85,0,87,120,0,120,207
11/11/2006,TZR,OH,AGL,CE,Federal Contract Tower,0,0,7,0,7,0,0,0,0,0,0,0,7,0,7,0,0,0,7
11/12/2006,TZR,OH,AGL,CE,Federal Contract Tower,0,0,13,0,13,0,0,14,0,14,0,0,27,0,27,56,0,56,83
11/13/2006,TZR,OH,AGL,CE,Federal Contract Tower,0,0,20,0,20,0,2,12,0,14,0,2,32,0,34,18,0,18,52
11/14/2006,TZR,OH,AGL,CE,Federal Contract Tower,0,2,11,0,13,0,0,51,2,53,0,2,62,2,66,60,0,60,126
11/15/2006,TZR,OH,AGL,CE,Federal Contract Tower,0,0,13,0,13,0,2,30,2,34,0,2,43,2,47,38,0,38,85
11/16/2006,TZR,OH,AGL,CE,Federal Contract Tower,0,0,7,0,7,0,0,0,0,0,0,0,7,0,7,4,0,4,11
11/17/2006,TZR,OH,AGL,CE,Federal Contract Tower,0,0,14,0,14,0,8,71,4,83,0,8,85,4,97,40,0,40,137
11/18/2006,TZR,OH,AGL,CE,Federal Contract Tower,0,0,8,0,8,0,4,180,0,184,0,4,188,0,192,116,0,116,308
11/19/2006,TZR,OH,AGL,CE,Federal Contract Tower,0,0,5,0,5,0,2,15,0,17,0,2,20,0,22,18,0,18,40
11/20/2006,TZR,OH,AGL,CE,Federal Contract Tower,0,0,13,0,13,0,4,99,0,103,0,4,112,0,116,142,0,142,258
11/21/2006,TZR,OH,AGL,CE,Federal Contract Tower,0,0,17,0,17,0,0,95,0,95,0,0,112,0,112,152,0,152,264
11/22/2006,TZR,OH,AGL,CE,Federal Contract Tower,0,0,10,0,10,0,2,127,1,130,0,2,137,1,140,104,12,116,256
11/23/2006,TZR,OH,AGL,CE,Federal Contract Tower,0,0,9,0,9,0,2,64,0,66,0,2,73,0,75,68,0,68,143
11/24/2006,TZR,OH,AGL,CE,Federal Contract Tower,0,0,7,0,7,0,0,121,0,121,0,0,128,0,128,56,0,56,184
11/25/2006,TZR,OH,AGL,CE,Federal Contract Tower,0,0,13,0,13,0,2,78,0,80,0,2,91,0,93,68,0,68,161
11/26/2006,TZR,OH,AGL,CE,Federal Contract Tower,0,0,9,0,9,0,2,112,0,114,0,2,121,0,123,80,0,80,203
11/27/2006,TZR,OH,AGL,CE,Federal Contract Tower,0,0,15,2,17,0,6,86,0,92,0,6,101,2,109,188,0,188,297
11/28/2006,TZR,OH,AGL,CE,Federal Contract Tower,0,0,21,2,23,0,10,56,2,68,0,10,77,4,91,146,0,146,237
11/29/2006,TZR,OH,AGL,CE,Federal Contract Tower,0,0,7,0,7,0,0,29,0,29,0,0,36,0,36,4,0,4,40
11/30/2006,TZR,OH,AGL,CE,Federal Contract Tower,0,0,3,0,3,0,0,4,2,6,0,0,7,2,9,0,0,0,9
12/01/2006,TZR,OH,AGL,CE,Federal Contract Tower,0,0,0,0,0,0,0,0,0,0,0,0,0,0,0,0,0,0,0
12/02/2006,TZR,OH,AGL,CE,Federal Contract Tower,0,0,7,0,7,0,0,74,0,74,0,0,81,0,81,96,0,96,177
12/03/2006,TZR,OH,AGL,CE,Federal Contract Tower,0,0,11,0,11,0,0,65,4,69,0,0,76,4,80,34,0,34,114
12/04/2006,TZR,OH,AGL,CE,Federal Contract Tower,0,0,11,2,13,0,0,63,6,69,0,0,74,8,82,104,0,104,186
12/05/2006,TZR,OH,AGL,CE,Federal Contract Tower,0,0,16,0,16,0,0,96,6,102,0,0,112,6,118,70,0,70,188
12/06/2006,TZR,OH,AGL,CE,Federal Contract Tower,0,0,14,0,14,0,0,50,2,52,0,0,64,2,66,28,0,28,94
12/07/2006,TZR,OH,AGL,CE,Federal Contract Tower,0,0,3,0,3,0,0,8,0,8,0,0,11,0,11,2,0,2,13
12/08/2006,TZR,OH,AGL,CE,Federal Contract Tower,0,0,16,0,16,0,6,69,4,79,0,6,85,4,95,24,0,24,119
12/09/2006,TZR,OH,AGL,CE,Federal Contract Tower,0,0,9,0,9,0,0,73,3,76,0,0,82,3,85,68,0,68,153
12/10/2006,TZR,OH,AGL,CE,Federal Contract Tower,0,0,10,0,10,0,2,87,0,89,0,2,97,0,99,46,0,46,145
12/11/2006,TZR,OH,AGL,CE,Federal Contract Tower,0,0,9,0,9,0,0,83,0,83,0,0,92,0,92,130,0,130,222
12/12/2006,TZR,OH,AGL,CE,Federal Contract Tower,0,2,19,0,21,0,0,41,4,45,0,2,60,4,66,68,32,100,166
12/13/2006,TZR,OH,AGL,CE,Federal Contract Tower,0,2,28,0,30,0,10,90,2,102,0,12,118,2,132,70,0,70,202
12/14/2006,TZR,OH,AGL,CE,Federal Contract Tower,0,2,18,0,20,0,0,75,0,75,0,2,93,0,95,0,0,0,95
12/15/2006,TZR,OH,AGL,CE,Federal Contract Tower,0,1,4,0,5,0,8,35,0,43,0,9,39,0,48,16,0,16,64
12/16/2006,TZR,OH,AGL,CE,Federal Contract Tower,0,0,2,0,2,0,0,84,0,84,0,0,86,0,86,14,0,14,100
12/17/2006,TZR,OH,AGL,CE,Federal Contract Tower,0,0,8,0,8,0,2,46,0,48,0,2,54,0,56,48,0,48,104
12/18/2006,TZR,OH,AGL,CE,Federal Contract Tower,0,0,7,0,7,0,0,75,0,75,0,0,82,0,82,108,0,108,190
12/19/2006,TZR,OH,AGL,CE,Federal Contract Tower,0,0,13,0,13,0,0,74,0,74,0,0,87,0,87,138,0,138,225
12/20/2006,TZR,OH,AGL,CE,Federal Contract Tower,0,0,19,0,19,0,0,86,4,90,0,0,105,4,109,126,0,126,235
12/21/2006,TZR,OH,AGL,CE,Federal Contract Tower,0,0,6,0,6,0,0,8,0,8,0,0,14,0,14,12,0,12,26
12/22/2006,TZR,OH,AGL,CE,Federal Contract Tower,0,0,8,0,8,0,0,2,0,2,0,0,10,0,10,0,0,0,10
12/23/2006,TZR,OH,AGL,CE,Federal Contract Tower,0,0,7,0,7,0,0,42,0,42,0,0,49,0,49,46,0,46,95
12/24/2006,TZR,OH,AGL,CE,Federal Contract Tower,0,0,3,0,3,0,2,64,0,66,0,2,67,0,69,36,0,36,105
12/25/2006,TZR,OH,AGL,CE,Federal Contract Tower,0,0,0,0,0,0,0,0,0,0,0,0,0,0,0,0,0,0,0
12/26/2006,TZR,OH,AGL,CE,Federal Contract Tower,0,0,2,2,4,0,4,4,0,8,0,4,6,2,12,0,0,0,12
12/27/2006,TZR,OH,AGL,CE,Federal Contract Tower,0,0,6,0,6,0,0,71,2,73,0,0,77,2,79,42,0,42,121
12/28/2006,TZR,OH,AGL,CE,Federal Contract Tower,0,0,7,0,7,0,2,92,0,94,0,2,99,0,101,60,0,60,161
12/29/2006,TZR,OH,AGL,CE,Federal Contract Tower,0,0,23,0,23,0,0,108,0,108,0,0,131,0,131,72,0,72,203
12/30/2006,TZR,OH,AGL,CE,Federal Contract Tower,0,0,2,0,2,0,0,77,0,77,0,0,79,0,79,38,0,38,117
12/31/2006,TZR,OH,AGL,CE,Federal Contract Tower,0,0,4,0,4,0,0,2,0,2,0,0,6,0,6,2,0,2,8
01/01/2007,TZR,OH,AGL,CE,Federal Contract Tower,0,0,0,0,0,0,0,2,0,2,0,0,2,0,2,0,0,0,2
01/02/2007,TZR,OH,AGL,CE,Federal Contract Tower,0,4,8,0,12,0,12,75,0,87,0,16,83,0,99,38,0,38,137
01/03/2007,TZR,OH,AGL,CE,Federal Contract Tower,0,0,6,0,6,0,0,80,6,86,0,0,86,6,92,90,0,90,182
01/04/2007,TZR,OH,AGL,CE,Federal Contract Tower,0,0,3,0,3,0,6,80,0,86,0,6,83,0,89,68,0,68,157
01/05/2007,TZR,OH,AGL,CE,Federal Contract Tower,0,0,10,0,10,0,0,0,0,0,0,0,10,0,10,0,0,0,10
01/06/2007,TZR,OH,AGL,CE,Federal Contract Tower,0,0,7,0,7,0,0,8,0,8,0,0,15,0,15,0,0,0,15
01/07/2007,TZR,OH,AGL,CE,Federal Contract Tower,0,2,9,0,11,0,0,17,0,17,0,2,26,0,28,0,0,0,28
01/08/2007,TZR,OH,AGL,CE,Federal Contract Tower,0,0,7,0,7,0,0,2,0,2,0,0,9,0,9,6,0,6,15
01/09/2007,TZR,OH,AGL,CE,Federal Contract Tower,0,0,7,4,11,0,0,22,2,24,0,0,29,6,35,0,4,4,39
01/10/2007,TZR,OH,AGL,CE,Federal Contract Tower,0,0,14,0,14,0,0,67,6,73,0,0,81,6,87,56,2,58,145
01/11/2007,TZR,OH,AGL,CE,Federal Contract Tower,0,0,18,0,18,0,0,55,0,55,0,0,73,0,73,102,0,102,175
01/12/2007,TZR,OH,AGL,CE,Federal Contract Tower,0,0,16,0,16,0,0,2,0,2,0,0,18,0,18,0,0,0,18
01/13/2007,TZR,OH,AGL,CE,Federal Contract Tower,0,0,2,0,2,0,0,0,0,0,0,0,2,0,2,0,0,0,2
01/14/2007,TZR,OH,AGL,CE,Federal Contract Tower,0,0,1,0,1,0,0,0,0,0,0,0,1,0,1,0,0,0,1
01/15/2007,TZR,OH,AGL,CE,Federal Contract Tower,0,0,9,2,11,0,0,6,0,6,0,0,15,2,17,0,0,0,17
01/16/2007,TZR,OH,AGL,CE,Federal Contract Tower,0,0,2,0,2,0,0,6,4,10,0,0,8,4,12,0,0,0,12
01/17/2007,TZR,OH,AGL,CE,Federal Contract Tower,0,0,24,0,24,0,4,110,2,116,0,4,134,2,140,82,0,82,222
01/18/2007,TZR,OH,AGL,CE,Federal Contract Tower,0,0,14,0,14,0,16,62,8,86,0,16,76,8,100,58,0,58,158
01/19/2007,TZR,OH,AGL,CE,Federal Contract Tower,0,0,6,0,6,0,0,16,0,16,0,0,22,0,22,0,0,0,22
01/20/2007,TZR,OH,AGL,CE,Federal Contract Tower,0,0,20,0,20,0,0,89,0,89,0,0,109,0,109,58,0,58,167
01/21/2007,TZR,OH,AGL,CE,Federal Contract Tower,0,0,0,0,0,0,0,0,0,0,0,0,0,0,0,0,0,0,0
01/22/2007,TZR,OH,AGL,CE,Federal Contract Tower,0,0,4,0,4,0,0,8,0,8,0,0,12,0,12,0,0,0,12
01/23/2007,TZR,OH,AGL,CE,Federal Contract Tower,0,0,4,0,4,0,0,18,2,20,0,0,22,2,24,8,0,8,32
01/24/2007,TZR,OH,AGL,CE,Federal Contract Tower,0,6,2,0,8,0,0,23,2,25,0,6,25,2,33,10,0,10,43
01/25/2007,TZR,OH,AGL,CE,Federal Contract Tower,0,2,12,0,14,0,0,3,8,11,0,2,15,8,25,4,0,4,29
01/26/2007,TZR,OH,AGL,CE,Federal Contract Tower,0,0,8,0,8,0,0,53,0,53,0,0,61,0,61,26,0,26,87
01/27/2007,TZR,OH,AGL,CE,Federal Contract Tower,0,0,0,0,0,0,2,11,0,13,0,2,11,0,13,14,0,14,27
01/28/2007,TZR,OH,AGL,CE,Federal Contract Tower,0,0,1,0,1,0,0,2,0,2,0,0,3,0,3,0,0,0,3
01/29/2007,TZR,OH,AGL,CE,Federal Contract Tower,0,0,3,0,3,0,0,34,0,34,0,0,37,0,37,62,2,64,101
01/30/2007,TZR,OH,AGL,CE,Federal Contract Tower,0,0,15,0,15,0,0,32,0,32,0,0,47,0,47,0,0,0,47
01/31/2007,TZR,OH,AGL,CE,Federal Contract Tower,0,0,21,0,21,0,1,87,2,90,0,1,108,2,111,72,0,72,183
02/01/2007,TZR,OH,AGL,CE,Federal Contract Tower,0,2,2,0,4,0,0,5,6,11,0,2,7,6,15,0,0,0,15
02/02/2007,TZR,OH,AGL,CE,Federal Contract Tower,0,0,2,0,2,0,2,6,0,8,0,2,8,0,10,0,0,0,10
02/03/2007,TZR,OH,AGL,CE,Federal Contract Tower,0,0,4,0,4,0,0,2,0,2,0,0,6,0,6,4,0,4,10
02/04/2007,TZR,OH,AGL,CE,Federal Contract Tower,0,0,3,0,3,0,4,12,0,16,0,4,15,0,19,0,0,0,19
02/05/2007,TZR,OH,AGL,CE,Federal Contract Tower,0,0,4,0,4,0,0,26,0,26,0,0,30,0,30,22,0,22,52
02/06/2007,TZR,OH,AGL,CE,Federal Contract Tower,0,0,3,0,3,0,0,20,0,20,0,0,23,0,23,66,0,66,89
02/07/2007,TZR,OH,AGL,CE,Federal Contract Tower,0,4,1,0,5,0,0,21,0,21,0,4,22,0,26,34,0,34,60
02/08/2007,TZR,OH,AGL,CE,Federal Contract Tower,0,0,8,0,8,0,0,41,0,41,0,0,49,0,49,30,0,30,79
02/09/2007,TZR,OH,AGL,CE,Federal Contract Tower,0,2,8,0,10,0,0,83,0,83,0,2,91,0,93,90,0,90,183
02/10/2007,TZR,OH,AGL,CE,Federal Contract Tower,0,0,6,0,6,0,4,119,0,123,0,4,125,0,129,52,0,52,181
02/11/2007,TZR,OH,AGL,CE,Federal Contract Tower,0,0,5,0,5,0,0,39,0,39,0,0,44,0,44,52,0,52,96
02/12/2007,TZR,OH,AGL,CE,Federal Contract Tower,0,0,6,0,6,0,10,60,4,74,0,10,66,4,80,68,0,68,148
02/13/2007,TZR,OH,AGL,CE,Federal Contract Tower,0,0,0,0,0,0,0,0,0,0,0,0,0,0,0,0,0,0,0
02/14/2007,TZR,OH,AGL,CE,Federal Contract Tower,0,0,0,0,0,0,0,8,0,8,0,0,8,0,8,0,0,0,8
02/15/2007,TZR,OH,AGL,CE,Federal Contract Tower,0,0,4,0,4,0,2,54,2,58,0,2,58,2,62,44,0,44,106
02/16/2007,TZR,OH,AGL,CE,Federal Contract Tower,0,0,14,0,14,0,0,34,2,36,0,0,48,2,50,64,12,76,126
02/17/2007,TZR,OH,AGL,CE,Federal Contract Tower,0,0,0,0,0,0,0,0,0,0,0,0,0,0,0,0,0,0,0
02/18/2007,TZR,OH,AGL,CE,Federal Contract Tower,0,0,10,0,10,0,0,8,0,8,0,0,18,0,18,0,0,0,18
02/19/2007,TZR,OH,AGL,CE,Federal Contract Tower,0,0,6,0,6,0,0,73,0,73,0,0,79,0,79,60,0,60,139
02/20/2007,TZR,OH,AGL,CE,Federal Contract Tower,0,0,3,0,3,0,0,37,0,37,0,0,40,0,40,52,0,52,92
02/21/2007,TZR,OH,AGL,CE,Federal Contract Tower,0,0,3,0,3,0,0,0,0,0,0,0,3,0,3,0,0,0,3
02/22/2007,TZR,OH,AGL,CE,Federal Contract Tower,0,0,4,0,4,0,0,8,0,8,0,0,12,0,12,2,0,2,14
02/23/2007,TZR,OH,AGL,CE,Federal Contract Tower,0,0,16,0,16,0,2,100,0,102,0,2,116,0,118,70,0,70,188
02/24/2007,TZR,OH,AGL,CE,Federal Contract Tower,0,0,9,0,9,0,4,76,0,80,0,4,85,0,89,86,0,86,175
02/25/2007,TZR,OH,AGL,CE,Federal Contract Tower,0,0,0,0,0,0,0,6,0,6,0,0,6,0,6,0,0,0,6
02/26/2007,TZR,OH,AGL,CE,Federal Contract Tower,0,0,10,0,10,0,2,38,0,40,0,2,48,0,50,68,0,68,118
02/27/2007,TZR,OH,AGL,CE,Federal Contract Tower,0,0,21,0,21,0,0,72,0,72,0,0,93,0,93,44,0,44,137
02/28/2007,TZR,OH,AGL,CE,Federal Contract Tower,0,1,13,0,14,0,0,69,2,71,0,1,82,2,85,35,0,35,120
03/01/2007,TZR,OH,AGL,CE,Federal Contract Tower,0,2,3,0,5,0,2,22,0,24,0,4,25,0,29,4,0,4,33
03/02/2007,TZR,OH,AGL,CE,Federal Contract Tower,0,4,0,0,4,0,0,16,10,26,0,4,16,10,30,18,0,18,48
03/03/2007,TZR,OH,AGL,CE,Federal Contract Tower,0,0,2,0,2,0,0,6,0,6,0,0,8,0,8,0,0,0,8
03/04/2007,TZR,OH,AGL,CE,Federal Contract Tower,0,0,3,0,3,0,0,11,0,11,0,0,14,0,14,0,0,0,14
03/05/2007,TZR,OH,AGL,CE,Federal Contract Tower,0,0,8,0,8,0,0,49,0,49,0,0,57,0,57,30,0,30,87
03/06/2007,TZR,OH,AGL,CE,Federal Contract Tower,0,0,17,2,19,0,4,101,0,105,0,4,118,2,124,127,0,127,251
03/07/2007,TZR,OH,AGL,CE,Federal Contract Tower,0,0,9,0,9,0,4,34,6,44,0,4,43,6,53,62,6,68,121
03/08/2007,TZR,OH,AGL,CE,Federal Contract Tower,0,0,12,0,12,0,0,102,0,102,0,0,114,0,114,112,2,114,228
03/09/2007,TZR,OH,AGL,CE,Federal Contract Tower,0,0,12,0,12,0,0,103,0,103,0,0,115,0,115,106,0,106,221
03/10/2007,TZR,OH,AGL,CE,Federal Contract Tower,0,0,3,0,3,0,0,15,4,19,0,0,18,4,22,8,0,8,30
03/11/2007,TZR,OH,AGL,CE,Federal Contract Tower,0,0,14,0,14,0,0,108,0,108,0,0,122,0,122,80,0,80,202
03/12/2007,TZR,OH,AGL,CE,Federal Contract Tower,0,0,7,0,7,0,12,77,0,89,0,12,84,0,96,70,0,70,166
03/13/2007,TZR,OH,AGL,CE,Federal Contract Tower,0,0,9,0,9,0,2,100,0,102,0,2,109,0,111,40,0,40,151
03/14/2007,TZR,OH,AGL,CE,Federal Contract Tower,0,0,14,0,14,0,0,21,0,21,0,0,35,0,35,6,0,6,41
03/15/2007,TZR,OH,AGL,CE,Federal Contract Tower,0,0,4,0,4,0,2,6,2,10,0,2,10,2,14,26,0,26,40
03/16/2007,TZR,OH,AGL,CE,Federal Contract Tower,0,0,5,0,5,0,0,48,8,56,0,0,53,8,61,50,0,50,111
03/17/2007,TZR,OH,AGL,CE,Federal Contract Tower,0,0,10,0,10,0,2,60,8,70,0,2,70,8,80,6,0,6,86
03/18/2007,TZR,OH,AGL,CE,Federal Contract Tower,0,0,8,0,8,0,2,126,0,128,0,2,134,0,136,38,0,38,174
03/19/2007,TZR,OH,AGL,CE,Federal Contract Tower,0,0,2,0,2,0,2,4,0,6,0,2,6,0,8,22,0,22,30
03/20/2007,TZR,OH,AGL,CE,Federal Contract Tower,0,2,10,0,12,0,0,60,0,60,0,2,70,0,72,30,0,30,102
03/21/2007,TZR,OH,AGL,CE,Federal Contract Tower,0,1,14,0,15,0,0,56,0,56,0,1,70,0,71,26,0,26,97
03/22/2007,TZR,OH,AGL,CE,Federal Contract Tower,0,0,5,0,5,0,4,30,0,34,0,4,35,0,39,8,0,8,47
03/23/2007,TZR,OH,AGL,CE,Federal Contract Tower,0,0,22,0,22,0,0,17,0,17,0,0,39,0,39,14,0,14,53
03/24/2007,TZR,OH,AGL,CE,Federal Contract Tower,0,0,12,0,12,0,0,28,0,28,0,0,40,0,40,4,0,4,44
03/25/2007,TZR,OH,AGL,CE,Federal Contract Tower,0,0,4,0,4,0,0,93,0,93,0,0,97,0,97,36,0,36,133
03/26/2007,TZR,OH,AGL,CE,Federal Contract Tower,0,2,9,0,11,0,0,45,2,47,0,2,54,2,58,82,0,82,140
03/27/2007,TZR,OH,AGL,CE,Federal Contract Tower,0,0,7,0,7,0,2,51,2,55,0,2,58,2,62,60,0,60,122
03/28/2007,TZR,OH,AGL,CE,Federal Contract Tower,0,0,3,4,7,0,0,21,0,21,0,0,24,4,28,54,0,54,82
03/29/2007,TZR,OH,AGL,CE,Federal Contract Tower,0,0,9,0,9,0,2,95,2,99,0,2,104,2,108,120,0,120,228
03/30/2007,TZR,OH,AGL,CE,Federal Contract Tower,0,2,2,0,4,0,8,126,2,136,0,10,128,2,140,92,0,92,232
03/31/2007,TZR,OH,AGL,CE,Federal Contract Tower,0,0,9,0,9,0,0,24,0,24,0,0,33,0,33,22,0,22,55
04/01/2007,TZR,OH,AGL,CE,Federal Contract Tower,0,0,4,0,4,0,0,22,0,22,0,0,26,0,26,16,0,16,42
04/02/2007,TZR,OH,AGL,CE,Federal Contract Tower,0,0,3,0,3,0,0,36,0,36,0,0,39,0,39,54,0,54,93
04/03/2007,TZR,OH,AGL,CE,Federal Contract Tower,0,0,6,0,6,0,2,52,0,54,0,2,58,0,60,4,2,6,66
04/04/2007,TZR,OH,AGL,CE,Federal Contract Tower,0,0,1,0,1,0,2,4,2,8,0,2,5,2,9,0,0,0,9
04/05/2007,TZR,OH,AGL,CE,Federal Contract Tower,0,0,13,0,13,0,0,13,0,13,0,0,26,0,26,4,0,4,30
04/06/2007,TZR,OH,AGL,CE,Federal Contract Tower,0,0,0,0,0,0,0,20,0,20,0,0,20,0,20,0,0,0,20
04/07/2007,TZR,OH,AGL,CE,Federal Contract Tower,0,0,3,0,3,0,0,7,0,7,0,0,10,0,10,0,0,0,10
04/08/2007,TZR,OH,AGL,CE,Federal Contract Tower,0,0,0,0,0,0,0,17,0,17,0,0,17,0,17,10,0,10,27
04/09/2007,TZR,OH,AGL,CE,Federal Contract Tower,0,0,14,0,14,0,0,47,2,49,0,0,61,2,63,126,0,126,189
04/10/2007,TZR,OH,AGL,CE,Federal Contract Tower,0,0,23,0,23,0,0,80,2,82,0,0,103,2,105,110,0,110,215
04/11/2007,TZR,OH,AGL,CE,Federal Contract Tower,0,0,5,0,5,0,4,3,0,7,0,4,8,0,12,0,0,0,12
04/12/2007,TZR,OH,AGL,CE,Federal Contract Tower,0,0,3,0,3,0,0,19,0,19,0,0,22,0,22,6,0,6,28
04/13/2007,TZR,OH,AGL,CE,Federal Contract Tower,0,0,28,0,28,0,0,65,0,65,0,0,93,0,93,40,0,40,133
04/14/2007,TZR,OH,AGL,CE,Federal Contract Tower,0,0,8,0,8,0,0,2,0,2,0,0,10,0,10,0,0,0,10
04/15/2007,TZR,OH,AGL,CE,Federal Contract Tower,0,0,2,0,2,0,0,3,0,3,0,0,5,0,5,0,0,0,5
04/16/2007,TZR,OH,AGL,CE,Federal Contract Tower,0,0,3,0,3,0,0,3,0,3,0,0,6,0,6,2,0,2,8
04/17/2007,TZR,OH,AGL,CE,Federal Contract Tower,0,0,8,0,8,0,0,106,0,106,0,0,114,0,114,88,0,88,202
04/18/2007,TZR,OH,AGL,CE,Federal Contract Tower,0,0,22,0,22,0,2,104,2,108,0,2,126,2,130,132,0,132,262
04/19/2007,TZR,OH,AGL,CE,Federal Contract Tower,0,0,11,0,11,0,4,89,6,99,0,4,100,6,110,88,0,88,198
04/20/2007,TZR,OH,AGL,CE,Federal Contract Tower,0,0,22,0,22,0,2,107,0,109,0,2,129,0,131,70,0,70,201
04/21/2007,TZR,OH,AGL,CE,Federal Contract Tower,0,0,8,0,8,0,0,191,0,191,0,0,199,0,199,132,0,132,331
04/22/2007,TZR,OH,AGL,CE,Federal Contract Tower,0,0,3,0,3,0,0,83,0,83,0,0,86,0,86,40,0,40,126
04/23/2007,TZR,OH,AGL,CE,Federal Contract Tower,0,2,5,0,7,0,0,11,2,13,0,2,16,2,20,8,0,8,28
04/24/2007,TZR,OH,AGL,CE,Federal Contract Tower,0,0,12,0,12,0,0,108,16,124,0,0,120,16,136,122,0,122,258
04/25/2007,TZR,OH,AGL,CE,Federal Contract Tower,0,0,23,0,23,0,0,13,0,13,0,0,36,0,36,26,0,26,62
04/26/2007,TZR,OH,AGL,CE,Federal Contract Tower,0,0,13,0,13,0,0,11,0,11,0,0,24,0,24,24,0,24,48
04/27/2007,TZR,OH,AGL,CE,Federal Contract Tower,0,0,12,0,12,0,0,27,2,29,0,0,39,2,41,4,0,4,45
04/28/2007,TZR,OH,AGL,CE,Federal Contract Tower,0,0,12,0,12,0,4,54,4,62,0,4,66,4,74,12,0,12,86
04/29/2007,TZR,OH,AGL,CE,Federal Contract Tower,0,0,13,0,13,0,0,85,6,91,0,0,98,6,104,62,0,62,166
04/30/2007,TZR,OH,AGL,CE,Federal Contract Tower,0,0,15,0,15,0,0,70,2,72,0,0,85,2,87,88,0,88,175
05/01/2007,TZR,OH,AGL,CE,Federal Contract Tower,0,0,10,0,10,0,0,76,0,76,0,0,86,0,86,72,0,72,158
05/02/2007,TZR,OH,AGL,CE,Federal Contract Tower,0,0,24,0,24,0,6,70,2,78,0,6,94,2,102,118,0,118,220
05/03/2007,TZR,OH,AGL,CE,Federal Contract Tower,0,0,10,0,10,0,4,79,0,83,0,4,89,0,93,72,0,72,165
05/04/2007,TZR,OH,AGL,CE,Federal Contract Tower,0,4,4,0,8,0,0,92,6,98,0,4,96,6,106,120,0,120,226
05/05/2007,TZR,OH,AGL,CE,Federal Contract Tower,0,0,11,0,11,0,0,46,2,48,0,0,57,2,59,58,0,58,117
05/06/2007,TZR,OH,AGL,CE,Federal Contract Tower,0,0,8,0,8,0,8,63,4,75,0,8,71,4,83,0,0,0,83
05/07/2007,TZR,OH,AGL,CE,Federal Contract Tower,0,0,12,0,12,0,0,151,0,151,0,0,163,0,163,168,0,168,331
05/08/2007,TZR,OH,AGL,CE,Federal Contract Tower,0,0,7,0,7,0,0,178,2,180,0,0,185,2,187,126,0,126,313
05/09/2007,TZR,OH,AGL,CE,Federal Contract Tower,0,0,4,2,6,0,4,104,4,112,0,4,108,6,118,130,0,130,248
05/10/2007,TZR,OH,AGL,CE,Federal Contract Tower,0,0,22,0,22,0,0,68,8,76,0,0,90,8,98,106,0,106,204
05/11/2007,TZR,OH,AGL,CE,Federal Contract Tower,0,2,28,0,30,0,2,84,0,86,0,4,112,0,116,132,0,132,248
05/12/2007,TZR,OH,AGL,CE,Federal Contract Tower,0,0,12,0,12,0,4,97,0,101,0,4,109,0,113,88,0,88,201
05/13/2007,TZR,OH,AGL,CE,Federal Contract Tower,0,0,1,0,1,0,0,87,0,87,0,0,88,0,88,42,0,42,130
05/14/2007,TZR,OH,AGL,CE,Federal Contract Tower,0,0,12,0,12,0,2,69,2,73,0,2,81,2,85,56,0,56,141
05/15/2007,TZR,OH,AGL,CE,Federal Contract Tower,0,2,2,0,4,0,2,42,8,52,0,4,44,8,56,20,0,20,76
05/16/2007,TZR,OH,AGL,CE,Federal Contract Tower,0,2,6,0,8,0,2,11,2,15,0,4,17,2,23,12,0,12,35
05/17/2007,TZR,OH,AGL,CE,Federal Contract Tower,0,3,25,0,28,0,0,31,0,31,0,3,56,0,59,84,0,84,143
05/18/2007,TZR,OH,AGL,CE,Federal Contract Tower,0,3,9,0,12,0,1,70,0,71,0,4,79,0,83,59,0,59,142
05/19/2007,TZR,OH,AGL,CE,Federal Contract Tower,0,0,8,0,8,0,0,103,0,103,0,0,111,0,111,24,0,24,135
05/20/2007,TZR,OH,AGL,CE,Federal Contract Tower,0,0,3,0,3,0,6,31,0,37,0,6,34,0,40,34,0,34,74
05/21/2007,TZR,OH,AGL,CE,Federal Contract Tower,0,0,7,0,7,0,0,79,0,79,0,0,86,0,86,82,0,82,168
05/22/2007,TZR,OH,AGL,CE,Federal Contract Tower,0,0,16,0,16,0,6,100,8,114,0,6,116,8,130,172,0,172,302
05/23/2007,TZR,OH,AGL,CE,Federal Contract Tower,0,0,12,0,12,0,4,86,2,92,0,4,98,2,104,86,0,86,190
05/24/2007,TZR,OH,AGL,CE,Federal Contract Tower,0,0,9,0,9,0,4,104,0,108,0,4,113,0,117,86,0,86,203
05/25/2007,TZR,OH,AGL,CE,Federal Contract Tower,0,2,5,0,7,0,2,62,0,64,0,4,67,0,71,44,0,44,115
05/26/2007,TZR,OH,AGL,CE,Federal Contract Tower,0,0,3,0,3,0,6,81,0,87,0,6,84,0,90,90,0,90,180
05/27/2007,TZR,OH,AGL,CE,Federal Contract Tower,0,0,5,0,5,0,0,18,0,18,0,0,23,0,23,30,0,30,53
05/28/2007,TZR,OH,AGL,CE,Federal Contract Tower,0,0,6,0,6,0,8,20,4,32,0,8,26,4,38,22,0,22,60
05/29/2007,TZR,OH,AGL,CE,Federal Contract Tower,0,0,16,0,16,0,2,44,12,58,0,2,60,12,74,84,14,98,172
05/30/2007,TZR,OH,AGL,CE,Federal Contract Tower,0,0,12,0,12,0,0,77,4,81,0,0,89,4,93,116,0,116,209
05/31/2007,TZR,OH,AGL,CE,Federal Contract Tower,0,0,11,0,11,0,0,93,0,93,0,0,104,0,104,48,0,48,152
06/01/2007,TZR,OH,AGL,CE,Federal Contract Tower,0,0,19,0,19,0,2,64,0,66,0,2,83,0,85,48,0,48,133
06/02/2007,TZR,OH,AGL,CE,Federal Contract Tower,0,0,20,0,20,0,0,43,0,43,0,0,63,0,63,24,0,24,87
06/03/2007,TZR,OH,AGL,CE,Federal Contract Tower,0,0,8,0,8,0,0,26,0,26,0,0,34,0,34,4,0,4,38
06/04/2007,TZR,OH,AGL,CE,Federal Contract Tower,0,0,12,0,12,0,0,35,0,35,0,0,47,0,47,0,0,0,47
06/05/2007,TZR,OH,AGL,CE,Federal Contract Tower,0,0,14,2,16,0,0,47,0,47,0,0,61,2,63,2,10,12,75
06/06/2007,TZR,OH,AGL,CE,Federal Contract Tower,0,0,18,0,18,0,0,118,2,120,0,0,136,2,138,142,0,142,280
06/07/2007,TZR,OH,AGL,CE,Federal Contract Tower,0,0,9,0,9,0,0,53,0,53,0,0,62,0,62,52,0,52,114
06/08/2007,TZR,OH,AGL,CE,Federal Contract Tower,0,0,5,0,5,0,0,40,0,40,0,0,45,0,45,14,0,14,59
06/09/2007,TZR,OH,AGL,CE,Federal Contract Tower,0,0,16,0,16,0,0,88,20,108,0,0,104,20,124,106,0,106,230
06/10/2007,TZR,OH,AGL,CE,Federal Contract Tower,0,0,4,0,4,0,0,53,2,55,0,0,57,2,59,32,0,32,91
06/11/2007,TZR,OH,AGL,CE,Federal Contract Tower,0,0,6,0,6,0,2,82,0,84,0,2,88,0,90,58,0,58,148
06/12/2007,TZR,OH,AGL,CE,Federal Contract Tower,0,0,10,0,10,0,2,80,0,82,0,2,90,0,92,70,0,70,162
06/13/2007,TZR,OH,AGL,CE,Federal Contract Tower,0,2,17,0,19,0,0,75,0,75,0,2,92,0,94,56,0,56,150
06/14/2007,TZR,OH,AGL,CE,Federal Contract Tower,0,1,12,0,13,0,0,68,0,68,0,1,80,0,81,128,0,128,209
06/15/2007,TZR,OH,AGL,CE,Federal Contract Tower,0,2,4,0,6,0,0,72,2,74,0,2,76,2,80,28,0,28,108
06/16/2007,TZR,OH,AGL,CE,Federal Contract Tower,0,0,6,0,6,0,2,133,0,135,0,2,139,0,141,96,0,96,237
06/17/2007,TZR,OH,AGL,CE,Federal Contract Tower,0,0,5,0,5,0,0,47,0,47,0,0,52,0,52,10,0,10,62
06/18/2007,TZR,OH,AGL,CE,Federal Contract Tower,0,0,18,0,18,0,0,25,0,25,0,0,43,0,43,70,0,70,113
06/19/2007,TZR,OH,AGL,CE,Federal Contract Tower,0,0,11,0,11,0,0,39,0,39,0,0,50,0,50,40,0,40,90
06/20/2007,TZR,OH,AGL,CE,Federal Contract Tower,0,0,15,0,15,0,4,103,0,107,0,4,118,0,122,68,0,68,190
06/21/2007,TZR,OH,AGL,CE,Federal Contract Tower,0,0,7,0,7,0,2,72,0,74,0,2,79,0,81,84,0,84,165
06/22/2007,TZR,OH,AGL,CE,Federal Contract Tower,0,0,8,0,8,0,0,64,0,64,0,0,72,0,72,42,0,42,114
06/23/2007,TZR,OH,AGL,CE,Federal Contract Tower,0,0,10,0,10,0,8,68,4,80,0,8,78,4,90,58,0,58,148
06/24/2007,TZR,OH,AGL,CE,Federal Contract Tower,0,0,8,0,8,0,2,52,0,54,0,2,60,0,62,24,0,24,86
06/25/2007,TZR,OH,AGL,CE,Federal Contract Tower,0,0,4,0,4,0,0,64,0,64,0,0,68,0,68,94,0,94,162
06/26/2007,TZR,OH,AGL,CE,Federal Contract Tower,0,0,11,0,11,0,8,87,0,95,0,8,98,0,106,170,0,170,276
06/27/2007,TZR,OH,AGL,CE,Federal Contract Tower,0,0,10,0,10,0,4,61,0,65,0,4,71,0,75,68,0,68,143
06/28/2007,TZR,OH,AGL,CE,Federal Contract Tower,0,0,5,0,5,0,0,28,6,34,0,0,33,6,39,48,0,48,87
06/29/2007,TZR,OH,AGL,CE,Federal Contract Tower,0,0,9,0,9,0,0,56,0,56,0,0,65,0,65,96,0,96,161
07/01/2007,TZR,OH,AGL,CE,Federal Contract Tower,0,0,3,0,3,0,2,61,0,63,0,2,64,0,66,79,0,79,145
07/02/2007,TZR,OH,AGL,CE,Federal Contract Tower,0,0,10,0,10,0,0,66,0,66,0,0,76,0,76,84,0,84,160
07/03/2007,TZR,OH,AGL,CE,Federal Contract Tower,0,0,12,0,12,0,2,130,8,140,0,2,142,8,152,166,0,166,318
07/04/2007,TZR,OH,AGL,CE,Federal Contract Tower,0,1,5,0,6,0,0,53,6,59,0,1,58,6,65,26,0,26,91
07/05/2007,TZR,OH,AGL,CE,Federal Contract Tower,0,0,12,0,12,0,0,25,0,25,0,0,37,0,37,14,0,14,51
07/06/2007,TZR,OH,AGL,CE,Federal Contract Tower,0,0,8,0,8,0,0,69,0,69,0,0,77,0,77,82,0,82,159
07/07/2007,TZR,OH,AGL,CE,Federal Contract Tower,0,0,7,0,7,0,2,78,0,80,0,2,85,0,87,80,0,80,167
07/08/2007,TZR,OH,AGL,CE,Federal Contract Tower,0,0,13,0,13,0,4,52,0,56,0,4,65,0,69,34,0,34,103
07/09/2007,TZR,OH,AGL,CE,Federal Contract Tower,0,0,7,2,9,0,2,85,0,87,0,2,92,2,96,44,0,44,140
07/10/2007,TZR,OH,AGL,CE,Federal Contract Tower,0,0,7,0,7,2,2,22,0,26,2,2,29,0,33,30,0,30,63
07/11/2007,TZR,OH,AGL,CE,Federal Contract Tower,0,0,4,0,4,0,0,33,0,33,0,0,37,0,37,16,0,16,53
07/12/2007,TZR,OH,AGL,CE,Federal Contract Tower,0,0,11,0,11,0,2,14,4,20,0,2,25,4,31,122,0,122,153
07/13/2007,TZR,OH,AGL,CE,Federal Contract Tower,0,0,17,0,17,0,0,8,0,8,0,0,25,0,25,99,0,99,124
07/14/2007,TZR,OH,AGL,CE,Federal Contract Tower,0,0,8,0,8,0,0,6,4,10,0,0,14,4,18,111,0,111,129
07/15/2007,TZR,OH,AGL,CE,Federal Contract Tower,0,0,11,0,11,0,2,13,2,17,0,2,24,2,28,172,0,172,200
07/16/2007,TZR,OH,AGL,CE,Federal Contract Tower,0,0,22,0,22,0,0,0,4,4,0,0,22,4,26,198,0,198,224
07/17/2007,TZR,OH,AGL,CE,Federal Contract Tower,0,0,15,0,15,0,0,9,4,13,0,0,24,4,28,125,0,125,153
07/18/2007,TZR,OH,AGL,CE,Federal Contract Tower,0,2,6,0,8,0,0,0,2,2,0,2,6,2,10,65,16,81,91
07/19/2007,TZR,OH,AGL,CE,Federal Contract Tower,0,0,6,0,6,0,0,0,0,0,0,0,6,0,6,61,0,61,67
07/20/2007,TZR,OH,AGL,CE,Federal Contract Tower,0,0,13,0,13,0,0,1,0,1,0,0,14,0,14,205,0,205,219
07/21/2007,TZR,OH,AGL,CE,Federal Contract Tower,0,0,8,0,8,0,0,20,0,20,0,0,28,0,28,278,0,278,306
07/22/2007,TZR,OH,AGL,CE,Federal Contract Tower,0,0,12,0,12,0,0,10,0,10,0,0,22,0,22,160,0,160,182
07/23/2007,TZR,OH,AGL,CE,Federal Contract Tower,0,0,5,0,5,0,0,22,0,22,0,0,27,0,27,179,0,179,206
07/24/2007,TZR,OH,AGL,CE,Federal Contract Tower,0,1,9,0,10,0,0,15,0,15,0,1,24,0,25,176,0,176,201
07/25/2007,TZR,OH,AGL,CE,Federal Contract Tower,0,0,2,0,2,0,0,0,0,0,0,0,2,0,2,187,0,187,189
07/26/2007,TZR,OH,AGL,CE,Federal Contract Tower,0,0,8,0,8,0,2,0,8,10,0,2,8,8,18,107,0,107,125
07/27/2007,TZR,OH,AGL,CE,Federal Contract Tower,0,2,5,0,7,0,0,13,4,17,0,2,18,4,24,82,0,82,106
07/28/2007,TZR,OH,AGL,CE,Federal Contract Tower,0,0,8,0,8,0,0,0,0,0,0,0,8,0,8,63,0,63,71
07/29/2007,TZR,OH,AGL,CE,Federal Contract Tower,0,0,6,0,6,0,0,8,0,8,0,0,14,0,14,83,0,83,97
07/30/2007,TZR,OH,AGL,CE,Federal Contract Tower,0,0,22,0,22,0,2,0,2,4,0,2,22,2,26,183,0,183,209
07/31/2007,TZR,OH,AGL,CE,Federal Contract Tower,0,0,10,0,10,0,0,6,0,6,0,0,16,0,16,188,2,190,206
08/01/2007,TZR,OH,AGL,CE,Federal Contract Tower,0,4,19,0,23,0,2,11,0,13,0,6,30,0,36,159,2,161,197
08/02/2007,TZR,OH,AGL,CE,Federal Contract Tower,0,0,14,0,14,0,0,6,0,6,0,0,20,0,20,252,0,252,272
08/03/2007,TZR,OH,AGL,CE,Federal Contract Tower,0,0,13,0,13,0,0,9,2,11,0,0,22,2,24,165,0,165,189
08/04/2007,TZR,OH,AGL,CE,Federal Contract Tower,0,0,8,0,8,2,2,22,0,26,2,2,30,0,34,112,0,112,146
08/05/2007,TZR,OH,AGL,CE,Federal Contract Tower,0,0,0,0,0,0,0,0,0,0,0,0,0,0,0,47,0,47,47
08/06/2007,TZR,OH,AGL,CE,Federal Contract Tower,0,4,11,0,15,0,4,5,0,9,0,8,16,0,24,67,0,67,91
08/07/2007,TZR,OH,AGL,CE,Federal Contract Tower,0,0,8,0,8,0,2,0,0,2,0,2,8,0,10,114,0,114,124
08/08/2007,TZR,OH,AGL,CE,Federal Contract Tower,0,0,16,0,16,0,1,6,6,13,0,1,22,6,29,100,0,100,129
08/09/2007,TZR,OH,AGL,CE,Federal Contract Tower,0,0,5,0,5,0,0,19,0,19,0,0,24,0,24,108,2,110,134
08/10/2007,TZR,OH,AGL,CE,Federal Contract Tower,0,0,16,0,16,0,6,12,0,18,0,6,28,0,34,99,0,99,133
08/11/2007,TZR,OH,AGL,CE,Federal Contract Tower,0,0,12,0,12,0,8,6,4,18,0,8,18,4,30,151,0,151,181
08/12/2007,TZR,OH,AGL,CE,Federal Contract Tower,0,0,4,0,4,0,6,14,0,20,0,6,18,0,24,76,0,76,100
08/13/2007,TZR,OH,AGL,CE,Federal Contract Tower,0,0,11,0,11,0,4,1,4,9,0,4,12,4,20,130,0,130,150
08/14/2007,TZR,OH,AGL,CE,Federal Contract Tower,0,0,13,0,13,0,0,3,0,3,0,0,16,0,16,177,8,185,201
08/15/2007,TZR,OH,AGL,CE,Federal Contract Tower,0,0,12,0,12,0,4,2,4,10,0,4,14,4,22,198,0,198,220
08/16/2007,TZR,OH,AGL,CE,Federal Contract Tower,0,2,0,0,2,0,0,0,6,6,0,2,0,6,8,144,0,144,152
08/17/2007,TZR,OH,AGL,CE,Federal Contract Tower,0,1,2,0,3,0,0,12,0,12,0,1,14,0,15,109,0,109,124
08/18/2007,TZR,OH,AGL,CE,Federal Contract Tower,0,0,8,0,8,0,2,4,0,6,0,2,12,0,14,157,0,157,171
08/19/2007,TZR,OH,AGL,CE,Federal Contract Tower,0,0,4,0,4,0,0,0,0,0,0,0,4,0,4,115,0,115,119
08/20/2007,TZR,OH,AGL,CE,Federal Contract Tower,0,2,6,0,8,0,0,4,0,4,0,2,10,0,12,96,0,96,108
08/21/2007,TZR,OH,AGL,CE,Federal Contract Tower,0,0,6,0,6,0,2,0,2,4,0,2,6,2,10,60,0,60,70
08/22/2007,TZR,OH,AGL,CE,Federal Contract Tower,0,0,4,0,4,0,0,0,0,0,0,0,4,0,4,65,0,65,69
08/23/2007,TZR,OH,AGL,CE,Federal Contract Tower,0,0,4,0,4,0,0,0,6,6,0,0,4,6,10,99,0,99,109
08/24/2007,TZR,OH,AGL,CE,Federal Contract Tower,0,0,8,0,8,0,0,0,0,0,0,0,8,0,8,121,0,121,129
08/25/2007,TZR,OH,AGL,CE,Federal Contract Tower,0,0,4,0,4,0,0,14,0,14,0,0,18,0,18,44,0,44,62
08/26/2007,TZR,OH,AGL,CE,Federal Contract Tower,0,0,9,0,9,0,0,9,0,9,0,0,18,0,18,166,0,166,184
08/27/2007,TZR,OH,AGL,CE,Federal Contract Tower,0,0,9,0,9,0,0,11,0,11,0,0,20,0,20,194,0,194,214
08/28/2007,TZR,OH,AGL,CE,Federal Contract Tower,0,0,10,0,10,0,0,0,0,0,0,0,10,0,10,109,32,141,151
08/29/2007,TZR,OH,AGL,CE,Federal Contract Tower,0,0,6,0,6,0,0,0,0,0,0,0,6,0,6,112,0,112,118
08/30/2007,TZR,OH,AGL,CE,Federal Contract Tower,0,1,13,0,14,0,2,19,0,21,0,3,32,0,35,128,0,128,163
08/31/2007,TZR,OH,AGL,CE,Federal Contract Tower,0,0,8,0,8,0,0,20,2,22,0,0,28,2,30,150,0,150,180
09/01/2007,TZR,OH,AGL,CE,Federal Contract Tower,0,0,12,0,12,0,2,2,2,6,0,2,14,2,18,63,0,63,81
09/02/2007,TZR,OH,AGL,CE,Federal Contract Tower,0,0,5,0,5,0,0,3,0,3,0,0,8,0,8,96,0,96,104
09/03/2007,TZR,OH,AGL,CE,Federal Contract Tower,0,0,4,0,4,0,0,8,0,8,0,0,12,0,12,92,0,92,104
09/04/2007,TZR,OH,AGL,CE,Federal Contract Tower,0,0,11,0,11,0,4,5,0,9,0,4,16,0,20,102,2,104,124
09/05/2007,TZR,OH,AGL,CE,Federal Contract Tower,0,0,19,0,19,0,0,1,8,9,0,0,20,8,28,183,0,183,211
09/06/2007,TZR,OH,AGL,CE,Federal Contract Tower,0,3,4,0,7,0,2,0,0,2,0,5,4,0,9,143,0,143,152
09/07/2007,TZR,OH,AGL,CE,Federal Contract Tower,0,0,11,0,11,0,0,7,0,7,0,0,18,0,18,65,0,65,83
09/08/2007,TZR,OH,AGL,CE,Federal Contract Tower,0,0,3,0,3,0,0,35,0,35,0,0,38,0,38,81,0,81,119
09/09/2007,TZR,OH,AGL,CE,Federal Contract Tower,0,0,0,0,0,0,0,0,0,0,0,0,0,0,0,15,0,15,15
09/10/2007,TZR,OH,AGL,CE,Federal Contract Tower,0,0,6,0,6,0,0,0,0,0,0,0,6,0,6,80,0,80,86
09/11/2007,TZR,OH,AGL,CE,Federal Contract Tower,0,2,5,0,7,0,0,9,0,9,0,2,14,0,16,88,0,88,104
09/12/2007,TZR,OH,AGL,CE,Federal Contract Tower,0,0,10,0,10,0,0,20,2,22,0,0,30,2,32,232,0,232,264
09/13/2007,TZR,OH,AGL,CE,Federal Contract Tower,0,0,12,0,12,0,4,14,0,18,0,4,26,0,30,192,0,192,222
09/14/2007,TZR,OH,AGL,CE,Federal Contract Tower,0,0,10,0,10,0,0,0,0,0,0,0,10,0,10,95,0,95,105
09/15/2007,TZR,OH,AGL,CE,Federal Contract Tower,0,0,20,0,20,0,6,13,8,27,0,6,33,8,47,169,0,169,216
09/16/2007,TZR,OH,AGL,CE,Federal Contract Tower,0,0,6,0,6,0,0,12,0,12,0,0,18,0,18,128,1,129,147
09/17/2007,TZR,OH,AGL,CE,Federal Contract Tower,0,0,9,0,9,0,0,13,0,13,0,0,22,0,22,145,0,145,167
09/18/2007,TZR,OH,AGL,CE,Federal Contract Tower,0,0,9,0,9,0,0,1,0,1,0,0,10,0,10,178,0,178,188
09/19/2007,TZR,OH,AGL,CE,Federal Contract Tower,0,1,4,0,5,0,0,10,2,12,0,1,14,2,17,156,0,156,173
09/20/2007,TZR,OH,AGL,CE,Federal Contract Tower,0,2,4,0,6,0,2,30,2,34,0,4,34,2,40,209,0,209,249
09/21/2007,TZR,OH,AGL,CE,Federal Contract Tower,0,0,9,0,9,0,0,31,0,31,0,0,40,0,40,110,0,110,150
09/22/2007,TZR,OH,AGL,CE,Federal Contract Tower,0,0,2,0,2,0,0,46,0,46,0,0,48,0,48,75,0,75,123
09/23/2007,TZR,OH,AGL,CE,Federal Contract Tower,0,0,2,0,2,0,0,0,0,0,0,0,2,0,2,121,4,125,127
09/24/2007,TZR,OH,AGL,CE,Federal Contract Tower,0,0,9,0,9,0,0,37,0,37,0,0,46,0,46,125,0,125,171
09/25/2007,TZR,OH,AGL,CE,Federal Contract Tower,0,0,5,0,5,0,6,3,2,11,0,6,8,2,16,67,0,67,83
09/26/2007,TZR,OH,AGL,CE,Federal Contract Tower,0,4,6,0,10,0,0,6,0,6,0,4,12,0,16,64,28,92,108
09/27/2007,TZR,OH,AGL,CE,Federal Contract Tower,0,0,34,0,34,0,0,12,0,12,0,0,46,0,46,86,0,86,132
09/28/2007,TZR,OH,AGL,CE,Federal Contract Tower,0,0,30,0,30,0,0,0,6,6,0,0,30,6,36,176,2,178,214
09/29/2007,TZR,OH,AGL,CE,Federal Contract Tower,0,1,12,0,13,0,0,0,4,4,0,1,12,4,17,155,0,155,172
09/30/2007,TZR,OH,AGL,CE,Federal Contract Tower,0,0,24,0,24,0,4,0,0,4,0,4,24,0,28,187,0,187,215
10/01/2007,TZR,OH,AGL,CE,Federal Contract Tower,0,1,12,0,13,0,2,20,0,22,0,3,32,0,35,105,0,105,140
10/02/2007,TZR,OH,AGL,CE,Federal Contract Tower,0,0,3,0,3,0,0,13,2,15,0,0,16,2,18,173,0,173,191
10/03/2007,TZR,OH,AGL,CE,Federal Contract Tower,0,2,5,0,7,0,2,19,4,25,0,4,24,4,32,83,0,83,115
10/04/2007,TZR,OH,AGL,CE,Federal Contract Tower,0,0,11,0,11,0,4,3,8,15,0,4,14,8,26,132,0,132,158
10/05/2007,TZR,OH,AGL,CE,Federal Contract Tower,0,0,7,2,9,0,10,36,2,48,0,10,43,4,57,148,0,148,205
10/06/2007,TZR,OH,AGL,CE,Federal Contract Tower,0,0,10,0,10,0,0,50,0,50,0,0,60,0,60,94,0,94,154
10/07/2007,TZR,OH,AGL,CE,Federal Contract Tower,0,0,3,0,3,0,4,23,0,27,0,4,26,0,30,84,0,84,114
10/08/2007,TZR,OH,AGL,CE,Federal Contract Tower,0,0,17,0,17,0,2,25,0,27,0,2,42,0,44,102,0,102,146
10/09/2007,TZR,OH,AGL,CE,Federal Contract Tower,0,0,17,0,17,0,2,8,0,10,0,2,25,0,27,110,12,122,149
10/10/2007,TZR,OH,AGL,CE,Federal Contract Tower,0,0,7,0,7,0,6,19,2,27,0,6,26,2,34,48,0,48,82
10/11/2007,TZR,OH,AGL,CE,Federal Contract Tower,0,0,4,0,4,0,0,0,8,8,0,0,4,8,12,24,0,24,36
10/12/2007,TZR,OH,AGL,CE,Federal Contract Tower,0,0,9,0,9,0,0,36,6,42,0,0,45,6,51,124,0,124,175
10/13/2007,TZR,OH,AGL,CE,Federal Contract Tower,0,0,5,0,5,0,4,112,0,116,0,4,117,0,121,133,0,133,254
10/14/2007,TZR,OH,AGL,CE,Federal Contract Tower,0,0,7,0,7,0,0,54,0,54,0,0,61,0,61,59,0,59,120
10/15/2007,TZR,OH,AGL,CE,Federal Contract Tower,0,0,2,0,2,0,0,0,0,0,0,0,2,0,2,168,1,169,171
10/16/2007,TZR,OH,AGL,CE,Federal Contract Tower,0,0,22,0,22,0,0,10,0,10,0,0,32,0,32,37,0,37,69
10/17/2007,TZR,OH,AGL,CE,Federal Contract Tower,0,0,19,0,19,0,0,0,0,0,0,0,19,0,19,60,0,60,79
10/18/2007,TZR,OH,AGL,CE,Federal Contract Tower,0,0,6,0,6,0,0,4,6,10,0,0,10,6,16,14,6,20,36
10/19/2007,TZR,OH,AGL,CE,Federal Contract Tower,0,0,6,0,6,0,0,8,0,8,0,0,14,0,14,18,0,18,32
10/20/2007,TZR,OH,AGL,CE,Federal Contract Tower,0,0,4,0,4,0,6,53,0,59,0,6,57,0,63,147,0,147,210
10/21/2007,TZR,OH,AGL,CE,Federal Contract Tower,0,0,15,0,15,0,0,45,0,45,0,0,60,0,60,129,0,129,189
10/22/2007,TZR,OH,AGL,CE,Federal Contract Tower,0,0,7,0,7,0,0,23,0,23,0,0,30,0,30,165,0,165,195
10/23/2007,TZR,OH,AGL,CE,Federal Contract Tower,0,0,2,0,2,0,0,0,0,0,0,0,2,0,2,12,0,12,14
10/24/2007,TZR,OH,AGL,CE,Federal Contract Tower,0,0,8,0,8,0,0,0,4,4,0,0,8,4,12,96,0,96,108
10/25/2007,TZR,OH,AGL,CE,Federal Contract Tower,0,0,4,0,4,0,0,6,0,6,0,0,10,0,10,43,0,43,53
10/26/2007,TZR,OH,AGL,CE,Federal Contract Tower,0,0,9,0,9,0,0,24,0,24,0,0,33,0,33,79,0,79,112
10/27/2007,TZR,OH,AGL,CE,Federal Contract Tower,0,0,10,0,10,0,0,2,0,2,0,0,12,0,12,32,0,32,44
10/28/2007,TZR,OH,AGL,CE,Federal Contract Tower,0,0,5,0,5,0,0,41,2,43,0,0,46,2,48,154,0,154,202
10/29/2007,TZR,OH,AGL,CE,Federal Contract Tower,0,0,8,0,8,0,0,36,0,36,0,0,44,0,44,126,0,126,170
10/30/2007,TZR,OH,AGL,CE,Federal Contract Tower,0,0,10,0,10,0,4,46,2,52,0,4,56,2,62,156,0,156,218
10/31/2007,TZR,OH,AGL,CE,Federal Contract Tower,0,0,18,0,18,0,0,12,2,14,0,0,30,2,32,65,0,65,97
11/01/2007,TZR,OH,AGL,CE,Federal Contract Tower,0,0,13,0,13,0,0,4,0,4,0,0,17,0,17,141,0,141,158
11/02/2007,TZR,OH,AGL,CE,Federal Contract Tower,0,0,10,0,10,0,0,22,0,22,0,0,32,0,32,143,0,143,175
11/03/2007,TZR,OH,AGL,CE,Federal Contract Tower,0,0,5,0,5,0,0,62,0,62,0,0,67,0,67,147,0,147,214
11/04/2007,TZR,OH,AGL,CE,Federal Contract Tower,0,0,3,0,3,0,0,29,0,29,0,0,32,0,32,136,0,136,168
11/05/2007,TZR,OH,AGL,CE,Federal Contract Tower,0,0,8,0,8,0,2,0,0,2,0,2,8,0,10,53,0,53,63
11/06/2007,TZR,OH,AGL,CE,Federal Contract Tower,0,0,2,0,2,0,0,29,2,31,0,0,31,2,33,39,8,47,80
11/07/2007,TZR,OH,AGL,CE,Federal Contract Tower,0,0,10,0,10,0,0,6,0,6,0,0,16,0,16,66,0,66,82
11/08/2007,TZR,OH,AGL,CE,Federal Contract Tower,0,0,19,0,19,0,2,12,0,14,0,2,31,0,33,99,0,99,132
11/09/2007,TZR,OH,AGL,CE,Federal Contract Tower,0,0,17,0,17,0,2,11,4,17,0,2,28,4,34,117,0,117,151
11/10/2007,TZR,OH,AGL,CE,Federal Contract Tower,0,0,8,0,8,0,0,53,16,69,0,0,61,16,77,142,0,142,219
11/11/2007,TZR,OH,AGL,CE,Federal Contract Tower,0,0,2,0,2,0,0,0,0,0,0,0,2,0,2,4,0,4,6
11/12/2007,TZR,OH,AGL,CE,Federal Contract Tower,0,0,9,0,9,0,0,3,0,3,0,0,12,0,12,79,0,79,91
11/13/2007,TZR,OH,AGL,CE,Federal Contract Tower,0,3,19,0,22,0,0,2,2,4,0,3,21,2,26,167,17,184,210
11/14/2007,TZR,OH,AGL,CE,Federal Contract Tower,0,1,16,2,19,0,0,2,4,6,0,1,18,6,25,103,10,113,138
11/15/2007,TZR,OH,AGL,CE,Federal Contract Tower,0,1,8,0,9,0,0,0,0,0,0,1,8,0,9,21,0,21,30
11/16/2007,TZR,OH,AGL,CE,Federal Contract Tower,0,0,9,0,9,0,0,18,0,18,0,0,27,0,27,113,0,113,140
11/17/2007,TZR,OH,AGL,CE,Federal Contract Tower,0,0,2,0,2,0,0,6,0,6,0,0,8,0,8,51,0,51,59
11/18/2007,TZR,OH,AGL,CE,Federal Contract Tower,0,0,3,0,3,0,0,0,0,0,0,0,3,0,3,70,0,70,73
11/19/2007,TZR,OH,AGL,CE,Federal Contract Tower,0,0,4,0,4,0,0,16,20,36,0,0,20,20,40,117,2,119,159
11/20/2007,TZR,OH,AGL,CE,Federal Contract Tower,0,0,11,0,11,0,0,3,4,7,0,0,14,4,18,57,10,67,85
11/21/2007,TZR,OH,AGL,CE,Federal Contract Tower,0,0,10,0,10,0,4,0,6,10,0,4,10,6,20,103,0,103,123
11/22/2007,TZR,OH,AGL,CE,Federal Contract Tower,0,0,0,0,0,0,0,0,0,0,0,0,0,0,0,2,0,2,2
11/23/2007,TZR,OH,AGL,CE,Federal Contract Tower,0,0,13,0,13,0,3,19,0,22,0,3,32,0,35,90,0,90,125
11/24/2007,TZR,OH,AGL,CE,Federal Contract Tower,0,0,7,0,7,0,0,9,0,9,0,0,16,0,16,110,0,110,126
11/25/2007,TZR,OH,AGL,CE,Federal Contract Tower,0,0,12,0,12,0,0,5,0,5,0,0,17,0,17,116,0,116,133
11/26/2007,TZR,OH,AGL,CE,Federal Contract Tower,0,0,5,0,5,0,0,0,0,0,0,0,5,0,5,0,0,0,5
11/27/2007,TZR,OH,AGL,CE,Federal Contract Tower,0,3,6,0,9,0,0,10,0,10,0,3,16,0,19,59,0,59,78
11/28/2007,TZR,OH,AGL,CE,Federal Contract Tower,0,0,13,0,13,0,0,13,0,13,0,0,26,0,26,172,0,172,198
11/29/2007,TZR,OH,AGL,CE,Federal Contract Tower,0,0,10,0,10,0,0,14,0,14,0,0,24,0,24,68,0,68,92
11/30/2007,TZR,OH,AGL,CE,Federal Contract Tower,0,0,9,0,9,0,0,10,2,12,0,0,19,2,21,81,0,81,102
12/01/2007,TZR,OH,AGL,CE,Federal Contract Tower,0,0,2,0,2,0,0,4,0,4,0,0,6,0,6,106,0,106,112
12/02/2007,TZR,OH,AGL,CE,Federal Contract Tower,0,0,0,0,0,0,0,0,0,0,0,0,0,0,0,1,0,1,1
12/03/2007,TZR,OH,AGL,CE,Federal Contract Tower,0,0,4,0,4,0,0,5,6,11,0,0,9,6,15,4,0,4,19
12/04/2007,TZR,OH,AGL,CE,Federal Contract Tower,0,2,1,0,3,0,0,16,6,22,0,2,17,6,25,36,0,36,61
12/05/2007,TZR,OH,AGL,CE,Federal Contract Tower,0,0,0,0,0,0,0,10,0,10,0,0,10,0,10,10,0,10,20
12/06/2007,TZR,OH,AGL,CE,Federal Contract Tower,0,1,6,0,7,0,0,4,0,4,0,1,10,0,11,106,0,106,117
12/07/2007,TZR,OH,AGL,CE,Federal Contract Tower,0,0,0,0,0,0,0,0,0,0,0,0,0,0,0,2,0,2,2
12/08/2007,TZR,OH,AGL,CE,Federal Contract Tower,0,0,1,0,1,0,0,0,0,0,0,0,1,0,1,78,0,78,79
12/09/2007,TZR,OH,AGL,CE,Federal Contract Tower,0,0,0,0,0,0,0,0,0,0,0,0,0,0,0,0,0,0,0
12/10/2007,TZR,OH,AGL,CE,Federal Contract Tower,0,0,9,0,9,0,0,0,0,0,0,0,9,0,9,0,0,0,9
12/11/2007,TZR,OH,AGL,CE,Federal Contract Tower,0,1,4,0,5,0,0,0,0,0,0,1,4,0,5,43,20,63,68
12/12/2007,TZR,OH,AGL,CE,Federal Contract Tower,0,5,1,0,6,0,0,0,0,0,0,5,1,0,6,119,0,119,125
12/13/2007,TZR,OH,AGL,CE,Federal Contract Tower,0,2,0,0,2,0,0,0,0,0,0,2,0,0,2,11,0,11,13
12/14/2007,TZR,OH,AGL,CE,Federal Contract Tower,0,0,16,0,16,0,0,4,4,8,0,0,20,4,24,74,10,84,108
12/15/2007,TZR,OH,AGL,CE,Federal Contract Tower,0,0,0,0,0,0,0,4,0,4,0,0,4,0,4,0,0,0,4
12/16/2007,TZR,OH,AGL,CE,Federal Contract Tower,0,0,0,0,0,0,0,0,0,0,0,0,0,0,0,0,0,0,0
12/17/2007,TZR,OH,AGL,CE,Federal Contract Tower,0,0,12,0,12,0,0,2,4,6,0,0,14,4,18,114,0,114,132
12/18/2007,TZR,OH,AGL,CE,Federal Contract Tower,0,0,11,0,11,0,2,3,4,9,0,2,14,4,20,141,0,141,161
12/19/2007,TZR,OH,AGL,CE,Federal Contract Tower,0,0,6,0,6,0,0,2,8,10,0,0,8,8,16,64,0,64,80
12/20/2007,TZR,OH,AGL,CE,Federal Contract Tower,0,0,12,0,12,0,4,8,0,12,0,4,20,0,24,58,0,58,82
12/21/2007,TZR,OH,AGL,CE,Federal Contract Tower,0,0,4,0,4,0,2,0,0,2,0,2,4,0,6,52,0,52,58
12/22/2007,TZR,OH,AGL,CE,Federal Contract Tower,0,0,4,0,4,0,0,0,0,0,0,0,4,0,4,145,0,145,149
12/23/2007,TZR,OH,AGL,CE,Federal Contract Tower,0,0,0,0,0,0,0,0,0,0,0,0,0,0,0,0,0,0,0
12/24/2007,TZR,OH,AGL,CE,Federal Contract Tower,0,0,2,0,2,0,0,0,0,0,0,0,2,0,2,15,0,15,17
12/25/2007,TZR,OH,AGL,CE,Federal Contract Tower,0,0,1,0,1,0,0,7,0,7,0,0,8,0,8,10,0,10,18
12/26/2007,TZR,OH,AGL,CE,Federal Contract Tower,0,0,6,0,6,0,2,2,2,6,0,2,8,2,12,166,0,166,178
12/27/2007,TZR,OH,AGL,CE,Federal Contract Tower,0,0,3,0,3,0,0,7,0,7,0,0,10,0,10,8,0,8,18
12/28/2007,TZR,OH,AGL,CE,Federal Contract Tower,0,0,3,0,3,0,0,5,0,5,0,0,8,0,8,25,0,25,33
12/29/2007,TZR,OH,AGL,CE,Federal Contract Tower,0,0,6,0,6,0,0,0,0,0,0,0,6,0,6,61,0,61,67
12/30/2007,TZR,OH,AGL,CE,Federal Contract Tower,0,0,4,0,4,0,0,6,0,6,0,0,10,0,10,115,0,115,125
12/31/2007,TZR,OH,AGL,CE,Federal Contract Tower,0,0,4,0,4,0,0,0,0,0,0,0,4,0,4,37,0,37,41
01/01/2008,TZR,OH,AGL,CE,Federal Contract Tower,0,0,0,0,0,0,0,0,0,0,0,0,0,0,0,0,0,0,0
01/02/2008,TZR,OH,AGL,CE,Federal Contract Tower,0,0,0,0,0,0,0,0,0,0,0,0,0,0,0,30,0,30,30
01/03/2008,TZR,OH,AGL,CE,Federal Contract Tower,0,0,5,0,5,0,0,9,0,9,0,0,14,0,14,99,0,99,113
01/04/2008,TZR,OH,AGL,CE,Federal Contract Tower,0,0,6,0,6,0,2,10,4,16,0,2,16,4,22,80,2,82,104
01/05/2008,TZR,OH,AGL,CE,Federal Contract Tower,0,0,0,0,0,0,0,0,4,4,0,0,0,4,4,4,7,11,15
01/06/2008,TZR,OH,AGL,CE,Federal Contract Tower,0,0,0,0,0,0,0,0,0,0,0,0,0,0,0,18,0,18,18
01/07/2008,TZR,OH,AGL,CE,Federal Contract Tower,0,0,2,0,2,0,6,0,0,6,0,6,2,0,8,64,0,64,72
01/08/2008,TZR,OH,AGL,CE,Federal Contract Tower,0,0,3,0,3,0,6,1,4,11,0,6,4,4,14,22,14,36,50
01/09/2008,TZR,OH,AGL,CE,Federal Contract Tower,0,0,2,0,2,0,4,0,0,4,0,4,2,0,6,117,1,118,124
01/10/2008,TZR,OH,AGL,CE,Federal Contract Tower,0,0,10,0,10,0,0,2,0,2,0,0,12,0,12,48,0,48,60
01/11/2008,TZR,OH,AGL,CE,Federal Contract Tower,0,0,7,0,7,0,0,5,2,7,0,0,12,2,14,31,8,39,53
01/12/2008,TZR,OH,AGL,CE,Federal Contract Tower,0,0,10,0,10,0,0,0,0,0,0,0,10,0,10,176,0,176,186
01/13/2008,TZR,OH,AGL,CE,Federal Contract Tower,0,0,0,0,0,0,2,0,0,2,0,2,0,0,2,34,0,34,36
01/14/2008,TZR,OH,AGL,CE,Federal Contract Tower,0,0,1,0,1,0,0,9,0,9,0,0,10,0,10,11,0,11,21
01/15/2008,TZR,OH,AGL,CE,Federal Contract Tower,0,1,2,0,3,0,2,0,2,4,0,3,2,2,7,22,17,39,46
01/16/2008,TZR,OH,AGL,CE,Federal Contract Tower,0,0,12,0,12,0,0,0,2,2,0,0,12,2,14,123,0,123,137
01/17/2008,TZR,OH,AGL,CE,Federal Contract Tower,0,0,2,0,2,0,0,0,0,0,0,0,2,0,2,15,2,17,19
01/18/2008,TZR,OH,AGL,CE,Federal Contract Tower,0,2,3,0,5,0,2,1,2,5,0,4,4,2,10,115,0,115,125
01/19/2008,TZR,OH,AGL,CE,Federal Contract Tower,0,4,8,0,12,0,0,0,0,0,0,4,8,0,12,15,0,15,27
01/20/2008,TZR,OH,AGL,CE,Federal Contract Tower,0,0,2,0,2,0,0,0,0,0,0,0,2,0,2,48,0,48,50
01/21/2008,TZR,OH,AGL,CE,Federal Contract Tower,0,6,8,0,14,0,2,4,0,6,0,8,12,0,20,85,0,85,105
01/22/2008,TZR,OH,AGL,CE,Federal Contract Tower,0,4,2,0,6,0,0,0,2,2,0,4,2,2,8,6,9,15,23
01/23/2008,TZR,OH,AGL,CE,Federal Contract Tower,0,0,16,0,16,5,0,1,0,6,5,0,17,0,22,116,0,116,138
01/24/2008,TZR,OH,AGL,CE,Federal Contract Tower,0,0,0,0,0,0,0,0,0,0,0,0,0,0,0,13,0,13,13
01/25/2008,TZR,OH,AGL,CE,Federal Contract Tower,0,0,5,0,5,0,8,1,2,11,0,8,6,2,16,81,0,81,97
01/26/2008,TZR,OH,AGL,CE,Federal Contract Tower,0,0,1,0,1,0,0,7,0,7,0,0,8,0,8,41,0,41,49
01/27/2008,TZR,OH,AGL,CE,Federal Contract Tower,0,0,0,0,0,0,2,0,0,2,0,2,0,0,2,67,0,67,69
01/28/2008,TZR,OH,AGL,CE,Federal Contract Tower,0,0,12,0,12,0,0,4,0,4,0,0,16,0,16,127,0,127,143
01/29/2008,TZR,OH,AGL,CE,Federal Contract Tower,0,0,2,0,2,0,0,0,4,4,0,0,2,4,6,21,0,21,27
01/30/2008,TZR,OH,AGL,CE,Federal Contract Tower,0,0,2,0,2,0,2,12,0,14,0,2,14,0,16,22,0,22,38
01/31/2008,TZR,OH,AGL,CE,Federal Contract Tower,0,0,3,0,3,0,0,23,0,23,0,0,26,0,26,89,0,89,115
02/01/2008,TZR,OH,AGL,CE,Federal Contract Tower,0,0,0,0,0,0,0,0,0,0,0,0,0,0,0,2,0,2,2
02/02/2008,TZR,OH,AGL,CE,Federal Contract Tower,0,0,2,0,2,0,0,4,0,4,0,0,6,0,6,81,0,81,87
02/03/2008,TZR,OH,AGL,CE,Federal Contract Tower,0,0,0,0,0,0,2,0,0,2,0,2,0,0,2,46,0,46,48
02/04/2008,TZR,OH,AGL,CE,Federal Contract Tower,0,0,0,0,0,0,0,0,0,0,0,0,0,0,0,6,0,6,6
02/05/2008,TZR,OH,AGL,CE,Federal Contract Tower,0,0,0,0,0,0,2,0,0,2,0,2,0,0,2,5,0,5,7
02/06/2008,TZR,OH,AGL,CE,Federal Contract Tower,0,0,0,0,0,0,2,0,0,2,0,2,0,0,2,3,0,3,5
02/07/2008,TZR,OH,AGL,CE,Federal Contract Tower,0,0,2,0,2,0,0,0,0,0,0,0,2,0,2,82,0,82,84
02/08/2008,TZR,OH,AGL,CE,Federal Contract Tower,0,0,10,0,10,0,0,16,2,18,0,0,26,2,28,161,0,161,189
02/09/2008,TZR,OH,AGL,CE,Federal Contract Tower,0,0,0,0,0,0,4,0,0,4,0,4,0,0,4,39,0,39,43
02/10/2008,TZR,OH,AGL,CE,Federal Contract Tower,0,0,0,0,0,0,0,0,0,0,0,0,0,0,0,1,0,1,1
02/11/2008,TZR,OH,AGL,CE,Federal Contract Tower,0,0,1,0,1,0,0,11,0,11,0,0,12,0,12,90,2,92,104
02/12/2008,TZR,OH,AGL,CE,Federal Contract Tower,0,0,0,0,0,0,0,0,0,0,0,0,0,0,0,2,0,2,2
02/13/2008,TZR,OH,AGL,CE,Federal Contract Tower,0,0,6,0,6,0,0,0,4,4,0,0,6,4,10,69,0,69,79
02/14/2008,TZR,OH,AGL,CE,Federal Contract Tower,0,0,5,0,5,0,0,19,6,25,0,0,24,6,30,198,0,198,228
02/15/2008,TZR,OH,AGL,CE,Federal Contract Tower,0,0,0,0,0,0,2,2,0,4,0,2,2,0,4,64,0,64,68
02/16/2008,TZR,OH,AGL,CE,Federal Contract Tower,0,0,12,0,12,0,4,0,0,4,0,4,12,0,16,176,0,176,192
02/17/2008,TZR,OH,AGL,CE,Federal Contract Tower,0,0,0,0,0,0,0,0,0,0,0,0,0,0,0,0,0,0,0
02/18/2008,TZR,OH,AGL,CE,Federal Contract Tower,0,0,0,0,0,0,0,0,0,0,0,0,0,0,0,0,0,0,0
02/19/2008,TZR,OH,AGL,CE,Federal Contract Tower,0,0,2,0,2,0,0,4,0,4,0,0,6,0,6,21,0,21,27
02/20/2008,TZR,OH,AGL,CE,Federal Contract Tower,0,0,2,0,2,0,0,0,0,0,0,0,2,0,2,9,2,11,13
02/21/2008,TZR,OH,AGL,CE,Federal Contract Tower,0,0,11,0,11,0,0,6,0,6,0,0,17,0,17,93,0,93,110
02/22/2008,TZR,OH,AGL,CE,Federal Contract Tower,0,0,0,0,0,0,0,0,0,0,0,0,0,0,0,2,0,2,2
02/23/2008,TZR,OH,AGL,CE,Federal Contract Tower,0,0,2,0,2,0,2,4,0,6,0,2,6,0,8,88,0,88,96
02/24/2008,TZR,OH,AGL,CE,Federal Contract Tower,0,0,0,0,0,0,0,0,0,0,0,0,0,0,0,127,0,127,127
02/25/2008,TZR,OH,AGL,CE,Federal Contract Tower,0,10,8,0,18,0,0,0,0,0,0,10,8,0,18,107,0,107,125
02/26/2008,TZR,OH,AGL,CE,Federal Contract Tower,0,8,0,0,8,0,0,0,0,0,0,8,0,0,8,6,0,6,14
02/27/2008,TZR,OH,AGL,CE,Federal Contract Tower,0,0,3,0,3,0,6,0,4,10,0,6,3,4,13,51,0,51,64
02/28/2008,TZR,OH,AGL,CE,Federal Contract Tower,0,10,7,0,17,0,4,7,4,15,0,14,14,4,32,135,0,135,167
02/29/2008,TZR,OH,AGL,CE,Federal Contract Tower,0,2,0,0,2,0,0,0,0,0,0,2,0,0,2,22,0,22,24
03/01/2008,TZR,OH,AGL,CE,Federal Contract Tower,0,0,11,0,11,0,4,5,0,9,0,4,16,0,20,106,0,106,126
03/02/2008,TZR,OH,AGL,CE,Federal Contract Tower,0,0,7,0,7,0,2,1,0,3,0,2,8,0,10,90,0,90,100
03/03/2008,TZR,OH,AGL,CE,Federal Contract Tower,0,2,1,0,3,0,0,7,0,7,0,2,8,0,10,32,0,32,42
03/04/2008,TZR,OH,AGL,CE,Federal Contract Tower,0,0,0,0,0,0,0,0,0,0,0,0,0,0,0,2,0,2,2
03/05/2008,TZR,OH,AGL,CE,Federal Contract Tower,0,0,4,0,4,0,0,7,0,7,0,0,11,0,11,30,0,30,41
03/06/2008,TZR,OH,AGL,CE,Federal Contract Tower,0,0,6,0,6,0,0,0,6,6,0,0,6,6,12,161,1,162,174
03/07/2008,TZR,OH,AGL,CE,Federal Contract Tower,0,0,0,0,0,0,0,0,0,0,0,0,0,0,0,3,0,3,3
03/08/2008,TZR,OH,AGL,CE,Federal Contract Tower,0,0,0,0,0,0,0,0,0,0,0,0,0,0,0,0,0,0,0
03/09/2008,TZR,OH,AGL,CE,Federal Contract Tower,0,0,1,0,1,0,0,0,0,0,0,0,1,0,1,4,0,4,5
03/10/2008,TZR,OH,AGL,CE,Federal Contract Tower,0,0,3,0,3,0,0,10,0,10,0,0,13,0,13,33,0,33,46
03/11/2008,TZR,OH,AGL,CE,Federal Contract Tower,0,0,2,0,2,0,0,0,6,6,0,0,2,6,8,32,0,32,40
03/12/2008,TZR,OH,AGL,CE,Federal Contract Tower,0,0,15,0,15,0,0,11,8,19,0,0,26,8,34,128,0,128,162
03/13/2008,TZR,OH,AGL,CE,Federal Contract Tower,0,0,12,0,12,0,0,8,2,10,0,0,20,2,22,65,0,65,87
03/14/2008,TZR,OH,AGL,CE,Federal Contract Tower,0,0,0,0,0,0,0,0,2,2,0,0,0,2,2,15,0,15,17
03/15/2008,TZR,OH,AGL,CE,Federal Contract Tower,0,0,0,0,0,0,0,0,0,0,0,0,0,0,0,12,0,12,12
03/16/2008,TZR,OH,AGL,CE,Federal Contract Tower,0,0,8,0,8,0,0,0,0,0,0,0,8,0,8,92,0,92,100
03/17/2008,TZR,OH,AGL,CE,Federal Contract Tower,0,0,4,0,4,0,0,8,0,8,0,0,12,0,12,80,0,80,92
03/18/2008,TZR,OH,AGL,CE,Federal Contract Tower,0,0,0,0,0,0,2,0,0,2,0,2,0,0,2,16,0,16,18
03/19/2008,TZR,OH,AGL,CE,Federal Contract Tower,0,0,0,0,0,0,0,0,0,0,0,0,0,0,0,6,0,6,6
03/20/2008,TZR,OH,AGL,CE,Federal Contract Tower,0,0,7,0,7,0,4,13,2,19,0,4,20,2,26,70,0,70,96
03/21/2008,TZR,OH,AGL,CE,Federal Contract Tower,0,0,6,0,6,0,0,0,6,6,0,0,6,6,12,85,0,85,97
03/22/2008,TZR,OH,AGL,CE,Federal Contract Tower,0,0,2,0,2,0,0,0,2,2,0,0,2,2,4,8,0,8,12
03/23/2008,TZR,OH,AGL,CE,Federal Contract Tower,0,0,2,0,2,0,2,2,0,4,0,2,4,0,6,44,0,44,50
03/24/2008,TZR,OH,AGL,CE,Federal Contract Tower,0,0,10,0,10,0,0,0,0,0,0,0,10,0,10,88,8,96,106
03/25/2008,TZR,OH,AGL,CE,Federal Contract Tower,0,0,8,0,8,0,0,8,0,8,0,0,16,0,16,34,0,34,50
03/26/2008,TZR,OH,AGL,CE,Federal Contract Tower,0,2,14,0,16,0,0,0,0,0,0,2,14,0,16,125,0,125,141
03/27/2008,TZR,OH,AGL,CE,Federal Contract Tower,0,0,0,0,0,0,0,0,0,0,0,0,0,0,0,7,0,7,7
03/28/2008,TZR,OH,AGL,CE,Federal Contract Tower,0,0,0,0,0,0,0,0,0,0,0,0,0,0,0,52,0,52,52
03/29/2008,TZR,OH,AGL,CE,Federal Contract Tower,0,0,6,0,6,0,0,0,0,0,0,0,6,0,6,131,0,131,137
03/30/2008,TZR,OH,AGL,CE,Federal Contract Tower,0,0,0,0,0,0,0,0,0,0,0,0,0,0,0,23,0,23,23
03/31/2008,TZR,OH,AGL,CE,Federal Contract Tower,0,0,4,0,4,0,0,6,0,6,0,0,10,0,10,39,0,39,49
04/01/2008,TZR,OH,AGL,CE,Federal Contract Tower,0,0,5,0,5,0,0,1,2,3,0,0,6,2,8,9,0,9,17
04/02/2008,TZR,OH,AGL,CE,Federal Contract Tower,0,0,15,0,15,0,0,15,0,15,0,0,30,0,30,166,0,166,196
04/03/2008,TZR,OH,AGL,CE,Federal Contract Tower,0,0,6,0,6,0,0,2,0,2,0,0,8,0,8,36,0,36,44
04/04/2008,TZR,OH,AGL,CE,Federal Contract Tower,0,0,0,0,0,1,0,0,0,1,1,0,0,0,1,18,0,18,19
04/05/2008,TZR,OH,AGL,CE,Federal Contract Tower,0,0,13,0,13,0,0,1,2,3,0,0,14,2,16,122,0,122,138
04/06/2008,TZR,OH,AGL,CE,Federal Contract Tower,0,0,6,0,6,0,0,0,14,14,0,0,6,14,20,177,0,177,197
04/07/2008,TZR,OH,AGL,CE,Federal Contract Tower,0,0,4,0,4,0,0,4,2,6,0,0,8,2,10,52,18,70,80
04/08/2008,TZR,OH,AGL,CE,Federal Contract Tower,0,0,12,0,12,0,0,0,4,4,0,0,12,4,16,127,0,127,143
04/09/2008,TZR,OH,AGL,CE,Federal Contract Tower,0,0,6,0,6,0,0,0,2,2,0,0,6,2,8,38,0,38,46
04/10/2008,TZR,OH,AGL,CE,Federal Contract Tower,0,0,4,0,4,0,10,4,0,14,0,10,8,0,18,70,0,70,88
04/11/2008,TZR,OH,AGL,CE,Federal Contract Tower,0,0,0,0,0,0,0,0,0,0,0,0,0,0,0,4,0,4,4
04/12/2008,TZR,OH,AGL,CE,Federal Contract Tower,0,0,6,0,6,0,0,22,0,22,0,0,28,0,28,66,0,66,94
04/13/2008,TZR,OH,AGL,CE,Federal Contract Tower,0,0,2,0,2,0,0,2,0,2,0,0,4,0,4,0,0,0,4
04/14/2008,TZR,OH,AGL,CE,Federal Contract Tower,0,0,6,1,7,0,0,6,0,6,0,0,12,1,13,108,0,108,121
04/15/2008,TZR,OH,AGL,CE,Federal Contract Tower,0,0,8,0,8,0,0,4,0,4,0,0,12,0,12,130,0,130,142
04/16/2008,TZR,OH,AGL,CE,Federal Contract Tower,0,4,5,0,9,0,2,29,0,31,0,6,34,0,40,97,0,97,137
04/17/2008,TZR,OH,AGL,CE,Federal Contract Tower,0,0,20,2,22,0,0,0,0,0,0,0,20,2,22,119,2,121,143
04/18/2008,TZR,OH,AGL,CE,Federal Contract Tower,0,0,2,0,2,0,0,12,4,16,0,0,14,4,18,99,0,99,117
04/19/2008,TZR,OH,AGL,CE,Federal Contract Tower,0,0,3,0,3,0,0,13,0,13,0,0,16,0,16,65,0,65,81
04/20/2008,TZR,OH,AGL,CE,Federal Contract Tower,0,0,4,0,4,0,0,0,0,0,0,0,4,0,4,75,0,75,79
04/21/2008,TZR,OH,AGL,CE,Federal Contract Tower,0,0,1,0,1,0,0,7,4,11,0,0,8,4,12,56,0,56,68
04/22/2008,TZR,OH,AGL,CE,Federal Contract Tower,0,0,4,0,4,0,0,24,0,24,0,0,28,0,28,117,0,117,145
04/23/2008,TZR,OH,AGL,CE,Federal Contract Tower,0,0,12,0,12,0,0,0,0,0,0,0,12,0,12,174,0,174,186
04/24/2008,TZR,OH,AGL,CE,Federal Contract Tower,0,0,5,0,5,0,0,15,0,15,0,0,20,0,20,144,0,144,164
04/25/2008,TZR,OH,AGL,CE,Federal Contract Tower,0,0,1,0,1,0,0,17,10,27,0,0,18,10,28,27,0,27,55
04/26/2008,TZR,OH,AGL,CE,Federal Contract Tower,0,0,3,0,3,0,2,1,0,3,0,2,4,0,6,64,0,64,70
04/27/2008,TZR,OH,AGL,CE,Federal Contract Tower,0,0,7,0,7,0,0,9,0,9,0,0,16,0,16,161,0,161,177
04/28/2008,TZR,OH,AGL,CE,Federal Contract Tower,0,0,12,0,12,0,0,0,0,0,0,0,12,0,12,44,0,44,56
04/29/2008,TZR,OH,AGL,CE,Federal Contract Tower,0,0,2,0,2,0,4,10,2,16,0,4,12,2,18,37,0,37,55
04/30/2008,TZR,OH,AGL,CE,Federal Contract Tower,0,0,10,0,10,0,0,23,4,27,0,0,33,4,37,175,15,190,227
05/01/2008,TZR,OH,AGL,CE,Federal Contract Tower,0,0,5,0,5,0,0,9,0,9,0,0,14,0,14,74,0,74,88
05/02/2008,TZR,OH,AGL,CE,Federal Contract Tower,0,0,5,0,5,0,0,1,0,1,0,0,6,0,6,73,0,73,79
05/03/2008,TZR,OH,AGL,CE,Federal Contract Tower,0,0,0,0,0,0,0,2,0,2,0,0,2,0,2,21,0,21,23
05/04/2008,TZR,OH,AGL,CE,Federal Contract Tower,0,0,8,0,8,0,2,0,0,2,0,2,8,0,10,152,0,152,162
05/05/2008,TZR,OH,AGL,CE,Federal Contract Tower,0,0,8,0,8,0,2,0,2,4,0,2,8,2,12,98,6,104,116
05/06/2008,TZR,OH,AGL,CE,Federal Contract Tower,0,1,17,0,18,0,4,11,0,15,0,5,28,0,33,112,0,112,145
05/07/2008,TZR,OH,AGL,CE,Federal Contract Tower,0,0,5,0,5,0,0,3,0,3,0,0,8,0,8,32,10,42,50
05/08/2008,TZR,OH,AGL,CE,Federal Contract Tower,0,0,4,0,4,0,0,0,0,0,0,0,4,0,4,17,0,17,21
05/09/2008,TZR,OH,AGL,CE,Federal Contract Tower,0,0,10,0,10,0,4,0,0,4,0,4,10,0,14,35,2,37,51
05/10/2008,TZR,OH,AGL,CE,Federal Contract Tower,0,0,9,0,9,0,0,33,0,33,0,0,42,0,42,139,0,139,181
05/11/2008,TZR,OH,AGL,CE,Federal Contract Tower,0,0,1,0,1,0,0,1,0,1,0,0,2,0,2,2,0,2,4
05/12/2008,TZR,OH,AGL,CE,Federal Contract Tower,0,0,0,0,0,0,0,16,0,16,0,0,16,0,16,22,0,22,38
05/13/2008,TZR,OH,AGL,CE,Federal Contract Tower,0,0,16,0,16,0,0,26,0,26,0,0,42,0,42,146,0,146,188
05/14/2008,TZR,OH,AGL,CE,Federal Contract Tower,0,0,14,4,18,0,0,0,2,2,0,0,14,6,20,41,4,45,65
05/15/2008,TZR,OH,AGL,CE,Federal Contract Tower,0,0,9,1,10,0,0,33,1,34,0,0,42,2,44,98,15,113,157
05/16/2008,TZR,OH,AGL,CE,Federal Contract Tower,0,0,11,0,11,0,0,1,2,3,0,0,12,2,14,42,0,42,56
05/17/2008,TZR,OH,AGL,CE,Federal Contract Tower,0,0,12,0,12,0,0,16,0,16,0,0,28,0,28,56,0,56,84
05/18/2008,TZR,OH,AGL,CE,Federal Contract Tower,0,0,8,0,8,0,6,2,0,8,0,6,10,0,16,24,0,24,40
05/19/2008,TZR,OH,AGL,CE,Federal Contract Tower,0,0,7,0,7,0,2,21,8,31,0,2,28,8,38,122,0,122,160
05/20/2008,TZR,OH,AGL,CE,Federal Contract Tower,0,0,8,0,8,0,0,20,4,24,0,0,28,4,32,72,25,97,129
05/21/2008,TZR,OH,AGL,CE,Federal Contract Tower,0,0,5,0,5,0,0,23,2,25,0,0,28,2,30,52,0,52,82
05/22/2008,TZR,OH,AGL,CE,Federal Contract Tower,0,0,10,0,10,0,0,20,0,20,0,0,30,0,30,160,0,160,190
05/23/2008,TZR,OH,AGL,CE,Federal Contract Tower,0,0,10,0,10,0,4,12,4,20,0,4,22,4,30,196,0,196,226
05/24/2008,TZR,OH,AGL,CE,Federal Contract Tower,0,0,4,0,4,0,4,22,0,26,0,4,26,0,30,165,0,165,195
05/25/2008,TZR,OH,AGL,CE,Federal Contract Tower,0,1,4,0,5,0,0,5,0,5,0,1,9,0,10,84,0,84,94
05/26/2008,TZR,OH,AGL,CE,Federal Contract Tower,0,0,4,0,4,0,2,8,6,16,0,2,12,6,20,98,0,98,118
05/27/2008,TZR,OH,AGL,CE,Federal Contract Tower,0,0,8,0,8,0,2,0,0,2,0,2,8,0,10,30,2,32,42
05/28/2008,TZR,OH,AGL,CE,Federal Contract Tower,0,1,12,0,13,0,0,14,2,16,0,1,26,2,29,188,0,188,217
05/29/2008,TZR,OH,AGL,CE,Federal Contract Tower,0,1,4,0,5,0,0,32,0,32,0,1,36,0,37,231,0,231,268
05/30/2008,TZR,OH,AGL,CE,Federal Contract Tower,0,0,7,2,9,0,0,21,2,23,0,0,28,4,32,244,2,246,278
05/31/2008,TZR,OH,AGL,CE,Federal Contract Tower,0,0,1,0,1,0,2,15,0,17,0,2,16,0,18,12,0,12,30
06/01/2008,TZR,OH,AGL,CE,Federal Contract Tower,0,0,1,0,1,0,2,7,0,9,0,2,8,0,10,71,0,71,81
06/02/2008,TZR,OH,AGL,CE,Federal Contract Tower,0,0,8,0,8,0,2,0,0,2,0,2,8,0,10,190,0,190,200
06/03/2008,TZR,OH,AGL,CE,Federal Contract Tower,0,0,6,0,6,0,0,0,0,0,0,0,6,0,6,32,0,32,38
06/04/2008,TZR,OH,AGL,CE,Federal Contract Tower,0,2,2,0,4,0,0,0,0,0,0,2,2,0,4,19,0,19,23
06/05/2008,TZR,OH,AGL,CE,Federal Contract Tower,0,0,4,0,4,0,0,16,0,16,0,0,20,0,20,156,0,156,176
06/06/2008,TZR,OH,AGL,CE,Federal Contract Tower,0,0,6,0,6,0,0,20,0,20,0,0,26,0,26,65,2,67,93
06/07/2008,TZR,OH,AGL,CE,Federal Contract Tower,0,0,5,0,5,0,0,3,8,11,0,0,8,8,16,64,10,74,90
06/08/2008,TZR,OH,AGL,CE,Federal Contract Tower,0,0,0,0,0,0,0,0,0,0,0,0,0,0,0,109,0,109,109
06/09/2008,TZR,OH,AGL,CE,Federal Contract Tower,0,0,10,0,10,0,0,0,0,0,0,0,10,0,10,82,0,82,92
06/10/2008,TZR,OH,AGL,CE,Federal Contract Tower,0,0,11,0,11,0,0,9,0,9,0,0,20,0,20,93,0,93,113
06/11/2008,TZR,OH,AGL,CE,Federal Contract Tower,0,0,7,0,7,0,6,41,0,47,0,6,48,0,54,182,0,182,236
06/12/2008,TZR,OH,AGL,CE,Federal Contract Tower,0,0,7,0,7,0,0,1,0,1,0,0,8,0,8,105,0,105,113
06/13/2008,TZR,OH,AGL,CE,Federal Contract Tower,0,0,4,0,4,0,0,6,0,6,0,0,10,0,10,62,0,62,72
06/14/2008,TZR,OH,AGL,CE,Federal Contract Tower,0,0,5,0,5,0,2,7,0,9,0,2,12,0,14,40,0,40,54
06/15/2008,TZR,OH,AGL,CE,Federal Contract Tower,0,0,8,0,8,0,0,0,0,0,0,0,8,0,8,91,0,91,99
06/16/2008,TZR,OH,AGL,CE,Federal Contract Tower,0,0,6,0,6,0,4,29,2,35,0,4,35,2,41,24,0,24,65
06/17/2008,TZR,OH,AGL,CE,Federal Contract Tower,0,0,5,0,5,0,4,37,0,41,0,4,42,0,46,20,0,20,66
06/18/2008,TZR,OH,AGL,CE,Federal Contract Tower,0,0,14,1,15,0,0,36,0,36,0,0,50,1,51,32,0,32,83
06/19/2008,TZR,OH,AGL,CE,Federal Contract Tower,0,0,12,0,12,0,0,69,0,69,0,0,81,0,81,66,0,66,147
06/20/2008,TZR,OH,AGL,CE,Federal Contract Tower,0,3,3,0,6,0,0,38,0,38,0,3,41,0,44,119,0,119,163
06/21/2008,TZR,OH,AGL,CE,Federal Contract Tower,0,0,7,0,7,0,2,37,0,39,0,2,44,0,46,104,0,104,150
06/22/2008,TZR,OH,AGL,CE,Federal Contract Tower,0,0,3,0,3,0,4,53,0,57,0,4,56,0,60,43,0,43,103
06/23/2008,TZR,OH,AGL,CE,Federal Contract Tower,0,2,4,0,6,0,0,17,0,17,0,2,21,0,23,20,0,20,43
06/24/2008,TZR,OH,AGL,CE,Federal Contract Tower,0,0,9,0,9,0,0,68,0,68,0,0,77,0,77,68,0,68,145
06/25/2008,TZR,OH,AGL,CE,Federal Contract Tower,0,0,3,0,3,0,8,42,0,50,0,8,45,0,53,78,0,78,131
06/26/2008,TZR,OH,AGL,CE,Federal Contract Tower,0,0,5,0,5,0,0,49,6,55,0,0,54,6,60,16,0,16,76
06/27/2008,TZR,OH,AGL,CE,Federal Contract Tower,0,0,4,0,4,0,4,44,0,48,0,4,48,0,52,61,0,61,113
06/28/2008,TZR,OH,AGL,CE,Federal Contract Tower,0,0,2,0,2,0,4,6,0,10,0,4,8,0,12,34,0,34,46
06/29/2008,TZR,OH,AGL,CE,Federal Contract Tower,0,0,6,0,6,0,0,25,0,25,0,0,31,0,31,0,0,0,31
06/30/2008,TZR,OH,AGL,CE,Federal Contract Tower,0,0,16,0,16,0,0,42,2,44,0,0,58,2,60,48,0,48,108
07/01/2008,TZR,OH,AGL,CE,Federal Contract Tower,0,0,12,0,12,0,0,85,0,85,0,0,97,0,97,80,0,80,177
07/02/2008,TZR,OH,AGL,CE,Federal Contract Tower,0,2,13,0,15,0,0,68,0,68,0,2,81,0,83,114,0,114,197
07/03/2008,TZR,OH,AGL,CE,Federal Contract Tower,0,0,5,2,7,0,0,34,0,34,0,0,39,2,41,0,0,0,41
07/04/2008,TZR,OH,AGL,CE,Federal Contract Tower,0,0,9,0,9,0,0,2,0,2,0,0,11,0,11,2,0,2,13
07/05/2008,TZR,OH,AGL,CE,Federal Contract Tower,0,0,11,0,11,0,0,46,0,46,0,0,57,0,57,58,0,58,115
07/06/2008,TZR,OH,AGL,CE,Federal Contract Tower,0,0,2,0,2,0,0,99,0,99,0,0,101,0,101,106,0,106,207
07/07/2008,TZR,OH,AGL,CE,Federal Contract Tower,0,1,5,0,6,0,0,65,0,65,0,1,70,0,71,98,0,98,169
07/08/2008,TZR,OH,AGL,CE,Federal Contract Tower,0,0,5,0,5,0,0,39,0,39,0,0,44,0,44,70,0,70,114
07/09/2008,TZR,OH,AGL,CE,Federal Contract Tower,0,1,11,0,12,0,0,24,0,24,0,1,35,0,36,26,2,28,64
07/10/2008,TZR,OH,AGL,CE,Federal Contract Tower,0,0,9,0,9,0,0,58,0,58,0,0,67,0,67,118,0,118,185
07/11/2008,TZR,OH,AGL,CE,Federal Contract Tower,0,0,11,2,13,0,0,58,0,58,0,0,69,2,71,86,0,86,157
07/12/2008,TZR,OH,AGL,CE,Federal Contract Tower,0,0,4,0,4,0,1,49,0,50,0,1,53,0,54,26,0,26,80
07/13/2008,TZR,OH,AGL,CE,Federal Contract Tower,0,0,12,0,12,0,0,79,0,79,0,0,91,0,91,20,0,20,111
07/14/2008,TZR,OH,AGL,CE,Federal Contract Tower,0,0,6,0,6,0,0,59,0,59,0,0,65,0,65,74,0,74,139
07/15/2008,TZR,OH,AGL,CE,Federal Contract Tower,0,0,15,0,15,0,0,53,0,53,0,0,68,0,68,66,0,66,134
07/16/2008,TZR,OH,AGL,CE,Federal Contract Tower,0,0,14,0,14,0,0,98,0,98,0,0,112,0,112,78,0,78,190
07/17/2008,TZR,OH,AGL,CE,Federal Contract Tower,0,0,2,0,2,0,0,48,0,48,0,0,50,0,50,18,0,18,68
07/18/2008,TZR,OH,AGL,CE,Federal Contract Tower,0,0,6,0,6,0,0,54,0,54,0,0,60,0,60,48,0,48,108
07/19/2008,TZR,OH,AGL,CE,Federal Contract Tower,0,0,5,0,5,0,0,45,2,47,0,0,50,2,52,30,0,30,82
07/20/2008,TZR,OH,AGL,CE,Federal Contract Tower,0,2,3,0,5,0,0,44,0,44,0,2,47,0,49,22,0,22,71
07/21/2008,TZR,OH,AGL,CE,Federal Contract Tower,0,0,1,0,1,0,0,43,0,43,0,0,44,0,44,20,0,20,64
07/22/2008,TZR,OH,AGL,CE,Federal Contract Tower,0,0,7,0,7,0,0,32,0,32,0,0,39,0,39,74,22,96,135
07/23/2008,TZR,OH,AGL,CE,Federal Contract Tower,0,0,19,0,19,0,0,42,0,42,0,0,61,0,61,60,0,60,121
07/24/2008,TZR,OH,AGL,CE,Federal Contract Tower,0,0,0,0,0,0,0,13,0,13,0,0,13,0,13,72,0,72,85
07/25/2008,TZR,OH,AGL,CE,Federal Contract Tower,0,1,18,0,19,0,0,49,0,49,0,1,67,0,68,108,0,108,176
07/26/2008,TZR,OH,AGL,CE,Federal Contract Tower,0,1,9,0,10,0,0,31,0,31,0,1,40,0,41,18,0,18,59
07/27/2008,TZR,OH,AGL,CE,Federal Contract Tower,0,0,8,0,8,0,0,52,0,52,0,0,60,0,60,98,0,98,158
07/28/2008,TZR,OH,AGL,CE,Federal Contract Tower,0,0,5,0,5,0,0,62,2,64,0,0,67,2,69,86,0,86,155
07/29/2008,TZR,OH,AGL,CE,Federal Contract Tower,0,0,9,0,9,0,0,43,0,43,0,0,52,0,52,38,0,38,90
07/30/2008,TZR,OH,AGL,CE,Federal Contract Tower,0,0,14,0,14,0,0,26,1,27,0,0,40,1,41,32,0,32,73
07/31/2008,TZR,OH,AGL,CE,Federal Contract Tower,0,0,8,2,10,0,0,39,0,39,0,0,47,2,49,50,0,50,99
08/01/2008,TZR,OH,AGL,CE,Federal Contract Tower,0,1,3,0,4,0,0,51,2,53,0,1,54,2,57,64,0,64,121
08/02/2008,TZR,OH,AGL,CE,Federal Contract Tower,0,0,11,0,11,0,0,32,0,32,0,0,43,0,43,16,0,16,59
08/03/2008,TZR,OH,AGL,CE,Federal Contract Tower,0,0,8,0,8,0,0,77,0,77,0,0,85,0,85,102,0,102,187
08/04/2008,TZR,OH,AGL,CE,Federal Contract Tower,0,0,7,0,7,0,0,75,0,75,0,0,82,0,82,84,0,84,166
08/05/2008,TZR,OH,AGL,CE,Federal Contract Tower,0,2,5,0,7,0,0,17,0,17,0,2,22,0,24,54,0,54,78
08/06/2008,TZR,OH,AGL,CE,Federal Contract Tower,0,0,10,0,10,0,0,63,0,63,0,0,73,0,73,88,0,88,161
08/07/2008,TZR,OH,AGL,CE,Federal Contract Tower,0,0,8,0,8,0,0,48,2,50,0,0,56,2,58,80,2,82,140
08/08/2008,TZR,OH,AGL,CE,Federal Contract Tower,0,0,3,0,3,0,0,48,0,48,0,0,51,0,51,40,0,40,91
08/09/2008,TZR,OH,AGL,CE,Federal Contract Tower,0,0,9,2,11,0,0,133,0,133,0,0,142,2,144,80,0,80,224
08/10/2008,TZR,OH,AGL,CE,Federal Contract Tower,0,0,13,0,13,0,0,59,0,59,0,0,72,0,72,50,0,50,122
08/11/2008,TZR,OH,AGL,CE,Federal Contract Tower,0,0,9,0,9,0,0,73,0,73,0,0,82,0,82,94,4,98,180
08/12/2008,TZR,OH,AGL,CE,Federal Contract Tower,0,1,17,0,18,0,0,72,0,72,0,1,89,0,90,60,0,60,150
08/13/2008,TZR,OH,AGL,CE,Federal Contract Tower,0,0,13,0,13,0,0,60,0,60,0,0,73,0,73,96,0,96,169
08/14/2008,TZR,OH,AGL,CE,Federal Contract Tower,0,0,3,4,7,0,0,54,0,54,0,0,57,4,61,44,0,44,105
08/15/2008,TZR,OH,AGL,CE,Federal Contract Tower,0,0,7,0,7,0,0,55,0,55,0,0,62,0,62,44,0,44,106
08/16/2008,TZR,OH,AGL,CE,Federal Contract Tower,0,0,13,0,13,0,0,63,0,63,0,0,76,0,76,42,0,42,118
08/17/2008,TZR,OH,AGL,CE,Federal Contract Tower,0,0,3,0,3,0,0,79,0,79,0,0,82,0,82,74,0,74,156
08/18/2008,TZR,OH,AGL,CE,Federal Contract Tower,0,0,9,0,9,0,0,59,0,59,0,0,68,0,68,56,0,56,124
08/19/2008,TZR,OH,AGL,CE,Federal Contract Tower,0,1,14,0,15,0,0,61,0,61,0,1,75,0,76,32,0,32,108
08/20/2008,TZR,OH,AGL,CE,Federal Contract Tower,0,0,8,0,8,0,0,50,0,50,0,0,58,0,58,66,0,66,124
08/21/2008,TZR,OH,AGL,CE,Federal Contract Tower,0,0,16,0,16,0,0,45,0,45,0,0,61,0,61,34,0,34,95
08/22/2008,TZR,OH,AGL,CE,Federal Contract Tower,0,1,1,0,2,0,0,20,0,20,0,1,21,0,22,6,0,6,28
08/23/2008,TZR,OH,AGL,CE,Federal Contract Tower,0,0,25,0,25,0,0,57,0,57,0,0,82,0,82,60,0,60,142
08/24/2008,TZR,OH,AGL,CE,Federal Contract Tower,0,0,8,0,8,0,0,34,0,34,0,0,42,0,42,82,0,82,124
08/25/2008,TZR,OH,AGL,CE,Federal Contract Tower,0,0,5,0,5,0,0,26,0,26,0,0,31,0,31,30,0,30,61
08/26/2008,TZR,OH,AGL,CE,Federal Contract Tower,0,0,11,0,11,0,0,60,0,60,0,0,71,0,71,78,0,78,149
08/27/2008,TZR,OH,AGL,CE,Federal Contract Tower,0,0,23,0,23,0,0,5,0,5,0,0,28,0,28,10,0,10,38
08/28/2008,TZR,OH,AGL,CE,Federal Contract Tower,0,0,14,0,14,0,0,11,0,11,0,0,25,0,25,32,0,32,57
08/29/2008,TZR,OH,AGL,CE,Federal Contract Tower,0,0,14,0,14,0,0,39,0,39,0,0,53,0,53,16,0,16,69
08/30/2008,TZR,OH,AGL,CE,Federal Contract Tower,0,0,6,0,6,0,0,61,0,61,0,0,67,0,67,60,0,60,127
08/31/2008,TZR,OH,AGL,CE,Federal Contract Tower,0,2,2,0,4,0,0,66,0,66,0,2,68,0,70,54,0,54,124
09/01/2008,TZR,OH,AGL,CE,Federal Contract Tower,0,0,4,0,4,0,0,55,0,55,0,0,59,0,59,41,6,47,106
09/02/2008,TZR,OH,AGL,CE,Federal Contract Tower,0,0,9,0,9,0,0,37,0,37,0,0,46,0,46,94,0,94,140
09/03/2008,TZR,OH,AGL,CE,Federal Contract Tower,0,0,6,0,6,0,2,52,0,54,0,2,58,0,60,88,0,88,148
09/04/2008,TZR,OH,AGL,CE,Federal Contract Tower,0,0,6,0,6,0,0,44,0,44,0,0,50,0,50,54,0,54,104
09/05/2008,TZR,OH,AGL,CE,Federal Contract Tower,0,0,11,0,11,0,0,7,0,7,0,0,18,0,18,0,0,0,18
09/06/2008,TZR,OH,AGL,CE,Federal Contract Tower,0,0,2,0,2,0,0,52,0,52,0,0,54,0,54,70,0,70,124
09/07/2008,TZR,OH,AGL,CE,Federal Contract Tower,0,0,1,0,1,0,0,75,0,75,0,0,76,0,76,70,0,70,146
09/08/2008,TZR,OH,AGL,CE,Federal Contract Tower,0,0,1,0,1,0,0,55,0,55,0,0,56,0,56,74,0,74,130
09/09/2008,TZR,OH,AGL,CE,Federal Contract Tower,0,0,6,0,6,0,0,35,0,35,0,0,41,0,41,52,0,52,93
09/10/2008,TZR,OH,AGL,CE,Federal Contract Tower,0,0,10,0,10,0,0,61,0,61,0,0,71,0,71,44,0,44,115
09/11/2008,TZR,OH,AGL,CE,Federal Contract Tower,0,0,4,0,4,0,0,79,0,79,0,0,83,0,83,80,0,80,163
09/12/2008,TZR,OH,AGL,CE,Federal Contract Tower,0,0,9,0,9,0,0,6,0,6,0,0,15,0,15,6,0,6,21
09/13/2008,TZR,OH,AGL,CE,Federal Contract Tower,0,0,2,0,2,0,0,16,0,16,0,0,18,0,18,0,0,0,18
09/14/2008,TZR,OH,AGL,CE,Federal Contract Tower,0,0,4,0,4,0,0,8,0,8,0,0,12,0,12,4,0,4,16
09/15/2008,TZR,OH,AGL,CE,Federal Contract Tower,0,0,2,0,2,0,0,18,0,18,0,0,20,0,20,20,0,20,40
09/16/2008,TZR,OH,AGL,CE,Federal Contract Tower,0,0,1,2,3,0,0,48,0,48,0,0,49,2,51,114,0,114,165
09/17/2008,TZR,OH,AGL,CE,Federal Contract Tower,0,2,9,2,13,0,0,46,0,46,0,2,55,2,59,6,0,6,65
09/18/2008,TZR,OH,AGL,CE,Federal Contract Tower,0,0,8,0,8,0,0,39,0,39,0,0,47,0,47,24,0,24,71
09/19/2008,TZR,OH,AGL,CE,Federal Contract Tower,0,0,7,0,7,0,0,54,0,54,0,0,61,0,61,62,0,62,123
09/20/2008,TZR,OH,AGL,CE,Federal Contract Tower,0,0,8,0,8,0,0,43,1,44,0,0,51,1,52,54,0,54,106
09/21/2008,TZR,OH,AGL,CE,Federal Contract Tower,0,0,3,0,3,0,0,60,0,60,0,0,63,0,63,54,0,54,117
09/22/2008,TZR,OH,AGL,CE,Federal Contract Tower,0,0,13,2,15,0,0,61,0,61,0,0,74,2,76,56,2,58,134
09/23/2008,TZR,OH,AGL,CE,Federal Contract Tower,0,0,9,0,9,0,0,61,0,61,0,0,70,0,70,34,0,34,104
09/24/2008,TZR,OH,AGL,CE,Federal Contract Tower,0,0,3,0,3,0,0,40,0,40,0,0,43,0,43,16,0,16,59
09/25/2008,TZR,OH,AGL,CE,Federal Contract Tower,0,0,5,0,5,0,0,48,0,48,0,0,53,0,53,28,0,28,81
09/26/2008,TZR,OH,AGL,CE,Federal Contract Tower,0,0,5,0,5,0,0,25,0,25,0,0,30,0,30,22,0,22,52
09/27/2008,TZR,OH,AGL,CE,Federal Contract Tower,0,0,8,0,8,0,0,49,0,49,0,0,57,0,57,30,0,30,87
09/28/2008,TZR,OH,AGL,CE,Federal Contract Tower,0,0,6,0,6,0,0,46,0,46,0,0,52,0,52,68,0,68,120
09/29/2008,TZR,OH,AGL,CE,Federal Contract Tower,0,0,6,0,6,0,0,48,0,48,0,0,54,0,54,74,0,74,128
09/30/2008,TZR,OH,AGL,CE,Federal Contract Tower,0,2,7,0,9,0,2,18,0,20,0,4,25,0,29,34,0,34,63
10/01/2008,TZR,OH,AGL,CE,Federal Contract Tower,0,0,4,0,4,0,0,34,0,34,0,0,38,0,38,32,0,32,70
10/02/2008,TZR,OH,AGL,CE,Federal Contract Tower,0,0,10,0,10,0,0,53,0,53,0,0,63,0,63,106,0,106,169
10/03/2008,TZR,OH,AGL,CE,Federal Contract Tower,0,0,11,0,11,0,0,41,0,41,0,0,52,0,52,84,0,84,136
10/04/2008,TZR,OH,AGL,CE,Federal Contract Tower,0,0,2,0,2,0,0,65,0,65,0,0,67,0,67,86,0,86,153
10/05/2008,TZR,OH,AGL,CE,Federal Contract Tower,0,0,6,0,6,0,0,84,0,84,0,0,90,0,90,48,0,48,138
10/06/2008,TZR,OH,AGL,CE,Federal Contract Tower,0,0,5,0,5,0,0,43,0,43,0,0,48,0,48,62,0,62,110
10/07/2008,TZR,OH,AGL,CE,Federal Contract Tower,0,12,4,0,16,0,0,48,0,48,0,12,52,0,64,68,14,82,146
10/08/2008,TZR,OH,AGL,CE,Federal Contract Tower,0,8,13,0,21,0,0,0,0,0,0,8,13,0,21,0,0,0,21
10/09/2008,TZR,OH,AGL,CE,Federal Contract Tower,0,0,3,0,3,0,0,53,0,53,0,0,56,0,56,44,0,44,100
10/10/2008,TZR,OH,AGL,CE,Federal Contract Tower,0,0,7,0,7,0,0,59,0,59,0,0,66,0,66,68,0,68,134
10/11/2008,TZR,OH,AGL,CE,Federal Contract Tower,0,0,9,0,9,0,0,67,0,67,0,0,76,0,76,50,0,50,126
10/12/2008,TZR,OH,AGL,CE,Federal Contract Tower,0,0,2,0,2,0,0,72,0,72,0,0,74,0,74,26,0,26,100
10/13/2008,TZR,OH,AGL,CE,Federal Contract Tower,0,0,10,0,10,0,0,37,0,37,0,0,47,0,47,54,0,54,101
10/14/2008,TZR,OH,AGL,CE,Federal Contract Tower,0,0,4,0,4,0,0,34,3,37,0,0,38,3,41,0,10,10,51
10/15/2008,TZR,OH,AGL,CE,Federal Contract Tower,0,0,8,0,8,0,0,39,0,39,0,0,47,0,47,46,0,46,93
10/16/2008,TZR,OH,AGL,CE,Federal Contract Tower,0,0,14,0,14,0,0,13,2,15,0,0,27,2,29,22,4,26,55
10/17/2008,TZR,OH,AGL,CE,Federal Contract Tower,0,8,12,0,20,0,0,54,0,54,0,8,66,0,74,54,0,54,128
10/18/2008,TZR,OH,AGL,CE,Federal Contract Tower,0,0,4,0,4,0,0,36,0,36,0,0,40,0,40,10,0,10,50
10/19/2008,TZR,OH,AGL,CE,Federal Contract Tower,0,6,5,0,11,0,0,78,0,78,0,6,83,0,89,84,0,84,173
10/20/2008,TZR,OH,AGL,CE,Federal Contract Tower,0,6,10,0,16,0,0,28,0,28,0,6,38,0,44,42,0,42,86
10/21/2008,TZR,OH,AGL,CE,Federal Contract Tower,0,0,5,0,5,0,0,3,0,3,0,0,8,0,8,2,0,2,10
10/22/2008,TZR,OH,AGL,CE,Federal Contract Tower,0,0,14,0,14,0,0,55,0,55,0,0,69,0,69,42,0,42,111
10/23/2008,TZR,OH,AGL,CE,Federal Contract Tower,0,0,4,0,4,0,0,44,0,44,0,0,48,0,48,14,6,20,68
10/24/2008,TZR,OH,AGL,CE,Federal Contract Tower,0,0,5,0,5,0,0,8,0,8,0,0,13,0,13,28,0,28,41
10/25/2008,TZR,OH,AGL,CE,Federal Contract Tower,0,0,13,0,13,0,2,17,0,19,0,2,30,0,32,24,0,24,56
10/26/2008,TZR,OH,AGL,CE,Federal Contract Tower,0,0,3,0,3,0,0,21,0,21,0,0,24,0,24,16,0,16,40
10/27/2008,TZR,OH,AGL,CE,Federal Contract Tower,0,0,1,0,1,0,0,1,0,1,0,0,2,0,2,0,0,0,2
10/28/2008,TZR,OH,AGL,CE,Federal Contract Tower,0,0,2,0,2,0,0,3,0,3,0,0,5,0,5,0,0,0,5
10/29/2008,TZR,OH,AGL,CE,Federal Contract Tower,0,0,1,0,1,0,0,10,0,10,0,0,11,0,11,4,0,4,15
10/30/2008,TZR,OH,AGL,CE,Federal Contract Tower,0,8,11,0,19,0,0,72,0,72,0,8,83,0,91,68,0,68,159
10/31/2008,TZR,OH,AGL,CE,Federal Contract Tower,0,0,12,0,12,0,0,80,0,80,0,0,92,0,92,64,0,64,156
11/01/2008,TZR,OH,AGL,CE,Federal Contract Tower,0,0,14,0,14,0,0,64,0,64,0,0,78,0,78,50,0,50,128
11/02/2008,TZR,OH,AGL,CE,Federal Contract Tower,0,0,8,0,8,0,0,82,0,82,0,0,90,0,90,50,0,50,140
11/03/2008,TZR,OH,AGL,CE,Federal Contract Tower,0,6,6,0,12,0,0,57,0,57,0,6,63,0,69,50,0,50,119
11/04/2008,TZR,OH,AGL,CE,Federal Contract Tower,0,4,6,0,10,0,0,44,0,44,0,4,50,0,54,18,0,18,72
11/05/2008,TZR,OH,AGL,CE,Federal Contract Tower,0,0,6,0,6,0,0,48,0,48,0,0,54,0,54,12,0,12,66
11/06/2008,TZR,OH,AGL,CE,Federal Contract Tower,0,0,16,0,16,0,0,45,0,45,0,0,61,0,61,50,0,50,111
11/07/2008,TZR,OH,AGL,CE,Federal Contract Tower,0,0,6,0,6,0,0,4,0,4,0,0,10,0,10,0,0,0,10
11/08/2008,TZR,OH,AGL,CE,Federal Contract Tower,0,0,5,0,5,0,0,18,0,18,0,0,23,0,23,6,0,6,29
11/09/2008,TZR,OH,AGL,CE,Federal Contract Tower,0,0,1,0,1,0,0,6,0,6,0,0,7,0,7,0,0,0,7
11/10/2008,TZR,OH,AGL,CE,Federal Contract Tower,0,0,7,0,7,0,0,32,3,35,0,0,39,3,42,46,6,52,94
11/11/2008,TZR,OH,AGL,CE,Federal Contract Tower,0,0,12,0,12,0,0,65,0,65,0,0,77,0,77,110,0,110,187
11/12/2008,TZR,OH,AGL,CE,Federal Contract Tower,0,0,8,0,8,0,0,30,0,30,0,0,38,0,38,108,0,108,146
11/13/2008,TZR,OH,AGL,CE,Federal Contract Tower,0,0,13,0,13,0,0,24,0,24,0,0,37,0,37,80,0,80,117
11/14/2008,TZR,OH,AGL,CE,Federal Contract Tower,0,0,9,0,9,0,0,67,0,67,0,0,76,0,76,120,0,120,196
11/15/2008,TZR,OH,AGL,CE,Federal Contract Tower,0,0,1,0,1,0,0,0,0,0,0,0,1,0,1,0,0,0,1
11/16/2008,TZR,OH,AGL,CE,Federal Contract Tower,0,0,4,0,4,0,0,1,0,1,0,0,5,0,5,0,0,0,5
11/17/2008,TZR,OH,AGL,CE,Federal Contract Tower,0,0,6,0,6,0,0,2,0,2,0,0,8,0,8,10,0,10,18
11/18/2008,TZR,OH,AGL,CE,Federal Contract Tower,0,0,12,0,12,0,0,18,0,18,0,0,30,0,30,2,0,2,32
11/19/2008,TZR,OH,AGL,CE,Federal Contract Tower,0,0,4,0,4,0,0,39,0,39,0,0,43,0,43,28,0,28,71
11/20/2008,TZR,OH,AGL,CE,Federal Contract Tower,0,0,4,0,4,0,0,5,0,5,0,0,9,0,9,4,0,4,13
11/21/2008,TZR,OH,AGL,CE,Federal Contract Tower,0,0,2,0,2,0,0,24,0,24,0,0,26,0,26,10,0,10,36
11/22/2008,TZR,OH,AGL,CE,Federal Contract Tower,0,0,3,0,3,0,0,52,0,52,0,0,55,0,55,28,0,28,83
11/23/2008,TZR,OH,AGL,CE,Federal Contract Tower,0,0,8,0,8,0,0,69,0,69,0,0,77,0,77,92,0,92,169
11/24/2008,TZR,OH,AGL,CE,Federal Contract Tower,0,0,2,0,2,0,0,0,0,0,0,0,2,0,2,0,0,0,2
11/25/2008,TZR,OH,AGL,CE,Federal Contract Tower,0,0,3,0,3,0,0,1,0,1,0,0,4,0,4,0,0,0,4
11/26/2008,TZR,OH,AGL,CE,Federal Contract Tower,0,0,6,0,6,0,0,40,0,40,0,0,46,0,46,22,0,22,68
11/27/2008,TZR,OH,AGL,CE,Federal Contract Tower,0,0,3,0,3,0,0,16,0,16,0,0,19,0,19,0,0,0,19
11/28/2008,TZR,OH,AGL,CE,Federal Contract Tower,0,0,0,0,0,0,0,31,0,31,0,0,31,0,31,18,0,18,49
11/29/2008,TZR,OH,AGL,CE,Federal Contract Tower,0,0,10,0,10,0,0,73,0,73,0,0,83,0,83,72,0,72,155
11/30/2008,TZR,OH,AGL,CE,Federal Contract Tower,0,0,3,0,3,0,0,0,0,0,0,0,3,0,3,0,0,0,3
12/01/2008,TZR,OH,AGL,CE,Federal Contract Tower,0,0,3,0,3,0,0,2,0,2,0,0,5,0,5,26,0,26,31
12/02/2008,TZR,OH,AGL,CE,Federal Contract Tower,0,0,7,2,9,0,0,13,0,13,0,0,20,2,22,18,0,18,40
12/03/2008,TZR,OH,AGL,CE,Federal Contract Tower,0,0,6,0,6,0,0,29,0,29,0,0,35,0,35,20,0,20,55
12/04/2008,TZR,OH,AGL,CE,Federal Contract Tower,0,0,2,0,2,0,0,20,0,20,0,0,22,0,22,6,0,6,28
12/05/2008,TZR,OH,AGL,CE,Federal Contract Tower,0,8,12,0,20,0,0,42,0,42,0,8,54,0,62,30,0,30,92
12/06/2008,TZR,OH,AGL,CE,Federal Contract Tower,0,0,2,0,2,0,0,0,0,0,0,0,2,0,2,0,0,0,2
12/07/2008,TZR,OH,AGL,CE,Federal Contract Tower,0,2,3,0,5,0,0,18,0,18,0,2,21,0,23,20,0,20,43
12/08/2008,TZR,OH,AGL,CE,Federal Contract Tower,0,2,2,0,4,0,0,10,0,10,0,2,12,0,14,4,0,4,18
12/09/2008,TZR,OH,AGL,CE,Federal Contract Tower,0,0,4,0,4,0,0,6,0,6,0,0,10,0,10,0,0,0,10
12/10/2008,TZR,OH,AGL,CE,Federal Contract Tower,0,4,7,0,11,0,0,1,0,1,0,4,8,0,12,0,0,0,12
12/11/2008,TZR,OH,AGL,CE,Federal Contract Tower,0,6,3,0,9,0,0,24,0,24,0,6,27,0,33,28,0,28,61
12/12/2008,TZR,OH,AGL,CE,Federal Contract Tower,0,4,7,0,11,0,0,19,0,19,0,4,26,0,30,8,0,8,38
12/13/2008,TZR,OH,AGL,CE,Federal Contract Tower,0,0,3,0,3,0,0,32,0,32,0,0,35,0,35,14,0,14,49
12/14/2008,TZR,OH,AGL,CE,Federal Contract Tower,0,0,0,0,0,0,0,14,0,14,0,0,14,0,14,38,0,38,52
12/15/2008,TZR,OH,AGL,CE,Federal Contract Tower,0,7,4,0,11,0,0,2,0,2,0,7,6,0,13,6,0,6,19
12/16/2008,TZR,OH,AGL,CE,Federal Contract Tower,0,4,4,0,8,0,0,9,0,9,0,4,13,0,17,46,0,46,63
12/17/2008,TZR,OH,AGL,CE,Federal Contract Tower,0,2,5,0,7,0,0,0,0,0,0,2,5,0,7,0,0,0,7
12/18/2008,TZR,OH,AGL,CE,Federal Contract Tower,0,0,14,0,14,0,0,0,0,0,0,0,14,0,14,0,0,0,14
12/19/2008,TZR,OH,AGL,CE,Federal Contract Tower,0,0,1,0,1,0,0,0,0,0,0,0,1,0,1,0,0,0,1
12/20/2008,TZR,OH,AGL,CE,Federal Contract Tower,0,1,6,0,7,0,0,10,0,10,0,1,16,0,17,18,0,18,35
12/21/2008,TZR,OH,AGL,CE,Federal Contract Tower,0,0,1,0,1,0,0,0,0,0,0,0,1,0,1,0,0,0,1
12/22/2008,TZR,OH,AGL,CE,Federal Contract Tower,0,2,1,0,3,0,0,22,0,22,0,2,23,0,25,18,0,18,43
12/23/2008,TZR,OH,AGL,CE,Federal Contract Tower,0,0,3,0,3,0,0,14,0,14,0,0,17,0,17,0,14,14,31
12/24/2008,TZR,OH,AGL,CE,Federal Contract Tower,0,1,5,0,6,0,0,0,0,0,0,1,5,0,6,0,0,0,6
12/25/2008,TZR,OH,AGL,CE,Federal Contract Tower,0,0,1,0,1,0,0,4,0,4,0,0,5,0,5,0,0,0,5
12/26/2008,TZR,OH,AGL,CE,Federal Contract Tower,0,0,5,0,5,0,0,3,0,3,0,0,8,0,8,2,0,2,10
12/27/2008,TZR,OH,AGL,CE,Federal Contract Tower,0,0,3,0,3,0,0,17,0,17,0,0,20,0,20,12,0,12,32
12/28/2008,TZR,OH,AGL,CE,Federal Contract Tower,0,0,6,0,6,0,0,16,0,16,0,0,22,0,22,24,0,24,46
12/29/2008,TZR,OH,AGL,CE,Federal Contract Tower,0,4,10,0,14,0,0,54,0,54,0,4,64,0,68,36,0,36,104
12/30/2008,TZR,OH,AGL,CE,Federal Contract Tower,0,10,3,0,13,0,0,69,0,69,0,10,72,0,82,78,0,78,160
12/31/2008,TZR,OH,AGL,CE,Federal Contract Tower,0,0,4,0,4,0,0,0,0,0,0,0,4,0,4,0,0,0,4
01/01/2009,TZR,OH,AGL,CE,Federal Contract Tower,0,0,0,0,0,0,0,18,0,18,0,0,18,0,18,16,0,16,34
01/02/2009,TZR,OH,AGL,CE,Federal Contract Tower,0,0,0,0,0,0,0,38,0,38,0,0,38,0,38,44,0,44,82
01/03/2009,TZR,OH,AGL,CE,Federal Contract Tower,0,0,15,0,15,0,0,81,0,81,0,0,96,0,96,42,0,42,138
01/04/2009,TZR,OH,AGL,CE,Federal Contract Tower,0,0,4,0,4,0,0,0,0,0,0,0,4,0,4,0,0,0,4
01/05/2009,TZR,OH,AGL,CE,Federal Contract Tower,0,0,7,0,7,0,0,29,2,31,0,0,36,2,38,20,16,36,74
01/06/2009,TZR,OH,AGL,CE,Federal Contract Tower,0,0,3,0,3,0,0,0,0,0,0,0,3,0,3,0,0,0,3
01/07/2009,TZR,OH,AGL,CE,Federal Contract Tower,0,0,2,0,2,0,0,0,0,0,0,0,2,0,2,0,0,0,2
01/08/2009,TZR,OH,AGL,CE,Federal Contract Tower,0,4,3,0,7,0,0,0,0,0,0,4,3,0,7,0,0,0,7
01/09/2009,TZR,OH,AGL,CE,Federal Contract Tower,0,0,4,0,4,0,0,15,0,15,0,0,19,0,19,16,0,16,35
01/10/2009,TZR,OH,AGL,CE,Federal Contract Tower,0,0,0,0,0,0,0,0,0,0,0,0,0,0,0,0,0,0,0
01/11/2009,TZR,OH,AGL,CE,Federal Contract Tower,0,0,3,0,3,0,0,6,0,6,0,0,9,0,9,10,0,10,19
01/12/2009,TZR,OH,AGL,CE,Federal Contract Tower,0,2,7,0,9,0,0,2,0,2,0,2,9,0,11,28,0,28,39
01/13/2009,TZR,OH,AGL,CE,Federal Contract Tower,0,2,3,0,5,0,1,2,0,3,0,3,5,0,8,0,0,0,8
01/14/2009,TZR,OH,AGL,CE,Federal Contract Tower,0,6,5,0,11,0,0,2,0,2,0,6,7,0,13,10,0,10,23
01/15/2009,TZR,OH,AGL,CE,Federal Contract Tower,0,6,5,0,11,0,0,6,0,6,0,6,11,0,17,6,0,6,23
01/16/2009,TZR,OH,AGL,CE,Federal Contract Tower,0,0,2,0,2,0,0,28,0,28,0,0,30,0,30,70,0,70,100
01/17/2009,TZR,OH,AGL,CE,Federal Contract Tower,0,0,1,0,1,0,0,4,0,4,0,0,5,0,5,0,0,0,5
01/18/2009,TZR,OH,AGL,CE,Federal Contract Tower,0,0,0,0,0,0,0,1,0,1,0,0,1,0,1,0,0,0,1
01/19/2009,TZR,OH,AGL,CE,Federal Contract Tower,0,0,9,0,9,0,0,9,0,9,0,0,18,0,18,6,0,6,24
01/20/2009,TZR,OH,AGL,CE,Federal Contract Tower,0,0,7,0,7,0,0,7,0,7,0,0,14,0,14,30,0,30,44
01/21/2009,TZR,OH,AGL,CE,Federal Contract Tower,0,0,6,0,6,0,0,10,0,10,0,0,16,0,16,20,0,20,36
01/22/2009,TZR,OH,AGL,CE,Federal Contract Tower,0,0,8,0,8,0,0,30,0,30,0,0,38,0,38,78,0,78,116
01/23/2009,TZR,OH,AGL,CE,Federal Contract Tower,0,0,8,0,8,0,0,36,0,36,0,0,44,0,44,30,0,30,74
01/24/2009,TZR,OH,AGL,CE,Federal Contract Tower,0,0,12,0,12,0,0,25,0,25,0,0,37,0,37,12,0,12,49
01/25/2009,TZR,OH,AGL,CE,Federal Contract Tower,0,0,14,0,14,0,0,9,0,9,0,0,23,0,23,0,0,0,23
01/26/2009,TZR,OH,AGL,CE,Federal Contract Tower,0,0,4,0,4,0,0,22,0,22,0,0,26,0,26,46,0,46,72
01/27/2009,TZR,OH,AGL,CE,Federal Contract Tower,0,0,15,0,15,0,0,6,0,6,0,0,21,0,21,0,0,0,21
01/28/2009,TZR,OH,AGL,CE,Federal Contract Tower,0,0,0,0,0,0,0,6,0,6,0,0,6,0,6,0,0,0,6
01/29/2009,TZR,OH,AGL,CE,Federal Contract Tower,0,0,0,0,0,0,0,2,0,2,0,0,2,0,2,0,0,0,2
01/30/2009,TZR,OH,AGL,CE,Federal Contract Tower,0,0,4,0,4,0,0,2,0,2,0,0,6,0,6,0,0,0,6
01/31/2009,TZR,OH,AGL,CE,Federal Contract Tower,0,0,8,0,8,0,0,39,0,39,0,0,47,0,47,66,0,66,113
02/01/2009,TZR,OH,AGL,CE,Federal Contract Tower,0,0,5,0,5,0,0,24,0,24,0,0,29,0,29,14,0,14,43
02/02/2009,TZR,OH,AGL,CE,Federal Contract Tower,0,8,8,0,16,0,0,30,0,30,0,8,38,0,46,44,0,44,90
02/03/2009,TZR,OH,AGL,CE,Federal Contract Tower,0,0,3,0,3,0,0,16,0,16,0,0,19,0,19,0,0,0,19
02/04/2009,TZR,OH,AGL,CE,Federal Contract Tower,0,1,5,0,6,0,0,6,0,6,0,1,11,0,12,10,0,10,22
02/05/2009,TZR,OH,AGL,CE,Federal Contract Tower,0,0,6,0,6,0,0,17,0,17,0,0,23,0,23,16,0,16,39
02/06/2009,TZR,OH,AGL,CE,Federal Contract Tower,0,1,9,0,10,0,0,44,0,44,0,1,53,0,54,56,0,56,110
02/07/2009,TZR,OH,AGL,CE,Federal Contract Tower,0,0,5,0,5,0,0,13,0,13,0,0,18,0,18,0,0,0,18
02/08/2009,TZR,OH,AGL,CE,Federal Contract Tower,0,0,28,0,28,0,0,60,0,60,0,0,88,0,88,56,0,56,144
02/09/2009,TZR,OH,AGL,CE,Federal Contract Tower,0,1,4,0,5,0,0,19,0,19,0,1,23,0,24,2,0,2,26
02/10/2009,TZR,OH,AGL,CE,Federal Contract Tower,0,0,9,0,9,0,0,10,0,10,0,0,19,0,19,6,0,6,25
02/11/2009,TZR,OH,AGL,CE,Federal Contract Tower,0,0,4,0,4,0,0,1,0,1,0,0,5,0,5,0,0,0,5
02/12/2009,TZR,OH,AGL,CE,Federal Contract Tower,0,0,1,0,1,0,0,3,0,3,0,0,4,0,4,0,0,0,4
02/13/2009,TZR,OH,AGL,CE,Federal Contract Tower,0,0,12,0,12,0,0,54,0,54,0,0,66,0,66,26,0,26,92
02/14/2009,TZR,OH,AGL,CE,Federal Contract Tower,0,0,0,0,0,0,0,80,0,80,0,0,80,0,80,14,0,14,94
02/15/2009,TZR,OH,AGL,CE,Federal Contract Tower,0,0,4,0,4,0,0,39,0,39,0,0,43,0,43,50,0,50,93
02/16/2009,TZR,OH,AGL,CE,Federal Contract Tower,0,0,1,0,1,0,0,18,0,18,0,0,19,0,19,28,0,28,47
02/17/2009,TZR,OH,AGL,CE,Federal Contract Tower,0,0,7,0,7,0,0,46,0,46,0,0,53,0,53,48,0,48,101
02/18/2009,TZR,OH,AGL,CE,Federal Contract Tower,0,4,6,0,10,0,0,6,0,6,0,4,12,0,16,0,0,0,16
02/19/2009,TZR,OH,AGL,CE,Federal Contract Tower,0,2,2,0,4,0,0,0,0,0,0,2,2,0,4,0,0,0,4
02/20/2009,TZR,OH,AGL,CE,Federal Contract Tower,0,0,19,0,19,0,0,41,0,41,0,0,60,0,60,28,0,28,88
02/21/2009,TZR,OH,AGL,CE,Federal Contract Tower,0,0,0,0,0,0,0,2,0,2,0,0,2,0,2,0,0,0,2
02/22/2009,TZR,OH,AGL,CE,Federal Contract Tower,0,0,2,0,2,0,0,0,0,0,0,0,2,0,2,0,0,0,2
02/23/2009,TZR,OH,AGL,CE,Federal Contract Tower,0,0,10,0,10,0,0,22,0,22,0,0,32,0,32,14,0,14,46
02/24/2009,TZR,OH,AGL,CE,Federal Contract Tower,0,0,8,0,8,0,0,48,0,48,0,0,56,0,56,42,0,42,98
02/25/2009,TZR,OH,AGL,CE,Federal Contract Tower,0,2,6,0,8,0,0,28,0,28,0,2,34,0,36,78,0,78,114
02/26/2009,TZR,OH,AGL,CE,Federal Contract Tower,0,0,12,0,12,0,0,2,0,2,0,0,14,0,14,0,0,0,14
02/27/2009,TZR,OH,AGL,CE,Federal Contract Tower,0,0,0,0,0,0,0,0,0,0,0,0,0,0,0,0,0,0,0
02/28/2009,TZR,OH,AGL,CE,Federal Contract Tower,0,0,3,0,3,0,0,18,0,18,0,0,21,0,21,50,0,50,71
03/01/2009,TZR,OH,AGL,CE,Federal Contract Tower,0,0,3,0,3,0,0,29,0,29,0,0,32,0,32,28,0,28,60
03/02/2009,TZR,OH,AGL,CE,Federal Contract Tower,0,0,4,0,4,0,0,12,0,12,0,0,16,0,16,8,0,8,24
03/03/2009,TZR,OH,AGL,CE,Federal Contract Tower,0,0,5,0,5,0,0,47,0,47,0,0,52,0,52,40,0,40,92
03/04/2009,TZR,OH,AGL,CE,Federal Contract Tower,0,0,8,0,8,0,0,56,0,56,0,0,64,0,64,102,0,102,166
03/05/2009,TZR,OH,AGL,CE,Federal Contract Tower,0,0,5,0,5,0,0,31,0,31,0,0,36,0,36,48,0,48,84
03/06/2009,TZR,OH,AGL,CE,Federal Contract Tower,0,0,8,0,8,0,0,6,0,6,0,0,14,0,14,16,0,16,30
03/07/2009,TZR,OH,AGL,CE,Federal Contract Tower,0,0,3,0,3,0,0,19,1,20,0,0,22,1,23,0,0,0,23
03/08/2009,TZR,OH,AGL,CE,Federal Contract Tower,0,0,3,0,3,0,0,1,0,1,0,0,4,0,4,0,0,0,4
03/09/2009,TZR,OH,AGL,CE,Federal Contract Tower,0,0,9,0,9,0,0,43,0,43,0,0,52,0,52,116,0,116,168
03/10/2009,TZR,OH,AGL,CE,Federal Contract Tower,0,3,0,0,3,0,0,8,0,8,0,3,8,0,11,50,0,50,61
03/11/2009,TZR,OH,AGL,CE,Federal Contract Tower,0,0,3,0,3,0,0,10,0,10,0,0,13,0,13,8,0,8,21
03/12/2009,TZR,OH,AGL,CE,Federal Contract Tower,0,1,10,2,13,0,0,57,0,57,0,1,67,2,70,110,0,110,180
03/13/2009,TZR,OH,AGL,CE,Federal Contract Tower,0,0,16,0,16,0,0,59,0,59,0,0,75,0,75,26,0,26,101
03/14/2009,TZR,OH,AGL,CE,Federal Contract Tower,0,0,5,0,5,0,0,80,0,80,0,0,85,0,85,70,0,70,155
03/15/2009,TZR,OH,AGL,CE,Federal Contract Tower,0,0,9,0,9,0,0,53,0,53,0,0,62,0,62,150,0,150,212
03/16/2009,TZR,OH,AGL,CE,Federal Contract Tower,0,0,13,0,13,0,0,23,0,23,0,0,36,0,36,62,0,62,98
03/17/2009,TZR,OH,AGL,CE,Federal Contract Tower,0,0,16,0,16,0,0,51,0,51,0,0,67,0,67,58,0,58,125
03/18/2009,TZR,OH,AGL,CE,Federal Contract Tower,0,3,14,0,17,0,0,13,0,13,0,3,27,0,30,0,0,0,30
03/19/2009,TZR,OH,AGL,CE,Federal Contract Tower,0,0,19,0,19,0,0,18,0,18,0,0,37,0,37,14,0,14,51
03/20/2009,TZR,OH,AGL,CE,Federal Contract Tower,0,0,9,0,9,0,0,51,0,51,0,0,60,0,60,38,0,38,98
03/21/2009,TZR,OH,AGL,CE,Federal Contract Tower,0,0,2,0,2,0,0,60,2,62,0,0,62,2,64,100,0,100,164
03/22/2009,TZR,OH,AGL,CE,Federal Contract Tower,0,0,0,0,0,0,0,75,0,75,0,0,75,0,75,74,0,74,149
03/23/2009,TZR,OH,AGL,CE,Federal Contract Tower,0,2,2,0,4,0,0,35,0,35,0,2,37,0,39,46,0,46,85
03/24/2009,TZR,OH,AGL,CE,Federal Contract Tower,0,0,5,0,5,0,0,32,0,32,0,0,37,0,37,34,0,34,71
03/25/2009,TZR,OH,AGL,CE,Federal Contract Tower,0,0,2,0,2,0,0,0,0,0,0,0,2,0,2,0,0,0,2
03/26/2009,TZR,OH,AGL,CE,Federal Contract Tower,0,4,4,0,8,0,0,10,0,10,0,4,14,0,18,8,0,8,26
03/27/2009,TZR,OH,AGL,CE,Federal Contract Tower,0,0,11,0,11,0,0,15,0,15,0,0,26,0,26,0,0,0,26
03/28/2009,TZR,OH,AGL,CE,Federal Contract Tower,0,0,3,0,3,0,0,20,0,20,0,0,23,0,23,10,0,10,33
03/29/2009,TZR,OH,AGL,CE,Federal Contract Tower,0,0,4,0,4,0,0,2,0,2,0,0,6,0,6,0,0,0,6
03/30/2009,TZR,OH,AGL,CE,Federal Contract Tower,0,0,9,0,9,0,0,55,0,55,0,0,64,0,64,46,0,46,110
03/31/2009,TZR,OH,AGL,CE,Federal Contract Tower,0,1,4,0,5,0,0,0,0,0,0,1,4,0,5,30,0,30,35
04/01/2009,TZR,OH,AGL,CE,Federal Contract Tower,0,6,7,0,13,0,0,24,0,24,0,6,31,0,37,52,0,52,89
04/02/2009,TZR,OH,AGL,CE,Federal Contract Tower,0,2,13,0,15,0,0,23,0,23,0,2,36,0,38,0,0,0,38
04/03/2009,TZR,OH,AGL,CE,Federal Contract Tower,0,0,2,0,2,0,0,0,0,0,0,0,2,0,2,0,0,0,2
04/04/2009,TZR,OH,AGL,CE,Federal Contract Tower,0,0,11,0,11,0,0,81,0,81,0,0,92,0,92,20,0,20,112
04/05/2009,TZR,OH,AGL,CE,Federal Contract Tower,0,0,6,0,6,0,0,33,0,33,0,0,39,0,39,20,0,20,59
04/06/2009,TZR,OH,AGL,CE,Federal Contract Tower,0,0,0,0,0,0,0,0,0,0,0,0,0,0,0,0,0,0,0
04/07/2009,TZR,OH,AGL,CE,Federal Contract Tower,0,3,0,0,3,0,0,6,0,6,0,3,6,0,9,2,0,2,11
04/08/2009,TZR,OH,AGL,CE,Federal Contract Tower,0,0,2,0,2,0,0,12,0,12,0,0,14,0,14,6,0,6,20
04/09/2009,TZR,OH,AGL,CE,Federal Contract Tower,0,0,10,0,10,0,0,32,0,32,0,0,42,0,42,20,0,20,62
04/10/2009,TZR,OH,AGL,CE,Federal Contract Tower,0,0,1,0,1,0,0,0,0,0,0,0,1,0,1,0,0,0,1
04/11/2009,TZR,OH,AGL,CE,Federal Contract Tower,0,0,5,0,5,0,0,23,0,23,0,0,28,0,28,6,0,6,34
04/12/2009,TZR,OH,AGL,CE,Federal Contract Tower,0,0,16,0,16,0,0,38,0,38,0,0,54,0,54,44,0,44,98
04/13/2009,TZR,OH,AGL,CE,Federal Contract Tower,0,2,4,0,6,0,0,2,0,2,0,2,6,0,8,0,0,0,8
04/14/2009,TZR,OH,AGL,CE,Federal Contract Tower,0,0,6,0,6,0,0,0,0,0,0,0,6,0,6,0,0,0,6
04/15/2009,TZR,OH,AGL,CE,Federal Contract Tower,0,0,2,0,2,0,0,0,0,0,0,0,2,0,2,0,0,0,2
04/16/2009,TZR,OH,AGL,CE,Federal Contract Tower,0,0,9,0,9,0,0,28,0,28,0,0,37,0,37,50,0,50,87
04/17/2009,TZR,OH,AGL,CE,Federal Contract Tower,0,0,18,0,18,0,0,54,0,54,0,0,72,0,72,70,0,70,142
04/18/2009,TZR,OH,AGL,CE,Federal Contract Tower,0,0,6,0,6,0,0,93,0,93,0,0,99,0,99,80,0,80,179
04/19/2009,TZR,OH,AGL,CE,Federal Contract Tower,0,0,7,0,7,0,0,3,0,3,0,0,10,0,10,0,0,0,10
04/20/2009,TZR,OH,AGL,CE,Federal Contract Tower,0,1,2,0,3,0,0,1,0,1,0,1,3,0,4,0,0,0,4
04/21/2009,TZR,OH,AGL,CE,Federal Contract Tower,0,2,3,0,5,0,0,5,0,5,0,2,8,0,10,14,0,14,24
04/22/2009,TZR,OH,AGL,CE,Federal Contract Tower,0,3,7,0,10,0,0,12,0,12,0,3,19,0,22,0,0,0,22
04/23/2009,TZR,OH,AGL,CE,Federal Contract Tower,0,0,11,0,11,0,0,76,0,76,0,0,87,0,87,110,0,110,197
04/24/2009,TZR,OH,AGL,CE,Federal Contract Tower,0,0,4,0,4,0,0,13,0,13,0,0,17,0,17,0,0,0,17
04/25/2009,TZR,OH,AGL,CE,Federal Contract Tower,0,0,3,0,3,0,0,25,0,25,0,0,28,0,28,84,0,84,112
04/26/2009,TZR,OH,AGL,CE,Federal Contract Tower,0,0,3,0,3,0,0,59,0,59,0,0,62,0,62,42,0,42,104
04/27/2009,TZR,OH,AGL,CE,Federal Contract Tower,0,1,6,0,7,0,0,24,0,24,0,1,30,0,31,0,0,0,31
04/28/2009,TZR,OH,AGL,CE,Federal Contract Tower,0,0,2,0,2,0,0,7,0,7,0,0,9,0,9,8,0,8,17
04/29/2009,TZR,OH,AGL,CE,Federal Contract Tower,0,4,17,0,21,0,0,5,0,5,0,4,22,0,26,0,0,0,26
04/30/2009,TZR,OH,AGL,CE,Federal Contract Tower,0,2,2,0,4,0,0,5,0,5,0,2,7,0,9,0,0,0,9
05/01/2009,TZR,OH,AGL,CE,Federal Contract Tower,0,0,8,0,8,0,0,3,0,3,0,0,11,0,11,16,0,16,27
05/02/2009,TZR,OH,AGL,CE,Federal Contract Tower,0,0,3,0,3,0,0,49,0,49,0,0,52,0,52,90,0,90,142
05/03/2009,TZR,OH,AGL,CE,Federal Contract Tower,0,1,6,0,7,0,0,57,4,61,0,1,63,4,68,58,0,58,126
05/04/2009,TZR,OH,AGL,CE,Federal Contract Tower,0,6,8,0,14,0,0,51,0,51,0,6,59,0,65,88,0,88,153
05/05/2009,TZR,OH,AGL,CE,Federal Contract Tower,0,0,20,0,20,0,0,49,0,49,0,0,69,0,69,50,0,50,119
05/06/2009,TZR,OH,AGL,CE,Federal Contract Tower,0,0,8,0,8,0,0,2,0,2,0,0,10,0,10,0,0,0,10
05/07/2009,TZR,OH,AGL,CE,Federal Contract Tower,0,6,7,0,13,0,2,12,0,14,0,8,19,0,27,78,0,78,105
05/08/2009,TZR,OH,AGL,CE,Federal Contract Tower,0,0,7,0,7,0,0,28,0,28,0,0,35,0,35,34,0,34,69
05/09/2009,TZR,OH,AGL,CE,Federal Contract Tower,0,0,0,0,0,0,0,2,0,2,0,0,2,0,2,2,0,2,4
05/10/2009,TZR,OH,AGL,CE,Federal Contract Tower,0,1,7,0,8,0,0,40,0,40,0,1,47,0,48,20,0,20,68
05/11/2009,TZR,OH,AGL,CE,Federal Contract Tower,0,0,11,0,11,0,0,25,0,25,0,0,36,0,36,38,0,38,74
05/12/2009,TZR,OH,AGL,CE,Federal Contract Tower,0,0,7,0,7,0,0,60,0,60,0,0,67,0,67,54,0,54,121
05/13/2009,TZR,OH,AGL,CE,Federal Contract Tower,0,0,7,0,7,0,0,18,0,18,0,0,25,0,25,40,0,40,65
05/14/2009,TZR,OH,AGL,CE,Federal Contract Tower,0,0,7,0,7,0,0,8,0,8,0,0,15,0,15,0,0,0,15
05/15/2009,TZR,OH,AGL,CE,Federal Contract Tower,0,0,13,0,13,0,0,45,0,45,0,0,58,0,58,28,0,28,86
05/16/2009,TZR,OH,AGL,CE,Federal Contract Tower,0,4,0,0,4,0,0,7,0,7,0,4,7,0,11,16,0,16,27
05/17/2009,TZR,OH,AGL,CE,Federal Contract Tower,0,2,7,0,9,0,0,51,0,51,0,2,58,0,60,50,0,50,110
05/18/2009,TZR,OH,AGL,CE,Federal Contract Tower,0,0,14,2,16,0,0,46,0,46,0,0,60,2,62,4,0,4,66
05/19/2009,TZR,OH,AGL,CE,Federal Contract Tower,0,0,11,0,11,0,0,60,0,60,0,0,71,0,71,76,0,76,147
05/20/2009,TZR,OH,AGL,CE,Federal Contract Tower,0,0,6,0,6,0,0,48,0,48,0,0,54,0,54,18,0,18,72
05/21/2009,TZR,OH,AGL,CE,Federal Contract Tower,0,0,3,0,3,0,0,76,0,76,0,0,79,0,79,70,0,70,149
05/22/2009,TZR,OH,AGL,CE,Federal Contract Tower,0,0,7,0,7,0,0,57,0,57,0,0,64,0,64,18,0,18,82
05/23/2009,TZR,OH,AGL,CE,Federal Contract Tower,0,0,6,0,6,0,0,63,0,63,0,0,69,0,69,58,0,58,127
05/24/2009,TZR,OH,AGL,CE,Federal Contract Tower,0,0,3,0,3,0,0,32,0,32,0,0,35,0,35,0,0,0,35
05/25/2009,TZR,OH,AGL,CE,Federal Contract Tower,0,1,6,0,7,0,0,25,0,25,0,1,31,0,32,30,0,30,62
05/26/2009,TZR,OH,AGL,CE,Federal Contract Tower,0,0,9,0,9,0,0,3,0,3,0,0,12,0,12,0,0,0,12
05/27/2009,TZR,OH,AGL,CE,Federal Contract Tower,0,0,10,0,10,0,0,9,0,9,0,0,19,0,19,0,0,0,19
05/28/2009,TZR,OH,AGL,CE,Federal Contract Tower,0,0,8,0,8,0,0,2,0,2,0,0,10,0,10,20,0,20,30
05/29/2009,TZR,OH,AGL,CE,Federal Contract Tower,0,0,8,0,8,0,0,18,0,18,0,0,26,0,26,26,0,26,52
05/30/2009,TZR,OH,AGL,CE,Federal Contract Tower,0,0,8,0,8,0,0,55,0,55,0,0,63,0,63,72,0,72,135
05/31/2009,TZR,OH,AGL,CE,Federal Contract Tower,0,0,4,0,4,0,0,56,0,56,0,0,60,0,60,4,0,4,64
06/01/2009,TZR,OH,AGL,CE,Federal Contract Tower,0,0,5,0,5,0,0,21,0,21,0,0,26,0,26,14,0,14,40
06/02/2009,TZR,OH,AGL,CE,Federal Contract Tower,0,0,9,0,9,0,0,24,0,24,0,0,33,0,33,50,0,50,83
06/03/2009,TZR,OH,AGL,CE,Federal Contract Tower,0,0,3,0,3,0,0,9,0,9,0,0,12,0,12,0,0,0,12
06/04/2009,TZR,OH,AGL,CE,Federal Contract Tower,0,0,19,0,19,0,0,29,0,29,0,0,48,0,48,72,0,72,120
06/05/2009,TZR,OH,AGL,CE,Federal Contract Tower,0,0,8,0,8,0,0,44,0,44,0,0,52,0,52,18,0,18,70
06/06/2009,TZR,OH,AGL,CE,Federal Contract Tower,0,1,9,0,10,0,0,66,0,66,0,1,75,0,76,58,0,58,134
06/07/2009,TZR,OH,AGL,CE,Federal Contract Tower,0,0,4,0,4,0,0,53,0,53,0,0,57,0,57,58,0,58,115
06/08/2009,TZR,OH,AGL,CE,Federal Contract Tower,0,0,8,0,8,0,0,14,0,14,0,0,22,0,22,24,0,24,46
06/09/2009,TZR,OH,AGL,CE,Federal Contract Tower,0,1,11,0,12,0,0,29,0,29,0,1,40,0,41,62,0,62,103
06/10/2009,TZR,OH,AGL,CE,Federal Contract Tower,0,0,3,0,3,0,0,8,0,8,0,0,11,0,11,14,0,14,25
06/11/2009,TZR,OH,AGL,CE,Federal Contract Tower,0,0,10,0,10,0,0,0,0,0,0,0,10,0,10,0,0,0,10
06/12/2009,TZR,OH,AGL,CE,Federal Contract Tower,0,0,9,0,9,0,0,19,0,19,0,0,28,0,28,88,0,88,116
06/13/2009,TZR,OH,AGL,CE,Federal Contract Tower,0,0,20,0,20,0,0,25,0,25,0,0,45,0,45,8,0,8,53
06/14/2009,TZR,OH,AGL,CE,Federal Contract Tower,0,0,12,0,12,0,0,43,0,43,0,0,55,0,55,12,0,12,67
06/15/2009,TZR,OH,AGL,CE,Federal Contract Tower,0,2,14,0,16,0,0,54,0,54,0,2,68,0,70,38,0,38,108
06/16/2009,TZR,OH,AGL,CE,Federal Contract Tower,0,0,26,0,26,0,0,23,0,23,0,0,49,0,49,18,0,18,67
06/17/2009,TZR,OH,AGL,CE,Federal Contract Tower,0,0,13,0,13,0,0,5,0,5,0,0,18,0,18,0,0,0,18
06/18/2009,TZR,OH,AGL,CE,Federal Contract Tower,0,0,15,0,15,0,2,21,0,23,0,2,36,0,38,20,0,20,58
06/19/2009,TZR,OH,AGL,CE,Federal Contract Tower,0,0,10,0,10,0,0,12,0,12,0,0,22,0,22,2,12,14,36
06/20/2009,TZR,OH,AGL,CE,Federal Contract Tower,0,0,2,0,2,0,0,3,0,3,0,0,5,0,5,0,0,0,5
06/21/2009,TZR,OH,AGL,CE,Federal Contract Tower,0,0,4,0,4,0,0,44,0,44,0,0,48,0,48,18,0,18,66
06/22/2009,TZR,OH,AGL,CE,Federal Contract Tower,0,1,17,0,18,0,0,34,0,34,0,1,51,0,52,54,0,54,106
06/23/2009,TZR,OH,AGL,CE,Federal Contract Tower,0,0,25,0,25,0,0,46,0,46,0,0,71,0,71,82,0,82,153
06/24/2009,TZR,OH,AGL,CE,Federal Contract Tower,0,0,14,0,14,0,0,50,0,50,0,0,64,0,64,42,0,42,106
06/25/2009,TZR,OH,AGL,CE,Federal Contract Tower,0,0,10,0,10,0,0,12,0,12,0,0,22,0,22,4,0,4,26
06/26/2009,TZR,OH,AGL,CE,Federal Contract Tower,0,0,14,0,14,0,0,49,2,51,0,0,63,2,65,4,0,4,69
06/27/2009,TZR,OH,AGL,CE,Federal Contract Tower,0,0,15,0,15,0,0,66,13,79,0,0,81,13,94,8,0,8,102
06/28/2009,TZR,OH,AGL,CE,Federal Contract Tower,0,1,5,0,6,0,0,14,2,16,0,1,19,2,22,10,0,10,32
06/29/2009,TZR,OH,AGL,CE,Federal Contract Tower,0,3,5,0,8,0,0,23,0,23,0,3,28,0,31,10,0,10,41
06/30/2009,TZR,OH,AGL,CE,Federal Contract Tower,0,0,14,0,14,0,0,15,0,15,0,0,29,0,29,24,0,24,53
07/01/2009,TZR,OH,AGL,CE,Federal Contract Tower,0,0,17,0,17,0,0,17,0,17,0,0,34,0,34,50,0,50,84
07/02/2009,TZR,OH,AGL,CE,Federal Contract Tower,0,1,15,0,16,0,0,23,0,23,0,1,38,0,39,72,0,72,111
07/03/2009,TZR,OH,AGL,CE,Federal Contract Tower,0,0,4,0,4,0,0,45,0,45,0,0,49,0,49,22,0,22,71
07/04/2009,TZR,OH,AGL,CE,Federal Contract Tower,0,0,1,0,1,0,0,33,0,33,0,0,34,0,34,64,0,64,98
07/05/2009,TZR,OH,AGL,CE,Federal Contract Tower,0,0,13,0,13,0,0,18,0,18,0,0,31,0,31,0,0,0,31
07/06/2009,TZR,OH,AGL,CE,Federal Contract Tower,0,2,14,0,16,0,0,54,0,54,0,2,68,0,70,68,0,68,138
07/07/2009,TZR,OH,AGL,CE,Federal Contract Tower,0,1,4,0,5,0,0,37,0,37,0,1,41,0,42,74,0,74,116
07/08/2009,TZR,OH,AGL,CE,Federal Contract Tower,0,9,14,0,23,0,0,47,0,47,0,9,61,0,70,56,0,56,126
07/09/2009,TZR,OH,AGL,CE,Federal Contract Tower,0,0,18,0,18,0,0,21,0,21,0,0,39,0,39,2,0,2,41
07/10/2009,TZR,OH,AGL,CE,Federal Contract Tower,0,1,15,0,16,0,0,33,0,33,0,1,48,0,49,40,0,40,89
07/11/2009,TZR,OH,AGL,CE,Federal Contract Tower,0,1,3,0,4,0,0,27,0,27,0,1,30,0,31,44,0,44,75
07/12/2009,TZR,OH,AGL,CE,Federal Contract Tower,0,0,8,0,8,0,0,66,0,66,0,0,74,0,74,76,0,76,150
07/13/2009,TZR,OH,AGL,CE,Federal Contract Tower,0,0,6,0,6,0,0,37,0,37,0,0,43,0,43,18,0,18,61
07/14/2009,TZR,OH,AGL,CE,Federal Contract Tower,0,0,7,0,7,0,0,42,0,42,0,0,49,0,49,60,0,60,109
07/15/2009,TZR,OH,AGL,CE,Federal Contract Tower,0,1,7,0,8,0,0,19,0,19,0,1,26,0,27,10,0,10,37
07/16/2009,TZR,OH,AGL,CE,Federal Contract Tower,0,3,8,0,11,0,0,25,0,25,0,3,33,0,36,14,0,14,50
07/17/2009,TZR,OH,AGL,CE,Federal Contract Tower,0,0,11,0,11,0,0,26,0,26,0,0,37,0,37,8,0,8,45
07/18/2009,TZR,OH,AGL,CE,Federal Contract Tower,0,0,6,0,6,0,0,105,0,105,0,0,111,0,111,8,0,8,119
07/19/2009,TZR,OH,AGL,CE,Federal Contract Tower,0,0,5,0,5,0,0,34,0,34,0,0,39,0,39,30,0,30,69
07/20/2009,TZR,OH,AGL,CE,Federal Contract Tower,0,2,16,0,18,0,0,54,0,54,0,2,70,0,72,186,0,186,258
07/21/2009,TZR,OH,AGL,CE,Federal Contract Tower,0,0,15,0,15,0,0,29,0,29,0,0,44,0,44,90,0,90,134
07/22/2009,TZR,OH,AGL,CE,Federal Contract Tower,0,2,23,0,25,0,0,2,0,2,0,2,25,0,27,0,0,0,27
07/23/2009,TZR,OH,AGL,CE,Federal Contract Tower,0,4,10,0,14,0,0,13,0,13,0,4,23,0,27,22,0,22,49
07/24/2009,TZR,OH,AGL,CE,Federal Contract Tower,0,0,18,0,18,0,0,35,0,35,0,0,53,0,53,36,0,36,89
07/25/2009,TZR,OH,AGL,CE,Federal Contract Tower,0,0,10,0,10,0,0,7,0,7,0,0,17,0,17,8,0,8,25
07/26/2009,TZR,OH,AGL,CE,Federal Contract Tower,0,0,4,0,4,0,0,39,0,39,0,0,43,0,43,28,0,28,71
07/27/2009,TZR,OH,AGL,CE,Federal Contract Tower,0,0,18,0,18,0,0,52,0,52,0,0,70,0,70,22,0,22,92
07/28/2009,TZR,OH,AGL,CE,Federal Contract Tower,0,2,17,0,19,0,0,25,0,25,0,2,42,0,44,166,0,166,210
07/29/2009,TZR,OH,AGL,CE,Federal Contract Tower,0,4,3,0,7,0,0,1,0,1,0,4,4,0,8,0,0,0,8
07/30/2009,TZR,OH,AGL,CE,Federal Contract Tower,0,0,10,0,10,0,0,5,0,5,0,0,15,0,15,38,0,38,53
07/31/2009,TZR,OH,AGL,CE,Federal Contract Tower,0,2,10,0,12,0,0,41,0,41,0,2,51,0,53,40,0,40,93
08/01/2009,TZR,OH,AGL,CE,Federal Contract Tower,0,0,7,0,7,0,0,62,0,62,0,0,69,0,69,50,0,50,119
08/02/2009,TZR,OH,AGL,CE,Federal Contract Tower,0,0,3,0,3,0,0,53,0,53,0,0,56,0,56,28,0,28,84
08/03/2009,TZR,OH,AGL,CE,Federal Contract Tower,0,2,17,0,19,0,0,38,0,38,0,2,55,0,57,126,0,126,183
08/04/2009,TZR,OH,AGL,CE,Federal Contract Tower,0,4,10,0,14,0,0,10,0,10,0,4,20,0,24,0,0,0,24
08/05/2009,TZR,OH,AGL,CE,Federal Contract Tower,0,2,16,0,18,0,0,21,0,21,0,2,37,0,39,80,0,80,119
08/06/2009,TZR,OH,AGL,CE,Federal Contract Tower,0,2,9,0,11,0,0,43,0,43,0,2,52,0,54,60,0,60,114
08/07/2009,TZR,OH,AGL,CE,Federal Contract Tower,0,0,11,0,11,0,0,41,0,41,0,0,52,0,52,62,0,62,114
08/08/2009,TZR,OH,AGL,CE,Federal Contract Tower,0,0,14,0,14,0,0,34,0,34,0,0,48,0,48,30,0,30,78
08/09/2009,TZR,OH,AGL,CE,Federal Contract Tower,0,2,14,0,16,0,0,23,0,23,0,2,37,0,39,22,0,22,61
08/10/2009,TZR,OH,AGL,CE,Federal Contract Tower,0,1,6,2,9,0,0,23,0,23,0,1,29,2,32,4,0,4,36
08/11/2009,TZR,OH,AGL,CE,Federal Contract Tower,0,1,14,0,15,0,0,8,0,8,0,1,22,0,23,12,0,12,35
08/12/2009,TZR,OH,AGL,CE,Federal Contract Tower,0,1,11,0,12,0,0,56,0,56,0,1,67,0,68,30,0,30,98
08/13/2009,TZR,OH,AGL,CE,Federal Contract Tower,0,0,16,0,16,0,0,42,0,42,0,0,58,0,58,56,0,56,114
08/14/2009,TZR,OH,AGL,CE,Federal Contract Tower,0,0,14,0,14,0,0,46,0,46,0,0,60,0,60,114,0,114,174
08/15/2009,TZR,OH,AGL,CE,Federal Contract Tower,0,0,18,0,18,0,0,91,0,91,0,0,109,0,109,30,0,30,139
08/16/2009,TZR,OH,AGL,CE,Federal Contract Tower,0,0,16,0,16,0,0,44,0,44,0,0,60,0,60,43,0,43,103
08/17/2009,TZR,OH,AGL,CE,Federal Contract Tower,0,0,6,0,6,0,0,25,0,25,0,0,31,0,31,44,0,44,75
08/18/2009,TZR,OH,AGL,CE,Federal Contract Tower,0,0,14,0,14,0,0,16,0,16,0,0,30,0,30,10,0,10,40
08/19/2009,TZR,OH,AGL,CE,Federal Contract Tower,0,4,17,0,21,0,0,13,0,13,0,4,30,0,34,28,0,28,62
08/20/2009,TZR,OH,AGL,CE,Federal Contract Tower,0,0,14,0,14,0,0,14,0,14,0,0,28,0,28,10,0,10,38
08/21/2009,TZR,OH,AGL,CE,Federal Contract Tower,0,4,5,0,9,0,0,24,0,24,0,4,29,0,33,16,0,16,49
08/22/2009,TZR,OH,AGL,CE,Federal Contract Tower,0,0,11,0,11,0,0,25,0,25,0,0,36,0,36,40,0,40,76
08/23/2009,TZR,OH,AGL,CE,Federal Contract Tower,0,0,11,0,11,0,0,62,0,62,0,0,73,0,73,26,0,26,99
08/24/2009,TZR,OH,AGL,CE,Federal Contract Tower,0,0,22,0,22,0,0,53,0,53,0,0,75,0,75,58,0,58,133
08/25/2009,TZR,OH,AGL,CE,Federal Contract Tower,0,1,13,0,14,0,0,41,0,41,0,1,54,0,55,44,0,44,99
08/26/2009,TZR,OH,AGL,CE,Federal Contract Tower,0,0,15,0,15,0,0,28,0,28,0,0,43,0,43,44,0,44,87
08/27/2009,TZR,OH,AGL,CE,Federal Contract Tower,0,0,11,0,11,0,0,28,0,28,0,0,39,0,39,34,0,34,73
08/28/2009,TZR,OH,AGL,CE,Federal Contract Tower,0,0,3,0,3,0,0,6,0,6,0,0,9,0,9,6,0,6,15
08/29/2009,TZR,OH,AGL,CE,Federal Contract Tower,0,0,13,0,13,0,0,23,0,23,0,0,36,0,36,38,0,38,74
08/30/2009,TZR,OH,AGL,CE,Federal Contract Tower,0,0,9,0,9,0,0,49,0,49,0,0,58,0,58,30,0,30,88
08/31/2009,TZR,OH,AGL,CE,Federal Contract Tower,0,0,9,0,9,0,0,46,0,46,0,0,55,0,55,46,0,46,101
09/01/2009,TZR,OH,AGL,CE,Federal Contract Tower,0,4,16,0,20,0,0,50,0,50,0,4,66,0,70,76,0,76,146
09/02/2009,TZR,OH,AGL,CE,Federal Contract Tower,0,0,10,0,10,0,0,46,0,46,0,0,56,0,56,50,0,50,106
09/03/2009,TZR,OH,AGL,CE,Federal Contract Tower,0,0,16,0,16,0,0,54,0,54,0,0,70,0,70,74,0,74,144
09/04/2009,TZR,OH,AGL,CE,Federal Contract Tower,0,2,6,0,8,0,0,50,0,50,0,2,56,0,58,54,0,54,112
09/05/2009,TZR,OH,AGL,CE,Federal Contract Tower,0,0,10,0,10,0,0,37,0,37,0,0,47,0,47,32,0,32,79
09/06/2009,TZR,OH,AGL,CE,Federal Contract Tower,0,0,3,0,3,0,0,23,0,23,0,0,26,0,26,24,0,24,50
09/07/2009,TZR,OH,AGL,CE,Federal Contract Tower,0,0,4,0,4,0,0,4,0,4,0,0,8,0,8,0,0,0,8
09/08/2009,TZR,OH,AGL,CE,Federal Contract Tower,0,0,4,0,4,0,0,2,0,2,0,0,6,0,6,0,0,0,6
09/09/2009,TZR,OH,AGL,CE,Federal Contract Tower,0,0,3,0,3,0,0,14,0,14,0,0,17,0,17,0,0,0,17
09/10/2009,TZR,OH,AGL,CE,Federal Contract Tower,0,0,10,0,10,0,0,45,0,45,0,0,55,0,55,66,0,66,121
09/11/2009,TZR,OH,AGL,CE,Federal Contract Tower,0,0,8,0,8,0,0,47,0,47,0,0,55,0,55,76,0,76,131
09/12/2009,TZR,OH,AGL,CE,Federal Contract Tower,0,0,8,0,8,0,0,81,0,81,0,0,89,0,89,52,0,52,141
09/13/2009,TZR,OH,AGL,CE,Federal Contract Tower,0,0,7,0,7,0,0,45,0,45,0,0,52,0,52,28,0,28,80
09/14/2009,TZR,OH,AGL,CE,Federal Contract Tower,0,2,13,0,15,0,0,42,0,42,0,2,55,0,57,96,0,96,153
09/15/2009,TZR,OH,AGL,CE,Federal Contract Tower,0,0,14,2,16,0,0,30,0,30,0,0,44,2,46,44,0,44,90
09/16/2009,TZR,OH,AGL,CE,Federal Contract Tower,0,0,8,0,8,0,0,43,0,43,0,0,51,0,51,58,0,58,109
09/17/2009,TZR,OH,AGL,CE,Federal Contract Tower,0,0,11,0,11,0,0,39,0,39,0,0,50,0,50,54,0,54,104
09/18/2009,TZR,OH,AGL,CE,Federal Contract Tower,0,0,7,0,7,0,0,39,0,39,0,0,46,0,46,42,0,42,88
09/19/2009,TZR,OH,AGL,CE,Federal Contract Tower,0,0,17,0,17,0,0,39,0,39,0,0,56,0,56,40,0,40,96
09/20/2009,TZR,OH,AGL,CE,Federal Contract Tower,0,0,4,0,4,0,0,4,0,4,0,0,8,0,8,0,0,0,8
09/21/2009,TZR,OH,AGL,CE,Federal Contract Tower,0,0,10,0,10,0,0,0,0,0,0,0,10,0,10,26,0,26,36
09/22/2009,TZR,OH,AGL,CE,Federal Contract Tower,0,1,12,0,13,0,0,10,0,10,0,1,22,0,23,50,0,50,73
09/23/2009,TZR,OH,AGL,CE,Federal Contract Tower,0,0,7,0,7,0,0,16,0,16,0,0,23,0,23,100,0,100,123
09/24/2009,TZR,OH,AGL,CE,Federal Contract Tower,0,0,17,0,17,0,0,16,0,16,0,0,33,0,33,40,0,40,73
09/25/2009,TZR,OH,AGL,CE,Federal Contract Tower,0,0,12,0,12,0,0,34,0,34,0,0,46,0,46,74,0,74,120
09/26/2009,TZR,OH,AGL,CE,Federal Contract Tower,0,0,0,0,0,0,0,0,0,0,0,0,0,0,0,0,0,0,0
09/27/2009,TZR,OH,AGL,CE,Federal Contract Tower,0,0,4,0,4,0,0,10,0,10,0,0,14,0,14,0,0,0,14
09/28/2009,TZR,OH,AGL,CE,Federal Contract Tower,0,2,3,0,5,0,0,1,0,1,0,2,4,0,6,0,0,0,6
09/29/2009,TZR,OH,AGL,CE,Federal Contract Tower,0,0,10,0,10,0,0,4,0,4,0,0,14,0,14,0,0,0,14
09/30/2009,TZR,OH,AGL,CE,Federal Contract Tower,0,2,18,0,20,0,0,16,0,16,0,2,34,0,36,40,0,40,76
10/01/2009,TZR,OH,AGL,CE,Federal Contract Tower,0,0,10,0,10,0,0,52,0,52,0,0,62,0,62,86,0,86,148
10/02/2009,TZR,OH,AGL,CE,Federal Contract Tower,0,0,5,0,5,0,1,29,2,32,0,1,34,2,37,0,0,0,37
10/03/2009,TZR,OH,AGL,CE,Federal Contract Tower,0,0,11,0,11,0,0,35,0,35,0,0,46,0,46,34,0,34,80
10/04/2009,TZR,OH,AGL,CE,Federal Contract Tower,0,1,6,0,7,0,0,43,0,43,0,1,49,0,50,44,0,44,94
10/05/2009,TZR,OH,AGL,CE,Federal Contract Tower,0,3,11,0,14,0,0,42,0,42,0,3,53,0,56,52,0,52,108
10/06/2009,TZR,OH,AGL,CE,Federal Contract Tower,0,0,11,0,11,0,0,28,0,28,0,0,39,0,39,24,0,24,63
10/07/2009,TZR,OH,AGL,CE,Federal Contract Tower,0,0,7,0,7,0,0,11,0,11,0,0,18,0,18,22,0,22,40
10/08/2009,TZR,OH,AGL,CE,Federal Contract Tower,0,1,6,0,7,0,0,18,0,18,0,1,24,0,25,56,0,56,81
10/09/2009,TZR,OH,AGL,CE,Federal Contract Tower,0,0,0,0,0,0,0,1,0,1,0,0,1,0,1,0,0,0,1
10/10/2009,TZR,OH,AGL,CE,Federal Contract Tower,0,0,20,0,20,0,0,41,0,41,0,0,61,0,61,56,0,56,117
10/11/2009,TZR,OH,AGL,CE,Federal Contract Tower,0,0,13,0,13,0,0,92,0,92,0,0,105,0,105,48,0,48,153
10/12/2009,TZR,OH,AGL,CE,Federal Contract Tower,0,0,13,0,13,0,0,43,0,43,0,0,56,0,56,78,0,78,134
10/13/2009,TZR,OH,AGL,CE,Federal Contract Tower,0,4,5,0,9,0,0,30,0,30,0,4,35,0,39,66,0,66,105
10/14/2009,TZR,OH,AGL,CE,Federal Contract Tower,0,1,11,0,12,0,0,17,0,17,0,1,28,0,29,20,0,20,49
10/15/2009,TZR,OH,AGL,CE,Federal Contract Tower,0,0,7,0,7,0,0,0,0,0,0,0,7,0,7,0,0,0,7
10/16/2009,TZR,OH,AGL,CE,Federal Contract Tower,0,0,6,0,6,0,0,6,0,6,0,0,12,0,12,4,0,4,16
10/17/2009,TZR,OH,AGL,CE,Federal Contract Tower,0,2,0,0,2,0,0,22,0,22,0,2,22,0,24,12,0,12,36
10/18/2009,TZR,OH,AGL,CE,Federal Contract Tower,0,0,5,0,5,0,0,88,0,88,0,0,93,0,93,56,0,56,149
10/19/2009,TZR,OH,AGL,CE,Federal Contract Tower,0,0,10,0,10,0,0,46,0,46,0,0,56,0,56,78,0,78,134
10/20/2009,TZR,OH,AGL,CE,Federal Contract Tower,0,0,12,0,12,0,0,46,0,46,0,0,58,0,58,96,0,96,154
10/21/2009,TZR,OH,AGL,CE,Federal Contract Tower,0,0,2,0,2,0,0,50,0,50,0,0,52,0,52,100,0,100,152
10/22/2009,TZR,OH,AGL,CE,Federal Contract Tower,0,0,12,0,12,0,0,39,0,39,0,0,51,0,51,50,0,50,101
10/23/2009,TZR,OH,AGL,CE,Federal Contract Tower,0,0,4,0,4,0,0,0,0,0,0,0,4,0,4,0,0,0,4
10/24/2009,TZR,OH,AGL,CE,Federal Contract Tower,0,0,1,0,1,0,0,44,0,44,0,0,45,0,45,56,0,56,101
10/25/2009,TZR,OH,AGL,CE,Federal Contract Tower,0,0,11,0,11,0,0,78,0,78,0,0,89,0,89,54,0,54,143
10/26/2009,TZR,OH,AGL,CE,Federal Contract Tower,0,0,8,0,8,0,0,61,0,61,0,0,69,0,69,88,0,88,157
10/27/2009,TZR,OH,AGL,CE,Federal Contract Tower,0,0,6,0,6,0,0,22,0,22,0,0,28,0,28,30,0,30,58
10/28/2009,TZR,OH,AGL,CE,Federal Contract Tower,0,0,9,0,9,0,0,17,0,17,0,0,26,0,26,0,0,0,26
10/29/2009,TZR,OH,AGL,CE,Federal Contract Tower,0,0,5,0,5,0,0,19,0,19,0,0,24,0,24,6,0,6,30
10/30/2009,TZR,OH,AGL,CE,Federal Contract Tower,0,0,6,0,6,0,0,6,0,6,0,0,12,0,12,8,0,8,20
10/31/2009,TZR,OH,AGL,CE,Federal Contract Tower,0,0,4,0,4,0,0,12,0,12,0,0,16,0,16,30,0,30,46
11/01/2009,TZR,OH,AGL,CE,Federal Contract Tower,0,0,8,0,8,0,0,46,0,46,0,0,54,0,54,50,0,50,104
11/02/2009,TZR,OH,AGL,CE,Federal Contract Tower,0,0,5,0,5,0,0,26,0,26,0,0,31,0,31,54,0,54,85
11/03/2009,TZR,OH,AGL,CE,Federal Contract Tower,0,0,10,0,10,0,0,28,0,28,0,0,38,0,38,18,0,18,56
11/04/2009,TZR,OH,AGL,CE,Federal Contract Tower,0,0,10,0,10,0,0,14,0,14,0,0,24,0,24,2,0,2,26
11/05/2009,TZR,OH,AGL,CE,Federal Contract Tower,0,0,10,0,10,0,0,19,0,19,0,0,29,0,29,0,0,0,29
11/06/2009,TZR,OH,AGL,CE,Federal Contract Tower,0,6,5,0,11,0,0,21,0,21,0,6,26,0,32,52,0,52,84
11/07/2009,TZR,OH,AGL,CE,Federal Contract Tower,0,0,2,0,2,0,0,28,2,30,0,0,30,2,32,10,4,14,46
11/08/2009,TZR,OH,AGL,CE,Federal Contract Tower,0,0,2,0,2,0,0,61,0,61,0,0,63,0,63,64,0,64,127
11/09/2009,TZR,OH,AGL,CE,Federal Contract Tower,0,0,7,0,7,0,0,25,0,25,0,0,32,0,32,44,0,44,76
11/10/2009,TZR,OH,AGL,CE,Federal Contract Tower,0,0,5,0,5,0,0,6,0,6,0,0,11,0,11,22,0,22,33
11/11/2009,TZR,OH,AGL,CE,Federal Contract Tower,0,0,5,0,5,0,0,37,0,37,0,0,42,0,42,64,0,64,106
11/12/2009,TZR,OH,AGL,CE,Federal Contract Tower,0,2,5,0,7,0,0,45,0,45,0,2,50,0,52,50,0,50,102
11/13/2009,TZR,OH,AGL,CE,Federal Contract Tower,0,1,4,0,5,0,0,46,0,46,0,1,50,0,51,28,0,28,79
11/14/2009,TZR,OH,AGL,CE,Federal Contract Tower,0,0,2,0,2,0,0,63,0,63,0,0,65,0,65,26,0,26,91
11/15/2009,TZR,OH,AGL,CE,Federal Contract Tower,0,0,6,0,6,0,0,41,0,41,0,0,47,0,47,48,0,48,95
11/16/2009,TZR,OH,AGL,CE,Federal Contract Tower,0,2,7,0,9,0,0,31,0,31,0,2,38,0,40,56,0,56,96
11/17/2009,TZR,OH,AGL,CE,Federal Contract Tower,0,0,4,0,4,0,0,17,0,17,0,0,21,0,21,0,0,0,21
11/18/2009,TZR,OH,AGL,CE,Federal Contract Tower,0,0,9,0,9,0,0,18,0,18,0,0,27,0,27,22,0,22,49
11/19/2009,TZR,OH,AGL,CE,Federal Contract Tower,0,0,7,0,7,0,0,7,0,7,0,0,14,0,14,28,0,28,42
11/20/2009,TZR,OH,AGL,CE,Federal Contract Tower,0,0,7,0,7,0,0,37,0,37,0,0,44,0,44,56,0,56,100
11/21/2009,TZR,OH,AGL,CE,Federal Contract Tower,0,0,10,0,10,0,0,64,0,64,0,0,74,0,74,0,0,0,74
11/22/2009,TZR,OH,AGL,CE,Federal Contract Tower,0,0,7,0,7,0,0,73,0,73,0,0,80,0,80,130,0,130,210
11/23/2009,TZR,OH,AGL,CE,Federal Contract Tower,0,2,9,0,11,0,0,21,0,21,0,2,30,0,32,8,0,8,40
11/24/2009,TZR,OH,AGL,CE,Federal Contract Tower,0,0,8,0,8,0,0,7,0,7,0,0,15,0,15,26,0,26,41
11/25/2009,TZR,OH,AGL,CE,Federal Contract Tower,0,1,6,0,7,0,0,10,0,10,0,1,16,0,17,16,0,16,33
11/26/2009,TZR,OH,AGL,CE,Federal Contract Tower,0,0,3,0,3,0,0,1,0,1,0,0,4,0,4,0,0,0,4
11/27/2009,TZR,OH,AGL,CE,Federal Contract Tower,0,0,2,0,2,0,0,9,0,9,0,0,11,0,11,12,0,12,23
11/28/2009,TZR,OH,AGL,CE,Federal Contract Tower,0,0,6,0,6,0,0,68,0,68,0,0,74,0,74,86,0,86,160
11/29/2009,TZR,OH,AGL,CE,Federal Contract Tower,0,1,8,0,9,0,0,23,0,23,0,1,31,0,32,42,0,42,74
11/30/2009,TZR,OH,AGL,CE,Federal Contract Tower,0,0,11,0,11,0,0,14,0,14,0,0,25,0,25,0,0,0,25
12/01/2009,TZR,OH,AGL,CE,Federal Contract Tower,0,0,5,0,5,0,0,27,0,27,0,0,32,0,32,64,0,64,96
12/02/2009,TZR,OH,AGL,CE,Federal Contract Tower,0,0,0,0,0,0,0,1,0,1,0,0,1,0,1,8,0,8,9
12/03/2009,TZR,OH,AGL,CE,Federal Contract Tower,0,0,6,0,6,0,0,7,0,7,0,0,13,0,13,14,0,14,27
12/04/2009,TZR,OH,AGL,CE,Federal Contract Tower,0,0,2,0,2,0,0,41,0,41,0,0,43,0,43,30,0,30,73
12/05/2009,TZR,OH,AGL,CE,Federal Contract Tower,0,1,0,0,1,0,0,34,0,34,0,1,34,0,35,22,0,22,57
12/06/2009,TZR,OH,AGL,CE,Federal Contract Tower,0,1,1,0,2,0,0,36,0,36,0,1,37,0,38,50,0,50,88
12/07/2009,TZR,OH,AGL,CE,Federal Contract Tower,0,1,0,0,1,0,0,0,0,0,0,1,0,0,1,0,0,0,1
12/08/2009,TZR,OH,AGL,CE,Federal Contract Tower,0,0,3,0,3,0,0,8,0,8,0,0,11,0,11,26,0,26,37
12/09/2009,TZR,OH,AGL,CE,Federal Contract Tower,0,0,2,0,2,0,1,0,0,1,0,1,2,0,3,0,0,0,3
12/10/2009,TZR,OH,AGL,CE,Federal Contract Tower,0,3,0,0,3,0,0,3,0,3,0,3,3,0,6,24,0,24,30
12/11/2009,TZR,OH,AGL,CE,Federal Contract Tower,0,0,0,0,0,0,0,26,0,26,0,0,26,0,26,26,0,26,52
12/12/2009,TZR,OH,AGL,CE,Federal Contract Tower,0,0,13,0,13,0,0,44,0,44,0,0,57,0,57,50,0,50,107
12/13/2009,TZR,OH,AGL,CE,Federal Contract Tower,0,0,3,0,3,0,0,0,0,0,0,0,3,0,3,0,0,0,3
12/14/2009,TZR,OH,AGL,CE,Federal Contract Tower,0,0,8,0,8,0,0,12,0,12,0,0,20,0,20,0,0,0,20
12/15/2009,TZR,OH,AGL,CE,Federal Contract Tower,0,0,3,0,3,0,0,0,0,0,0,0,3,0,3,12,0,12,15
12/16/2009,TZR,OH,AGL,CE,Federal Contract Tower,0,0,3,0,3,0,0,31,0,31,0,0,34,0,34,44,0,44,78
12/17/2009,TZR,OH,AGL,CE,Federal Contract Tower,0,4,5,0,9,0,0,31,0,31,0,4,36,0,40,50,0,50,90
12/18/2009,TZR,OH,AGL,CE,Federal Contract Tower,0,0,6,0,6,0,0,39,0,39,0,0,45,0,45,26,0,26,71
12/19/2009,TZR,OH,AGL,CE,Federal Contract Tower,0,0,0,0,0,0,0,0,0,0,0,0,0,0,0,0,0,0,0
12/20/2009,TZR,OH,AGL,CE,Federal Contract Tower,0,0,2,0,2,0,0,6,0,6,0,0,8,0,8,10,0,10,18
12/21/2009,TZR,OH,AGL,CE,Federal Contract Tower,0,0,0,0,0,0,0,4,0,4,0,0,4,0,4,36,0,36,40
12/22/2009,TZR,OH,AGL,CE,Federal Contract Tower,0,0,2,0,2,0,0,2,0,2,0,0,4,0,4,8,0,8,12
12/23/2009,TZR,OH,AGL,CE,Federal Contract Tower,0,0,1,0,1,0,0,13,0,13,0,0,14,0,14,6,0,6,20
12/24/2009,TZR,OH,AGL,CE,Federal Contract Tower,0,0,4,0,4,0,0,10,0,10,0,0,14,0,14,8,0,8,22
12/25/2009,TZR,OH,AGL,CE,Federal Contract Tower,0,0,2,0,2,0,0,0,0,0,0,0,2,0,2,0,0,0,2
12/26/2009,TZR,OH,AGL,CE,Federal Contract Tower,0,0,6,0,6,0,0,6,0,6,0,0,12,0,12,0,0,0,12
12/27/2009,TZR,OH,AGL,CE,Federal Contract Tower,0,0,1,0,1,0,0,6,0,6,0,0,7,0,7,0,0,0,7
12/28/2009,TZR,OH,AGL,CE,Federal Contract Tower,0,0,1,0,1,0,0,0,0,0,0,0,1,0,1,0,0,0,1
12/29/2009,TZR,OH,AGL,CE,Federal Contract Tower,0,0,6,0,6,0,0,30,0,30,0,0,36,0,36,44,0,44,80
12/30/2009,TZR,OH,AGL,CE,Federal Contract Tower,0,0,5,0,5,0,0,22,0,22,0,0,27,0,27,36,0,36,63
12/31/2009,TZR,OH,AGL,CE,Federal Contract Tower,0,0,0,0,0,0,0,0,0,0,0,0,0,0,0,0,0,0,0
01/01/2010,TZR,OH,AGL,CE,Federal Contract Tower,0,0,0,0,0,0,0,4,0,4,0,0,4,0,4,12,0,12,16
01/02/2010,TZR,OH,AGL,CE,Federal Contract Tower,0,0,3,0,3,0,0,5,0,5,0,0,8,0,8,32,0,32,40
01/03/2010,TZR,OH,AGL,CE,Federal Contract Tower,0,0,3,0,3,0,0,14,0,14,0,0,17,0,17,34,0,34,51
01/04/2010,TZR,OH,AGL,CE,Federal Contract Tower,0,0,0,0,0,0,0,0,0,0,0,0,0,0,0,0,0,0,0
01/05/2010,TZR,OH,AGL,CE,Federal Contract Tower,0,0,1,0,1,0,0,0,0,0,0,0,1,0,1,0,0,0,1
01/06/2010,TZR,OH,AGL,CE,Federal Contract Tower,0,0,2,0,2,0,0,3,0,3,0,0,5,0,5,24,0,24,29
01/07/2010,TZR,OH,AGL,CE,Federal Contract Tower,0,8,0,0,8,0,0,0,0,0,0,8,0,0,8,0,0,0,8
01/08/2010,TZR,OH,AGL,CE,Federal Contract Tower,0,0,1,0,1,0,0,2,0,2,0,0,3,0,3,0,0,0,3
01/09/2010,TZR,OH,AGL,CE,Federal Contract Tower,0,0,1,0,1,0,0,0,0,0,0,0,1,0,1,0,0,0,1
01/10/2010,TZR,OH,AGL,CE,Federal Contract Tower,0,0,5,0,5,0,0,11,0,11,0,0,16,0,16,26,0,26,42
01/11/2010,TZR,OH,AGL,CE,Federal Contract Tower,0,0,0,0,0,0,0,5,0,5,0,0,5,0,5,0,0,0,5
01/12/2010,TZR,OH,AGL,CE,Federal Contract Tower,0,0,2,0,2,0,0,2,0,2,0,0,4,0,4,8,0,8,12
01/13/2010,TZR,OH,AGL,CE,Federal Contract Tower,0,10,12,0,22,0,0,27,0,27,0,10,39,0,49,48,0,48,97
01/14/2010,TZR,OH,AGL,CE,Federal Contract Tower,0,0,9,0,9,0,0,23,0,23,0,0,32,0,32,86,0,86,118
01/15/2010,TZR,OH,AGL,CE,Federal Contract Tower,0,0,9,0,9,0,0,12,0,12,0,0,21,0,21,26,0,26,47
01/16/2010,TZR,OH,AGL,CE,Federal Contract Tower,0,0,1,0,1,0,0,0,0,0,0,0,1,0,1,0,0,0,1
01/17/2010,TZR,OH,AGL,CE,Federal Contract Tower,0,0,3,0,3,0,0,0,0,0,0,0,3,0,3,0,0,0,3
01/18/2010,TZR,OH,AGL,CE,Federal Contract Tower,0,0,3,0,3,0,0,0,0,0,0,0,3,0,3,0,0,0,3
01/19/2010,TZR,OH,AGL,CE,Federal Contract Tower,0,0,3,0,3,0,0,2,0,2,0,0,5,0,5,0,0,0,5
01/20/2010,TZR,OH,AGL,CE,Federal Contract Tower,0,3,11,0,14,0,0,22,0,22,0,3,33,0,36,30,0,30,66
01/21/2010,TZR,OH,AGL,CE,Federal Contract Tower,0,0,12,0,12,0,0,19,0,19,0,0,31,0,31,66,0,66,97
01/22/2010,TZR,OH,AGL,CE,Federal Contract Tower,0,0,4,0,4,0,0,6,0,6,0,0,10,0,10,6,0,6,16
01/23/2010,TZR,OH,AGL,CE,Federal Contract Tower,0,0,21,0,21,0,0,29,0,29,0,0,50,0,50,36,0,36,86
01/24/2010,TZR,OH,AGL,CE,Federal Contract Tower,0,0,6,0,6,0,0,0,0,0,0,0,6,0,6,0,0,0,6
01/25/2010,TZR,OH,AGL,CE,Federal Contract Tower,0,0,2,0,2,0,0,10,0,10,0,0,12,0,12,22,0,22,34
01/26/2010,TZR,OH,AGL,CE,Federal Contract Tower,0,0,4,0,4,0,0,1,0,1,0,0,5,0,5,0,0,0,5
01/27/2010,TZR,OH,AGL,CE,Federal Contract Tower,0,0,6,0,6,0,0,32,0,32,0,0,38,0,38,94,0,94,132
01/28/2010,TZR,OH,AGL,CE,Federal Contract Tower,0,0,3,0,3,0,0,6,0,6,0,0,9,0,9,2,0,2,11
01/29/2010,TZR,OH,AGL,CE,Federal Contract Tower,0,0,4,0,4,0,0,9,0,9,0,0,13,0,13,20,0,20,33
01/30/2010,TZR,OH,AGL,CE,Federal Contract Tower,0,0,7,0,7,0,0,42,0,42,0,0,49,0,49,62,0,62,111
01/31/2010,TZR,OH,AGL,CE,Federal Contract Tower,0,0,5,0,5,0,0,49,0,49,0,0,54,0,54,44,0,44,98
02/01/2010,TZR,OH,AGL,CE,Federal Contract Tower,0,0,7,0,7,0,0,34,0,34,0,0,41,0,41,68,0,68,109
02/02/2010,TZR,OH,AGL,CE,Federal Contract Tower,0,0,8,0,8,0,0,24,0,24,0,0,32,0,32,32,0,32,64
02/03/2010,TZR,OH,AGL,CE,Federal Contract Tower,0,0,9,0,9,0,0,11,2,13,0,0,20,2,22,28,6,34,56
02/04/2010,TZR,OH,AGL,CE,Federal Contract Tower,0,0,3,0,3,0,0,34,0,34,0,0,37,0,37,74,0,74,111
02/05/2010,TZR,OH,AGL,CE,Federal Contract Tower,0,0,4,0,4,0,0,0,0,0,0,0,4,0,4,0,0,0,4
02/06/2010,TZR,OH,AGL,CE,Federal Contract Tower,0,0,0,0,0,0,0,1,0,1,0,0,1,0,1,2,0,2,3
02/07/2010,TZR,OH,AGL,CE,Federal Contract Tower,0,0,2,0,2,0,0,3,0,3,0,0,5,0,5,0,0,0,5
02/08/2010,TZR,OH,AGL,CE,Federal Contract Tower,0,0,5,4,9,0,0,13,0,13,0,0,18,4,22,8,10,18,40
02/09/2010,TZR,OH,AGL,CE,Federal Contract Tower,0,0,0,0,0,0,0,0,0,0,0,0,0,0,0,0,0,0,0
02/10/2010,TZR,OH,AGL,CE,Federal Contract Tower,0,4,0,0,4,0,0,0,0,0,0,4,0,0,4,0,0,0,4
02/11/2010,TZR,OH,AGL,CE,Federal Contract Tower,0,0,0,0,0,0,0,5,0,5,0,0,5,0,5,0,0,0,5
02/12/2010,TZR,OH,AGL,CE,Federal Contract Tower,0,0,8,0,8,0,0,6,0,6,0,0,14,0,14,28,0,28,42
02/13/2010,TZR,OH,AGL,CE,Federal Contract Tower,0,0,5,0,5,0,0,8,0,8,0,0,13,0,13,4,0,4,17
02/14/2010,TZR,OH,AGL,CE,Federal Contract Tower,0,0,3,0,3,0,0,113,0,113,0,0,116,0,116,56,0,56,172
02/15/2010,TZR,OH,AGL,CE,Federal Contract Tower,0,0,2,0,2,0,0,0,0,0,0,0,2,0,2,0,0,0,2
02/16/2010,TZR,OH,AGL,CE,Federal Contract Tower,0,0,0,0,0,0,0,2,0,2,0,0,2,0,2,0,0,0,2
02/17/2010,TZR,OH,AGL,CE,Federal Contract Tower,0,1,4,0,5,0,0,3,1,4,0,1,7,1,9,0,8,8,17
02/18/2010,TZR,OH,AGL,CE,Federal Contract Tower,0,1,9,0,10,0,0,3,1,4,0,1,12,1,14,8,0,8,22
02/19/2010,TZR,OH,AGL,CE,Federal Contract Tower,0,0,7,0,7,0,0,30,0,30,0,0,37,0,37,94,0,94,131
02/20/2010,TZR,OH,AGL,CE,Federal Contract Tower,0,0,7,0,7,0,0,37,0,37,0,0,44,0,44,70,0,70,114
02/21/2010,TZR,OH,AGL,CE,Federal Contract Tower,0,0,7,0,7,0,0,12,0,12,0,0,19,0,19,16,0,16,35
02/22/2010,TZR,OH,AGL,CE,Federal Contract Tower,0,0,0,0,0,0,0,0,0,0,0,0,0,0,0,0,0,0,0
02/23/2010,TZR,OH,AGL,CE,Federal Contract Tower,0,0,3,0,3,0,0,5,0,5,0,0,8,0,8,24,6,30,38
02/24/2010,TZR,OH,AGL,CE,Federal Contract Tower,0,0,3,0,3,0,0,0,0,0,0,0,3,0,3,0,0,0,3
02/25/2010,TZR,OH,AGL,CE,Federal Contract Tower,0,0,2,0,2,0,0,1,0,1,0,0,3,0,3,10,0,10,13
02/26/2010,TZR,OH,AGL,CE,Federal Contract Tower,0,0,3,0,3,0,0,0,0,0,0,0,3,0,3,0,0,0,3
02/27/2010,TZR,OH,AGL,CE,Federal Contract Tower,0,0,0,0,0,0,0,0,0,0,0,0,0,0,0,0,0,0,0
02/28/2010,TZR,OH,AGL,CE,Federal Contract Tower,0,0,1,0,1,0,0,20,0,20,0,0,21,0,21,40,0,40,61
03/01/2010,TZR,OH,AGL,CE,Federal Contract Tower,0,0,1,0,1,0,0,4,0,4,0,0,5,0,5,14,0,14,19
03/02/2010,TZR,OH,AGL,CE,Federal Contract Tower,0,2,2,0,4,0,0,10,1,11,0,2,12,1,15,18,8,26,41
03/03/2010,TZR,OH,AGL,CE,Federal Contract Tower,0,0,3,1,4,0,0,16,0,16,0,0,19,1,20,30,0,30,50
03/04/2010,TZR,OH,AGL,CE,Federal Contract Tower,0,0,11,0,11,0,0,31,0,31,0,0,42,0,42,60,0,60,102
03/05/2010,TZR,OH,AGL,CE,Federal Contract Tower,0,0,24,0,24,0,0,45,0,45,0,0,69,0,69,34,0,34,103
03/06/2010,TZR,OH,AGL,CE,Federal Contract Tower,0,0,10,0,10,0,0,78,0,78,0,0,88,0,88,38,0,38,126
03/07/2010,TZR,OH,AGL,CE,Federal Contract Tower,0,0,10,0,10,0,0,44,0,44,0,0,54,0,54,60,0,60,114
03/08/2010,TZR,OH,AGL,CE,Federal Contract Tower,0,0,14,0,14,0,0,37,0,37,0,0,51,0,51,58,0,58,109
03/09/2010,TZR,OH,AGL,CE,Federal Contract Tower,0,0,3,0,3,0,0,47,0,47,0,0,50,0,50,60,0,60,110
03/10/2010,TZR,OH,AGL,CE,Federal Contract Tower,0,0,4,0,4,0,0,11,0,11,0,0,15,0,15,38,0,38,53
03/11/2010,TZR,OH,AGL,CE,Federal Contract Tower,0,0,10,0,10,0,0,17,0,17,0,0,27,0,27,22,0,22,49
03/12/2010,TZR,OH,AGL,CE,Federal Contract Tower,0,0,5,0,5,0,0,11,0,11,0,0,16,0,16,0,0,0,16
03/13/2010,TZR,OH,AGL,CE,Federal Contract Tower,0,0,1,0,1,0,0,0,0,0,0,0,1,0,1,0,0,0,1
03/14/2010,TZR,OH,AGL,CE,Federal Contract Tower,0,0,9,0,9,0,0,0,0,0,0,0,9,0,9,0,0,0,9
03/15/2010,TZR,OH,AGL,CE,Federal Contract Tower,0,0,3,0,3,0,0,7,0,7,0,0,10,0,10,10,0,10,20
03/16/2010,TZR,OH,AGL,CE,Federal Contract Tower,0,0,6,0,6,0,0,32,0,32,0,0,38,0,38,30,0,30,68
03/17/2010,TZR,OH,AGL,CE,Federal Contract Tower,0,1,17,0,18,0,0,80,0,80,0,1,97,0,98,32,0,32,130
03/18/2010,TZR,OH,AGL,CE,Federal Contract Tower,0,0,13,0,13,0,0,63,0,63,0,0,76,0,76,50,0,50,126
03/19/2010,TZR,OH,AGL,CE,Federal Contract Tower,0,0,8,1,9,0,0,35,0,35,0,0,43,1,44,28,0,28,72
03/20/2010,TZR,OH,AGL,CE,Federal Contract Tower,0,0,11,0,11,0,0,55,0,55,0,0,66,0,66,62,0,62,128
03/21/2010,TZR,OH,AGL,CE,Federal Contract Tower,0,0,3,0,3,0,0,31,0,31,0,0,34,0,34,52,0,52,86
03/22/2010,TZR,OH,AGL,CE,Federal Contract Tower,0,0,3,0,3,0,0,0,0,0,0,0,3,0,3,0,0,0,3
03/23/2010,TZR,OH,AGL,CE,Federal Contract Tower,0,2,5,0,7,0,0,4,0,4,0,2,9,0,11,0,0,0,11
03/24/2010,TZR,OH,AGL,CE,Federal Contract Tower,0,0,14,4,18,0,0,33,0,33,0,0,47,4,51,12,0,12,63
03/25/2010,TZR,OH,AGL,CE,Federal Contract Tower,0,0,5,0,5,0,0,6,0,6,0,0,11,0,11,10,0,10,21
03/26/2010,TZR,OH,AGL,CE,Federal Contract Tower,0,0,15,0,15,0,0,26,0,26,0,0,41,0,41,20,0,20,61
03/27/2010,TZR,OH,AGL,CE,Federal Contract Tower,0,0,5,0,5,0,0,100,0,100,0,0,105,0,105,24,0,24,129
03/28/2010,TZR,OH,AGL,CE,Federal Contract Tower,0,0,1,0,1,0,0,2,0,2,0,0,3,0,3,0,0,0,3
03/29/2010,TZR,OH,AGL,CE,Federal Contract Tower,0,0,8,0,8,0,0,3,0,3,0,0,11,0,11,16,0,16,27
03/30/2010,TZR,OH,AGL,CE,Federal Contract Tower,0,0,10,0,10,0,0,22,0,22,0,0,32,0,32,36,0,36,68
03/31/2010,TZR,OH,AGL,CE,Federal Contract Tower,0,0,9,0,9,0,0,39,0,39,0,0,48,0,48,68,0,68,116
04/01/2010,TZR,OH,AGL,CE,Federal Contract Tower,0,0,4,0,4,0,0,44,0,44,0,0,48,0,48,40,0,40,88
04/02/2010,TZR,OH,AGL,CE,Federal Contract Tower,0,0,11,0,11,0,0,60,0,60,0,0,71,0,71,82,0,82,153
04/03/2010,TZR,OH,AGL,CE,Federal Contract Tower,0,0,3,0,3,0,0,26,0,26,0,0,29,0,29,0,0,0,29
04/04/2010,TZR,OH,AGL,CE,Federal Contract Tower,0,0,6,0,6,0,0,22,0,22,0,0,28,0,28,10,0,10,38
04/05/2010,TZR,OH,AGL,CE,Federal Contract Tower,0,0,10,2,12,0,0,19,1,20,0,0,29,3,32,18,6,24,56
04/06/2010,TZR,OH,AGL,CE,Federal Contract Tower,0,0,5,0,5,0,0,22,0,22,0,0,27,0,27,24,0,24,51
04/07/2010,TZR,OH,AGL,CE,Federal Contract Tower,0,0,2,0,2,0,0,18,0,18,0,0,20,0,20,20,0,20,40
04/08/2010,TZR,OH,AGL,CE,Federal Contract Tower,0,0,4,0,4,0,0,6,0,6,0,0,10,0,10,0,0,0,10
04/09/2010,TZR,OH,AGL,CE,Federal Contract Tower,0,0,9,0,9,0,0,22,0,22,0,0,31,0,31,6,0,6,37
04/10/2010,TZR,OH,AGL,CE,Federal Contract Tower,0,0,4,0,4,0,0,70,0,70,0,0,74,0,74,112,0,112,186
04/11/2010,TZR,OH,AGL,CE,Federal Contract Tower,0,1,6,0,7,0,0,58,0,58,0,1,64,0,65,96,0,96,161
04/12/2010,TZR,OH,AGL,CE,Federal Contract Tower,0,0,4,0,4,0,0,30,0,30,0,0,34,0,34,12,0,12,46
04/13/2010,TZR,OH,AGL,CE,Federal Contract Tower,0,0,7,0,7,0,0,18,0,18,0,0,25,0,25,32,0,32,57
04/14/2010,TZR,OH,AGL,CE,Federal Contract Tower,0,0,10,0,10,0,0,47,0,47,0,0,57,0,57,58,0,58,115
04/15/2010,TZR,OH,AGL,CE,Federal Contract Tower,0,0,17,0,17,0,0,39,0,39,0,0,56,0,56,54,0,54,110
04/16/2010,TZR,OH,AGL,CE,Federal Contract Tower,0,0,5,4,9,0,0,7,0,7,0,0,12,4,16,0,0,0,16
04/17/2010,TZR,OH,AGL,CE,Federal Contract Tower,0,0,7,0,7,0,0,14,0,14,0,0,21,0,21,10,0,10,31
04/18/2010,TZR,OH,AGL,CE,Federal Contract Tower,0,0,6,0,6,0,0,58,0,58,0,0,64,0,64,34,0,34,98
04/19/2010,TZR,OH,AGL,CE,Federal Contract Tower,0,0,7,0,7,0,0,25,0,25,0,0,32,0,32,42,0,42,74
04/20/2010,TZR,OH,AGL,CE,Federal Contract Tower,0,0,6,0,6,0,0,37,0,37,0,0,43,0,43,58,0,58,101
04/21/2010,TZR,OH,AGL,CE,Federal Contract Tower,0,0,8,1,9,0,1,45,0,46,0,1,53,1,55,64,0,64,119
04/22/2010,TZR,OH,AGL,CE,Federal Contract Tower,0,0,5,0,5,0,0,46,0,46,0,0,51,0,51,38,0,38,89
04/23/2010,TZR,OH,AGL,CE,Federal Contract Tower,0,0,2,0,2,0,0,24,0,24,0,0,26,0,26,28,0,28,54
04/24/2010,TZR,OH,AGL,CE,Federal Contract Tower,0,0,5,0,5,0,0,13,0,13,0,0,18,0,18,12,0,12,30
04/25/2010,TZR,OH,AGL,CE,Federal Contract Tower,0,2,3,0,5,0,0,4,0,4,0,2,7,0,9,0,0,0,9
04/26/2010,TZR,OH,AGL,CE,Federal Contract Tower,0,1,8,0,9,0,0,4,0,4,0,1,12,0,13,6,0,6,19
04/27/2010,TZR,OH,AGL,CE,Federal Contract Tower,0,0,9,0,9,0,0,19,0,19,0,0,28,0,28,32,0,32,60
04/28/2010,TZR,OH,AGL,CE,Federal Contract Tower,0,0,13,0,13,0,0,39,0,39,0,0,52,0,52,24,0,24,76
04/29/2010,TZR,OH,AGL,CE,Federal Contract Tower,0,0,8,0,8,0,0,50,0,50,0,0,58,0,58,122,0,122,180
04/30/2010,TZR,OH,AGL,CE,Federal Contract Tower,0,0,4,0,4,0,0,27,0,27,0,0,31,0,31,52,0,52,83
05/01/2010,TZR,OH,AGL,CE,Federal Contract Tower,0,0,2,0,2,0,0,0,0,0,0,0,2,0,2,0,0,0,2
05/02/2010,TZR,OH,AGL,CE,Federal Contract Tower,0,0,2,0,2,0,0,4,0,4,0,0,6,0,6,0,0,0,6
05/03/2010,TZR,OH,AGL,CE,Federal Contract Tower,0,0,2,2,4,0,0,26,0,26,0,0,28,2,30,44,0,44,74
05/04/2010,TZR,OH,AGL,CE,Federal Contract Tower,0,0,17,0,17,0,0,34,0,34,0,0,51,0,51,16,0,16,67
05/05/2010,TZR,OH,AGL,CE,Federal Contract Tower,0,0,10,0,10,0,0,37,0,37,0,0,47,0,47,22,2,24,71
05/06/2010,TZR,OH,AGL,CE,Federal Contract Tower,0,0,3,2,5,0,0,46,0,46,0,0,49,2,51,62,0,62,113
05/07/2010,TZR,OH,AGL,CE,Federal Contract Tower,0,0,7,0,7,0,0,9,0,9,0,0,16,0,16,12,0,12,28
05/08/2010,TZR,OH,AGL,CE,Federal Contract Tower,0,0,1,0,1,0,0,4,0,4,0,0,5,0,5,0,0,0,5
05/09/2010,TZR,OH,AGL,CE,Federal Contract Tower,0,0,4,0,4,0,0,36,0,36,0,0,40,0,40,4,0,4,44
05/10/2010,TZR,OH,AGL,CE,Federal Contract Tower,0,0,12,0,12,0,0,145,0,145,0,0,157,0,157,78,4,82,239
05/11/2010,TZR,OH,AGL,CE,Federal Contract Tower,0,0,4,0,4,0,0,1,2,3,0,0,5,2,7,0,2,2,9
05/12/2010,TZR,OH,AGL,CE,Federal Contract Tower,0,1,2,0,3,0,0,0,0,0,0,1,2,0,3,38,0,38,41
05/13/2010,TZR,OH,AGL,CE,Federal Contract Tower,0,0,1,0,1,0,0,3,0,3,0,0,4,0,4,26,0,26,30
05/14/2010,TZR,OH,AGL,CE,Federal Contract Tower,0,0,9,0,9,0,0,24,0,24,0,0,33,0,33,64,0,64,97
05/15/2010,TZR,OH,AGL,CE,Federal Contract Tower,0,0,14,0,14,0,0,84,0,84,0,0,98,0,98,54,0,54,152
05/16/2010,TZR,OH,AGL,CE,Federal Contract Tower,0,0,10,0,10,0,0,49,0,49,0,0,59,0,59,54,0,54,113
05/17/2010,TZR,OH,AGL,CE,Federal Contract Tower,0,0,5,0,5,0,0,0,0,0,0,0,5,0,5,0,0,0,5
05/18/2010,TZR,OH,AGL,CE,Federal Contract Tower,0,0,6,0,6,0,0,6,0,6,0,0,12,0,12,50,0,50,62
05/19/2010,TZR,OH,AGL,CE,Federal Contract Tower,0,0,10,0,10,0,0,5,0,5,0,0,15,0,15,0,0,0,15
05/20/2010,TZR,OH,AGL,CE,Federal Contract Tower,0,0,25,0,25,0,0,67,0,67,0,0,92,0,92,136,0,136,228
05/21/2010,TZR,OH,AGL,CE,Federal Contract Tower,0,0,3,0,3,0,0,10,0,10,0,0,13,0,13,10,0,10,23
05/22/2010,TZR,OH,AGL,CE,Federal Contract Tower,0,0,16,0,16,0,0,28,0,28,0,0,44,0,44,60,0,60,104
05/23/2010,TZR,OH,AGL,CE,Federal Contract Tower,0,0,2,0,2,0,0,67,0,67,0,0,69,0,69,96,0,96,165
05/24/2010,TZR,OH,AGL,CE,Federal Contract Tower,0,0,5,0,5,0,0,39,0,39,0,0,44,0,44,48,0,48,92
05/25/2010,TZR,OH,AGL,CE,Federal Contract Tower,0,4,12,0,16,0,0,43,0,43,0,4,55,0,59,54,0,54,113
05/26/2010,TZR,OH,AGL,CE,Federal Contract Tower,0,2,6,2,10,0,0,48,0,48,0,2,54,2,58,58,0,58,116
05/27/2010,TZR,OH,AGL,CE,Federal Contract Tower,0,0,14,0,14,0,0,38,0,38,0,0,52,0,52,46,0,46,98
05/28/2010,TZR,OH,AGL,CE,Federal Contract Tower,0,2,6,0,8,0,0,19,0,19,0,2,25,0,27,0,0,0,27
05/29/2010,TZR,OH,AGL,CE,Federal Contract Tower,0,0,2,0,2,0,0,40,0,40,0,0,42,0,42,10,0,10,52
05/30/2010,TZR,OH,AGL,CE,Federal Contract Tower,0,0,1,0,1,0,0,53,6,59,0,0,54,6,60,30,0,30,90
05/31/2010,TZR,OH,AGL,CE,Federal Contract Tower,0,0,5,0,5,0,0,14,0,14,0,0,19,0,19,16,0,16,35
06/01/2010,TZR,OH,AGL,CE,Federal Contract Tower,0,2,13,2,17,0,0,33,0,33,0,2,46,2,50,38,0,38,88
06/02/2010,TZR,OH,AGL,CE,Federal Contract Tower,0,0,1,0,1,0,0,31,0,31,0,0,32,0,32,30,0,30,62
06/03/2010,TZR,OH,AGL,CE,Federal Contract Tower,0,0,6,0,6,0,0,15,0,15,0,0,21,0,21,24,0,24,45
06/04/2010,TZR,OH,AGL,CE,Federal Contract Tower,0,0,1,0,1,0,0,20,0,20,0,0,21,0,21,30,0,30,51
06/05/2010,TZR,OH,AGL,CE,Federal Contract Tower,0,1,0,0,1,0,0,3,0,3,0,1,3,0,4,6,0,6,10
06/06/2010,TZR,OH,AGL,CE,Federal Contract Tower,0,0,2,0,2,0,0,6,0,6,0,0,8,0,8,4,0,4,12
06/07/2010,TZR,OH,AGL,CE,Federal Contract Tower,0,0,15,0,15,0,0,34,0,34,0,0,49,0,49,70,0,70,119
06/08/2010,TZR,OH,AGL,CE,Federal Contract Tower,0,0,10,0,10,0,0,34,0,34,0,0,44,0,44,6,0,6,50
06/09/2010,TZR,OH,AGL,CE,Federal Contract Tower,0,2,7,0,9,0,0,3,0,3,0,2,10,0,12,0,0,0,12
06/10/2010,TZR,OH,AGL,CE,Federal Contract Tower,0,0,8,0,8,0,0,23,0,23,0,0,31,0,31,22,0,22,53
06/11/2010,TZR,OH,AGL,CE,Federal Contract Tower,0,0,6,0,6,0,0,9,0,9,0,0,15,0,15,0,0,0,15
06/12/2010,TZR,OH,AGL,CE,Federal Contract Tower,0,0,7,0,7,0,0,4,0,4,0,0,11,0,11,0,0,0,11
06/13/2010,TZR,OH,AGL,CE,Federal Contract Tower,0,0,12,0,12,0,0,15,0,15,0,0,27,0,27,38,0,38,65
06/14/2010,TZR,OH,AGL,CE,Federal Contract Tower,0,0,2,0,2,0,0,19,0,19,0,0,21,0,21,8,0,8,29
06/15/2010,TZR,OH,AGL,CE,Federal Contract Tower,0,0,11,0,11,0,0,17,0,17,0,0,28,0,28,2,0,2,30
06/16/2010,TZR,OH,AGL,CE,Federal Contract Tower,0,1,3,0,4,0,0,15,0,15,0,1,18,0,19,28,0,28,47
06/17/2010,TZR,OH,AGL,CE,Federal Contract Tower,0,0,14,0,14,0,0,52,0,52,0,0,66,0,66,68,0,68,134
06/18/2010,TZR,OH,AGL,CE,Federal Contract Tower,0,0,10,0,10,0,0,27,0,27,0,0,37,0,37,4,0,4,41
06/19/2010,TZR,OH,AGL,CE,Federal Contract Tower,0,0,2,0,2,0,0,21,0,21,0,0,23,0,23,20,0,20,43
06/20/2010,TZR,OH,AGL,CE,Federal Contract Tower,0,0,4,0,4,0,0,52,0,52,0,0,56,0,56,12,4,16,72
06/21/2010,TZR,OH,AGL,CE,Federal Contract Tower,0,0,5,0,5,0,0,37,0,37,0,0,42,0,42,16,0,16,58
06/22/2010,TZR,OH,AGL,CE,Federal Contract Tower,0,0,5,2,7,0,0,25,0,25,0,0,30,2,32,12,0,12,44
06/23/2010,TZR,OH,AGL,CE,Federal Contract Tower,0,0,8,0,8,0,0,26,0,26,0,0,34,0,34,44,0,44,78
06/24/2010,TZR,OH,AGL,CE,Federal Contract Tower,0,0,9,0,9,0,0,29,0,29,0,0,38,0,38,24,0,24,62
06/25/2010,TZR,OH,AGL,CE,Federal Contract Tower,0,0,13,0,13,0,0,48,0,48,0,0,61,0,61,14,0,14,75
06/26/2010,TZR,OH,AGL,CE,Federal Contract Tower,0,0,9,0,9,0,0,78,0,78,0,0,87,0,87,20,0,20,107
06/27/2010,TZR,OH,AGL,CE,Federal Contract Tower,0,0,3,0,3,0,0,22,0,22,0,0,25,0,25,18,0,18,43
06/28/2010,TZR,OH,AGL,CE,Federal Contract Tower,0,0,5,0,5,0,0,23,2,25,0,0,28,2,30,30,12,42,72
06/29/2010,TZR,OH,AGL,CE,Federal Contract Tower,0,2,14,0,16,0,0,46,0,46,0,2,60,0,62,100,0,100,162
06/30/2010,TZR,OH,AGL,CE,Federal Contract Tower,0,0,14,0,14,0,0,67,0,67,0,0,81,0,81,62,0,62,143
07/01/2010,TZR,OH,AGL,CE,Federal Contract Tower,0,0,8,0,8,0,0,48,0,48,0,0,56,0,56,34,0,34,90
07/02/2010,TZR,OH,AGL,CE,Federal Contract Tower,0,0,7,0,7,0,0,46,0,46,0,0,53,0,53,30,0,30,83
07/03/2010,TZR,OH,AGL,CE,Federal Contract Tower,0,0,10,0,10,0,0,41,0,41,0,0,51,0,51,34,0,34,85
07/04/2010,TZR,OH,AGL,CE,Federal Contract Tower,0,0,4,0,4,0,0,23,0,23,0,0,27,0,27,28,0,28,55
07/05/2010,TZR,OH,AGL,CE,Federal Contract Tower,0,0,4,0,4,0,0,37,0,37,0,0,41,0,41,42,0,42,83
07/06/2010,TZR,OH,AGL,CE,Federal Contract Tower,0,0,4,0,4,0,0,31,0,31,0,0,35,0,35,46,0,46,81
07/07/2010,TZR,OH,AGL,CE,Federal Contract Tower,0,0,7,0,7,0,0,22,0,22,0,0,29,0,29,34,0,34,63
07/08/2010,TZR,OH,AGL,CE,Federal Contract Tower,0,0,5,0,5,0,0,27,0,27,0,0,32,0,32,34,0,34,66
07/09/2010,TZR,OH,AGL,CE,Federal Contract Tower,0,0,4,0,4,0,0,1,0,1,0,0,5,0,5,0,0,0,5
07/10/2010,TZR,OH,AGL,CE,Federal Contract Tower,0,0,11,0,11,0,0,163,0,163,0,0,174,0,174,34,0,34,208
07/11/2010,TZR,OH,AGL,CE,Federal Contract Tower,0,0,14,6,20,0,0,47,0,47,0,0,61,6,67,42,0,42,109
07/12/2010,TZR,OH,AGL,CE,Federal Contract Tower,0,0,2,0,2,0,0,5,0,5,0,0,7,0,7,0,0,0,7
07/13/2010,TZR,OH,AGL,CE,Federal Contract Tower,0,0,3,0,3,0,0,1,0,1,0,0,4,0,4,0,0,0,4
07/14/2010,TZR,OH,AGL,CE,Federal Contract Tower,0,0,11,0,11,0,0,33,2,35,0,0,44,2,46,74,0,74,120
07/15/2010,TZR,OH,AGL,CE,Federal Contract Tower,0,0,10,0,10,0,0,29,0,29,0,0,39,0,39,28,0,28,67
07/16/2010,TZR,OH,AGL,CE,Federal Contract Tower,0,0,12,0,12,0,0,9,0,9,0,0,21,0,21,4,0,4,25
07/17/2010,TZR,OH,AGL,CE,Federal Contract Tower,0,0,8,0,8,0,0,31,0,31,0,0,39,0,39,14,0,14,53
07/18/2010,TZR,OH,AGL,CE,Federal Contract Tower,0,0,6,0,6,0,0,39,0,39,0,0,45,0,45,62,0,62,107
07/19/2010,TZR,OH,AGL,CE,Federal Contract Tower,0,0,5,0,5,0,0,8,0,8,0,0,13,0,13,22,0,22,35
07/20/2010,TZR,OH,AGL,CE,Federal Contract Tower,0,4,2,1,7,0,0,27,0,27,0,4,29,1,34,6,0,6,40
07/21/2010,TZR,OH,AGL,CE,Federal Contract Tower,0,0,9,0,9,0,0,10,0,10,0,0,19,0,19,52,0,52,71
07/22/2010,TZR,OH,AGL,CE,Federal Contract Tower,0,0,13,0,13,0,0,18,0,18,0,0,31,0,31,46,0,46,77
07/23/2010,TZR,OH,AGL,CE,Federal Contract Tower,0,0,8,0,8,0,0,24,0,24,0,0,32,0,32,44,0,44,76
07/24/2010,TZR,OH,AGL,CE,Federal Contract Tower,0,0,6,0,6,0,0,22,0,22,0,0,28,0,28,20,0,20,48
07/25/2010,TZR,OH,AGL,CE,Federal Contract Tower,0,0,10,0,10,0,0,13,0,13,0,0,23,0,23,30,0,30,53
07/26/2010,TZR,OH,AGL,CE,Federal Contract Tower,0,0,4,0,4,0,0,58,0,58,0,0,62,0,62,62,0,62,124
07/27/2010,TZR,OH,AGL,CE,Federal Contract Tower,0,1,6,0,7,0,0,39,0,39,0,1,45,0,46,66,0,66,112
07/28/2010,TZR,OH,AGL,CE,Federal Contract Tower,0,5,10,0,15,0,2,19,0,21,0,7,29,0,36,66,0,66,102
07/29/2010,TZR,OH,AGL,CE,Federal Contract Tower,0,0,8,0,8,0,0,26,0,26,0,0,34,0,34,36,0,36,70
07/30/2010,TZR,OH,AGL,CE,Federal Contract Tower,0,0,8,2,10,0,0,27,0,27,0,0,35,2,37,92,0,92,129
07/31/2010,TZR,OH,AGL,CE,Federal Contract Tower,0,0,0,0,0,0,0,31,0,31,0,0,31,0,31,46,0,46,77
08/01/2010,TZR,OH,AGL,CE,Federal Contract Tower,0,0,5,0,5,0,0,50,0,50,0,0,55,0,55,24,0,24,79
08/02/2010,TZR,OH,AGL,CE,Federal Contract Tower,0,0,4,0,4,0,0,44,0,44,0,0,48,0,48,120,0,120,168
08/03/2010,TZR,OH,AGL,CE,Federal Contract Tower,0,0,9,0,9,0,0,8,0,8,0,0,17,0,17,14,0,14,31
08/04/2010,TZR,OH,AGL,CE,Federal Contract Tower,0,2,6,0,8,0,0,7,0,7,0,2,13,0,15,2,0,2,17
08/05/2010,TZR,OH,AGL,CE,Federal Contract Tower,0,0,20,0,20,0,0,16,0,16,0,0,36,0,36,22,0,22,58
08/06/2010,TZR,OH,AGL,CE,Federal Contract Tower,0,2,27,0,29,0,0,26,0,26,0,2,53,0,55,38,0,38,93
08/07/2010,TZR,OH,AGL,CE,Federal Contract Tower,0,0,9,0,9,0,0,49,2,51,0,0,58,2,60,66,0,66,126
08/08/2010,TZR,OH,AGL,CE,Federal Contract Tower,0,0,11,0,11,0,0,48,2,50,0,0,59,2,61,46,0,46,107
08/09/2010,TZR,OH,AGL,CE,Federal Contract Tower,0,2,1,0,3,0,0,34,0,34,0,2,35,0,37,44,0,44,81
08/10/2010,TZR,OH,AGL,CE,Federal Contract Tower,0,2,8,1,11,0,0,39,0,39,0,2,47,1,50,28,0,28,78
08/11/2010,TZR,OH,AGL,CE,Federal Contract Tower,0,2,2,2,6,0,0,16,0,16,0,2,18,2,22,8,0,8,30
08/12/2010,TZR,OH,AGL,CE,Federal Contract Tower,0,0,5,0,5,0,0,17,0,17,0,0,22,0,22,0,0,0,22
08/13/2010,TZR,OH,AGL,CE,Federal Contract Tower,0,0,11,0,11,0,0,27,0,27,0,0,38,0,38,58,0,58,96
08/14/2010,TZR,OH,AGL,CE,Federal Contract Tower,0,0,4,0,4,0,0,18,0,18,0,0,22,0,22,42,0,42,64
08/15/2010,TZR,OH,AGL,CE,Federal Contract Tower,0,0,5,0,5,0,0,14,0,14,0,0,19,0,19,14,0,14,33
08/16/2010,TZR,OH,AGL,CE,Federal Contract Tower,0,0,3,0,3,0,0,26,0,26,0,0,29,0,29,50,0,50,79
08/17/2010,TZR,OH,AGL,CE,Federal Contract Tower,0,0,6,0,6,0,0,53,2,55,0,0,59,2,61,122,2,124,185
08/18/2010,TZR,OH,AGL,CE,Federal Contract Tower,0,0,2,0,2,0,0,12,0,12,0,0,14,0,14,8,0,8,22
08/19/2010,TZR,OH,AGL,CE,Federal Contract Tower,0,0,2,0,2,0,0,54,0,54,0,0,56,0,56,74,0,74,130
08/20/2010,TZR,OH,AGL,CE,Federal Contract Tower,0,0,9,0,9,0,0,50,0,50,0,0,59,0,59,12,0,12,71
08/21/2010,TZR,OH,AGL,CE,Federal Contract Tower,0,0,9,0,9,0,0,27,0,27,0,0,36,0,36,32,0,32,68
08/22/2010,TZR,OH,AGL,CE,Federal Contract Tower,0,0,6,0,6,0,0,18,0,18,0,0,24,0,24,28,0,28,52
08/23/2010,TZR,OH,AGL,CE,Federal Contract Tower,0,0,13,0,13,0,0,23,0,23,0,0,36,0,36,22,0,22,58
08/24/2010,TZR,OH,AGL,CE,Federal Contract Tower,0,0,18,0,18,0,0,30,0,30,0,0,48,0,48,50,0,50,98
08/25/2010,TZR,OH,AGL,CE,Federal Contract Tower,0,0,2,0,2,0,0,34,0,34,0,0,36,0,36,50,0,50,86
08/26/2010,TZR,OH,AGL,CE,Federal Contract Tower,0,0,7,0,7,0,0,48,0,48,0,0,55,0,55,26,0,26,81
08/27/2010,TZR,OH,AGL,CE,Federal Contract Tower,0,0,13,0,13,0,0,52,0,52,0,0,65,0,65,90,0,90,155
08/28/2010,TZR,OH,AGL,CE,Federal Contract Tower,0,0,4,0,4,0,0,48,0,48,0,0,52,0,52,36,0,36,88
08/29/2010,TZR,OH,AGL,CE,Federal Contract Tower,0,0,12,0,12,0,0,51,0,51,0,0,63,0,63,30,0,30,93
08/30/2010,TZR,OH,AGL,CE,Federal Contract Tower,0,0,3,0,3,0,0,11,0,11,0,0,14,0,14,2,0,2,16
08/31/2010,TZR,OH,AGL,CE,Federal Contract Tower,0,0,15,0,15,0,0,4,0,4,0,0,19,0,19,14,0,14,33
09/01/2010,TZR,OH,AGL,CE,Federal Contract Tower,0,0,5,0,5,0,0,21,0,21,0,0,26,0,26,10,0,10,36
09/02/2010,TZR,OH,AGL,CE,Federal Contract Tower,0,0,5,0,5,0,0,31,0,31,0,0,36,0,36,20,0,20,56
09/03/2010,TZR,OH,AGL,CE,Federal Contract Tower,0,0,2,0,2,0,0,29,0,29,0,0,31,0,31,20,12,32,63
09/04/2010,TZR,OH,AGL,CE,Federal Contract Tower,0,0,5,0,5,0,0,32,2,34,0,0,37,2,39,24,0,24,63
09/05/2010,TZR,OH,AGL,CE,Federal Contract Tower,0,0,1,0,1,0,0,32,0,32,0,0,33,0,33,58,0,58,91
09/06/2010,TZR,OH,AGL,CE,Federal Contract Tower,0,0,6,0,6,0,0,29,0,29,0,0,35,0,35,58,0,58,93
09/07/2010,TZR,OH,AGL,CE,Federal Contract Tower,0,0,7,0,7,0,0,12,0,12,0,0,19,0,19,26,0,26,45
09/08/2010,TZR,OH,AGL,CE,Federal Contract Tower,0,0,11,0,11,0,0,35,0,35,0,0,46,0,46,20,0,20,66
09/09/2010,TZR,OH,AGL,CE,Federal Contract Tower,0,0,3,0,3,0,0,40,0,40,0,0,43,0,43,28,0,28,71
09/10/2010,TZR,OH,AGL,CE,Federal Contract Tower,0,0,8,0,8,0,0,39,2,41,0,0,47,2,49,88,2,90,139
09/11/2010,TZR,OH,AGL,CE,Federal Contract Tower,0,0,0,0,0,0,0,49,0,49,0,0,49,0,49,44,0,44,93
09/12/2010,TZR,OH,AGL,CE,Federal Contract Tower,0,0,4,0,4,0,0,43,0,43,0,0,47,0,47,72,0,72,119
09/13/2010,TZR,OH,AGL,CE,Federal Contract Tower,0,0,0,0,0,0,0,6,0,6,0,0,6,0,6,0,0,0,6
09/14/2010,TZR,OH,AGL,CE,Federal Contract Tower,0,0,3,2,5,0,0,12,0,12,0,0,15,2,17,6,0,6,23
09/15/2010,TZR,OH,AGL,CE,Federal Contract Tower,0,2,0,0,2,0,0,5,0,5,0,2,5,0,7,2,0,2,9
09/16/2010,TZR,OH,AGL,CE,Federal Contract Tower,0,2,6,0,8,0,0,4,0,4,0,2,10,0,12,12,0,12,24
09/17/2010,TZR,OH,AGL,CE,Federal Contract Tower,0,0,6,0,6,0,0,38,0,38,0,0,44,0,44,34,0,34,78
09/18/2010,TZR,OH,AGL,CE,Federal Contract Tower,0,2,3,0,5,0,0,50,0,50,0,2,53,0,55,32,0,32,87
09/19/2010,TZR,OH,AGL,CE,Federal Contract Tower,0,0,7,0,7,0,0,43,0,43,0,0,50,0,50,42,0,42,92
09/20/2010,TZR,OH,AGL,CE,Federal Contract Tower,0,0,7,2,9,0,0,41,0,41,0,0,48,2,50,60,0,60,110
09/21/2010,TZR,OH,AGL,CE,Federal Contract Tower,0,0,10,0,10,0,0,44,0,44,0,0,54,0,54,210,0,210,264
09/22/2010,TZR,OH,AGL,CE,Federal Contract Tower,0,0,4,0,4,0,0,21,0,21,0,0,25,0,25,134,0,134,159
09/23/2010,TZR,OH,AGL,CE,Federal Contract Tower,0,0,4,0,4,0,0,41,0,41,0,0,45,0,45,202,0,202,247
09/24/2010,TZR,OH,AGL,CE,Federal Contract Tower,0,0,1,0,1,0,0,5,0,5,0,0,6,0,6,2,0,2,8
09/25/2010,TZR,OH,AGL,CE,Federal Contract Tower,0,0,6,0,6,0,0,68,0,68,0,0,74,0,74,20,0,20,94
09/26/2010,TZR,OH,AGL,CE,Federal Contract Tower,0,0,12,0,12,0,0,37,0,37,0,0,49,0,49,46,0,46,95
09/27/2010,TZR,OH,AGL,CE,Federal Contract Tower,0,0,5,0,5,0,0,0,0,0,0,0,5,0,5,0,0,0,5
09/28/2010,TZR,OH,AGL,CE,Federal Contract Tower,0,0,11,0,11,0,0,10,0,10,0,0,21,0,21,4,0,4,25
09/29/2010,TZR,OH,AGL,CE,Federal Contract Tower,0,0,14,0,14,0,0,53,0,53,0,0,67,0,67,98,0,98,165
09/30/2010,TZR,OH,AGL,CE,Federal Contract Tower,0,0,4,0,4,0,0,21,0,21,0,0,25,0,25,16,0,16,41
10/01/2010,TZR,OH,AGL,CE,Federal Contract Tower,0,0,0,0,0,0,0,26,0,26,0,0,26,0,26,44,0,44,70
10/02/2010,TZR,OH,AGL,CE,Federal Contract Tower,0,0,10,0,10,0,0,28,0,28,0,0,38,0,38,16,0,16,54
10/03/2010,TZR,OH,AGL,CE,Federal Contract Tower,0,0,9,0,9,0,0,7,0,7,0,0,16,0,16,8,0,8,24
10/04/2010,TZR,OH,AGL,CE,Federal Contract Tower,0,0,5,0,5,0,0,23,0,23,0,0,28,0,28,48,0,48,76
10/05/2010,TZR,OH,AGL,CE,Federal Contract Tower,0,0,11,0,11,0,0,10,0,10,0,0,21,0,21,0,0,0,21
10/06/2010,TZR,OH,AGL,CE,Federal Contract Tower,0,0,8,0,8,0,0,32,0,32,0,0,40,0,40,54,0,54,94
10/07/2010,TZR,OH,AGL,CE,Federal Contract Tower,0,3,9,0,12,0,0,27,0,27,0,3,36,0,39,12,0,12,51
10/08/2010,TZR,OH,AGL,CE,Federal Contract Tower,0,0,6,0,6,0,0,51,0,51,0,0,57,0,57,68,0,68,125
10/09/2010,TZR,OH,AGL,CE,Federal Contract Tower,0,0,7,0,7,0,0,58,0,58,0,0,65,0,65,62,0,62,127
10/10/2010,TZR,OH,AGL,CE,Federal Contract Tower,0,0,0,0,0,0,0,66,0,66,0,0,66,0,66,56,0,56,122
10/11/2010,TZR,OH,AGL,CE,Federal Contract Tower,0,5,5,0,10,0,0,32,0,32,0,5,37,0,42,28,0,28,70
10/12/2010,TZR,OH,AGL,CE,Federal Contract Tower,0,0,7,0,7,0,0,23,0,23,0,0,30,0,30,24,0,24,54
10/13/2010,TZR,OH,AGL,CE,Federal Contract Tower,0,2,8,0,10,0,0,26,0,26,0,2,34,0,36,36,0,36,72
10/14/2010,TZR,OH,AGL,CE,Federal Contract Tower,0,0,4,0,4,0,0,9,0,9,0,0,13,0,13,14,0,14,27
10/15/2010,TZR,OH,AGL,CE,Federal Contract Tower,0,0,5,0,5,0,0,14,0,14,0,0,19,0,19,2,0,2,21
10/16/2010,TZR,OH,AGL,CE,Federal Contract Tower,0,0,3,0,3,0,0,46,0,46,0,0,49,0,49,26,0,26,75
10/17/2010,TZR,OH,AGL,CE,Federal Contract Tower,0,0,6,0,6,0,0,37,0,37,0,0,43,0,43,38,0,38,81
10/18/2010,TZR,OH,AGL,CE,Federal Contract Tower,0,0,8,0,8,0,0,24,0,24,0,0,32,0,32,30,0,30,62
10/19/2010,TZR,OH,AGL,CE,Federal Contract Tower,0,0,10,0,10,0,0,31,0,31,0,0,41,0,41,58,0,58,99
10/20/2010,TZR,OH,AGL,CE,Federal Contract Tower,0,0,8,0,8,0,0,42,0,42,0,0,50,0,50,46,0,46,96
10/21/2010,TZR,OH,AGL,CE,Federal Contract Tower,0,0,6,0,6,0,0,14,0,14,0,0,20,0,20,0,0,0,20
10/22/2010,TZR,OH,AGL,CE,Federal Contract Tower,0,0,6,0,6,0,0,42,0,42,0,0,48,0,48,66,0,66,114
10/23/2010,TZR,OH,AGL,CE,Federal Contract Tower,0,0,10,0,10,0,0,77,0,77,0,0,87,0,87,76,0,76,163
10/24/2010,TZR,OH,AGL,CE,Federal Contract Tower,0,0,9,0,9,0,0,24,0,24,0,0,33,0,33,18,0,18,51
10/25/2010,TZR,OH,AGL,CE,Federal Contract Tower,0,2,1,0,3,0,0,3,0,3,0,2,4,0,6,0,0,0,6
10/26/2010,TZR,OH,AGL,CE,Federal Contract Tower,0,0,1,0,1,0,0,0,0,0,0,0,1,0,1,0,0,0,1
10/27/2010,TZR,OH,AGL,CE,Federal Contract Tower,0,0,5,0,5,0,0,23,0,23,0,0,28,0,28,22,0,22,50
10/28/2010,TZR,OH,AGL,CE,Federal Contract Tower,0,0,4,0,4,0,0,2,0,2,0,0,6,0,6,0,0,0,6
10/29/2010,TZR,OH,AGL,CE,Federal Contract Tower,0,0,8,0,8,0,0,38,0,38,0,0,46,0,46,52,0,52,98
10/30/2010,TZR,OH,AGL,CE,Federal Contract Tower,0,0,10,0,10,0,0,39,0,39,0,0,49,0,49,60,0,60,109
10/31/2010,TZR,OH,AGL,CE,Federal Contract Tower,0,0,7,0,7,0,0,33,0,33,0,0,40,0,40,4,0,4,44
11/01/2010,TZR,OH,AGL,CE,Federal Contract Tower,0,0,1,0,1,0,0,23,0,23,0,0,24,0,24,36,0,36,60
11/02/2010,TZR,OH,AGL,CE,Federal Contract Tower,0,0,10,0,10,0,0,25,0,25,0,0,35,0,35,32,0,32,67
11/03/2010,TZR,OH,AGL,CE,Federal Contract Tower,0,0,12,0,12,0,0,31,0,31,0,0,43,0,43,46,0,46,89
11/04/2010,TZR,OH,AGL,CE,Federal Contract Tower,0,0,5,0,5,0,0,20,2,22,0,0,25,2,27,34,0,34,61
11/05/2010,TZR,OH,AGL,CE,Federal Contract Tower,0,0,2,0,2,0,0,3,0,3,0,0,5,0,5,8,0,8,13
11/06/2010,TZR,OH,AGL,CE,Federal Contract Tower,0,0,3,0,3,0,0,42,0,42,0,0,45,0,45,20,0,20,65
11/07/2010,TZR,OH,AGL,CE,Federal Contract Tower,0,0,7,0,7,0,0,51,0,51,0,0,58,0,58,94,0,94,152
11/08/2010,TZR,OH,AGL,CE,Federal Contract Tower,0,0,3,0,3,0,0,33,0,33,0,0,36,0,36,20,0,20,56
11/09/2010,TZR,OH,AGL,CE,Federal Contract Tower,0,5,6,2,13,0,0,36,0,36,0,5,42,2,49,52,0,52,101
11/10/2010,TZR,OH,AGL,CE,Federal Contract Tower,0,0,14,0,14,0,0,42,2,44,0,0,56,2,58,8,2,10,68
11/11/2010,TZR,OH,AGL,CE,Federal Contract Tower,0,0,1,4,5,0,0,37,0,37,0,0,38,4,42,80,0,80,122
11/12/2010,TZR,OH,AGL,CE,Federal Contract Tower,0,2,9,0,11,0,0,46,1,47,0,2,55,1,58,32,0,32,90
11/13/2010,TZR,OH,AGL,CE,Federal Contract Tower,0,0,7,0,7,0,0,46,0,46,0,0,53,0,53,88,0,88,141
11/14/2010,TZR,OH,AGL,CE,Federal Contract Tower,0,0,4,0,4,0,0,12,0,12,0,0,16,0,16,12,0,12,28
11/15/2010,TZR,OH,AGL,CE,Federal Contract Tower,0,0,2,0,2,0,0,21,0,21,0,0,23,0,23,18,0,18,41
11/16/2010,TZR,OH,AGL,CE,Federal Contract Tower,0,0,7,0,7,0,0,2,0,2,0,0,9,0,9,0,0,0,9
11/17/2010,TZR,OH,AGL,CE,Federal Contract Tower,0,0,6,0,6,0,0,18,0,18,0,0,24,0,24,34,0,34,58
11/18/2010,TZR,OH,AGL,CE,Federal Contract Tower,0,0,5,0,5,0,0,4,0,4,0,0,9,0,9,10,0,10,19
11/19/2010,TZR,OH,AGL,CE,Federal Contract Tower,0,0,6,0,6,0,0,25,0,25,0,0,31,0,31,28,0,28,59
11/20/2010,TZR,OH,AGL,CE,Federal Contract Tower,0,0,6,0,6,0,0,0,0,0,0,0,6,0,6,0,0,0,6
11/21/2010,TZR,OH,AGL,CE,Federal Contract Tower,0,0,3,0,3,0,0,39,0,39,0,0,42,0,42,34,0,34,76
11/22/2010,TZR,OH,AGL,CE,Federal Contract Tower,0,2,3,0,5,0,0,7,0,7,0,2,10,0,12,28,0,28,40
11/23/2010,TZR,OH,AGL,CE,Federal Contract Tower,0,2,8,0,10,0,0,11,0,11,0,2,19,0,21,16,0,16,37
11/24/2010,TZR,OH,AGL,CE,Federal Contract Tower,0,0,7,0,7,0,0,8,0,8,0,0,15,0,15,4,0,4,19
11/25/2010,TZR,OH,AGL,CE,Federal Contract Tower,0,0,0,0,0,0,0,0,0,0,0,0,0,0,0,0,0,0,0
11/26/2010,TZR,OH,AGL,CE,Federal Contract Tower,0,0,2,0,2,0,0,17,0,17,0,0,19,0,19,14,0,14,33
11/27/2010,TZR,OH,AGL,CE,Federal Contract Tower,0,0,3,0,3,0,0,18,0,18,0,0,21,0,21,14,0,14,35
11/28/2010,TZR,OH,AGL,CE,Federal Contract Tower,0,0,5,0,5,0,0,59,0,59,0,0,64,0,64,36,0,36,100
11/29/2010,TZR,OH,AGL,CE,Federal Contract Tower,0,2,7,0,9,0,0,40,0,40,0,2,47,0,49,14,0,14,63
11/30/2010,TZR,OH,AGL,CE,Federal Contract Tower,0,0,4,0,4,0,0,0,0,0,0,0,4,0,4,0,0,0,4
12/01/2010,TZR,OH,AGL,CE,Federal Contract Tower,0,0,0,0,0,0,0,0,0,0,0,0,0,0,0,0,0,0,0
12/02/2010,TZR,OH,AGL,CE,Federal Contract Tower,0,0,3,0,3,0,0,11,0,11,0,0,14,0,14,26,0,26,40
12/03/2010,TZR,OH,AGL,CE,Federal Contract Tower,0,0,5,0,5,0,0,18,0,18,0,0,23,0,23,2,0,2,25
12/04/2010,TZR,OH,AGL,CE,Federal Contract Tower,0,0,1,0,1,0,0,6,0,6,0,0,7,0,7,4,0,4,11
12/05/2010,TZR,OH,AGL,CE,Federal Contract Tower,0,0,1,0,1,0,0,8,0,8,0,0,9,0,9,6,0,6,15
12/06/2010,TZR,OH,AGL,CE,Federal Contract Tower,0,1,2,0,3,0,0,0,0,0,0,1,2,0,3,0,0,0,3
12/07/2010,TZR,OH,AGL,CE,Federal Contract Tower,0,0,2,0,2,0,0,4,2,6,0,0,6,2,8,4,8,12,20
12/08/2010,TZR,OH,AGL,CE,Federal Contract Tower,0,0,4,0,4,0,0,15,0,15,0,0,19,0,19,0,0,0,19
12/09/2010,TZR,OH,AGL,CE,Federal Contract Tower,0,0,6,0,6,0,0,30,0,30,0,0,36,0,36,26,0,26,62
12/10/2010,TZR,OH,AGL,CE,Federal Contract Tower,0,0,5,0,5,0,0,19,0,19,0,0,24,0,24,12,0,12,36
12/11/2010,TZR,OH,AGL,CE,Federal Contract Tower,0,0,6,0,6,0,0,21,0,21,0,0,27,0,27,0,0,0,27
12/12/2010,TZR,OH,AGL,CE,Federal Contract Tower,0,0,0,0,0,0,0,0,0,0,0,0,0,0,0,0,0,0,0
12/13/2010,TZR,OH,AGL,CE,Federal Contract Tower,0,2,3,0,5,0,0,0,0,0,0,2,3,0,5,0,0,0,5
12/14/2010,TZR,OH,AGL,CE,Federal Contract Tower,0,0,6,0,6,0,0,8,0,8,0,0,14,0,14,12,0,12,26
12/15/2010,TZR,OH,AGL,CE,Federal Contract Tower,0,0,7,0,7,0,0,15,0,15,0,0,22,0,22,50,0,50,72
12/16/2010,TZR,OH,AGL,CE,Federal Contract Tower,0,0,3,0,3,0,0,3,0,3,0,0,6,0,6,6,0,6,12
12/17/2010,TZR,OH,AGL,CE,Federal Contract Tower,0,2,7,0,9,0,0,3,0,3,0,2,10,0,12,12,0,12,24
12/18/2010,TZR,OH,AGL,CE,Federal Contract Tower,0,0,3,0,3,0,0,21,0,21,0,0,24,0,24,8,0,8,32
12/19/2010,TZR,OH,AGL,CE,Federal Contract Tower,0,0,3,0,3,0,0,28,0,28,0,0,31,0,31,120,0,120,151
12/20/2010,TZR,OH,AGL,CE,Federal Contract Tower,0,0,7,0,7,0,0,13,0,13,0,0,20,0,20,8,0,8,28
12/21/2010,TZR,OH,AGL,CE,Federal Contract Tower,0,0,2,0,2,0,0,2,2,4,0,0,4,2,6,2,6,8,14
12/22/2010,TZR,OH,AGL,CE,Federal Contract Tower,0,0,7,0,7,0,0,1,0,1,0,0,8,0,8,0,0,0,8
12/23/2010,TZR,OH,AGL,CE,Federal Contract Tower,0,0,4,0,4,0,0,14,0,14,0,0,18,0,18,38,0,38,56
12/24/2010,TZR,OH,AGL,CE,Federal Contract Tower,0,0,2,0,2,0,0,4,0,4,0,0,6,0,6,8,0,8,14
12/25/2010,TZR,OH,AGL,CE,Federal Contract Tower,0,0,0,0,0,0,0,4,0,4,0,0,4,0,4,0,0,0,4
12/26/2010,TZR,OH,AGL,CE,Federal Contract Tower,0,0,0,0,0,0,0,0,0,0,0,0,0,0,0,0,0,0,0
12/27/2010,TZR,OH,AGL,CE,Federal Contract Tower,0,2,0,0,2,0,0,9,0,9,0,2,9,0,11,6,0,6,17
12/28/2010,TZR,OH,AGL,CE,Federal Contract Tower,0,0,2,0,2,0,0,17,0,17,0,0,19,0,19,8,0,8,27
12/29/2010,TZR,OH,AGL,CE,Federal Contract Tower,0,0,4,0,4,0,0,26,0,26,0,0,30,0,30,22,0,22,52
12/30/2010,TZR,OH,AGL,CE,Federal Contract Tower,0,0,0,0,0,0,0,10,0,10,0,0,10,0,10,28,0,28,38
12/31/2010,TZR,OH,AGL,CE,Federal Contract Tower,0,0,3,0,3,0,0,17,0,17,0,0,20,0,20,6,0,6,26
01/01/2011,TZR,OH,AGL,CE,Federal Contract Tower,0,0,0,0,0,0,0,2,0,2,0,0,2,0,2,6,0,6,8
01/02/2011,TZR,OH,AGL,CE,Federal Contract Tower,0,0,4,0,4,0,0,45,0,45,0,0,49,0,49,60,0,60,109
01/03/2011,TZR,OH,AGL,CE,Federal Contract Tower,0,0,5,0,5,0,0,24,0,24,0,0,29,0,29,24,0,24,53
01/04/2011,TZR,OH,AGL,CE,Federal Contract Tower,0,0,5,0,5,0,0,15,4,19,0,0,20,4,24,20,12,32,56
01/05/2011,TZR,OH,AGL,CE,Federal Contract Tower,0,0,5,4,9,0,0,36,0,36,0,0,41,4,45,56,0,56,101
01/06/2011,TZR,OH,AGL,CE,Federal Contract Tower,0,0,4,0,4,0,0,7,0,7,0,0,11,0,11,14,0,14,25
01/07/2011,TZR,OH,AGL,CE,Federal Contract Tower,0,0,3,0,3,0,0,5,0,5,0,0,8,0,8,14,0,14,22
01/08/2011,TZR,OH,AGL,CE,Federal Contract Tower,0,0,0,2,2,0,0,1,0,1,0,0,1,2,3,0,0,0,3
01/09/2011,TZR,OH,AGL,CE,Federal Contract Tower,0,0,4,0,4,0,0,38,0,38,0,0,42,0,42,32,0,32,74
01/10/2011,TZR,OH,AGL,CE,Federal Contract Tower,0,0,9,0,9,0,0,17,0,17,0,0,26,0,26,10,0,10,36
01/11/2011,TZR,OH,AGL,CE,Federal Contract Tower,0,0,0,0,0,0,0,0,0,0,0,0,0,0,0,0,0,0,0
01/12/2011,TZR,OH,AGL,CE,Federal Contract Tower,0,4,2,0,6,0,0,0,0,0,0,4,2,0,6,0,0,0,6
01/13/2011,TZR,OH,AGL,CE,Federal Contract Tower,0,0,1,0,1,0,0,3,0,3,0,0,4,0,4,0,0,0,4
01/14/2011,TZR,OH,AGL,CE,Federal Contract Tower,0,0,2,0,2,0,0,10,0,10,0,0,12,0,12,24,2,26,38
01/15/2011,TZR,OH,AGL,CE,Federal Contract Tower,0,0,1,0,1,0,0,17,0,17,0,0,18,0,18,14,0,14,32
01/16/2011,TZR,OH,AGL,CE,Federal Contract Tower,0,0,6,0,6,0,0,24,0,24,0,0,30,0,30,32,0,32,62
01/17/2011,TZR,OH,AGL,CE,Federal Contract Tower,0,0,0,0,0,0,0,33,0,33,0,0,33,0,33,28,0,28,61
01/18/2011,TZR,OH,AGL,CE,Federal Contract Tower,0,0,0,0,0,0,0,2,0,2,0,0,2,0,2,0,0,0,2
01/19/2011,TZR,OH,AGL,CE,Federal Contract Tower,0,0,0,0,0,0,0,0,0,0,0,0,0,0,0,0,0,0,0
01/20/2011,TZR,OH,AGL,CE,Federal Contract Tower,0,4,0,0,4,0,0,0,0,0,0,4,0,0,4,0,0,0,4
01/21/2011,TZR,OH,AGL,CE,Federal Contract Tower,0,0,8,2,10,0,0,10,0,10,0,0,18,2,20,8,0,8,28
01/22/2011,TZR,OH,AGL,CE,Federal Contract Tower,0,0,6,0,6,0,0,16,0,16,0,0,22,0,22,20,0,20,42
01/23/2011,TZR,OH,AGL,CE,Federal Contract Tower,0,1,2,0,3,0,0,28,0,28,0,1,30,0,31,40,0,40,71
01/24/2011,TZR,OH,AGL,CE,Federal Contract Tower,0,2,3,0,5,0,0,2,0,2,0,2,5,0,7,10,0,10,17
01/25/2011,TZR,OH,AGL,CE,Federal Contract Tower,0,2,4,0,6,0,0,9,0,9,0,2,13,0,15,20,0,20,35
01/26/2011,TZR,OH,AGL,CE,Federal Contract Tower,0,0,1,0,1,0,0,0,6,6,0,0,1,6,7,0,32,32,39
01/27/2011,TZR,OH,AGL,CE,Federal Contract Tower,0,0,5,0,5,0,0,5,0,5,0,0,10,0,10,24,10,34,44
01/28/2011,TZR,OH,AGL,CE,Federal Contract Tower,0,0,2,0,2,0,0,0,1,1,0,0,2,1,3,0,10,10,13
01/29/2011,TZR,OH,AGL,CE,Federal Contract Tower,0,0,4,0,4,0,0,9,0,9,0,0,13,0,13,14,0,14,27
01/30/2011,TZR,OH,AGL,CE,Federal Contract Tower,0,0,4,0,4,0,0,32,0,32,0,0,36,0,36,40,0,40,76
01/31/2011,TZR,OH,AGL,CE,Federal Contract Tower,0,0,8,0,8,0,0,19,0,19,0,0,27,0,27,52,0,52,79
02/01/2011,TZR,OH,AGL,CE,Federal Contract Tower,0,0,0,0,0,0,0,0,0,0,0,0,0,0,0,0,0,0,0
02/02/2011,TZR,OH,AGL,CE,Federal Contract Tower,0,2,1,0,3,0,0,0,0,0,0,2,1,0,3,0,0,0,3
02/03/2011,TZR,OH,AGL,CE,Federal Contract Tower,0,0,2,0,2,0,0,6,0,6,0,0,8,0,8,2,0,2,10
02/04/2011,TZR,OH,AGL,CE,Federal Contract Tower,0,0,7,0,7,0,0,30,0,30,0,0,37,0,37,82,0,82,119
02/05/2011,TZR,OH,AGL,CE,Federal Contract Tower,0,0,0,0,0,0,0,0,0,0,0,0,0,0,0,0,0,0,0
02/06/2011,TZR,OH,AGL,CE,Federal Contract Tower,0,0,0,0,0,0,0,9,0,9,0,0,9,0,9,50,0,50,59
02/07/2011,TZR,OH,AGL,CE,Federal Contract Tower,0,0,4,0,4,0,0,0,0,0,0,0,4,0,4,0,0,0,4
02/08/2011,TZR,OH,AGL,CE,Federal Contract Tower,0,0,8,0,8,0,0,8,1,9,0,0,16,1,17,0,10,10,27
02/09/2011,TZR,OH,AGL,CE,Federal Contract Tower,0,0,6,0,6,0,0,9,0,9,0,0,15,0,15,0,0,0,15
02/10/2011,TZR,OH,AGL,CE,Federal Contract Tower,0,0,3,0,3,0,0,18,0,18,0,0,21,0,21,2,0,2,23
02/11/2011,TZR,OH,AGL,CE,Federal Contract Tower,0,0,2,0,2,0,0,17,0,17,0,0,19,0,19,48,0,48,67
02/12/2011,TZR,OH,AGL,CE,Federal Contract Tower,0,0,4,0,4,0,0,21,0,21,0,0,25,0,25,38,0,38,63
02/13/2011,TZR,OH,AGL,CE,Federal Contract Tower,0,0,2,0,2,0,0,36,0,36,0,0,38,0,38,14,0,14,52
02/14/2011,TZR,OH,AGL,CE,Federal Contract Tower,0,0,0,0,0,0,0,50,0,50,0,0,50,0,50,6,0,6,56
02/15/2011,TZR,OH,AGL,CE,Federal Contract Tower,0,0,6,0,6,0,0,39,0,39,0,0,45,0,45,44,0,44,89
02/16/2011,TZR,OH,AGL,CE,Federal Contract Tower,0,2,5,2,9,0,0,30,0,30,0,2,35,2,39,4,0,4,43
02/17/2011,TZR,OH,AGL,CE,Federal Contract Tower,0,0,1,0,1,0,0,6,2,8,0,0,7,2,9,0,6,6,15
02/18/2011,TZR,OH,AGL,CE,Federal Contract Tower,0,0,3,0,3,0,0,3,0,3,0,0,6,0,6,0,0,0,6
02/19/2011,TZR,OH,AGL,CE,Federal Contract Tower,0,0,7,0,7,0,0,52,0,52,0,0,59,0,59,40,0,40,99
02/20/2011,TZR,OH,AGL,CE,Federal Contract Tower,0,0,2,0,2,0,0,3,0,3,0,0,5,0,5,0,0,0,5
02/21/2011,TZR,OH,AGL,CE,Federal Contract Tower,0,0,1,0,1,0,0,0,0,0,0,0,1,0,1,0,0,0,1
02/22/2011,TZR,OH,AGL,CE,Federal Contract Tower,0,0,3,0,3,0,0,4,0,4,0,0,7,0,7,12,0,12,19
02/23/2011,TZR,OH,AGL,CE,Federal Contract Tower,0,2,6,0,8,0,0,15,0,15,0,2,21,0,23,24,12,36,59
02/24/2011,TZR,OH,AGL,CE,Federal Contract Tower,0,0,3,2,5,0,0,7,0,7,0,0,10,2,12,20,0,20,32
02/25/2011,TZR,OH,AGL,CE,Federal Contract Tower,0,0,2,0,2,0,0,0,0,0,0,0,2,0,2,0,0,0,2
02/26/2011,TZR,OH,AGL,CE,Federal Contract Tower,0,0,6,0,6,0,0,29,0,29,0,0,35,0,35,52,0,52,87
02/27/2011,TZR,OH,AGL,CE,Federal Contract Tower,0,0,1,0,1,0,0,28,0,28,0,0,29,0,29,36,0,36,65
02/28/2011,TZR,OH,AGL,CE,Federal Contract Tower,0,0,0,0,0,0,0,2,0,2,0,0,2,0,2,0,0,0,2
03/01/2011,TZR,OH,AGL,CE,Federal Contract Tower,0,0,11,2,13,0,0,38,0,38,0,0,49,2,51,28,0,28,79
03/02/2011,TZR,OH,AGL,CE,Federal Contract Tower,0,0,9,0,9,0,0,33,0,33,0,0,42,0,42,18,0,18,60
03/03/2011,TZR,OH,AGL,CE,Federal Contract Tower,0,0,4,0,4,0,0,22,0,22,0,0,26,0,26,10,0,10,36
03/04/2011,TZR,OH,AGL,CE,Federal Contract Tower,0,0,2,0,2,0,0,0,0,0,0,0,2,0,2,0,0,0,2
03/05/2011,TZR,OH,AGL,CE,Federal Contract Tower,0,0,0,0,0,0,0,0,0,0,0,0,0,0,0,0,0,0,0
03/06/2011,TZR,OH,AGL,CE,Federal Contract Tower,0,0,0,0,0,0,0,5,0,5,0,0,5,0,5,12,0,12,17
03/07/2011,TZR,OH,AGL,CE,Federal Contract Tower,0,0,2,0,2,0,0,17,0,17,0,0,19,0,19,16,0,16,35
03/08/2011,TZR,OH,AGL,CE,Federal Contract Tower,0,0,9,0,9,0,0,42,0,42,0,0,51,0,51,48,0,48,99
03/09/2011,TZR,OH,AGL,CE,Federal Contract Tower,0,0,0,0,0,0,0,0,0,0,0,0,0,0,0,0,0,0,0
03/10/2011,TZR,OH,AGL,CE,Federal Contract Tower,0,0,0,0,0,0,0,0,0,0,0,0,0,0,0,0,0,0,0
03/11/2011,TZR,OH,AGL,CE,Federal Contract Tower,0,0,1,0,1,0,0,7,0,7,0,0,8,0,8,0,0,0,8
03/12/2011,TZR,OH,AGL,CE,Federal Contract Tower,0,0,2,0,2,0,0,7,0,7,0,0,9,0,9,2,0,2,11
03/13/2011,TZR,OH,AGL,CE,Federal Contract Tower,0,0,10,0,10,0,0,22,0,22,0,0,32,0,32,30,0,30,62
03/14/2011,TZR,OH,AGL,CE,Federal Contract Tower,0,0,7,0,7,0,0,28,0,28,0,0,35,0,35,28,0,28,63
03/15/2011,TZR,OH,AGL,CE,Federal Contract Tower,0,0,8,0,8,0,0,5,0,5,0,0,13,0,13,8,0,8,21
03/16/2011,TZR,OH,AGL,CE,Federal Contract Tower,0,0,12,0,12,0,0,11,0,11,0,0,23,0,23,2,0,2,25
03/17/2011,TZR,OH,AGL,CE,Federal Contract Tower,0,0,6,0,6,0,0,49,1,50,0,0,55,1,56,60,2,62,118
03/18/2011,TZR,OH,AGL,CE,Federal Contract Tower,0,0,9,0,9,0,0,15,0,15,0,0,24,0,24,0,0,0,24
03/19/2011,TZR,OH,AGL,CE,Federal Contract Tower,0,0,12,0,12,0,0,43,0,43,0,0,55,0,55,40,0,40,95
03/20/2011,TZR,OH,AGL,CE,Federal Contract Tower,0,0,7,0,7,0,0,43,0,43,0,0,50,0,50,34,0,34,84
03/21/2011,TZR,OH,AGL,CE,Federal Contract Tower,0,0,0,0,0,0,0,8,0,8,0,0,8,0,8,6,0,6,14
03/22/2011,TZR,OH,AGL,CE,Federal Contract Tower,0,0,7,0,7,0,0,1,0,1,0,0,8,0,8,0,0,0,8
03/23/2011,TZR,OH,AGL,CE,Federal Contract Tower,0,0,2,0,2,0,0,6,0,6,0,0,8,0,8,12,0,12,20
03/24/2011,TZR,OH,AGL,CE,Federal Contract Tower,0,1,5,0,6,0,0,6,2,8,0,1,11,2,14,2,4,6,20
03/25/2011,TZR,OH,AGL,CE,Federal Contract Tower,0,0,11,0,11,0,0,30,0,30,0,0,41,0,41,22,0,22,63
03/26/2011,TZR,OH,AGL,CE,Federal Contract Tower,0,0,11,0,11,0,0,33,0,33,0,0,44,0,44,32,0,32,76
03/27/2011,TZR,OH,AGL,CE,Federal Contract Tower,0,0,5,0,5,0,0,55,0,55,0,0,60,0,60,60,0,60,120
03/28/2011,TZR,OH,AGL,CE,Federal Contract Tower,0,0,9,0,9,0,0,33,0,33,0,0,42,0,42,26,0,26,68
03/29/2011,TZR,OH,AGL,CE,Federal Contract Tower,0,2,6,0,8,0,0,37,2,39,0,2,43,2,47,32,4,36,83
03/30/2011,TZR,OH,AGL,CE,Federal Contract Tower,0,0,8,0,8,0,0,7,0,7,0,0,15,0,15,0,4,4,19
03/31/2011,TZR,OH,AGL,CE,Federal Contract Tower,0,0,4,0,4,0,0,9,3,12,0,0,13,3,16,6,24,30,46
04/01/2011,TZR,OH,AGL,CE,Federal Contract Tower,0,2,4,0,6,0,0,17,4,21,0,2,21,4,27,12,6,18,45
04/02/2011,TZR,OH,AGL,CE,Federal Contract Tower,0,0,1,0,1,0,0,5,0,5,0,0,6,0,6,6,0,6,12
04/03/2011,TZR,OH,AGL,CE,Federal Contract Tower,0,0,3,0,3,0,0,22,0,22,0,0,25,0,25,16,0,16,41
04/04/2011,TZR,OH,AGL,CE,Federal Contract Tower,0,0,0,0,0,0,0,0,0,0,0,0,0,0,0,0,0,0,0
04/05/2011,TZR,OH,AGL,CE,Federal Contract Tower,0,0,9,0,9,0,0,3,0,3,0,0,12,0,12,0,0,0,12
04/06/2011,TZR,OH,AGL,CE,Federal Contract Tower,0,0,1,0,1,0,0,8,0,8,0,0,9,0,9,2,0,2,11
04/07/2011,TZR,OH,AGL,CE,Federal Contract Tower,0,0,7,0,7,0,0,34,0,34,0,0,41,0,41,10,0,10,51
04/08/2011,TZR,OH,AGL,CE,Federal Contract Tower,0,0,7,0,7,0,0,4,0,4,0,0,11,0,11,0,0,0,11
04/09/2011,TZR,OH,AGL,CE,Federal Contract Tower,0,0,3,0,3,0,0,6,0,6,0,0,9,0,9,12,0,12,21
04/10/2011,TZR,OH,AGL,CE,Federal Contract Tower,0,0,5,0,5,0,0,27,0,27,0,0,32,0,32,0,0,0,32
04/11/2011,TZR,OH,AGL,CE,Federal Contract Tower,0,0,5,0,5,0,0,0,0,0,0,0,5,0,5,0,0,0,5
04/12/2011,TZR,OH,AGL,CE,Federal Contract Tower,0,2,7,2,11,0,0,4,0,4,0,2,11,2,15,2,8,10,25
04/13/2011,TZR,OH,AGL,CE,Federal Contract Tower,0,0,18,0,18,0,0,48,0,48,0,0,66,0,66,22,0,22,88
04/14/2011,TZR,OH,AGL,CE,Federal Contract Tower,0,0,9,0,9,0,1,44,0,45,0,1,53,0,54,64,0,64,118
04/15/2011,TZR,OH,AGL,CE,Federal Contract Tower,0,0,5,0,5,0,0,10,0,10,0,0,15,0,15,6,0,6,21
04/16/2011,TZR,OH,AGL,CE,Federal Contract Tower,0,0,2,0,2,0,0,4,0,4,0,0,6,0,6,6,0,6,12
04/17/2011,TZR,OH,AGL,CE,Federal Contract Tower,0,0,5,0,5,0,0,5,0,5,0,0,10,0,10,0,0,0,10
04/18/2011,TZR,OH,AGL,CE,Federal Contract Tower,0,0,4,0,4,0,0,18,0,18,0,0,22,0,22,2,0,2,24
04/19/2011,TZR,OH,AGL,CE,Federal Contract Tower,0,0,4,0,4,0,0,4,0,4,0,0,8,0,8,0,0,0,8
04/20/2011,TZR,OH,AGL,CE,Federal Contract Tower,0,0,11,0,11,0,0,7,0,7,0,0,18,0,18,0,0,0,18
04/21/2011,TZR,OH,AGL,CE,Federal Contract Tower,0,0,23,0,23,0,0,45,0,45,0,0,68,0,68,42,0,42,110
04/22/2011,TZR,OH,AGL,CE,Federal Contract Tower,0,0,4,0,4,0,0,0,0,0,0,0,4,0,4,0,0,0,4
04/23/2011,TZR,OH,AGL,CE,Federal Contract Tower,0,0,2,0,2,0,0,13,0,13,0,0,15,0,15,22,0,22,37
04/24/2011,TZR,OH,AGL,CE,Federal Contract Tower,0,2,0,0,2,0,0,4,0,4,0,2,4,0,6,14,0,14,20
04/25/2011,TZR,OH,AGL,CE,Federal Contract Tower,0,2,2,0,4,0,0,3,0,3,0,2,5,0,7,0,0,0,7
04/26/2011,TZR,OH,AGL,CE,Federal Contract Tower,0,0,1,0,1,0,0,0,0,0,0,0,1,0,1,0,0,0,1
04/27/2011,TZR,OH,AGL,CE,Federal Contract Tower,0,2,0,0,2,0,0,0,0,0,0,2,0,0,2,0,0,0,2
04/28/2011,TZR,OH,AGL,CE,Federal Contract Tower,0,0,5,1,6,0,0,5,0,5,0,0,10,1,11,6,0,6,17
04/29/2011,TZR,OH,AGL,CE,Federal Contract Tower,0,0,10,0,10,0,0,27,0,27,0,0,37,0,37,36,0,36,73
04/30/2011,TZR,OH,AGL,CE,Federal Contract Tower,0,0,7,0,7,0,0,61,0,61,0,0,68,0,68,60,0,60,128
05/01/2011,TZR,OH,AGL,CE,Federal Contract Tower,0,0,1,0,1,0,0,5,0,5,0,0,6,0,6,12,0,12,18
05/02/2011,TZR,OH,AGL,CE,Federal Contract Tower,0,2,1,0,3,0,0,4,0,4,0,2,5,0,7,22,0,22,29
05/03/2011,TZR,OH,AGL,CE,Federal Contract Tower,0,2,4,0,6,0,0,0,0,0,0,2,4,0,6,0,0,0,6
05/04/2011,TZR,OH,AGL,CE,Federal Contract Tower,0,1,12,0,13,0,0,34,0,34,0,1,46,0,47,16,0,16,63
05/05/2011,TZR,OH,AGL,CE,Federal Contract Tower,0,0,5,0,5,0,0,74,0,74,0,0,79,0,79,34,0,34,113
05/06/2011,TZR,OH,AGL,CE,Federal Contract Tower,0,0,3,0,3,0,0,16,0,16,0,0,19,0,19,12,0,12,31
05/07/2011,TZR,OH,AGL,CE,Federal Contract Tower,0,0,4,0,4,0,0,28,0,28,0,0,32,0,32,76,0,76,108
05/08/2011,TZR,OH,AGL,CE,Federal Contract Tower,0,0,8,0,8,0,0,31,0,31,0,0,39,0,39,29,0,29,68
05/09/2011,TZR,OH,AGL,CE,Federal Contract Tower,0,2,9,0,11,0,0,20,0,20,0,2,29,0,31,84,0,84,115
05/10/2011,TZR,OH,AGL,CE,Federal Contract Tower,0,0,8,0,8,0,0,7,0,7,0,0,15,0,15,0,0,0,15
05/11/2011,TZR,OH,AGL,CE,Federal Contract Tower,0,0,4,0,4,0,0,33,0,33,0,0,37,0,37,32,0,32,69
05/12/2011,TZR,OH,AGL,CE,Federal Contract Tower,0,1,10,0,11,0,0,37,0,37,0,1,47,0,48,34,0,34,82
05/13/2011,TZR,OH,AGL,CE,Federal Contract Tower,0,0,10,0,10,0,0,21,0,21,0,0,31,0,31,32,0,32,63
05/14/2011,TZR,OH,AGL,CE,Federal Contract Tower,0,0,7,0,7,0,0,8,0,8,0,0,15,0,15,24,0,24,39
05/15/2011,TZR,OH,AGL,CE,Federal Contract Tower,0,0,5,0,5,0,0,0,0,0,0,0,5,0,5,0,0,0,5
05/16/2011,TZR,OH,AGL,CE,Federal Contract Tower,0,2,5,1,8,0,0,1,0,1,0,2,6,1,9,0,0,0,9
05/17/2011,TZR,OH,AGL,CE,Federal Contract Tower,0,0,3,0,3,0,0,0,0,0,0,0,3,0,3,0,0,0,3
05/18/2011,TZR,OH,AGL,CE,Federal Contract Tower,0,0,10,0,10,0,0,5,0,5,0,0,15,0,15,36,0,36,51
05/19/2011,TZR,OH,AGL,CE,Federal Contract Tower,0,4,8,0,12,0,0,10,0,10,0,4,18,0,22,26,0,26,48
05/20/2011,TZR,OH,AGL,CE,Federal Contract Tower,0,0,9,0,9,0,0,45,0,45,0,0,54,0,54,58,0,58,112
05/21/2011,TZR,OH,AGL,CE,Federal Contract Tower,0,0,5,0,5,0,0,67,0,67,0,0,72,0,72,22,0,22,94
05/22/2011,TZR,OH,AGL,CE,Federal Contract Tower,0,2,5,0,7,0,0,30,0,30,0,2,35,0,37,44,0,44,81
05/23/2011,TZR,OH,AGL,CE,Federal Contract Tower,0,1,0,0,1,0,0,7,0,7,0,1,7,0,8,0,0,0,8
05/24/2011,TZR,OH,AGL,CE,Federal Contract Tower,0,1,2,0,3,0,0,17,2,19,0,1,19,2,22,62,4,66,88
05/25/2011,TZR,OH,AGL,CE,Federal Contract Tower,0,3,8,0,11,0,0,7,0,7,0,3,15,0,18,0,0,0,18
05/26/2011,TZR,OH,AGL,CE,Federal Contract Tower,0,0,6,0,6,0,0,7,0,7,0,0,13,0,13,20,0,20,33
05/27/2011,TZR,OH,AGL,CE,Federal Contract Tower,0,0,6,0,6,0,0,29,0,29,0,0,35,0,35,60,0,60,95
05/28/2011,TZR,OH,AGL,CE,Federal Contract Tower,0,3,3,0,6,0,0,62,0,62,0,3,65,0,68,160,0,160,228
05/29/2011,TZR,OH,AGL,CE,Federal Contract Tower,0,0,2,0,2,0,0,23,0,23,0,0,25,0,25,46,0,46,71
05/30/2011,TZR,OH,AGL,CE,Federal Contract Tower,0,0,4,0,4,0,0,57,0,57,0,0,61,0,61,88,0,88,149
05/31/2011,TZR,OH,AGL,CE,Federal Contract Tower,0,0,5,0,5,0,0,21,0,21,0,0,26,0,26,36,0,36,62
06/01/2011,TZR,OH,AGL,CE,Federal Contract Tower,0,0,8,0,8,0,0,18,0,18,0,0,26,0,26,6,0,6,32
06/02/2011,TZR,OH,AGL,CE,Federal Contract Tower,0,1,17,0,18,0,3,30,0,33,0,4,47,0,51,66,0,66,117
06/03/2011,TZR,OH,AGL,CE,Federal Contract Tower,0,0,4,0,4,0,0,31,0,31,0,0,35,0,35,8,0,8,43
06/04/2011,TZR,OH,AGL,CE,Federal Contract Tower,0,0,0,0,0,0,0,25,0,25,0,0,25,0,25,8,0,8,33
06/05/2011,TZR,OH,AGL,CE,Federal Contract Tower,0,0,11,0,11,0,0,36,0,36,0,0,47,0,47,30,0,30,77
06/06/2011,TZR,OH,AGL,CE,Federal Contract Tower,0,0,5,0,5,0,0,31,0,31,0,0,36,0,36,18,0,18,54
06/07/2011,TZR,OH,AGL,CE,Federal Contract Tower,0,0,10,0,10,0,0,28,0,28,0,0,38,0,38,20,0,20,58
06/08/2011,TZR,OH,AGL,CE,Federal Contract Tower,0,2,7,0,9,0,0,18,0,18,0,2,25,0,27,64,0,64,91
06/09/2011,TZR,OH,AGL,CE,Federal Contract Tower,0,0,6,0,6,0,0,42,1,43,0,0,48,1,49,22,0,22,71
06/10/2011,TZR,OH,AGL,CE,Federal Contract Tower,0,1,1,0,2,0,0,13,0,13,0,1,14,0,15,8,0,8,23
06/11/2011,TZR,OH,AGL,CE,Federal Contract Tower,0,0,1,0,1,0,0,36,0,36,0,0,37,0,37,8,0,8,45
06/12/2011,TZR,OH,AGL,CE,Federal Contract Tower,0,2,10,0,12,0,0,35,0,35,0,2,45,0,47,30,0,30,77
06/13/2011,TZR,OH,AGL,CE,Federal Contract Tower,0,0,4,0,4,0,0,31,0,31,0,0,35,0,35,48,0,48,83
06/14/2011,TZR,OH,AGL,CE,Federal Contract Tower,0,2,7,0,9,0,0,27,8,35,0,2,34,8,44,8,0,8,52
06/15/2011,TZR,OH,AGL,CE,Federal Contract Tower,0,0,2,0,2,0,0,12,0,12,0,0,14,0,14,0,0,0,14
06/16/2011,TZR,OH,AGL,CE,Federal Contract Tower,0,0,4,0,4,0,0,13,0,13,0,0,17,0,17,22,0,22,39
06/17/2011,TZR,OH,AGL,CE,Federal Contract Tower,0,0,5,0,5,0,0,25,0,25,0,0,30,0,30,28,0,28,58
06/18/2011,TZR,OH,AGL,CE,Federal Contract Tower,0,1,2,0,3,0,0,13,0,13,0,1,15,0,16,6,0,6,22
06/19/2011,TZR,OH,AGL,CE,Federal Contract Tower,0,0,1,0,1,0,0,8,2,10,0,0,9,2,11,0,0,0,11
06/20/2011,TZR,OH,AGL,CE,Federal Contract Tower,0,0,5,0,5,0,0,2,0,2,0,0,7,0,7,0,0,0,7
06/21/2011,TZR,OH,AGL,CE,Federal Contract Tower,0,1,3,0,4,0,0,23,0,23,0,1,26,0,27,54,0,54,81
06/22/2011,TZR,OH,AGL,CE,Federal Contract Tower,0,3,8,0,11,0,0,13,0,13,0,3,21,0,24,42,0,42,66
06/23/2011,TZR,OH,AGL,CE,Federal Contract Tower,0,0,6,0,6,0,0,6,0,6,0,0,12,0,12,0,0,0,12
06/24/2011,TZR,OH,AGL,CE,Federal Contract Tower,0,0,3,0,3,0,0,14,0,14,0,0,17,0,17,10,0,10,27
06/25/2011,TZR,OH,AGL,CE,Federal Contract Tower,0,0,7,0,7,0,0,42,0,42,0,0,49,0,49,0,0,0,49
06/26/2011,TZR,OH,AGL,CE,Federal Contract Tower,0,0,5,0,5,0,0,20,0,20,0,0,25,0,25,20,0,20,45
06/27/2011,TZR,OH,AGL,CE,Federal Contract Tower,0,0,9,0,9,0,0,24,0,24,0,0,33,0,33,16,0,16,49
06/28/2011,TZR,OH,AGL,CE,Federal Contract Tower,0,0,10,0,10,0,0,14,0,14,0,0,24,0,24,6,0,6,30
06/29/2011,TZR,OH,AGL,CE,Federal Contract Tower,0,2,17,0,19,0,0,56,0,56,0,2,73,0,75,38,0,38,113
06/30/2011,TZR,OH,AGL,CE,Federal Contract Tower,0,0,2,0,2,0,0,60,0,60,0,0,62,0,62,40,0,40,102
07/01/2011,TZR,OH,AGL,CE,Federal Contract Tower,0,0,3,0,3,0,0,38,0,38,0,0,41,0,41,32,0,32,73
07/02/2011,TZR,OH,AGL,CE,Federal Contract Tower,0,0,3,0,3,0,0,18,0,18,0,0,21,0,21,4,0,4,25
07/03/2011,TZR,OH,AGL,CE,Federal Contract Tower,0,0,2,0,2,0,0,24,0,24,0,0,26,0,26,48,0,48,74
07/04/2011,TZR,OH,AGL,CE,Federal Contract Tower,0,0,5,0,5,0,0,26,0,26,0,0,31,0,31,18,0,18,49
07/05/2011,TZR,OH,AGL,CE,Federal Contract Tower,0,0,7,0,7,0,0,60,0,60,0,0,67,0,67,32,0,32,99
07/06/2011,TZR,OH,AGL,CE,Federal Contract Tower,0,0,5,0,5,0,0,16,0,16,0,0,21,0,21,62,2,64,85
07/07/2011,TZR,OH,AGL,CE,Federal Contract Tower,0,0,8,0,8,0,0,46,0,46,0,0,54,0,54,44,0,44,98
07/08/2011,TZR,OH,AGL,CE,Federal Contract Tower,0,0,6,0,6,0,0,11,0,11,0,0,17,0,17,14,12,26,43
07/09/2011,TZR,OH,AGL,CE,Federal Contract Tower,0,0,8,0,8,0,0,53,0,53,0,0,61,0,61,8,0,8,69
07/10/2011,TZR,OH,AGL,CE,Federal Contract Tower,0,0,4,0,4,0,0,46,0,46,0,0,50,0,50,4,0,4,54
07/11/2011,TZR,OH,AGL,CE,Federal Contract Tower,0,0,1,0,1,0,0,17,0,17,0,0,18,0,18,28,0,28,46
07/12/2011,TZR,OH,AGL,CE,Federal Contract Tower,0,1,5,0,6,0,0,17,0,17,0,1,22,0,23,40,0,40,63
07/13/2011,TZR,OH,AGL,CE,Federal Contract Tower,0,0,1,0,1,0,0,32,0,32,0,0,33,0,33,50,2,52,85
07/14/2011,TZR,OH,AGL,CE,Federal Contract Tower,0,0,5,0,5,0,0,41,0,41,0,0,46,0,46,34,0,34,80
07/15/2011,TZR,OH,AGL,CE,Federal Contract Tower,0,0,4,0,4,0,0,40,0,40,0,0,44,0,44,66,0,66,110
07/16/2011,TZR,OH,AGL,CE,Federal Contract Tower,0,0,2,0,2,0,0,131,0,131,0,0,133,0,133,50,0,50,183
07/17/2011,TZR,OH,AGL,CE,Federal Contract Tower,0,0,6,0,6,0,0,7,0,7,0,0,13,0,13,0,0,0,13
07/18/2011,TZR,OH,AGL,CE,Federal Contract Tower,0,0,7,0,7,0,0,12,0,12,0,0,19,0,19,4,0,4,23
07/19/2011,TZR,OH,AGL,CE,Federal Contract Tower,0,0,4,0,4,0,0,11,0,11,0,0,15,0,15,6,0,6,21
07/20/2011,TZR,OH,AGL,CE,Federal Contract Tower,0,0,11,0,11,0,0,11,0,11,0,0,22,0,22,18,0,18,40
07/21/2011,TZR,OH,AGL,CE,Federal Contract Tower,0,0,3,0,3,0,0,24,2,26,0,0,27,2,29,36,0,36,65
07/22/2011,TZR,OH,AGL,CE,Federal Contract Tower,0,0,8,0,8,0,0,41,0,41,0,0,49,0,49,18,0,18,67
07/23/2011,TZR,OH,AGL,CE,Federal Contract Tower,0,0,4,0,4,0,0,34,0,34,0,0,38,0,38,40,0,40,78
07/24/2011,TZR,OH,AGL,CE,Federal Contract Tower,0,0,7,0,7,0,0,22,0,22,0,0,29,0,29,38,0,38,67
07/25/2011,TZR,OH,AGL,CE,Federal Contract Tower,0,0,1,0,1,0,0,22,0,22,0,0,23,0,23,6,0,6,29
07/26/2011,TZR,OH,AGL,CE,Federal Contract Tower,0,0,9,0,9,0,0,24,0,24,0,0,33,0,33,12,0,12,45
07/27/2011,TZR,OH,AGL,CE,Federal Contract Tower,0,0,2,0,2,0,0,43,0,43,0,0,45,0,45,36,0,36,81
07/28/2011,TZR,OH,AGL,CE,Federal Contract Tower,0,0,11,0,11,0,0,26,0,26,0,0,37,0,37,38,0,38,75
07/29/2011,TZR,OH,AGL,CE,Federal Contract Tower,0,0,7,0,7,0,0,22,0,22,0,0,29,0,29,16,0,16,45
07/30/2011,TZR,OH,AGL,CE,Federal Contract Tower,0,0,8,0,8,0,0,32,0,32,0,0,40,0,40,90,0,90,130
07/31/2011,TZR,OH,AGL,CE,Federal Contract Tower,0,0,6,0,6,0,0,49,0,49,0,0,55,0,55,12,0,12,67
08/01/2011,TZR,OH,AGL,CE,Federal Contract Tower,0,0,11,0,11,0,0,23,0,23,0,0,34,0,34,6,0,6,40
08/02/2011,TZR,OH,AGL,CE,Federal Contract Tower,0,0,3,0,3,0,0,30,0,30,0,0,33,0,33,68,0,68,101
08/03/2011,TZR,OH,AGL,CE,Federal Contract Tower,0,0,3,0,3,0,0,18,0,18,0,0,21,0,21,52,0,52,73
08/04/2011,TZR,OH,AGL,CE,Federal Contract Tower,0,0,4,0,4,0,0,19,0,19,0,0,23,0,23,82,18,100,123
08/05/2011,TZR,OH,AGL,CE,Federal Contract Tower,0,0,6,0,6,0,0,34,0,34,0,0,40,0,40,28,0,28,68
08/06/2011,TZR,OH,AGL,CE,Federal Contract Tower,0,0,1,0,1,0,0,37,0,37,0,0,38,0,38,32,0,32,70
08/07/2011,TZR,OH,AGL,CE,Federal Contract Tower,0,0,4,0,4,0,0,31,0,31,0,0,35,0,35,10,0,10,45
08/08/2011,TZR,OH,AGL,CE,Federal Contract Tower,0,0,8,0,8,0,0,32,0,32,0,0,40,0,40,42,0,42,82
08/09/2011,TZR,OH,AGL,CE,Federal Contract Tower,0,0,10,0,10,0,0,20,0,20,0,0,30,0,30,0,0,0,30
08/10/2011,TZR,OH,AGL,CE,Federal Contract Tower,0,0,12,0,12,0,0,47,0,47,0,0,59,0,59,6,0,6,65
08/11/2011,TZR,OH,AGL,CE,Federal Contract Tower,0,0,8,0,8,0,0,52,0,52,0,0,60,0,60,24,0,24,84
08/12/2011,TZR,OH,AGL,CE,Federal Contract Tower,0,0,6,0,6,0,0,77,0,77,0,0,83,0,83,56,0,56,139
08/13/2011,TZR,OH,AGL,CE,Federal Contract Tower,0,0,3,0,3,0,0,51,0,51,0,0,54,0,54,88,0,88,142
08/14/2011,TZR,OH,AGL,CE,Federal Contract Tower,0,0,2,0,2,0,0,14,0,14,0,0,16,0,16,20,0,20,36
08/15/2011,TZR,OH,AGL,CE,Federal Contract Tower,0,0,2,0,2,0,0,8,0,8,0,0,10,0,10,0,0,0,10
08/16/2011,TZR,OH,AGL,CE,Federal Contract Tower,0,0,6,0,6,0,0,41,0,41,0,0,47,0,47,22,0,22,69
08/17/2011,TZR,OH,AGL,CE,Federal Contract Tower,0,4,11,0,15,0,0,45,0,45,0,4,56,0,60,26,0,26,86
08/18/2011,TZR,OH,AGL,CE,Federal Contract Tower,0,0,7,0,7,0,0,35,0,35,0,0,42,0,42,18,0,18,60
08/19/2011,TZR,OH,AGL,CE,Federal Contract Tower,0,0,10,0,10,0,0,28,0,28,0,0,38,0,38,14,0,14,52
08/20/2011,TZR,OH,AGL,CE,Federal Contract Tower,0,0,5,0,5,0,0,27,0,27,0,0,32,0,32,18,0,18,50
08/21/2011,TZR,OH,AGL,CE,Federal Contract Tower,0,0,6,0,6,0,0,5,0,5,0,0,11,0,11,2,0,2,13
08/22/2011,TZR,OH,AGL,CE,Federal Contract Tower,0,0,6,0,6,0,0,35,0,35,0,0,41,0,41,28,0,28,69
08/23/2011,TZR,OH,AGL,CE,Federal Contract Tower,0,0,8,0,8,0,0,29,0,29,0,0,37,0,37,0,0,0,37
08/24/2011,TZR,OH,AGL,CE,Federal Contract Tower,0,0,3,1,4,0,0,37,0,37,0,0,40,1,41,36,0,36,77
08/25/2011,TZR,OH,AGL,CE,Federal Contract Tower,0,0,6,0,6,0,0,32,0,32,0,0,38,0,38,28,0,28,66
08/26/2011,TZR,OH,AGL,CE,Federal Contract Tower,0,0,8,0,8,0,44,0,0,44,0,44,8,0,52,20,0,20,72
08/27/2011,TZR,OH,AGL,CE,Federal Contract Tower,0,0,2,0,2,0,0,49,0,49,0,0,51,0,51,26,0,26,77
08/28/2011,TZR,OH,AGL,CE,Federal Contract Tower,0,0,3,0,3,0,0,31,0,31,0,0,34,0,34,0,0,0,34
08/29/2011,TZR,OH,AGL,CE,Federal Contract Tower,0,0,5,0,5,0,0,25,0,25,0,0,30,0,30,4,0,4,34
08/30/2011,TZR,OH,AGL,CE,Federal Contract Tower,0,0,5,0,5,0,0,32,0,32,0,0,37,0,37,46,0,46,83
08/31/2011,TZR,OH,AGL,CE,Federal Contract Tower,0,0,3,0,3,0,0,29,0,29,0,0,32,0,32,44,0,44,76
09/01/2011,TZR,OH,AGL,CE,Federal Contract Tower,0,0,3,0,3,0,0,17,0,17,0,0,20,0,20,16,0,16,36
09/02/2011,TZR,OH,AGL,CE,Federal Contract Tower,0,0,7,0,7,0,0,35,2,37,0,0,42,2,44,6,0,6,50
09/03/2011,TZR,OH,AGL,CE,Federal Contract Tower,0,0,13,0,13,0,0,39,0,39,0,0,52,0,52,2,0,2,54
09/04/2011,TZR,OH,AGL,CE,Federal Contract Tower,0,0,10,0,10,0,0,5,0,5,0,0,15,0,15,0,0,0,15
09/05/2011,TZR,OH,AGL,CE,Federal Contract Tower,0,0,4,0,4,0,0,10,0,10,0,0,14,0,14,0,0,0,14
09/06/2011,TZR,OH,AGL,CE,Federal Contract Tower,0,0,1,0,1,0,0,8,12,20,0,0,9,12,21,0,0,0,21
09/07/2011,TZR,OH,AGL,CE,Federal Contract Tower,0,0,5,0,5,0,0,0,0,0,0,0,5,0,5,0,0,0,5
09/08/2011,TZR,OH,AGL,CE,Federal Contract Tower,0,0,9,0,9,0,0,4,0,4,0,0,13,0,13,0,0,0,13
09/09/2011,TZR,OH,AGL,CE,Federal Contract Tower,0,1,13,0,14,0,0,17,0,17,0,1,30,0,31,8,0,8,39
09/10/2011,TZR,OH,AGL,CE,Federal Contract Tower,0,0,8,0,8,0,0,47,0,47,0,0,55,0,55,58,0,58,113
09/11/2011,TZR,OH,AGL,CE,Federal Contract Tower,0,0,0,0,0,0,0,26,0,26,0,0,26,0,26,18,0,18,44
09/12/2011,TZR,OH,AGL,CE,Federal Contract Tower,0,0,7,0,7,0,0,34,0,34,0,0,41,0,41,40,0,40,81
09/13/2011,TZR,OH,AGL,CE,Federal Contract Tower,0,0,1,0,1,0,0,1,0,1,0,0,2,0,2,0,0,0,2
09/14/2011,TZR,OH,AGL,CE,Federal Contract Tower,0,0,2,0,2,0,0,7,0,7,0,0,9,0,9,0,0,0,9
09/15/2011,TZR,OH,AGL,CE,Federal Contract Tower,0,0,0,0,0,0,0,5,0,5,0,0,5,0,5,0,0,0,5
09/16/2011,TZR,OH,AGL,CE,Federal Contract Tower,0,0,14,0,14,0,0,27,0,27,0,0,41,0,41,6,0,6,47
09/17/2011,TZR,OH,AGL,CE,Federal Contract Tower,0,0,2,0,2,0,0,42,0,42,0,0,44,0,44,20,0,20,64
09/18/2011,TZR,OH,AGL,CE,Federal Contract Tower,0,0,6,0,6,0,0,52,0,52,0,0,58,0,58,8,0,8,66
09/19/2011,TZR,OH,AGL,CE,Federal Contract Tower,0,0,12,0,12,0,0,2,0,2,0,0,14,0,14,12,0,12,26
09/20/2011,TZR,OH,AGL,CE,Federal Contract Tower,0,0,13,0,13,0,0,32,0,32,0,0,45,0,45,60,0,60,105
09/21/2011,TZR,OH,AGL,CE,Federal Contract Tower,0,0,16,0,16,0,0,25,0,25,0,0,41,0,41,38,0,38,79
09/22/2011,TZR,OH,AGL,CE,Federal Contract Tower,0,3,8,0,11,0,0,32,0,32,0,3,40,0,43,50,0,50,93
09/23/2011,TZR,OH,AGL,CE,Federal Contract Tower,0,0,5,0,5,0,0,0,0,0,0,0,5,0,5,0,0,0,5
09/24/2011,TZR,OH,AGL,CE,Federal Contract Tower,0,0,10,0,10,0,0,24,0,24,0,0,34,0,34,22,0,22,56
09/25/2011,TZR,OH,AGL,CE,Federal Contract Tower,0,0,8,0,8,0,0,35,0,35,0,0,43,0,43,42,0,42,85
09/26/2011,TZR,OH,AGL,CE,Federal Contract Tower,0,2,3,0,5,0,0,0,0,0,0,2,3,0,5,0,0,0,5
09/27/2011,TZR,OH,AGL,CE,Federal Contract Tower,0,0,16,0,16,0,0,15,0,15,0,0,31,0,31,22,0,22,53
09/28/2011,TZR,OH,AGL,CE,Federal Contract Tower,0,1,13,0,14,0,0,30,0,30,0,1,43,0,44,40,0,40,84
09/29/2011,TZR,OH,AGL,CE,Federal Contract Tower,0,1,7,0,8,0,0,16,0,16,0,1,23,0,24,72,0,72,96
09/30/2011,TZR,OH,AGL,CE,Federal Contract Tower,0,0,6,0,6,0,0,1,0,1,0,0,7,0,7,0,0,0,7
10/01/2011,TZR,OH,AGL,CE,Federal Contract Tower,0,0,1,0,1,0,0,2,0,2,0,0,3,0,3,0,0,0,3
10/02/2011,TZR,OH,AGL,CE,Federal Contract Tower,0,0,8,0,8,0,0,17,0,17,0,0,25,0,25,10,0,10,35
10/03/2011,TZR,OH,AGL,CE,Federal Contract Tower,0,0,6,0,6,0,0,21,0,21,0,0,27,0,27,16,0,16,43
10/04/2011,TZR,OH,AGL,CE,Federal Contract Tower,0,0,7,0,7,0,0,21,0,21,0,0,28,0,28,52,0,52,80
10/05/2011,TZR,OH,AGL,CE,Federal Contract Tower,0,0,13,0,13,0,0,61,0,61,0,0,74,0,74,36,0,36,110
10/06/2011,TZR,OH,AGL,CE,Federal Contract Tower,0,0,6,0,6,0,0,43,0,43,0,0,49,0,49,10,0,10,59
10/07/2011,TZR,OH,AGL,CE,Federal Contract Tower,0,0,10,0,10,0,0,59,0,59,0,0,69,0,69,24,0,24,93
10/08/2011,TZR,OH,AGL,CE,Federal Contract Tower,0,0,9,0,9,0,0,67,0,67,0,0,76,0,76,146,0,146,222
10/09/2011,TZR,OH,AGL,CE,Federal Contract Tower,0,0,7,0,7,0,0,57,0,57,0,0,64,0,64,38,0,38,102
10/10/2011,TZR,OH,AGL,CE,Federal Contract Tower,0,0,4,0,4,0,0,28,0,28,0,0,32,0,32,2,0,2,34
10/11/2011,TZR,OH,AGL,CE,Federal Contract Tower,0,0,7,0,7,0,0,43,0,43,0,0,50,0,50,40,0,40,90
10/12/2011,TZR,OH,AGL,CE,Federal Contract Tower,0,0,14,0,14,0,0,0,2,2,0,0,14,2,16,0,4,4,20
10/13/2011,TZR,OH,AGL,CE,Federal Contract Tower,0,0,9,0,9,0,0,8,2,10,0,0,17,2,19,66,0,66,85
10/14/2011,TZR,OH,AGL,CE,Federal Contract Tower,0,0,5,0,5,0,0,18,0,18,0,0,23,0,23,0,0,0,23
10/15/2011,TZR,OH,AGL,CE,Federal Contract Tower,0,0,0,0,0,0,0,4,0,4,0,0,4,0,4,0,0,0,4
10/16/2011,TZR,OH,AGL,CE,Federal Contract Tower,0,0,8,0,8,0,0,16,0,16,0,0,24,0,24,26,0,26,50
10/17/2011,TZR,OH,AGL,CE,Federal Contract Tower,0,0,9,0,9,0,0,37,0,37,0,0,46,0,46,72,0,72,118
10/18/2011,TZR,OH,AGL,CE,Federal Contract Tower,0,1,15,0,16,0,0,28,0,28,0,1,43,0,44,32,0,32,76
10/19/2011,TZR,OH,AGL,CE,Federal Contract Tower,0,0,1,0,1,0,0,0,0,0,0,0,1,0,1,0,0,0,1
10/20/2011,TZR,OH,AGL,CE,Federal Contract Tower,0,0,7,0,7,0,0,1,0,1,0,0,8,0,8,0,0,0,8
10/21/2011,TZR,OH,AGL,CE,Federal Contract Tower,0,0,8,0,8,0,0,30,0,30,0,0,38,0,38,16,0,16,54
10/22/2011,TZR,OH,AGL,CE,Federal Contract Tower,0,0,12,0,12,0,0,55,0,55,0,0,67,0,67,64,0,64,131
10/23/2011,TZR,OH,AGL,CE,Federal Contract Tower,0,0,13,0,13,0,0,63,0,63,0,0,76,0,76,34,0,34,110
10/24/2011,TZR,OH,AGL,CE,Federal Contract Tower,0,0,7,0,7,0,0,8,0,8,0,0,15,0,15,10,0,10,25
10/25/2011,TZR,OH,AGL,CE,Federal Contract Tower,0,0,7,0,7,0,0,54,0,54,0,0,61,0,61,52,0,52,113
10/26/2011,TZR,OH,AGL,CE,Federal Contract Tower,0,0,4,0,4,0,0,33,0,33,0,0,37,0,37,36,0,36,73
10/27/2011,TZR,OH,AGL,CE,Federal Contract Tower,0,0,5,0,5,0,0,0,0,0,0,0,5,0,5,0,0,0,5
10/28/2011,TZR,OH,AGL,CE,Federal Contract Tower,0,0,11,0,11,0,0,47,0,47,0,0,58,0,58,78,0,78,136
10/29/2011,TZR,OH,AGL,CE,Federal Contract Tower,0,0,8,0,8,0,0,70,0,70,0,0,78,0,78,72,0,72,150
10/30/2011,TZR,OH,AGL,CE,Federal Contract Tower,0,0,9,0,9,0,0,70,0,70,0,0,79,0,79,76,0,76,155
10/31/2011,TZR,OH,AGL,CE,Federal Contract Tower,0,0,5,0,5,0,0,2,0,2,0,0,7,0,7,0,0,0,7
11/01/2011,TZR,OH,AGL,CE,Federal Contract Tower,0,0,6,0,6,0,0,44,0,44,0,0,50,0,50,36,0,36,86
11/02/2011,TZR,OH,AGL,CE,Federal Contract Tower,0,0,5,0,5,0,0,17,0,17,0,0,22,0,22,82,0,82,104
11/03/2011,TZR,OH,AGL,CE,Federal Contract Tower,0,0,9,0,9,0,0,24,0,24,0,0,33,0,33,8,0,8,41
11/04/2011,TZR,OH,AGL,CE,Federal Contract Tower,0,0,6,0,6,0,0,34,0,34,0,0,40,0,40,32,0,32,72
11/05/2011,TZR,OH,AGL,CE,Federal Contract Tower,0,0,2,0,2,0,0,52,2,54,0,0,54,2,56,94,0,94,150
11/06/2011,TZR,OH,AGL,CE,Federal Contract Tower,0,0,2,0,2,0,0,31,0,31,0,0,33,0,33,58,0,58,91
11/07/2011,TZR,OH,AGL,CE,Federal Contract Tower,0,3,2,0,5,0,0,28,0,28,0,3,30,0,33,54,0,54,87
11/08/2011,TZR,OH,AGL,CE,Federal Contract Tower,0,0,1,4,5,0,0,30,0,30,0,0,31,4,35,16,0,16,51
11/09/2011,TZR,OH,AGL,CE,Federal Contract Tower,0,0,12,2,14,0,0,4,0,4,0,0,16,2,18,28,0,28,46
11/10/2011,TZR,OH,AGL,CE,Federal Contract Tower,0,0,8,0,8,0,0,12,0,12,0,0,20,0,20,12,0,12,32
11/11/2011,TZR,OH,AGL,CE,Federal Contract Tower,0,0,3,0,3,0,0,35,0,35,0,0,38,0,38,8,0,8,46
11/12/2011,TZR,OH,AGL,CE,Federal Contract Tower,0,0,2,0,2,0,0,24,0,24,0,0,26,0,26,24,0,24,50
11/13/2011,TZR,OH,AGL,CE,Federal Contract Tower,0,0,7,0,7,0,0,2,0,2,0,0,9,0,9,0,0,0,9
11/14/2011,TZR,OH,AGL,CE,Federal Contract Tower,0,0,2,0,2,0,0,0,0,0,0,0,2,0,2,0,0,0,2
11/15/2011,TZR,OH,AGL,CE,Federal Contract Tower,0,2,12,0,14,0,0,3,1,4,0,2,15,1,18,0,2,2,20
11/16/2011,TZR,OH,AGL,CE,Federal Contract Tower,0,0,10,0,10,0,0,15,0,15,0,0,25,0,25,8,0,8,33
11/17/2011,TZR,OH,AGL,CE,Federal Contract Tower,0,0,3,0,3,0,0,10,0,10,0,0,13,0,13,2,0,2,15
11/18/2011,TZR,OH,AGL,CE,Federal Contract Tower,0,0,6,0,6,0,0,62,0,62,0,0,68,0,68,50,0,50,118
11/19/2011,TZR,OH,AGL,CE,Federal Contract Tower,0,2,1,3,6,0,0,34,0,34,0,2,35,3,40,54,0,54,94
11/20/2011,TZR,OH,AGL,CE,Federal Contract Tower,0,5,0,0,5,0,0,0,0,0,0,5,0,0,5,16,0,16,21
11/21/2011,TZR,OH,AGL,CE,Federal Contract Tower,0,0,6,0,6,0,0,5,0,5,0,0,11,0,11,42,0,42,53
11/22/2011,TZR,OH,AGL,CE,Federal Contract Tower,0,0,5,0,5,0,0,0,0,0,0,0,5,0,5,0,0,0,5
11/23/2011,TZR,OH,AGL,CE,Federal Contract Tower,0,0,10,0,10,0,0,26,0,26,0,0,36,0,36,28,0,28,64
11/24/2011,TZR,OH,AGL,CE,Federal Contract Tower,0,0,7,0,7,0,0,1,0,1,0,0,8,0,8,0,0,0,8
11/25/2011,TZR,OH,AGL,CE,Federal Contract Tower,0,0,7,0,7,0,0,49,0,49,0,0,56,0,56,70,0,70,126
11/26/2011,TZR,OH,AGL,CE,Federal Contract Tower,0,0,2,0,2,0,0,27,0,27,0,0,29,0,29,70,0,70,99
11/27/2011,TZR,OH,AGL,CE,Federal Contract Tower,0,0,6,0,6,0,0,0,0,0,0,0,6,0,6,0,0,0,6
11/28/2011,TZR,OH,AGL,CE,Federal Contract Tower,0,0,2,0,2,0,0,0,0,0,0,0,2,0,2,0,0,0,2
11/29/2011,TZR,OH,AGL,CE,Federal Contract Tower,0,8,7,0,15,0,0,0,0,0,0,8,7,0,15,0,0,0,15
11/30/2011,TZR,OH,AGL,CE,Federal Contract Tower,0,0,7,0,7,0,0,12,0,12,0,0,19,0,19,12,0,12,31
12/01/2011,TZR,OH,AGL,CE,Federal Contract Tower,0,0,6,0,6,0,0,43,3,46,0,0,49,3,52,22,0,22,74
12/02/2011,TZR,OH,AGL,CE,Federal Contract Tower,0,0,5,0,5,0,0,27,0,27,0,0,32,0,32,34,0,34,66
12/03/2011,TZR,OH,AGL,CE,Federal Contract Tower,0,0,8,0,8,0,0,56,0,56,0,0,64,0,64,20,0,20,84
12/04/2011,TZR,OH,AGL,CE,Federal Contract Tower,0,0,4,0,4,0,0,6,0,6,0,0,10,0,10,16,0,16,26
12/05/2011,TZR,OH,AGL,CE,Federal Contract Tower,0,0,3,0,3,0,0,0,0,0,0,0,3,0,3,0,0,0,3
12/06/2011,TZR,OH,AGL,CE,Federal Contract Tower,0,1,8,0,9,0,0,0,0,0,0,1,8,0,9,0,0,0,9
12/07/2011,TZR,OH,AGL,CE,Federal Contract Tower,0,0,3,0,3,0,0,3,0,3,0,0,6,0,6,2,0,2,8
12/08/2011,TZR,OH,AGL,CE,Federal Contract Tower,0,0,13,0,13,0,0,45,0,45,0,0,58,0,58,50,0,50,108
12/09/2011,TZR,OH,AGL,CE,Federal Contract Tower,0,1,6,0,7,0,0,21,0,21,0,1,27,0,28,10,0,10,38
12/10/2011,TZR,OH,AGL,CE,Federal Contract Tower,0,1,7,2,10,0,0,34,0,34,0,1,41,2,44,31,0,31,75
12/11/2011,TZR,OH,AGL,CE,Federal Contract Tower,0,0,3,0,3,0,0,23,0,23,0,0,26,0,26,16,0,16,42
12/12/2011,TZR,OH,AGL,CE,Federal Contract Tower,0,0,3,0,3,0,0,30,0,30,0,0,33,0,33,0,0,0,33
12/13/2011,TZR,OH,AGL,CE,Federal Contract Tower,0,0,12,0,12,0,0,32,0,32,0,0,44,0,44,34,0,34,78
12/14/2011,TZR,OH,AGL,CE,Federal Contract Tower,0,0,6,0,6,0,0,0,0,0,0,0,6,0,6,0,0,0,6
12/15/2011,TZR,OH,AGL,CE,Federal Contract Tower,0,0,10,0,10,0,0,0,0,0,0,0,10,0,10,0,0,0,10
12/16/2011,TZR,OH,AGL,CE,Federal Contract Tower,0,0,5,0,5,0,0,30,0,30,0,0,35,0,35,32,0,32,67
12/17/2011,TZR,OH,AGL,CE,Federal Contract Tower,0,0,8,0,8,0,0,4,0,4,0,0,12,0,12,6,0,6,18
12/18/2011,TZR,OH,AGL,CE,Federal Contract Tower,0,0,7,0,7,0,0,24,0,24,0,0,31,0,31,44,0,44,75
12/19/2011,TZR,OH,AGL,CE,Federal Contract Tower,0,0,12,0,12,0,0,20,0,20,0,0,32,0,32,46,0,46,78
12/20/2011,TZR,OH,AGL,CE,Federal Contract Tower,0,0,3,0,3,0,0,0,0,0,0,0,3,0,3,0,0,0,3
12/21/2011,TZR,OH,AGL,CE,Federal Contract Tower,0,2,6,0,8,0,0,2,0,2,0,2,8,0,10,4,0,4,14
12/22/2011,TZR,OH,AGL,CE,Federal Contract Tower,0,0,9,0,9,0,0,9,0,9,0,0,18,0,18,32,0,32,50
12/23/2011,TZR,OH,AGL,CE,Federal Contract Tower,0,0,3,0,3,0,0,6,0,6,0,0,9,0,9,6,0,6,15
12/24/2011,TZR,OH,AGL,CE,Federal Contract Tower,0,0,3,0,3,0,0,33,0,33,0,0,36,0,36,36,0,36,72
12/25/2011,TZR,OH,AGL,CE,Federal Contract Tower,0,0,0,0,0,0,0,2,0,2,0,0,2,0,2,0,0,0,2
12/26/2011,TZR,OH,AGL,CE,Federal Contract Tower,0,0,1,0,1,0,0,56,0,56,0,0,57,0,57,54,0,54,111
12/27/2011,TZR,OH,AGL,CE,Federal Contract Tower,0,0,0,0,0,0,0,0,0,0,0,0,0,0,0,0,0,0,0
12/28/2011,TZR,OH,AGL,CE,Federal Contract Tower,0,0,7,0,7,0,0,24,2,26,0,0,31,2,33,4,8,12,45
12/29/2011,TZR,OH,AGL,CE,Federal Contract Tower,0,0,0,0,0,0,0,10,0,10,0,0,10,0,10,22,0,22,32
12/30/2011,TZR,OH,AGL,CE,Federal Contract Tower,0,0,4,0,4,0,0,5,0,5,0,0,9,0,9,0,0,0,9
12/31/2011,TZR,OH,AGL,CE,Federal Contract Tower,0,0,5,0,5,0,0,2,0,2,0,0,7,0,7,0,0,0,7
01/01/2012,TZR,OH,AGL,CE,Federal Contract Tower,0,0,1,1,2,0,0,0,0,0,0,0,1,1,2,0,0,0,2
01/02/2012,TZR,OH,AGL,CE,Federal Contract Tower,0,0,0,1,1,0,0,0,0,0,0,0,0,1,1,0,0,0,1
01/03/2012,TZR,OH,AGL,CE,Federal Contract Tower,0,0,5,0,5,0,0,2,2,4,0,0,7,2,9,0,8,8,17
01/04/2012,TZR,OH,AGL,CE,Federal Contract Tower,0,0,0,0,0,0,0,11,0,11,0,0,11,0,11,14,0,14,25
01/05/2012,TZR,OH,AGL,CE,Federal Contract Tower,0,0,5,0,5,0,0,24,0,24,0,0,29,0,29,36,0,36,65
01/06/2012,TZR,OH,AGL,CE,Federal Contract Tower,0,0,0,4,4,0,0,54,0,54,0,0,54,4,58,74,0,74,132
01/07/2012,TZR,OH,AGL,CE,Federal Contract Tower,0,1,8,0,9,0,0,34,0,34,0,1,42,0,43,4,0,4,47
01/08/2012,TZR,OH,AGL,CE,Federal Contract Tower,0,0,6,0,6,0,0,42,0,42,0,0,48,0,48,42,0,42,90
01/09/2012,TZR,OH,AGL,CE,Federal Contract Tower,0,1,8,0,9,0,0,27,0,27,0,1,35,0,36,42,0,42,78
01/10/2012,TZR,OH,AGL,CE,Federal Contract Tower,0,1,19,0,20,0,0,34,0,34,0,1,53,0,54,16,0,16,70
01/11/2012,TZR,OH,AGL,CE,Federal Contract Tower,0,0,6,0,6,0,0,2,0,2,0,0,8,0,8,0,0,0,8
01/12/2012,TZR,OH,AGL,CE,Federal Contract Tower,0,0,3,0,3,0,0,0,0,0,0,0,3,0,3,0,0,0,3
01/13/2012,TZR,OH,AGL,CE,Federal Contract Tower,0,0,2,0,2,0,0,0,0,0,0,0,2,0,2,0,0,0,2
01/14/2012,TZR,OH,AGL,CE,Federal Contract Tower,0,1,1,0,2,0,0,3,0,3,0,1,4,0,5,0,0,0,5
01/15/2012,TZR,OH,AGL,CE,Federal Contract Tower,0,0,18,0,18,0,0,21,0,21,0,0,39,0,39,14,0,14,53
01/16/2012,TZR,OH,AGL,CE,Federal Contract Tower,0,0,2,0,2,0,0,10,0,10,0,0,12,0,12,18,0,18,30
01/17/2012,TZR,OH,AGL,CE,Federal Contract Tower,0,0,2,0,2,0,0,1,0,1,0,0,3,0,3,12,0,12,15
01/18/2012,TZR,OH,AGL,CE,Federal Contract Tower,0,0,2,0,2,0,0,12,0,12,0,0,14,0,14,24,0,24,38
01/19/2012,TZR,OH,AGL,CE,Federal Contract Tower,0,0,1,0,1,0,0,0,0,0,0,0,1,0,1,0,0,0,1
01/20/2012,TZR,OH,AGL,CE,Federal Contract Tower,0,0,3,0,3,0,0,3,0,3,0,0,6,0,6,10,0,10,16
01/21/2012,TZR,OH,AGL,CE,Federal Contract Tower,0,0,0,0,0,0,0,0,0,0,0,0,0,0,0,2,0,2,2
01/22/2012,TZR,OH,AGL,CE,Federal Contract Tower,0,0,5,0,5,0,0,0,0,0,0,0,5,0,5,0,0,0,5
01/23/2012,TZR,OH,AGL,CE,Federal Contract Tower,0,1,5,0,6,0,0,25,0,25,0,1,30,0,31,32,0,32,63
01/24/2012,TZR,OH,AGL,CE,Federal Contract Tower,0,0,4,0,4,0,5,0,0,5,0,5,4,0,9,0,0,0,9
01/25/2012,TZR,OH,AGL,CE,Federal Contract Tower,0,0,5,0,5,0,0,8,2,10,0,0,13,2,15,12,4,16,31
01/26/2012,TZR,OH,AGL,CE,Federal Contract Tower,0,0,5,0,5,0,0,0,0,0,0,0,5,0,5,0,0,0,5
01/27/2012,TZR,OH,AGL,CE,Federal Contract Tower,0,0,3,0,3,0,0,11,0,11,0,0,14,0,14,0,0,0,14
01/28/2012,TZR,OH,AGL,CE,Federal Contract Tower,0,0,4,0,4,0,0,0,0,0,0,0,4,0,4,0,0,0,4
01/29/2012,TZR,OH,AGL,CE,Federal Contract Tower,0,0,3,0,3,0,0,1,0,1,0,0,4,0,4,0,0,0,4
01/30/2012,TZR,OH,AGL,CE,Federal Contract Tower,0,2,2,0,4,0,0,22,0,22,0,2,24,0,26,38,0,38,64
01/31/2012,TZR,OH,AGL,CE,Federal Contract Tower,0,2,3,0,5,0,0,11,2,13,0,2,14,2,18,32,16,48,66
02/01/2012,TZR,OH,AGL,CE,Federal Contract Tower,0,0,7,0,7,0,0,12,0,12,0,0,19,0,19,16,0,16,35
02/02/2012,TZR,OH,AGL,CE,Federal Contract Tower,0,0,14,0,14,0,0,21,0,21,0,0,35,0,35,34,0,34,69
02/03/2012,TZR,OH,AGL,CE,Federal Contract Tower,0,0,9,0,9,0,0,51,0,51,0,0,60,0,60,46,0,46,106
02/04/2012,TZR,OH,AGL,CE,Federal Contract Tower,0,0,2,0,2,0,0,0,0,0,0,0,2,0,2,0,0,0,2
02/05/2012,TZR,OH,AGL,CE,Federal Contract Tower,0,0,2,0,2,0,0,44,0,44,0,0,46,0,46,40,0,40,86
02/06/2012,TZR,OH,AGL,CE,Federal Contract Tower,0,1,8,0,9,0,0,32,0,32,0,1,40,0,41,16,0,16,57
02/07/2012,TZR,OH,AGL,CE,Federal Contract Tower,0,0,2,0,2,0,0,11,0,11,0,0,13,0,13,50,2,52,65
02/08/2012,TZR,OH,AGL,CE,Federal Contract Tower,0,1,7,0,8,0,0,1,0,1,0,1,8,0,9,2,0,2,11
02/09/2012,TZR,OH,AGL,CE,Federal Contract Tower,0,0,10,0,10,0,0,33,0,33,0,0,43,0,43,42,0,42,85
02/10/2012,TZR,OH,AGL,CE,Federal Contract Tower,0,0,4,0,4,0,0,21,0,21,0,0,25,0,25,42,0,42,67
02/11/2012,TZR,OH,AGL,CE,Federal Contract Tower,0,0,1,0,1,0,0,0,0,0,0,0,1,0,1,0,0,0,1
02/12/2012,TZR,OH,AGL,CE,Federal Contract Tower,0,0,5,0,5,0,0,13,0,13,0,0,18,0,18,24,0,24,42
02/13/2012,TZR,OH,AGL,CE,Federal Contract Tower,0,0,3,0,3,0,0,30,0,30,0,0,33,0,33,42,0,42,75
02/14/2012,TZR,OH,AGL,CE,Federal Contract Tower,0,0,1,0,1,0,0,0,0,0,0,0,1,0,1,0,0,0,1
02/15/2012,TZR,OH,AGL,CE,Federal Contract Tower,0,0,9,0,9,0,0,25,0,25,0,0,34,0,34,24,4,28,62
02/16/2012,TZR,OH,AGL,CE,Federal Contract Tower,0,0,2,0,2,0,0,2,0,2,0,0,4,0,4,0,0,0,4
02/17/2012,TZR,OH,AGL,CE,Federal Contract Tower,0,0,11,0,11,0,0,73,0,73,0,0,84,0,84,72,0,72,156
02/18/2012,TZR,OH,AGL,CE,Federal Contract Tower,0,0,0,0,0,0,0,42,0,42,0,0,42,0,42,30,0,30,72
02/19/2012,TZR,OH,AGL,CE,Federal Contract Tower,0,0,12,0,12,0,0,29,0,29,0,0,41,0,41,80,0,80,121
02/20/2012,TZR,OH,AGL,CE,Federal Contract Tower,0,0,4,0,4,0,0,42,0,42,0,0,46,0,46,10,0,10,56
02/21/2012,TZR,OH,AGL,CE,Federal Contract Tower,0,0,4,0,4,0,0,2,4,6,0,0,6,4,10,0,12,12,22
02/22/2012,TZR,OH,AGL,CE,Federal Contract Tower,0,0,3,0,3,0,0,16,2,18,0,0,19,2,21,48,4,52,73
02/23/2012,TZR,OH,AGL,CE,Federal Contract Tower,0,0,1,2,3,0,0,13,1,14,0,0,14,3,17,4,0,4,21
02/24/2012,TZR,OH,AGL,CE,Federal Contract Tower,0,0,3,0,3,0,0,2,0,2,0,0,5,0,5,0,0,0,5
02/25/2012,TZR,OH,AGL,CE,Federal Contract Tower,0,0,2,0,2,0,0,9,0,9,0,0,11,0,11,2,0,2,13
02/26/2012,TZR,OH,AGL,CE,Federal Contract Tower,0,0,8,0,8,0,0,55,0,55,0,0,63,0,63,64,0,64,127
02/27/2012,TZR,OH,AGL,CE,Federal Contract Tower,0,0,5,0,5,0,0,18,0,18,0,0,23,0,23,2,0,2,25
02/28/2012,TZR,OH,AGL,CE,Federal Contract Tower,0,4,3,0,7,0,0,36,2,38,0,4,39,2,45,56,0,56,101
02/29/2012,TZR,OH,AGL,CE,Federal Contract Tower,0,0,3,0,3,0,0,5,4,9,0,0,8,4,12,2,2,4,16
03/01/2012,TZR,OH,AGL,CE,Federal Contract Tower,0,0,6,0,6,0,0,17,0,17,0,0,23,0,23,0,0,0,23
03/02/2012,TZR,OH,AGL,CE,Federal Contract Tower,0,0,1,0,1,0,0,3,0,3,0,0,4,0,4,0,0,0,4
03/03/2012,TZR,OH,AGL,CE,Federal Contract Tower,0,0,1,0,1,0,0,6,0,6,0,0,7,0,7,0,0,0,7
03/04/2012,TZR,OH,AGL,CE,Federal Contract Tower,0,0,13,0,13,0,0,4,0,4,0,0,17,0,17,12,0,12,29
03/05/2012,TZR,OH,AGL,CE,Federal Contract Tower,0,0,0,0,0,0,0,11,2,13,0,0,11,2,13,6,2,8,21
03/06/2012,TZR,OH,AGL,CE,Federal Contract Tower,0,0,4,0,4,0,0,40,0,40,0,0,44,0,44,54,0,54,98
03/07/2012,TZR,OH,AGL,CE,Federal Contract Tower,0,0,4,0,4,0,0,13,0,13,0,0,17,0,17,18,0,18,35
03/08/2012,TZR,OH,AGL,CE,Federal Contract Tower,0,0,2,0,2,0,0,0,0,0,0,0,2,0,2,0,0,0,2
03/09/2012,TZR,OH,AGL,CE,Federal Contract Tower,0,0,5,0,5,0,0,18,0,18,0,0,23,0,23,0,0,0,23
03/10/2012,TZR,OH,AGL,CE,Federal Contract Tower,0,0,12,0,12,0,0,55,0,55,0,0,67,0,67,122,0,122,189
03/11/2012,TZR,OH,AGL,CE,Federal Contract Tower,0,1,1,0,2,0,0,54,0,54,0,1,55,0,56,92,0,92,148
03/12/2012,TZR,OH,AGL,CE,Federal Contract Tower,0,3,3,0,6,0,0,2,0,2,0,3,5,0,8,0,0,0,8
03/13/2012,TZR,OH,AGL,CE,Federal Contract Tower,0,0,8,0,8,0,0,38,0,38,0,0,46,0,46,156,0,156,202
03/14/2012,TZR,OH,AGL,CE,Federal Contract Tower,0,0,12,0,12,0,0,55,0,55,0,0,67,0,67,42,0,42,109
03/15/2012,TZR,OH,AGL,CE,Federal Contract Tower,0,0,10,0,10,0,0,6,0,6,0,0,16,0,16,0,0,0,16
03/16/2012,TZR,OH,AGL,CE,Federal Contract Tower,0,0,6,0,6,0,0,26,0,26,0,0,32,0,32,34,0,34,66
03/17/2012,TZR,OH,AGL,CE,Federal Contract Tower,0,0,15,0,15,0,0,32,0,32,0,0,47,0,47,2,0,2,49
03/18/2012,TZR,OH,AGL,CE,Federal Contract Tower,0,0,5,0,5,0,0,25,0,25,0,0,30,0,30,46,0,46,76
03/19/2012,TZR,OH,AGL,CE,Federal Contract Tower,0,0,4,0,4,0,0,12,0,12,0,0,16,0,16,14,0,14,30
03/20/2012,TZR,OH,AGL,CE,Federal Contract Tower,0,10,0,0,10,0,0,75,0,75,0,10,75,0,85,76,0,76,161
03/21/2012,TZR,OH,AGL,CE,Federal Contract Tower,0,0,9,0,9,0,0,41,0,41,0,0,50,0,50,38,0,38,88
03/22/2012,TZR,OH,AGL,CE,Federal Contract Tower,0,0,6,0,6,0,0,23,0,23,0,0,29,0,29,20,0,20,49
03/23/2012,TZR,OH,AGL,CE,Federal Contract Tower,0,0,3,0,3,0,0,14,0,14,0,0,17,0,17,24,0,24,41
03/24/2012,TZR,OH,AGL,CE,Federal Contract Tower,0,0,3,0,3,0,0,9,0,9,0,0,12,0,12,36,0,36,48
03/25/2012,TZR,OH,AGL,CE,Federal Contract Tower,0,0,7,0,7,0,0,9,0,9,0,0,16,0,16,20,0,20,36
03/26/2012,TZR,OH,AGL,CE,Federal Contract Tower,0,0,11,0,11,0,0,39,0,39,0,0,50,0,50,64,0,64,114
03/27/2012,TZR,OH,AGL,CE,Federal Contract Tower,0,0,10,0,10,0,0,45,0,45,0,0,55,0,55,46,0,46,101
03/28/2012,TZR,OH,AGL,CE,Federal Contract Tower,0,0,7,0,7,0,0,8,0,8,0,0,15,0,15,0,0,0,15
03/29/2012,TZR,OH,AGL,CE,Federal Contract Tower,0,4,2,0,6,0,0,62,0,62,0,4,64,0,68,110,0,110,178
03/30/2012,TZR,OH,AGL,CE,Federal Contract Tower,0,2,6,0,8,0,0,6,0,6,0,2,12,0,14,8,0,8,22
03/31/2012,TZR,OH,AGL,CE,Federal Contract Tower,0,0,2,0,2,0,0,16,0,16,0,0,18,0,18,42,0,42,60
04/01/2012,TZR,OH,AGL,CE,Federal Contract Tower,0,0,5,0,5,0,0,43,0,43,0,0,48,0,48,148,0,148,196
04/02/2012,TZR,OH,AGL,CE,Federal Contract Tower,0,4,2,0,6,0,0,23,0,23,0,4,25,0,29,14,0,14,43
04/03/2012,TZR,OH,AGL,CE,Federal Contract Tower,0,0,4,0,4,0,0,12,0,12,0,0,16,0,16,62,0,62,78
04/04/2012,TZR,OH,AGL,CE,Federal Contract Tower,0,0,11,2,13,0,0,19,1,20,0,0,30,3,33,26,0,26,59
04/05/2012,TZR,OH,AGL,CE,Federal Contract Tower,0,0,12,0,12,0,0,25,0,25,0,0,37,0,37,40,0,40,77
04/06/2012,TZR,OH,AGL,CE,Federal Contract Tower,0,0,5,0,5,0,0,49,0,49,0,0,54,0,54,64,0,64,118
04/07/2012,TZR,OH,AGL,CE,Federal Contract Tower,0,0,1,0,1,0,0,64,0,64,0,0,65,0,65,52,0,52,117
04/08/2012,TZR,OH,AGL,CE,Federal Contract Tower,0,0,0,0,0,0,0,6,0,6,0,0,6,0,6,0,0,0,6
04/09/2012,TZR,OH,AGL,CE,Federal Contract Tower,0,0,9,0,9,0,0,13,0,13,0,0,22,0,22,0,2,2,24
04/10/2012,TZR,OH,AGL,CE,Federal Contract Tower,0,0,6,0,6,0,0,7,0,7,0,0,13,0,13,0,0,0,13
04/11/2012,TZR,OH,AGL,CE,Federal Contract Tower,0,0,5,0,5,0,0,17,0,17,0,0,22,0,22,4,0,4,26
04/12/2012,TZR,OH,AGL,CE,Federal Contract Tower,0,0,6,0,6,0,0,46,0,46,0,0,52,0,52,78,0,78,130
04/13/2012,TZR,OH,AGL,CE,Federal Contract Tower,0,0,5,0,5,0,0,51,0,51,0,0,56,0,56,100,0,100,156
04/14/2012,TZR,OH,AGL,CE,Federal Contract Tower,0,0,3,0,3,0,0,1,0,1,0,0,4,0,4,0,0,0,4
04/15/2012,TZR,OH,AGL,CE,Federal Contract Tower,0,0,4,0,4,0,0,13,0,13,0,0,17,0,17,0,0,0,17
04/16/2012,TZR,OH,AGL,CE,Federal Contract Tower,0,0,1,0,1,0,0,0,0,0,0,0,1,0,1,0,0,0,1
04/17/2012,TZR,OH,AGL,CE,Federal Contract Tower,0,0,5,0,5,0,0,39,0,39,0,0,44,0,44,50,0,50,94
04/18/2012,TZR,OH,AGL,CE,Federal Contract Tower,0,0,14,0,14,0,0,33,0,33,0,0,47,0,47,28,0,28,75
04/19/2012,TZR,OH,AGL,CE,Federal Contract Tower,0,0,9,0,9,0,0,38,0,38,0,0,47,0,47,64,0,64,111
04/20/2012,TZR,OH,AGL,CE,Federal Contract Tower,0,0,9,0,9,0,0,18,0,18,0,0,27,0,27,20,0,20,47
04/21/2012,TZR,OH,AGL,CE,Federal Contract Tower,0,0,4,0,4,0,0,2,0,2,0,0,6,0,6,10,0,10,16
04/22/2012,TZR,OH,AGL,CE,Federal Contract Tower,0,0,12,0,12,0,0,32,0,32,0,0,44,0,44,52,0,52,96
04/23/2012,TZR,OH,AGL,CE,Federal Contract Tower,0,0,7,0,7,0,0,2,0,2,0,0,9,0,9,0,0,0,9
04/24/2012,TZR,OH,AGL,CE,Federal Contract Tower,0,0,8,0,8,0,0,7,0,7,0,0,15,0,15,4,0,4,19
04/25/2012,TZR,OH,AGL,CE,Federal Contract Tower,0,0,10,0,10,0,0,24,2,26,0,0,34,2,36,16,4,20,56
04/26/2012,TZR,OH,AGL,CE,Federal Contract Tower,0,0,1,0,1,0,0,0,0,0,0,0,1,0,1,0,0,0,1
04/27/2012,TZR,OH,AGL,CE,Federal Contract Tower,0,0,10,0,10,0,0,42,0,42,0,0,52,0,52,64,0,64,116
04/28/2012,TZR,OH,AGL,CE,Federal Contract Tower,0,0,6,0,6,0,0,16,0,16,0,0,22,0,22,58,0,58,80
04/29/2012,TZR,OH,AGL,CE,Federal Contract Tower,0,0,8,0,8,0,0,51,0,51,0,0,59,0,59,44,0,44,103
04/30/2012,TZR,OH,AGL,CE,Federal Contract Tower,0,0,1,0,1,0,0,18,0,18,0,0,19,0,19,68,0,68,87
05/01/2012,TZR,OH,AGL,CE,Federal Contract Tower,0,0,3,0,3,0,0,21,0,21,0,0,24,0,24,46,0,46,70
05/02/2012,TZR,OH,AGL,CE,Federal Contract Tower,0,1,11,0,12,0,0,18,2,20,0,1,29,2,32,34,0,34,66
05/03/2012,TZR,OH,AGL,CE,Federal Contract Tower,0,2,9,2,13,0,0,28,0,28,0,2,37,2,41,76,0,76,117
05/04/2012,TZR,OH,AGL,CE,Federal Contract Tower,0,0,3,0,3,0,0,6,0,6,0,0,9,0,9,12,0,12,21
05/05/2012,TZR,OH,AGL,CE,Federal Contract Tower,0,0,7,0,7,0,0,11,0,11,0,0,18,0,18,24,0,24,42
05/06/2012,TZR,OH,AGL,CE,Federal Contract Tower,0,0,10,0,10,0,0,90,0,90,0,0,100,0,100,124,0,124,224
05/07/2012,TZR,OH,AGL,CE,Federal Contract Tower,0,2,7,0,9,0,0,20,0,20,0,2,27,0,29,58,0,58,87
05/08/2012,TZR,OH,AGL,CE,Federal Contract Tower,0,0,14,0,14,0,0,2,0,2,0,0,16,0,16,0,0,0,16
05/09/2012,TZR,OH,AGL,CE,Federal Contract Tower,0,4,15,0,19,0,0,24,0,24,0,4,39,0,43,18,0,18,61
05/10/2012,TZR,OH,AGL,CE,Federal Contract Tower,0,0,6,0,6,0,0,22,0,22,0,0,28,0,28,0,0,0,28
05/11/2012,TZR,OH,AGL,CE,Federal Contract Tower,0,0,4,0,4,0,0,58,2,60,0,0,62,2,64,50,2,52,116
05/12/2012,TZR,OH,AGL,CE,Federal Contract Tower,0,0,2,0,2,0,0,66,0,66,0,0,68,0,68,68,0,68,136
05/13/2012,TZR,OH,AGL,CE,Federal Contract Tower,0,1,6,0,7,0,0,4,0,4,0,1,10,0,11,0,0,0,11
05/14/2012,TZR,OH,AGL,CE,Federal Contract Tower,0,3,3,0,6,0,0,26,0,26,0,3,29,0,32,26,0,26,58
05/15/2012,TZR,OH,AGL,CE,Federal Contract Tower,0,0,5,4,9,0,0,39,0,39,0,0,44,4,48,50,0,50,98
05/16/2012,TZR,OH,AGL,CE,Federal Contract Tower,0,0,12,2,14,0,0,33,0,33,0,0,45,2,47,38,0,38,85
05/17/2012,TZR,OH,AGL,CE,Federal Contract Tower,0,0,11,0,11,0,0,43,0,43,0,0,54,0,54,90,0,90,144
05/18/2012,TZR,OH,AGL,CE,Federal Contract Tower,0,0,18,0,18,0,0,62,0,62,0,0,80,0,80,82,0,82,162
05/19/2012,TZR,OH,AGL,CE,Federal Contract Tower,0,0,16,0,16,0,0,89,0,89,0,0,105,0,105,26,0,26,131
05/20/2012,TZR,OH,AGL,CE,Federal Contract Tower,0,0,18,0,18,0,0,58,0,58,0,0,76,0,76,68,0,68,144
05/21/2012,TZR,OH,AGL,CE,Federal Contract Tower,0,0,4,0,4,0,0,28,0,28,0,0,32,0,32,52,0,52,84
05/22/2012,TZR,OH,AGL,CE,Federal Contract Tower,0,0,16,0,16,0,0,20,0,20,0,0,36,0,36,42,0,42,78
05/23/2012,TZR,OH,AGL,CE,Federal Contract Tower,0,0,11,0,11,0,0,21,0,21,0,0,32,0,32,56,0,56,88
05/24/2012,TZR,OH,AGL,CE,Federal Contract Tower,0,0,7,0,7,0,0,36,0,36,0,0,43,0,43,22,0,22,65
05/25/2012,TZR,OH,AGL,CE,Federal Contract Tower,0,0,5,0,5,0,0,29,0,29,0,0,34,0,34,18,0,18,52
05/26/2012,TZR,OH,AGL,CE,Federal Contract Tower,0,0,2,0,2,0,0,42,0,42,0,0,44,0,44,24,0,24,68
05/27/2012,TZR,OH,AGL,CE,Federal Contract Tower,0,0,3,0,3,0,0,37,0,37,0,0,40,0,40,6,0,6,46
05/28/2012,TZR,OH,AGL,CE,Federal Contract Tower,0,0,5,0,5,0,0,24,0,24,0,0,29,0,29,32,0,32,61
05/29/2012,TZR,OH,AGL,CE,Federal Contract Tower,0,0,0,0,0,0,0,12,0,12,0,0,12,0,12,20,0,20,32
05/30/2012,TZR,OH,AGL,CE,Federal Contract Tower,0,0,11,0,11,0,0,31,0,31,0,0,42,0,42,0,0,0,42
05/31/2012,TZR,OH,AGL,CE,Federal Contract Tower,0,0,4,0,4,0,0,33,0,33,0,0,37,0,37,42,0,42,79
06/01/2012,TZR,OH,AGL,CE,Federal Contract Tower,0,0,8,0,8,0,0,2,0,2,0,0,10,0,10,2,0,2,12
06/02/2012,TZR,OH,AGL,CE,Federal Contract Tower,0,0,2,0,2,0,0,40,0,40,0,0,42,0,42,76,0,76,118
06/03/2012,TZR,OH,AGL,CE,Federal Contract Tower,0,0,3,0,3,0,0,27,0,27,0,0,30,0,30,50,0,50,80
06/04/2012,TZR,OH,AGL,CE,Federal Contract Tower,0,0,10,0,10,0,0,21,0,21,0,0,31,0,31,30,0,30,61
06/05/2012,TZR,OH,AGL,CE,Federal Contract Tower,0,0,9,0,9,0,0,14,0,14,0,0,23,0,23,8,0,8,31
06/06/2012,TZR,OH,AGL,CE,Federal Contract Tower,0,0,10,0,10,0,0,34,0,34,0,0,44,0,44,56,0,56,100
06/07/2012,TZR,OH,AGL,CE,Federal Contract Tower,0,0,8,0,8,0,0,36,2,38,0,0,44,2,46,40,0,40,86
06/08/2012,TZR,OH,AGL,CE,Federal Contract Tower,0,0,5,0,5,0,0,24,0,24,0,0,29,0,29,40,0,40,69
06/09/2012,TZR,OH,AGL,CE,Federal Contract Tower,0,0,0,0,0,0,0,33,0,33,0,0,33,0,33,4,0,4,37
06/10/2012,TZR,OH,AGL,CE,Federal Contract Tower,0,0,4,0,4,0,0,42,6,48,0,0,46,6,52,54,0,54,106
06/11/2012,TZR,OH,AGL,CE,Federal Contract Tower,0,0,5,0,5,0,0,0,0,0,0,0,5,0,5,0,0,0,5
06/12/2012,TZR,OH,AGL,CE,Federal Contract Tower,0,0,5,0,5,0,0,30,0,30,0,0,35,0,35,48,0,48,83
06/13/2012,TZR,OH,AGL,CE,Federal Contract Tower,0,0,3,2,5,0,0,34,0,34,0,0,37,2,39,4,0,4,43
06/14/2012,TZR,OH,AGL,CE,Federal Contract Tower,0,0,11,0,11,0,0,47,0,47,0,0,58,0,58,4,0,4,62
06/15/2012,TZR,OH,AGL,CE,Federal Contract Tower,0,0,7,0,7,0,0,37,0,37,0,0,44,0,44,26,0,26,70
06/16/2012,TZR,OH,AGL,CE,Federal Contract Tower,0,0,3,0,3,0,0,36,0,36,0,0,39,0,39,8,0,8,47
06/17/2012,TZR,OH,AGL,CE,Federal Contract Tower,0,0,1,0,1,0,0,3,0,3,0,0,4,0,4,0,0,0,4
06/18/2012,TZR,OH,AGL,CE,Federal Contract Tower,0,0,6,0,6,0,0,12,0,12,0,0,18,0,18,22,0,22,40
06/19/2012,TZR,OH,AGL,CE,Federal Contract Tower,0,1,4,0,5,0,0,35,0,35,0,1,39,0,40,86,0,86,126
06/20/2012,TZR,OH,AGL,CE,Federal Contract Tower,0,1,14,0,15,0,0,28,2,30,0,1,42,2,45,42,0,42,87
06/21/2012,TZR,OH,AGL,CE,Federal Contract Tower,0,1,6,0,7,0,0,34,0,34,0,1,40,0,41,16,0,16,57
06/22/2012,TZR,OH,AGL,CE,Federal Contract Tower,0,2,7,0,9,0,0,22,0,22,0,2,29,0,31,32,0,32,63
06/23/2012,TZR,OH,AGL,CE,Federal Contract Tower,0,0,3,0,3,0,0,45,0,45,0,0,48,0,48,30,0,30,78
06/24/2012,TZR,OH,AGL,CE,Federal Contract Tower,0,0,7,0,7,0,0,34,0,34,0,0,41,0,41,32,0,32,73
06/25/2012,TZR,OH,AGL,CE,Federal Contract Tower,0,0,2,2,4,0,0,33,0,33,0,0,35,2,37,28,0,28,65
06/26/2012,TZR,OH,AGL,CE,Federal Contract Tower,0,0,6,0,6,0,0,13,0,13,0,0,19,0,19,8,0,8,27
06/27/2012,TZR,OH,AGL,CE,Federal Contract Tower,0,0,8,0,8,0,0,12,0,12,0,0,20,0,20,12,0,12,32
06/28/2012,TZR,OH,AGL,CE,Federal Contract Tower,0,0,2,0,2,0,0,29,0,29,0,0,31,0,31,18,0,18,49
06/29/2012,TZR,OH,AGL,CE,Federal Contract Tower,0,0,7,0,7,0,0,32,1,33,0,0,39,1,40,20,0,20,60
06/30/2012,TZR,OH,AGL,CE,Federal Contract Tower,0,0,4,0,4,0,0,42,1,43,0,0,46,1,47,30,0,30,77
07/01/2012,TZR,OH,AGL,CE,Federal Contract Tower,0,0,8,0,8,0,0,26,0,26,0,0,34,0,34,42,0,42,76
07/02/2012,TZR,OH,AGL,CE,Federal Contract Tower,0,0,7,0,7,0,0,39,1,40,0,0,46,1,47,54,0,54,101
07/03/2012,TZR,OH,AGL,CE,Federal Contract Tower,0,0,13,0,13,0,0,41,0,41,0,0,54,0,54,28,0,28,82
07/04/2012,TZR,OH,AGL,CE,Federal Contract Tower,0,0,2,0,2,0,0,19,0,19,0,0,21,0,21,28,0,28,49
07/05/2012,TZR,OH,AGL,CE,Federal Contract Tower,0,0,7,0,7,0,0,16,0,16,0,0,23,0,23,24,0,24,47
07/06/2012,TZR,OH,AGL,CE,Federal Contract Tower,0,0,1,0,1,0,0,38,0,38,0,0,39,0,39,56,0,56,95
07/07/2012,TZR,OH,AGL,CE,Federal Contract Tower,0,0,2,0,2,0,0,22,0,22,0,0,24,0,24,0,0,0,24
07/08/2012,TZR,OH,AGL,CE,Federal Contract Tower,0,0,7,0,7,0,0,26,0,26,0,0,33,0,33,10,0,10,43
07/09/2012,TZR,OH,AGL,CE,Federal Contract Tower,0,0,5,0,5,0,0,36,0,36,0,0,41,0,41,48,0,48,89
07/10/2012,TZR,OH,AGL,CE,Federal Contract Tower,0,4,20,1,25,0,0,35,0,35,0,4,55,1,60,76,0,76,136
07/11/2012,TZR,OH,AGL,CE,Federal Contract Tower,0,0,8,0,8,0,0,31,0,31,0,0,39,0,39,36,0,36,75
07/12/2012,TZR,OH,AGL,CE,Federal Contract Tower,0,0,3,2,5,0,0,21,0,21,0,0,24,2,26,10,0,10,36
07/13/2012,TZR,OH,AGL,CE,Federal Contract Tower,0,0,8,0,8,0,0,16,0,16,0,0,24,0,24,14,0,14,38
07/14/2012,TZR,OH,AGL,CE,Federal Contract Tower,0,0,6,0,6,0,0,3,0,3,0,0,9,0,9,16,0,16,25
07/15/2012,TZR,OH,AGL,CE,Federal Contract Tower,0,0,9,0,9,0,0,16,0,16,0,0,25,0,25,20,0,20,45
07/16/2012,TZR,OH,AGL,CE,Federal Contract Tower,0,2,15,0,17,0,0,30,0,30,0,2,45,0,47,26,0,26,73
07/17/2012,TZR,OH,AGL,CE,Federal Contract Tower,0,10,10,2,22,0,0,25,0,25,0,10,35,2,47,16,0,16,63
07/18/2012,TZR,OH,AGL,CE,Federal Contract Tower,0,0,4,0,4,0,0,6,2,8,0,0,10,2,12,0,0,0,12
07/19/2012,TZR,OH,AGL,CE,Federal Contract Tower,0,0,6,0,6,0,0,8,0,8,0,0,14,0,14,0,0,0,14
07/20/2012,TZR,OH,AGL,CE,Federal Contract Tower,0,0,5,0,5,0,0,10,0,10,0,0,15,0,15,28,0,28,43
07/21/2012,TZR,OH,AGL,CE,Federal Contract Tower,0,0,3,0,3,0,0,23,0,23,0,0,26,0,26,24,0,24,50
07/22/2012,TZR,OH,AGL,CE,Federal Contract Tower,0,0,7,0,7,0,0,38,2,40,0,0,45,2,47,24,0,24,71
07/23/2012,TZR,OH,AGL,CE,Federal Contract Tower,0,0,6,0,6,0,0,27,0,27,0,0,33,0,33,72,0,72,105
07/24/2012,TZR,OH,AGL,CE,Federal Contract Tower,0,0,4,0,4,0,0,4,0,4,0,0,8,0,8,10,2,12,20
07/25/2012,TZR,OH,AGL,CE,Federal Contract Tower,0,0,7,0,7,0,0,26,0,26,0,0,33,0,33,40,0,40,73
07/26/2012,TZR,OH,AGL,CE,Federal Contract Tower,0,2,3,0,5,0,0,7,0,7,0,2,10,0,12,0,0,0,12
07/27/2012,TZR,OH,AGL,CE,Federal Contract Tower,0,0,2,0,2,0,0,24,0,24,0,0,26,0,26,30,0,30,56
07/28/2012,TZR,OH,AGL,CE,Federal Contract Tower,0,0,17,0,17,0,0,2,2,4,0,0,19,2,21,32,0,32,53
07/29/2012,TZR,OH,AGL,CE,Federal Contract Tower,0,0,7,0,7,0,0,88,0,88,0,0,95,0,95,156,0,156,251
07/30/2012,TZR,OH,AGL,CE,Federal Contract Tower,0,0,4,0,4,0,0,30,0,30,0,0,34,0,34,58,0,58,92
07/31/2012,TZR,OH,AGL,CE,Federal Contract Tower,0,0,3,0,3,0,0,24,0,24,0,0,27,0,27,22,0,22,49
08/01/2012,TZR,OH,AGL,CE,Federal Contract Tower,0,0,3,0,3,0,0,21,0,21,0,0,24,0,24,44,0,44,68
08/02/2012,TZR,OH,AGL,CE,Federal Contract Tower,0,0,13,0,13,0,0,23,0,23,0,0,36,0,36,20,0,20,56
08/03/2012,TZR,OH,AGL,CE,Federal Contract Tower,0,0,3,0,3,0,0,33,0,33,0,0,36,0,36,14,0,14,50
08/04/2012,TZR,OH,AGL,CE,Federal Contract Tower,0,0,7,0,7,0,0,18,0,18,0,0,25,0,25,30,0,30,55
08/05/2012,TZR,OH,AGL,CE,Federal Contract Tower,0,0,9,0,9,0,0,2,0,2,0,0,11,0,11,0,0,0,11
08/06/2012,TZR,OH,AGL,CE,Federal Contract Tower,0,0,5,0,5,0,0,37,0,37,0,0,42,0,42,86,0,86,128
08/07/2012,TZR,OH,AGL,CE,Federal Contract Tower,0,0,13,0,13,0,0,30,0,30,0,0,43,0,43,26,0,26,69
08/08/2012,TZR,OH,AGL,CE,Federal Contract Tower,0,0,12,0,12,0,0,25,0,25,0,0,37,0,37,14,0,14,51
08/09/2012,TZR,OH,AGL,CE,Federal Contract Tower,0,0,11,0,11,0,0,6,2,8,0,0,17,2,19,8,16,24,43
08/10/2012,TZR,OH,AGL,CE,Federal Contract Tower,0,0,10,0,10,0,2,0,0,2,0,2,10,0,12,0,0,0,12
08/11/2012,TZR,OH,AGL,CE,Federal Contract Tower,0,0,2,0,2,0,0,6,0,6,0,0,8,0,8,12,0,12,20
08/12/2012,TZR,OH,AGL,CE,Federal Contract Tower,0,0,9,0,9,0,0,47,0,47,0,0,56,0,56,50,0,50,106
08/13/2012,TZR,OH,AGL,CE,Federal Contract Tower,0,0,16,0,16,0,0,23,0,23,0,0,39,0,39,44,0,44,83
08/14/2012,TZR,OH,AGL,CE,Federal Contract Tower,0,0,13,0,13,0,0,7,2,9,0,0,20,2,22,22,0,22,44
08/15/2012,TZR,OH,AGL,CE,Federal Contract Tower,0,0,7,0,7,0,0,17,0,17,0,0,24,0,24,0,0,0,24
08/16/2012,TZR,OH,AGL,CE,Federal Contract Tower,0,0,8,0,8,0,0,20,0,20,0,0,28,0,28,8,0,8,36
08/17/2012,TZR,OH,AGL,CE,Federal Contract Tower,0,0,9,0,9,0,0,28,0,28,0,0,37,0,37,12,0,12,49
08/18/2012,TZR,OH,AGL,CE,Federal Contract Tower,0,0,3,0,3,0,0,112,0,112,0,0,115,0,115,14,0,14,129
08/19/2012,TZR,OH,AGL,CE,Federal Contract Tower,0,0,5,0,5,0,0,35,0,35,0,0,40,0,40,36,0,36,76
08/20/2012,TZR,OH,AGL,CE,Federal Contract Tower,0,0,14,0,14,0,0,17,0,17,0,0,31,0,31,0,0,0,31
08/21/2012,TZR,OH,AGL,CE,Federal Contract Tower,0,1,2,0,3,0,0,4,0,4,0,1,6,0,7,0,0,0,7
08/22/2012,TZR,OH,AGL,CE,Federal Contract Tower,0,7,1,0,8,0,0,26,0,26,0,7,27,0,34,10,4,14,48
08/23/2012,TZR,OH,AGL,CE,Federal Contract Tower,0,0,11,0,11,0,0,25,0,25,0,0,36,0,36,56,0,56,92
08/24/2012,TZR,OH,AGL,CE,Federal Contract Tower,0,0,9,0,9,0,0,43,0,43,0,0,52,0,52,24,0,24,76
08/25/2012,TZR,OH,AGL,CE,Federal Contract Tower,0,1,3,0,4,0,0,36,2,38,0,1,39,2,42,38,0,38,80
08/26/2012,TZR,OH,AGL,CE,Federal Contract Tower,0,0,3,0,3,0,0,64,0,64,0,0,67,0,67,20,0,20,87
08/27/2012,TZR,OH,AGL,CE,Federal Contract Tower,0,0,3,0,3,0,0,6,0,6,0,0,9,0,9,6,0,6,15
08/28/2012,TZR,OH,AGL,CE,Federal Contract Tower,0,0,2,0,2,0,0,22,0,22,0,0,24,0,24,38,0,38,62
08/29/2012,TZR,OH,AGL,CE,Federal Contract Tower,0,0,5,0,5,0,0,20,0,20,0,0,25,0,25,40,0,40,65
08/30/2012,TZR,OH,AGL,CE,Federal Contract Tower,0,2,5,0,7,0,0,33,0,33,0,2,38,0,40,28,0,28,68
08/31/2012,TZR,OH,AGL,CE,Federal Contract Tower,0,0,2,0,2,0,0,18,0,18,0,0,20,0,20,16,0,16,36
09/01/2012,TZR,OH,AGL,CE,Federal Contract Tower,0,0,0,0,0,0,0,33,0,33,0,0,33,0,33,26,0,26,59
09/02/2012,TZR,OH,AGL,CE,Federal Contract Tower,0,0,1,0,1,0,0,0,0,0,0,0,1,0,1,0,0,0,1
09/03/2012,TZR,OH,AGL,CE,Federal Contract Tower,0,0,2,0,2,0,0,5,0,5,0,0,7,0,7,6,0,6,13
09/04/2012,TZR,OH,AGL,CE,Federal Contract Tower,0,0,12,0,12,0,0,0,2,2,0,0,12,2,14,2,2,4,18
09/05/2012,TZR,OH,AGL,CE,Federal Contract Tower,0,0,11,0,11,0,0,16,0,16,0,0,27,0,27,8,0,8,35
09/06/2012,TZR,OH,AGL,CE,Federal Contract Tower,0,0,5,0,5,0,0,26,0,26,0,0,31,0,31,14,0,14,45
09/07/2012,TZR,OH,AGL,CE,Federal Contract Tower,0,0,8,0,8,0,0,21,0,21,0,0,29,0,29,38,0,38,67
09/08/2012,TZR,OH,AGL,CE,Federal Contract Tower,0,0,4,0,4,0,0,14,0,14,0,0,18,0,18,0,0,0,18
09/09/2012,TZR,OH,AGL,CE,Federal Contract Tower,0,0,6,0,6,0,0,41,0,41,0,0,47,0,47,92,0,92,139
09/10/2012,TZR,OH,AGL,CE,Federal Contract Tower,0,0,16,0,16,0,0,43,0,43,0,0,59,0,59,26,0,26,85
09/11/2012,TZR,OH,AGL,CE,Federal Contract Tower,0,0,3,0,3,0,0,4,0,4,0,0,7,0,7,0,0,0,7
09/12/2012,TZR,OH,AGL,CE,Federal Contract Tower,0,0,5,0,5,0,0,14,0,14,0,0,19,0,19,16,0,16,35
09/13/2012,TZR,OH,AGL,CE,Federal Contract Tower,0,0,6,0,6,0,0,15,0,15,0,0,21,0,21,0,0,0,21
09/14/2012,TZR,OH,AGL,CE,Federal Contract Tower,0,1,7,0,8,0,0,6,0,6,0,1,13,0,14,0,0,0,14
09/15/2012,TZR,OH,AGL,CE,Federal Contract Tower,0,0,1,0,1,0,0,24,0,24,0,0,25,0,25,22,0,22,47
09/16/2012,TZR,OH,AGL,CE,Federal Contract Tower,0,0,4,0,4,0,0,46,2,48,0,0,50,2,52,24,0,24,76
09/17/2012,TZR,OH,AGL,CE,Federal Contract Tower,0,0,0,2,2,0,0,1,0,1,0,0,1,2,3,0,0,0,3
09/18/2012,TZR,OH,AGL,CE,Federal Contract Tower,0,0,12,0,12,0,0,12,0,12,0,0,24,0,24,0,0,0,24
09/19/2012,TZR,OH,AGL,CE,Federal Contract Tower,0,2,6,0,8,0,0,32,2,34,0,2,38,2,42,48,8,56,98
09/20/2012,TZR,OH,AGL,CE,Federal Contract Tower,0,0,9,0,9,0,0,31,0,31,0,0,40,0,40,36,0,36,76
09/21/2012,TZR,OH,AGL,CE,Federal Contract Tower,0,0,3,0,3,0,0,15,2,17,0,0,18,2,20,12,12,24,44
09/22/2012,TZR,OH,AGL,CE,Federal Contract Tower,0,1,4,0,5,0,0,4,0,4,0,1,8,0,9,40,0,40,49
09/23/2012,TZR,OH,AGL,CE,Federal Contract Tower,0,0,5,0,5,0,0,30,0,30,0,0,35,0,35,28,0,28,63
09/24/2012,TZR,OH,AGL,CE,Federal Contract Tower,0,0,3,0,3,0,0,33,0,33,0,0,36,0,36,16,0,16,52
09/25/2012,TZR,OH,AGL,CE,Federal Contract Tower,0,0,0,0,0,0,0,0,0,0,0,0,0,0,0,4,0,4,4
09/26/2012,TZR,OH,AGL,CE,Federal Contract Tower,0,0,13,0,13,0,0,4,0,4,0,0,17,0,17,18,0,18,35
09/27/2012,TZR,OH,AGL,CE,Federal Contract Tower,0,0,11,0,11,0,0,0,0,0,0,0,11,0,11,0,0,0,11
09/28/2012,TZR,OH,AGL,CE,Federal Contract Tower,0,0,12,0,12,0,0,23,0,23,0,0,35,0,35,10,0,10,45
09/29/2012,TZR,OH,AGL,CE,Federal Contract Tower,0,0,6,0,6,0,0,54,0,54,0,0,60,0,60,66,0,66,126
09/30/2012,TZR,OH,AGL,CE,Federal Contract Tower,0,0,4,0,4,0,0,24,0,24,0,0,28,0,28,16,0,16,44
10/01/2012,TZR,OH,AGL,CE,Federal Contract Tower,0,0,5,0,5,0,0,20,0,20,0,0,25,0,25,34,0,34,59
10/02/2012,TZR,OH,AGL,CE,Federal Contract Tower,0,0,9,0,9,0,0,1,0,1,0,0,10,0,10,0,0,0,10
10/03/2012,TZR,OH,AGL,CE,Federal Contract Tower,0,0,10,0,10,0,0,12,0,12,0,0,22,0,22,42,0,42,64
10/04/2012,TZR,OH,AGL,CE,Federal Contract Tower,0,4,8,0,12,0,0,35,0,35,0,4,43,0,47,12,0,12,59
10/05/2012,TZR,OH,AGL,CE,Federal Contract Tower,0,0,10,0,10,0,0,24,0,24,0,0,34,0,34,18,0,18,52
10/06/2012,TZR,OH,AGL,CE,Federal Contract Tower,0,0,3,0,3,0,0,32,0,32,0,0,35,0,35,40,0,40,75
10/07/2012,TZR,OH,AGL,CE,Federal Contract Tower,0,1,6,0,7,0,0,35,0,35,0,1,41,0,42,16,0,16,58
10/08/2012,TZR,OH,AGL,CE,Federal Contract Tower,0,0,12,0,12,0,0,23,0,23,0,0,35,0,35,18,0,18,53
10/09/2012,TZR,OH,AGL,CE,Federal Contract Tower,0,0,10,0,10,0,0,6,0,6,0,0,16,0,16,2,0,2,18
10/10/2012,TZR,OH,AGL,CE,Federal Contract Tower,0,0,3,0,3,0,0,9,0,9,0,0,12,0,12,34,0,34,46
10/11/2012,TZR,OH,AGL,CE,Federal Contract Tower,0,0,12,0,12,0,0,59,0,59,0,0,71,0,71,218,0,218,289
10/12/2012,TZR,OH,AGL,CE,Federal Contract Tower,0,0,6,0,6,0,0,23,0,23,0,0,29,0,29,164,0,164,193
10/13/2012,TZR,OH,AGL,CE,Federal Contract Tower,0,0,1,0,1,0,0,37,0,37,0,0,38,0,38,28,0,28,66
10/14/2012,TZR,OH,AGL,CE,Federal Contract Tower,0,0,3,0,3,0,0,5,0,5,0,0,8,0,8,0,0,0,8
10/15/2012,TZR,OH,AGL,CE,Federal Contract Tower,0,0,6,0,6,0,0,2,0,2,0,0,8,0,8,0,0,0,8
10/16/2012,TZR,OH,AGL,CE,Federal Contract Tower,0,0,7,0,7,0,0,37,0,37,0,0,44,0,44,30,0,30,74
10/17/2012,TZR,OH,AGL,CE,Federal Contract Tower,0,3,12,0,15,0,0,12,0,12,0,3,24,0,27,6,0,6,33
10/18/2012,TZR,OH,AGL,CE,Federal Contract Tower,0,0,7,0,7,0,0,8,0,8,0,0,15,0,15,26,1,27,42
10/19/2012,TZR,OH,AGL,CE,Federal Contract Tower,0,0,11,0,11,0,0,10,0,10,0,0,21,0,21,0,0,0,21
10/20/2012,TZR,OH,AGL,CE,Federal Contract Tower,0,0,11,0,11,0,0,15,0,15,0,0,26,0,26,22,0,22,48
10/21/2012,TZR,OH,AGL,CE,Federal Contract Tower,0,0,1,0,1,0,0,62,0,62,0,0,63,0,63,42,0,42,105
10/22/2012,TZR,OH,AGL,CE,Federal Contract Tower,0,0,7,0,7,0,0,27,0,27,0,0,34,0,34,12,0,12,46
10/23/2012,TZR,OH,AGL,CE,Federal Contract Tower,0,0,9,0,9,0,0,17,2,19,0,0,26,2,28,44,0,44,72
10/24/2012,TZR,OH,AGL,CE,Federal Contract Tower,0,0,18,0,18,0,0,42,0,42,0,0,60,0,60,20,0,20,80
10/25/2012,TZR,OH,AGL,CE,Federal Contract Tower,0,0,12,0,12,0,0,37,1,38,0,0,49,1,50,86,0,86,136
10/26/2012,TZR,OH,AGL,CE,Federal Contract Tower,0,2,11,0,13,0,0,2,0,2,0,2,13,0,15,12,0,12,27
10/27/2012,TZR,OH,AGL,CE,Federal Contract Tower,0,0,4,0,4,0,0,1,0,1,0,0,5,0,5,0,0,0,5
10/28/2012,TZR,OH,AGL,CE,Federal Contract Tower,0,0,4,0,4,0,0,1,0,1,0,0,5,0,5,0,0,0,5
10/29/2012,TZR,OH,AGL,CE,Federal Contract Tower,0,0,6,0,6,0,0,1,0,1,0,0,7,0,7,0,0,0,7
10/30/2012,TZR,OH,AGL,CE,Federal Contract Tower,0,0,2,0,2,0,0,0,0,0,0,0,2,0,2,0,0,0,2
10/31/2012,TZR,OH,AGL,CE,Federal Contract Tower,0,0,3,0,3,0,0,1,0,1,0,0,4,0,4,0,0,0,4
11/01/2012,TZR,OH,AGL,CE,Federal Contract Tower,0,4,5,0,9,0,0,15,2,17,0,4,20,2,26,10,2,12,38
11/02/2012,TZR,OH,AGL,CE,Federal Contract Tower,0,0,6,0,6,0,0,6,0,6,0,0,12,0,12,4,0,4,16
11/03/2012,TZR,OH,AGL,CE,Federal Contract Tower,0,0,2,0,2,0,0,29,0,29,0,0,31,0,31,40,0,40,71
11/04/2012,TZR,OH,AGL,CE,Federal Contract Tower,0,2,11,0,13,0,0,42,0,42,0,2,53,0,55,76,0,76,131
11/05/2012,TZR,OH,AGL,CE,Federal Contract Tower,0,0,2,0,2,0,0,5,0,5,0,0,7,0,7,44,0,44,51
11/06/2012,TZR,OH,AGL,CE,Federal Contract Tower,0,0,8,2,10,0,0,22,2,24,0,0,30,4,34,72,16,88,122
11/07/2012,TZR,OH,AGL,CE,Federal Contract Tower,0,0,12,0,12,0,0,24,0,24,0,0,36,0,36,74,0,74,110
11/08/2012,TZR,OH,AGL,CE,Federal Contract Tower,0,0,12,0,12,0,0,35,0,35,0,0,47,0,47,46,0,46,93
11/09/2012,TZR,OH,AGL,CE,Federal Contract Tower,0,0,9,0,9,0,0,50,0,50,0,0,59,0,59,28,0,28,87
11/10/2012,TZR,OH,AGL,CE,Federal Contract Tower,0,0,3,0,3,0,0,38,0,38,0,0,41,0,41,44,0,44,85
11/11/2012,TZR,OH,AGL,CE,Federal Contract Tower,0,0,6,0,6,0,0,32,2,34,0,0,38,2,40,62,0,62,102
11/12/2012,TZR,OH,AGL,CE,Federal Contract Tower,0,0,10,0,10,0,0,0,0,0,0,0,10,0,10,0,0,0,10
11/13/2012,TZR,OH,AGL,CE,Federal Contract Tower,0,0,5,0,5,0,0,17,0,17,0,0,22,0,22,50,0,50,72
11/14/2012,TZR,OH,AGL,CE,Federal Contract Tower,0,5,4,0,9,0,0,38,0,38,0,5,42,0,47,70,0,70,117
11/15/2012,TZR,OH,AGL,CE,Federal Contract Tower,0,0,7,0,7,0,0,28,0,28,0,0,35,0,35,50,0,50,85
11/16/2012,TZR,OH,AGL,CE,Federal Contract Tower,0,0,6,0,6,0,0,31,0,31,0,0,37,0,37,28,0,28,65
11/17/2012,TZR,OH,AGL,CE,Federal Contract Tower,0,0,5,0,5,0,0,42,2,44,0,0,47,2,49,68,0,68,117
11/18/2012,TZR,OH,AGL,CE,Federal Contract Tower,0,0,2,0,2,0,0,42,0,42,0,0,44,0,44,48,0,48,92
11/19/2012,TZR,OH,AGL,CE,Federal Contract Tower,0,1,13,0,14,0,10,19,0,29,0,11,32,0,43,0,0,0,43
11/20/2012,TZR,OH,AGL,CE,Federal Contract Tower,0,0,11,0,11,0,0,18,0,18,0,0,29,0,29,12,0,12,41
11/21/2012,TZR,OH,AGL,CE,Federal Contract Tower,0,0,6,0,6,0,0,48,0,48,0,0,54,0,54,44,0,44,98
11/22/2012,TZR,OH,AGL,CE,Federal Contract Tower,0,0,1,0,1,0,0,15,0,15,0,0,16,0,16,4,0,4,20
11/23/2012,TZR,OH,AGL,CE,Federal Contract Tower,0,0,1,0,1,0,0,2,0,2,0,0,3,0,3,0,0,0,3
11/24/2012,TZR,OH,AGL,CE,Federal Contract Tower,0,0,2,0,2,0,0,11,0,11,0,0,13,0,13,24,0,24,37
11/25/2012,TZR,OH,AGL,CE,Federal Contract Tower,0,0,4,0,4,0,0,35,0,35,0,0,39,0,39,56,0,56,95
11/26/2012,TZR,OH,AGL,CE,Federal Contract Tower,0,5,7,0,12,0,0,20,0,20,0,5,27,0,32,22,0,22,54
11/27/2012,TZR,OH,AGL,CE,Federal Contract Tower,0,0,10,0,10,0,0,17,0,17,0,0,27,0,27,30,2,32,59
11/28/2012,TZR,OH,AGL,CE,Federal Contract Tower,0,0,13,0,13,0,0,20,0,20,0,0,33,0,33,34,0,34,67
11/29/2012,TZR,OH,AGL,CE,Federal Contract Tower,0,0,6,0,6,0,0,33,0,33,0,0,39,0,39,38,0,38,77
11/30/2012,TZR,OH,AGL,CE,Federal Contract Tower,0,0,8,2,10,0,0,28,0,28,0,0,36,2,38,0,0,0,38
12/01/2012,TZR,OH,AGL,CE,Federal Contract Tower,0,0,3,0,3,0,0,42,4,46,0,0,45,4,49,46,0,46,95
12/02/2012,TZR,OH,AGL,CE,Federal Contract Tower,0,4,4,0,8,0,0,4,0,4,0,4,8,0,12,0,0,0,12
12/03/2012,TZR,OH,AGL,CE,Federal Contract Tower,0,2,9,0,11,0,0,12,0,12,0,2,21,0,23,40,0,40,63
12/04/2012,TZR,OH,AGL,CE,Federal Contract Tower,0,0,6,0,6,0,0,6,0,6,0,0,12,0,12,22,0,22,34
12/05/2012,TZR,OH,AGL,CE,Federal Contract Tower,0,6,7,0,13,0,0,37,0,37,0,6,44,0,50,16,0,16,66
12/06/2012,TZR,OH,AGL,CE,Federal Contract Tower,0,0,2,0,2,0,0,50,0,50,0,0,52,0,52,58,0,58,110
12/07/2012,TZR,OH,AGL,CE,Federal Contract Tower,0,0,4,0,4,0,0,0,0,0,0,0,4,0,4,0,0,0,4
12/08/2012,TZR,OH,AGL,CE,Federal Contract Tower,0,0,4,0,4,0,0,0,0,0,0,0,4,0,4,0,0,0,4
12/09/2012,TZR,OH,AGL,CE,Federal Contract Tower,0,0,1,0,1,0,0,0,0,0,0,0,1,0,1,0,0,0,1
12/10/2012,TZR,OH,AGL,CE,Federal Contract Tower,0,0,7,0,7,0,0,0,0,0,0,0,7,0,7,0,0,0,7
12/11/2012,TZR,OH,AGL,CE,Federal Contract Tower,0,0,4,0,4,0,0,5,0,5,0,0,9,0,9,20,0,20,29
12/12/2012,TZR,OH,AGL,CE,Federal Contract Tower,0,7,6,0,13,0,0,64,0,64,0,7,70,0,77,56,0,56,133
12/13/2012,TZR,OH,AGL,CE,Federal Contract Tower,0,1,5,0,6,0,0,54,0,54,0,1,59,0,60,92,0,92,152
12/14/2012,TZR,OH,AGL,CE,Federal Contract Tower,0,0,7,0,7,0,0,59,0,59,0,0,66,0,66,14,0,14,80
12/15/2012,TZR,OH,AGL,CE,Federal Contract Tower,0,0,4,0,4,0,0,24,0,24,0,0,28,0,28,38,0,38,66
12/16/2012,TZR,OH,AGL,CE,Federal Contract Tower,0,0,2,0,2,0,0,13,0,13,0,0,15,0,15,38,0,38,53
12/17/2012,TZR,OH,AGL,CE,Federal Contract Tower,0,0,4,0,4,0,0,1,0,1,0,0,5,0,5,0,0,0,5
12/18/2012,TZR,OH,AGL,CE,Federal Contract Tower,0,0,9,0,9,0,0,5,0,5,0,0,14,0,14,8,0,8,22
12/19/2012,TZR,OH,AGL,CE,Federal Contract Tower,0,0,5,0,5,0,0,23,0,23,0,0,28,0,28,26,0,26,54
12/20/2012,TZR,OH,AGL,CE,Federal Contract Tower,0,0,1,0,1,0,0,0,0,0,0,0,1,0,1,0,0,0,1
12/21/2012,TZR,OH,AGL,CE,Federal Contract Tower,0,0,1,0,1,0,0,0,0,0,0,0,1,0,1,0,0,0,1
12/22/2012,TZR,OH,AGL,CE,Federal Contract Tower,0,0,2,0,2,0,0,9,0,9,0,0,11,0,11,20,0,20,31
12/23/2012,TZR,OH,AGL,CE,Federal Contract Tower,0,0,0,0,0,0,0,27,0,27,0,0,27,0,27,32,0,32,59
12/24/2012,TZR,OH,AGL,CE,Federal Contract Tower,0,0,0,0,0,0,0,6,0,6,0,0,6,0,6,8,0,8,14
12/25/2012,TZR,OH,AGL,CE,Federal Contract Tower,0,0,0,0,0,0,0,1,0,1,0,0,1,0,1,0,0,0,1
12/26/2012,TZR,OH,AGL,CE,Federal Contract Tower,0,0,0,0,0,0,0,0,0,0,0,0,0,0,0,0,0,0,0
12/27/2012,TZR,OH,AGL,CE,Federal Contract Tower,0,0,3,0,3,0,0,4,2,6,0,0,7,2,9,0,6,6,15
12/28/2012,TZR,OH,AGL,CE,Federal Contract Tower,0,0,5,0,5,0,0,16,0,16,0,0,21,0,21,38,0,38,59
12/29/2012,TZR,OH,AGL,CE,Federal Contract Tower,0,0,0,0,0,0,0,0,0,0,0,0,0,0,0,0,0,0,0
12/30/2012,TZR,OH,AGL,CE,Federal Contract Tower,0,0,2,0,2,0,0,15,0,15,0,0,17,0,17,24,0,24,41
12/31/2012,TZR,OH,AGL,CE,Federal Contract Tower,0,0,1,0,1,0,0,5,0,5,0,0,6,0,6,0,0,0,6
01/01/2013,TZR,OH,AGL,CE,Federal Contract Tower,0,0,4,0,4,0,0,2,0,2,0,0,6,0,6,2,0,2,8
01/02/2013,TZR,OH,AGL,CE,Federal Contract Tower,0,1,9,0,10,0,0,20,0,20,0,1,29,0,30,10,0,10,40
01/03/2013,TZR,OH,AGL,CE,Federal Contract Tower,0,0,6,0,6,0,0,16,0,16,0,0,22,0,22,12,0,12,34
01/04/2013,TZR,OH,AGL,CE,Federal Contract Tower,0,0,7,0,7,0,0,13,0,13,0,0,20,0,20,2,0,2,22
01/05/2013,TZR,OH,AGL,CE,Federal Contract Tower,0,0,9,0,9,0,0,53,0,53,0,0,62,0,62,56,0,56,118
01/06/2013,TZR,OH,AGL,CE,Federal Contract Tower,0,2,0,0,2,0,0,10,0,10,0,2,10,0,12,42,0,42,54
01/07/2013,TZR,OH,AGL,CE,Federal Contract Tower,0,0,1,0,1,0,0,19,2,21,0,0,20,2,22,50,6,56,78
01/08/2013,TZR,OH,AGL,CE,Federal Contract Tower,0,0,2,0,2,0,0,27,0,27,0,0,29,0,29,26,0,26,55
01/09/2013,TZR,OH,AGL,CE,Federal Contract Tower,0,0,3,0,3,0,0,16,0,16,0,0,19,0,19,28,0,28,47
01/10/2013,TZR,OH,AGL,CE,Federal Contract Tower,0,0,6,0,6,0,0,14,0,14,0,0,20,0,20,0,0,0,20
01/11/2013,TZR,OH,AGL,CE,Federal Contract Tower,0,0,1,0,1,0,0,7,0,7,0,0,8,0,8,26,0,26,34
01/12/2013,TZR,OH,AGL,CE,Federal Contract Tower,0,0,2,0,2,0,0,8,0,8,0,0,10,0,10,16,0,16,26
01/13/2013,TZR,OH,AGL,CE,Federal Contract Tower,0,0,0,0,0,0,0,0,0,0,0,0,0,0,0,0,0,0,0
01/14/2013,TZR,OH,AGL,CE,Federal Contract Tower,0,0,2,0,2,0,0,18,0,18,0,0,20,0,20,18,0,18,38
01/15/2013,TZR,OH,AGL,CE,Federal Contract Tower,0,2,5,0,7,0,0,18,0,18,0,2,23,0,25,62,0,62,87
01/16/2013,TZR,OH,AGL,CE,Federal Contract Tower,0,3,3,0,6,0,0,1,0,1,0,3,4,0,7,0,0,0,7
01/17/2013,TZR,OH,AGL,CE,Federal Contract Tower,0,0,10,0,10,0,0,13,2,15,0,0,23,2,25,10,2,12,37
01/18/2013,TZR,OH,AGL,CE,Federal Contract Tower,0,0,7,0,7,0,0,31,2,33,0,0,38,2,40,12,0,12,52
01/19/2013,TZR,OH,AGL,CE,Federal Contract Tower,0,0,0,0,0,0,0,14,0,14,0,0,14,0,14,2,0,2,16
01/20/2013,TZR,OH,AGL,CE,Federal Contract Tower,0,0,1,2,3,0,0,17,0,17,0,0,18,2,20,2,0,2,22
01/21/2013,TZR,OH,AGL,CE,Federal Contract Tower,0,0,3,0,3,0,0,1,0,1,0,0,4,0,4,0,0,0,4
01/22/2013,TZR,OH,AGL,CE,Federal Contract Tower,0,0,5,0,5,0,0,6,0,6,0,0,11,0,11,16,0,16,27
01/23/2013,TZR,OH,AGL,CE,Federal Contract Tower,0,0,6,0,6,0,0,6,0,6,0,0,12,0,12,6,0,6,18
01/24/2013,TZR,OH,AGL,CE,Federal Contract Tower,0,0,4,0,4,0,0,18,0,18,0,0,22,0,22,6,0,6,28
01/25/2013,TZR,OH,AGL,CE,Federal Contract Tower,0,0,4,0,4,0,0,0,0,0,0,0,4,0,4,0,0,0,4
01/26/2013,TZR,OH,AGL,CE,Federal Contract Tower,0,0,4,0,4,0,0,5,0,5,0,0,9,0,9,14,0,14,23
01/27/2013,TZR,OH,AGL,CE,Federal Contract Tower,0,0,6,0,6,0,0,27,0,27,0,0,33,0,33,30,0,30,63
01/28/2013,TZR,OH,AGL,CE,Federal Contract Tower,0,0,3,0,3,0,0,0,0,0,0,0,3,0,3,0,0,0,3
01/29/2013,TZR,OH,AGL,CE,Federal Contract Tower,0,0,3,0,3,0,0,11,0,11,0,0,14,0,14,12,0,12,26
01/30/2013,TZR,OH,AGL,CE,Federal Contract Tower,0,0,6,0,6,0,0,0,0,0,0,0,6,0,6,0,0,0,6
01/31/2013,TZR,OH,AGL,CE,Federal Contract Tower,0,0,3,0,3,0,0,0,0,0,0,0,3,0,3,0,0,0,3
02/01/2013,TZR,OH,AGL,CE,Federal Contract Tower,0,0,1,0,1,0,0,9,0,9,0,0,10,0,10,6,0,6,16
02/02/2013,TZR,OH,AGL,CE,Federal Contract Tower,0,0,1,0,1,0,0,0,0,0,0,0,1,0,1,0,0,0,1
02/03/2013,TZR,OH,AGL,CE,Federal Contract Tower,0,0,7,0,7,0,0,0,0,0,0,0,7,0,7,2,0,2,9
02/04/2013,TZR,OH,AGL,CE,Federal Contract Tower,0,0,3,0,3,0,0,5,0,5,0,0,8,0,8,12,0,12,20
02/05/2013,TZR,OH,AGL,CE,Federal Contract Tower,0,0,5,0,5,0,0,5,0,5,0,0,10,0,10,48,0,48,58
02/06/2013,TZR,OH,AGL,CE,Federal Contract Tower,0,1,5,0,6,0,0,6,0,6,0,1,11,0,12,4,0,4,16
02/07/2013,TZR,OH,AGL,CE,Federal Contract Tower,0,0,12,0,12,0,0,45,0,45,0,0,57,0,57,62,0,62,119
02/08/2013,TZR,OH,AGL,CE,Federal Contract Tower,0,0,3,0,3,0,0,1,0,1,0,0,4,0,4,0,0,0,4
02/09/2013,TZR,OH,AGL,CE,Federal Contract Tower,0,0,7,0,7,0,0,59,0,59,0,0,66,0,66,34,0,34,100
02/10/2013,TZR,OH,AGL,CE,Federal Contract Tower,0,0,9,0,9,0,0,21,0,21,0,0,30,0,30,2,0,2,32
02/11/2013,TZR,OH,AGL,CE,Federal Contract Tower,0,0,3,0,3,0,0,1,0,1,0,0,4,0,4,0,0,0,4
02/12/2013,TZR,OH,AGL,CE,Federal Contract Tower,0,0,8,0,8,0,0,37,0,37,0,0,45,0,45,24,0,24,69
02/13/2013,TZR,OH,AGL,CE,Federal Contract Tower,0,0,3,0,3,0,0,11,0,11,0,0,14,0,14,0,0,0,14
02/14/2013,TZR,OH,AGL,CE,Federal Contract Tower,0,0,2,0,2,0,0,69,0,69,0,0,71,0,71,0,0,0,71
02/15/2013,TZR,OH,AGL,CE,Federal Contract Tower,0,0,5,0,5,0,0,4,0,4,0,0,9,0,9,12,0,12,21
02/16/2013,TZR,OH,AGL,CE,Federal Contract Tower,0,0,0,0,0,0,0,7,0,7,0,0,7,0,7,2,0,2,9
02/17/2013,TZR,OH,AGL,CE,Federal Contract Tower,0,0,6,0,6,0,0,33,0,33,0,0,39,0,39,22,0,22,61
02/18/2013,TZR,OH,AGL,CE,Federal Contract Tower,0,0,1,0,1,0,0,23,0,23,0,0,24,0,24,12,0,12,36
02/19/2013,TZR,OH,AGL,CE,Federal Contract Tower,0,0,0,0,0,0,0,0,0,0,0,0,0,0,0,0,0,0,0
02/20/2013,TZR,OH,AGL,CE,Federal Contract Tower,0,0,6,0,6,0,0,16,0,16,0,0,22,0,22,2,0,2,24
02/21/2013,TZR,OH,AGL,CE,Federal Contract Tower,0,0,7,0,7,0,0,18,0,18,0,0,25,0,25,30,0,30,55
02/22/2013,TZR,OH,AGL,CE,Federal Contract Tower,0,0,2,0,2,0,0,4,0,4,0,0,6,0,6,0,0,0,6
02/23/2013,TZR,OH,AGL,CE,Federal Contract Tower,0,0,4,0,4,0,0,34,0,34,0,0,38,0,38,40,0,40,78
02/24/2013,TZR,OH,AGL,CE,Federal Contract Tower,0,0,6,0,6,0,0,26,0,26,0,0,32,0,32,38,0,38,70
02/25/2013,TZR,OH,AGL,CE,Federal Contract Tower,0,0,7,0,7,0,0,39,0,39,0,0,46,0,46,46,0,46,92
02/26/2013,TZR,OH,AGL,CE,Federal Contract Tower,0,0,1,0,1,0,0,1,0,1,0,0,2,0,2,0,0,0,2
02/27/2013,TZR,OH,AGL,CE,Federal Contract Tower,0,1,7,0,8,0,0,0,0,0,0,1,7,0,8,0,0,0,8
02/28/2013,TZR,OH,AGL,CE,Federal Contract Tower,0,0,5,0,5,0,0,3,0,3,0,0,8,0,8,4,0,4,12
03/01/2013,TZR,OH,AGL,CE,Federal Contract Tower,0,0,5,0,5,0,0,9,0,9,0,0,14,0,14,4,0,4,18
03/02/2013,TZR,OH,AGL,CE,Federal Contract Tower,0,0,7,0,7,0,0,0,0,0,0,0,7,0,7,0,0,0,7
03/03/2013,TZR,OH,AGL,CE,Federal Contract Tower,0,0,6,0,6,0,0,10,0,10,0,0,16,0,16,0,0,0,16
03/04/2013,TZR,OH,AGL,CE,Federal Contract Tower,0,0,3,0,3,0,0,46,0,46,0,0,49,0,49,60,0,60,109
03/05/2013,TZR,OH,AGL,CE,Federal Contract Tower,0,0,3,0,3,0,0,0,0,0,0,0,3,0,3,0,0,0,3
03/06/2013,TZR,OH,AGL,CE,Federal Contract Tower,0,0,2,0,2,0,0,3,0,3,0,0,5,0,5,10,0,10,15
03/07/2013,TZR,OH,AGL,CE,Federal Contract Tower,0,0,9,0,9,0,0,16,1,17,0,0,25,1,26,2,24,26,52
03/08/2013,TZR,OH,AGL,CE,Federal Contract Tower,0,0,6,0,6,0,0,40,0,40,0,0,46,0,46,78,0,78,124
03/09/2013,TZR,OH,AGL,CE,Federal Contract Tower,0,1,6,0,7,0,0,90,0,90,0,1,96,0,97,38,0,38,135
03/10/2013,TZR,OH,AGL,CE,Federal Contract Tower,0,0,1,0,1,0,0,29,0,29,0,0,30,0,30,96,0,96,126
03/11/2013,TZR,OH,AGL,CE,Federal Contract Tower,0,0,5,0,5,0,0,1,0,1,0,0,6,0,6,0,0,0,6
03/12/2013,TZR,OH,AGL,CE,Federal Contract Tower,0,0,3,0,3,0,0,5,0,5,0,0,8,0,8,2,0,2,10
03/13/2013,TZR,OH,AGL,CE,Federal Contract Tower,0,0,7,2,9,0,0,2,0,2,0,0,9,2,11,2,0,2,13
03/14/2013,TZR,OH,AGL,CE,Federal Contract Tower,0,0,12,0,12,0,0,40,0,40,0,0,52,0,52,30,0,30,82
03/15/2013,TZR,OH,AGL,CE,Federal Contract Tower,0,0,4,0,4,0,0,32,0,32,0,0,36,0,36,46,0,46,82
03/16/2013,TZR,OH,AGL,CE,Federal Contract Tower,0,0,0,0,0,0,0,8,0,8,0,0,8,0,8,16,0,16,24
03/17/2013,TZR,OH,AGL,CE,Federal Contract Tower,0,0,2,0,2,0,0,10,0,10,0,0,12,0,12,44,0,44,56
03/18/2013,TZR,OH,AGL,CE,Federal Contract Tower,0,0,1,0,1,0,0,0,0,0,0,0,1,0,1,0,0,0,1
03/19/2013,TZR,OH,AGL,CE,Federal Contract Tower,0,0,3,0,3,0,0,1,0,1,0,0,4,0,4,0,0,0,4
03/20/2013,TZR,OH,AGL,CE,Federal Contract Tower,0,0,8,0,8,0,0,10,0,10,0,0,18,0,18,18,0,18,36
03/21/2013,TZR,OH,AGL,CE,Federal Contract Tower,0,0,13,0,13,0,0,23,0,23,0,0,36,0,36,20,0,20,56
03/22/2013,TZR,OH,AGL,CE,Federal Contract Tower,0,0,3,0,3,0,0,50,0,50,0,0,53,0,53,14,0,14,67
03/23/2013,TZR,OH,AGL,CE,Federal Contract Tower,0,0,18,0,18,0,0,81,0,81,0,0,99,0,99,46,0,46,145
03/24/2013,TZR,OH,AGL,CE,Federal Contract Tower,0,0,3,0,3,0,0,1,0,1,0,0,4,0,4,0,0,0,4
03/25/2013,TZR,OH,AGL,CE,Federal Contract Tower,0,0,0,0,0,0,0,0,0,0,0,0,0,0,0,0,0,0,0
03/26/2013,TZR,OH,AGL,CE,Federal Contract Tower,0,1,9,0,10,0,0,5,2,7,0,1,14,2,17,0,4,4,21
03/27/2013,TZR,OH,AGL,CE,Federal Contract Tower,0,0,14,2,16,0,0,15,0,15,0,0,29,2,31,2,0,2,33
03/28/2013,TZR,OH,AGL,CE,Federal Contract Tower,0,0,9,0,9,0,0,30,0,30,0,0,39,0,39,26,0,26,65
03/29/2013,TZR,OH,AGL,CE,Federal Contract Tower,0,0,19,0,19,0,0,34,0,34,0,0,53,0,53,56,0,56,109
03/30/2013,TZR,OH,AGL,CE,Federal Contract Tower,0,4,2,0,6,0,2,59,0,61,0,6,61,0,67,54,0,54,121
03/31/2013,TZR,OH,AGL,CE,Federal Contract Tower,0,0,6,0,6,0,0,0,0,0,0,0,6,0,6,0,0,0,6
04/01/2013,TZR,OH,AGL,CE,Federal Contract Tower,0,0,8,0,8,0,0,12,0,12,0,0,20,0,20,8,0,8,28
04/02/2013,TZR,OH,AGL,CE,Federal Contract Tower,0,0,10,0,10,0,0,10,0,10,0,0,20,0,20,8,0,8,28
04/03/2013,TZR,OH,AGL,CE,Federal Contract Tower,0,0,4,0,4,0,0,38,0,38,0,0,42,0,42,22,0,22,64
04/04/2013,TZR,OH,AGL,CE,Federal Contract Tower,0,0,6,0,6,0,0,47,0,47,0,0,53,0,53,38,0,38,91
04/05/2013,TZR,OH,AGL,CE,Federal Contract Tower,0,0,8,0,8,0,0,35,0,35,0,0,43,0,43,26,0,26,69
04/06/2013,TZR,OH,AGL,CE,Federal Contract Tower,0,0,0,0,0,0,0,28,0,28,0,0,28,0,28,8,0,8,36
04/07/2013,TZR,OH,AGL,CE,Federal Contract Tower,0,0,6,0,6,0,0,9,0,9,0,0,15,0,15,0,0,0,15
04/08/2013,TZR,OH,AGL,CE,Federal Contract Tower,0,0,3,0,3,0,0,10,0,10,0,0,13,0,13,2,0,2,15
04/09/2013,TZR,OH,AGL,CE,Federal Contract Tower,0,0,16,0,16,0,0,37,0,37,0,0,53,0,53,22,0,22,75
04/10/2013,TZR,OH,AGL,CE,Federal Contract Tower,0,0,7,0,7,0,0,5,0,5,0,0,12,0,12,2,0,2,14
04/11/2013,TZR,OH,AGL,CE,Federal Contract Tower,0,2,2,0,4,0,0,2,0,2,0,2,4,0,6,0,0,0,6
04/12/2013,TZR,OH,AGL,CE,Federal Contract Tower,0,0,3,0,3,0,0,6,0,6,0,0,9,0,9,2,0,2,11
04/13/2013,TZR,OH,AGL,CE,Federal Contract Tower,0,0,2,0,2,0,0,8,0,8,0,0,10,0,10,30,0,30,40
04/14/2013,TZR,OH,AGL,CE,Federal Contract Tower,0,0,10,0,10,0,0,36,0,36,0,0,46,0,46,2,0,2,48
04/15/2013,TZR,OH,AGL,CE,Federal Contract Tower,0,0,7,0,7,0,0,34,0,34,0,0,41,0,41,54,0,54,95
04/16/2013,TZR,OH,AGL,CE,Federal Contract Tower,0,0,7,0,7,0,0,13,0,13,0,0,20,0,20,16,0,16,36
04/17/2013,TZR,OH,AGL,CE,Federal Contract Tower,0,3,15,0,18,0,0,0,0,0,0,3,15,0,18,0,0,0,18
04/18/2013,TZR,OH,AGL,CE,Federal Contract Tower,0,0,9,0,9,0,0,8,0,8,0,0,17,0,17,0,0,0,17
04/19/2013,TZR,OH,AGL,CE,Federal Contract Tower,0,1,3,0,4,0,0,0,0,0,0,1,3,0,4,0,0,0,4
04/20/2013,TZR,OH,AGL,CE,Federal Contract Tower,0,0,0,0,0,0,0,9,0,9,0,0,9,0,9,4,0,4,13
04/21/2013,TZR,OH,AGL,CE,Federal Contract Tower,0,0,5,0,5,0,0,58,0,58,0,0,63,0,63,30,0,30,93
04/22/2013,TZR,OH,AGL,CE,Federal Contract Tower,0,2,13,0,15,0,0,54,0,54,0,2,67,0,69,110,0,110,179
04/23/2013,TZR,OH,AGL,CE,Federal Contract Tower,0,0,8,0,8,0,0,31,0,31,0,0,39,0,39,28,0,28,67
04/24/2013,TZR,OH,AGL,CE,Federal Contract Tower,0,0,4,0,4,0,0,0,0,0,0,0,4,0,4,0,0,0,4
04/25/2013,TZR,OH,AGL,CE,Federal Contract Tower,0,3,15,0,18,0,0,30,0,30,0,3,45,0,48,26,0,26,74
04/26/2013,TZR,OH,AGL,CE,Federal Contract Tower,0,0,7,0,7,0,0,48,0,48,0,0,55,0,55,42,0,42,97
04/27/2013,TZR,OH,AGL,CE,Federal Contract Tower,0,0,8,0,8,0,0,50,0,50,0,0,58,0,58,30,0,30,88
04/28/2013,TZR,OH,AGL,CE,Federal Contract Tower,0,0,5,0,5,0,0,0,0,0,0,0,5,0,5,0,0,0,5
04/29/2013,TZR,OH,AGL,CE,Federal Contract Tower,0,0,19,0,19,0,0,20,2,22,0,0,39,2,41,26,4,30,71
04/30/2013,TZR,OH,AGL,CE,Federal Contract Tower,0,0,6,0,6,0,0,13,0,13,0,0,19,0,19,32,0,32,51
05/01/2013,TZR,OH,AGL,CE,Federal Contract Tower,0,0,7,0,7,0,0,38,2,40,0,0,45,2,47,14,0,14,61
05/02/2013,TZR,OH,AGL,CE,Federal Contract Tower,0,0,4,0,4,0,0,32,0,32,0,0,36,0,36,22,0,22,58
05/03/2013,TZR,OH,AGL,CE,Federal Contract Tower,0,0,5,0,5,0,0,24,0,24,0,0,29,0,29,46,0,46,75
05/04/2013,TZR,OH,AGL,CE,Federal Contract Tower,0,0,8,0,8,0,0,12,0,12,0,0,20,0,20,6,0,6,26
05/05/2013,TZR,OH,AGL,CE,Federal Contract Tower,0,0,4,0,4,0,0,14,0,14,0,0,18,0,18,16,0,16,34
05/06/2013,TZR,OH,AGL,CE,Federal Contract Tower,0,0,8,0,8,0,0,13,0,13,0,0,21,0,21,12,0,12,33
05/07/2013,TZR,OH,AGL,CE,Federal Contract Tower,0,0,7,0,7,0,0,18,0,18,0,0,25,0,25,6,0,6,31
05/08/2013,TZR,OH,AGL,CE,Federal Contract Tower,0,0,8,0,8,0,0,22,0,22,0,0,30,0,30,14,0,14,44
05/09/2013,TZR,OH,AGL,CE,Federal Contract Tower,0,0,3,0,3,0,0,38,0,38,0,0,41,0,41,116,0,116,157
05/10/2013,TZR,OH,AGL,CE,Federal Contract Tower,0,0,0,0,0,0,0,9,0,9,0,0,9,0,9,12,0,12,21
05/11/2013,TZR,OH,AGL,CE,Federal Contract Tower,0,0,2,0,2,0,1,11,0,12,0,1,13,0,14,0,0,0,14
05/12/2013,TZR,OH,AGL,CE,Federal Contract Tower,0,0,14,0,14,0,0,3,0,3,0,0,17,0,17,0,0,0,17
05/13/2013,TZR,OH,AGL,CE,Federal Contract Tower,0,0,9,0,9,0,0,33,0,33,0,0,42,0,42,46,0,46,88
05/14/2013,TZR,OH,AGL,CE,Federal Contract Tower,0,0,8,0,8,0,0,28,0,28,0,0,36,0,36,30,0,30,66
05/15/2013,TZR,OH,AGL,CE,Federal Contract Tower,0,0,8,0,8,0,0,13,0,13,0,0,21,0,21,34,0,34,55
05/16/2013,TZR,OH,AGL,CE,Federal Contract Tower,0,0,4,0,4,0,0,18,0,18,0,0,22,0,22,44,0,44,66
05/17/2013,TZR,OH,AGL,CE,Federal Contract Tower,0,0,6,3,9,0,0,25,0,25,0,0,31,3,34,34,0,34,68
05/18/2013,TZR,OH,AGL,CE,Federal Contract Tower,0,0,3,0,3,0,0,42,0,42,0,0,45,0,45,70,0,70,115
05/19/2013,TZR,OH,AGL,CE,Federal Contract Tower,0,0,6,0,6,0,0,21,0,21,0,0,27,0,27,2,0,2,29
05/20/2013,TZR,OH,AGL,CE,Federal Contract Tower,0,0,8,0,8,0,0,29,0,29,0,0,37,0,37,76,0,76,113
05/21/2013,TZR,OH,AGL,CE,Federal Contract Tower,0,0,8,0,8,0,0,26,0,26,0,0,34,0,34,44,0,44,78
05/22/2013,TZR,OH,AGL,CE,Federal Contract Tower,0,0,9,0,9,0,0,26,0,26,0,0,35,0,35,50,0,50,85
05/23/2013,TZR,OH,AGL,CE,Federal Contract Tower,0,0,3,0,3,0,0,17,0,17,0,0,20,0,20,4,0,4,24
05/24/2013,TZR,OH,AGL,CE,Federal Contract Tower,0,0,12,0,12,0,0,20,0,20,0,0,32,0,32,4,0,4,36
05/25/2013,TZR,OH,AGL,CE,Federal Contract Tower,0,0,10,0,10,0,0,43,0,43,0,0,53,0,53,54,0,54,107
05/26/2013,TZR,OH,AGL,CE,Federal Contract Tower,0,0,3,0,3,0,0,41,0,41,0,0,44,0,44,22,0,22,66
05/27/2013,TZR,OH,AGL,CE,Federal Contract Tower,0,0,8,0,8,0,0,23,0,23,0,0,31,0,31,2,0,2,33
05/28/2013,TZR,OH,AGL,CE,Federal Contract Tower,0,0,6,0,6,0,0,16,0,16,0,0,22,0,22,44,0,44,66
05/29/2013,TZR,OH,AGL,CE,Federal Contract Tower,2,9,6,0,17,0,0,25,0,25,2,9,31,0,42,48,0,48,90
05/30/2013,TZR,OH,AGL,CE,Federal Contract Tower,0,0,7,0,7,0,0,26,0,26,0,0,33,0,33,42,0,42,75
05/31/2013,TZR,OH,AGL,CE,Federal Contract Tower,0,0,5,0,5,0,0,18,0,18,0,0,23,0,23,10,0,10,33
06/01/2013,TZR,OH,AGL,CE,Federal Contract Tower,0,0,4,0,4,0,0,20,0,20,0,0,24,0,24,50,0,50,74
06/02/2013,TZR,OH,AGL,CE,Federal Contract Tower,0,0,8,0,8,0,0,15,0,15,0,0,23,0,23,8,0,8,31
06/03/2013,TZR,OH,AGL,CE,Federal Contract Tower,0,0,10,0,10,0,0,28,0,28,0,0,38,0,38,78,0,78,116
06/04/2013,TZR,OH,AGL,CE,Federal Contract Tower,0,0,13,0,13,0,0,41,0,41,0,0,54,0,54,104,0,104,158
06/05/2013,TZR,OH,AGL,CE,Federal Contract Tower,0,0,8,0,8,0,0,40,0,40,0,0,48,0,48,50,0,50,98
06/06/2013,TZR,OH,AGL,CE,Federal Contract Tower,0,0,9,0,9,0,0,0,0,0,0,0,9,0,9,0,0,0,9
06/07/2013,TZR,OH,AGL,CE,Federal Contract Tower,0,0,10,0,10,0,0,33,0,33,0,0,43,0,43,62,0,62,105
06/08/2013,TZR,OH,AGL,CE,Federal Contract Tower,0,0,5,0,5,0,0,48,0,48,0,0,53,0,53,60,0,60,113
06/09/2013,TZR,OH,AGL,CE,Federal Contract Tower,0,0,3,0,3,0,0,39,0,39,0,0,42,0,42,28,0,28,70
06/10/2013,TZR,OH,AGL,CE,Federal Contract Tower,0,0,7,0,7,0,0,5,0,5,0,0,12,0,12,26,0,26,38
06/11/2013,TZR,OH,AGL,CE,Federal Contract Tower,0,0,16,0,16,0,0,13,0,13,0,0,29,0,29,22,0,22,51
06/12/2013,TZR,OH,AGL,CE,Federal Contract Tower,0,11,4,0,15,0,0,12,0,12,0,11,16,0,27,26,0,26,53
06/13/2013,TZR,OH,AGL,CE,Federal Contract Tower,0,0,8,0,8,0,0,9,0,9,0,0,17,0,17,2,0,2,19
06/14/2013,TZR,OH,AGL,CE,Federal Contract Tower,0,0,4,0,4,0,0,29,0,29,0,0,33,0,33,38,0,38,71
06/15/2013,TZR,OH,AGL,CE,Federal Contract Tower,0,0,5,0,5,0,0,60,0,60,0,0,65,0,65,48,0,48,113
06/16/2013,TZR,OH,AGL,CE,Federal Contract Tower,0,0,1,0,1,0,0,9,0,9,0,0,10,0,10,36,0,36,46
06/17/2013,TZR,OH,AGL,CE,Federal Contract Tower,0,9,0,0,9,0,0,14,0,14,0,9,14,0,23,40,0,40,63
06/18/2013,TZR,OH,AGL,CE,Federal Contract Tower,0,0,1,0,1,0,0,21,0,21,0,0,22,0,22,22,0,22,44
06/19/2013,TZR,OH,AGL,CE,Federal Contract Tower,0,0,9,0,9,0,0,54,0,54,0,0,63,0,63,104,0,104,167
06/20/2013,TZR,OH,AGL,CE,Federal Contract Tower,0,0,9,0,9,0,0,46,0,46,0,0,55,0,55,108,0,108,163
06/21/2013,TZR,OH,AGL,CE,Federal Contract Tower,0,3,3,0,6,0,0,39,0,39,0,3,42,0,45,36,0,36,81
06/22/2013,TZR,OH,AGL,CE,Federal Contract Tower,0,0,1,0,1,0,0,51,0,51,0,0,52,0,52,96,0,96,148
06/23/2013,TZR,OH,AGL,CE,Federal Contract Tower,0,3,4,0,7,0,0,46,0,46,0,3,50,0,53,124,0,124,177
06/24/2013,TZR,OH,AGL,CE,Federal Contract Tower,0,0,4,0,4,0,0,29,0,29,0,0,33,0,33,86,0,86,119
06/25/2013,TZR,OH,AGL,CE,Federal Contract Tower,0,2,7,0,9,0,0,40,0,40,0,2,47,0,49,138,0,138,187
06/26/2013,TZR,OH,AGL,CE,Federal Contract Tower,0,0,3,0,3,0,0,25,0,25,0,0,28,0,28,122,0,122,150
06/27/2013,TZR,OH,AGL,CE,Federal Contract Tower,0,0,12,0,12,0,0,11,0,11,0,0,23,0,23,18,0,18,41
06/28/2013,TZR,OH,AGL,CE,Federal Contract Tower,0,2,2,0,4,0,0,47,0,47,0,2,49,0,51,46,0,46,97
06/29/2013,TZR,OH,AGL,CE,Federal Contract Tower,0,0,7,0,7,0,0,24,6,30,0,0,31,6,37,28,0,28,65
06/30/2013,TZR,OH,AGL,CE,Federal Contract Tower,0,0,6,0,6,0,0,20,0,20,0,0,26,0,26,36,0,36,62
07/01/2013,TZR,OH,AGL,CE,Federal Contract Tower,0,4,2,0,6,0,0,27,0,27,0,4,29,0,33,76,0,76,109
07/02/2013,TZR,OH,AGL,CE,Federal Contract Tower,0,0,9,0,9,0,0,32,1,33,0,0,41,1,42,72,0,72,114
07/03/2013,TZR,OH,AGL,CE,Federal Contract Tower,0,0,17,0,17,0,0,41,0,41,0,0,58,0,58,74,0,74,132
07/04/2013,TZR,OH,AGL,CE,Federal Contract Tower,0,0,8,0,8,0,0,6,0,6,0,0,14,0,14,8,0,8,22
07/05/2013,TZR,OH,AGL,CE,Federal Contract Tower,0,0,6,0,6,0,0,5,0,5,0,0,11,0,11,6,0,6,17
07/06/2013,TZR,OH,AGL,CE,Federal Contract Tower,0,0,6,0,6,0,0,0,0,0,0,0,6,0,6,0,0,0,6
07/07/2013,TZR,OH,AGL,CE,Federal Contract Tower,0,1,4,0,5,0,0,19,0,19,0,1,23,0,24,46,0,46,70
07/08/2013,TZR,OH,AGL,CE,Federal Contract Tower,0,1,7,0,8,0,0,17,0,17,0,1,24,0,25,64,0,64,89
07/09/2013,TZR,OH,AGL,CE,Federal Contract Tower,0,1,4,0,5,0,0,13,0,13,0,1,17,0,18,34,0,34,52
07/10/2013,TZR,OH,AGL,CE,Federal Contract Tower,0,2,4,0,6,0,0,16,0,16,0,2,20,0,22,44,0,44,66
07/11/2013,TZR,OH,AGL,CE,Federal Contract Tower,0,0,14,0,14,0,0,44,0,44,0,0,58,0,58,80,0,80,138
07/12/2013,TZR,OH,AGL,CE,Federal Contract Tower,0,0,9,0,9,0,0,66,0,66,0,0,75,0,75,80,0,80,155
07/13/2013,TZR,OH,AGL,CE,Federal Contract Tower,0,0,1,0,1,0,0,81,0,81,0,0,82,0,82,90,0,90,172
07/14/2013,TZR,OH,AGL,CE,Federal Contract Tower,0,0,4,0,4,0,0,52,0,52,0,0,56,0,56,104,0,104,160
07/15/2013,TZR,OH,AGL,CE,Federal Contract Tower,0,0,7,0,7,0,0,49,0,49,0,0,56,0,56,98,0,98,154
07/16/2013,TZR,OH,AGL,CE,Federal Contract Tower,0,0,22,0,22,0,0,40,0,40,0,0,62,0,62,60,0,60,122
07/17/2013,TZR,OH,AGL,CE,Federal Contract Tower,0,1,6,0,7,0,0,35,0,35,0,1,41,0,42,60,0,60,102
07/18/2013,TZR,OH,AGL,CE,Federal Contract Tower,0,0,5,1,6,0,0,33,0,33,0,0,38,1,39,38,0,38,77
07/19/2013,TZR,OH,AGL,CE,Federal Contract Tower,0,0,3,0,3,0,0,20,0,20,0,0,23,0,23,56,0,56,79
07/20/2013,TZR,OH,AGL,CE,Federal Contract Tower,0,0,4,0,4,0,0,13,0,13,0,0,17,0,17,18,0,18,35
07/21/2013,TZR,OH,AGL,CE,Federal Contract Tower,0,0,9,0,9,0,0,31,0,31,0,0,40,0,40,102,0,102,142
07/22/2013,TZR,OH,AGL,CE,Federal Contract Tower,0,0,5,0,5,0,0,0,0,0,0,0,5,0,5,0,0,0,5
07/23/2013,TZR,OH,AGL,CE,Federal Contract Tower,0,0,2,2,4,0,0,15,0,15,0,0,17,2,19,34,0,34,53
07/24/2013,TZR,OH,AGL,CE,Federal Contract Tower,0,0,3,0,3,0,0,32,0,32,0,0,35,0,35,50,0,50,85
07/25/2013,TZR,OH,AGL,CE,Federal Contract Tower,0,0,11,0,11,0,0,36,0,36,0,0,47,0,47,46,0,46,93
07/26/2013,TZR,OH,AGL,CE,Federal Contract Tower,0,0,6,0,6,0,0,50,2,52,0,0,56,2,58,114,2,116,174
07/27/2013,TZR,OH,AGL,CE,Federal Contract Tower,0,0,5,0,5,0,0,2,0,2,0,0,7,0,7,0,0,0,7
07/28/2013,TZR,OH,AGL,CE,Federal Contract Tower,0,0,12,0,12,0,0,52,0,52,0,0,64,0,64,42,0,42,106
07/29/2013,TZR,OH,AGL,CE,Federal Contract Tower,0,2,2,0,4,0,0,54,0,54,0,2,56,0,58,48,0,48,106
07/30/2013,TZR,OH,AGL,CE,Federal Contract Tower,0,2,4,0,6,0,0,46,0,46,0,2,50,0,52,86,0,86,138
07/31/2013,TZR,OH,AGL,CE,Federal Contract Tower,0,3,9,0,12,0,0,15,0,15,0,3,24,0,27,88,0,88,115
08/01/2013,TZR,OH,AGL,CE,Federal Contract Tower,0,3,9,0,12,0,0,18,0,18,0,3,27,0,30,10,0,10,40
08/02/2013,TZR,OH,AGL,CE,Federal Contract Tower,0,0,3,0,3,0,0,38,0,38,0,0,41,0,41,48,0,48,89
08/03/2013,TZR,OH,AGL,CE,Federal Contract Tower,0,1,9,0,10,0,0,14,0,14,0,1,23,0,24,28,0,28,52
08/04/2013,TZR,OH,AGL,CE,Federal Contract Tower,0,0,9,0,9,0,2,56,0,58,0,2,65,0,67,66,0,66,133
08/05/2013,TZR,OH,AGL,CE,Federal Contract Tower,0,0,5,0,5,0,0,33,0,33,0,0,38,0,38,24,0,24,62
08/06/2013,TZR,OH,AGL,CE,Federal Contract Tower,0,4,4,0,8,0,6,30,0,36,0,10,34,0,44,58,0,58,102
08/07/2013,TZR,OH,AGL,CE,Federal Contract Tower,0,3,3,0,6,0,0,8,0,8,0,3,11,0,14,32,0,32,46
08/08/2013,TZR,OH,AGL,CE,Federal Contract Tower,0,1,5,0,6,0,0,3,0,3,0,1,8,0,9,2,0,2,11
08/09/2013,TZR,OH,AGL,CE,Federal Contract Tower,0,0,2,0,2,0,0,8,0,8,0,0,10,0,10,10,0,10,20
08/10/2013,TZR,OH,AGL,CE,Federal Contract Tower,0,0,2,0,2,0,0,46,0,46,0,0,48,0,48,56,0,56,104
08/11/2013,TZR,OH,AGL,CE,Federal Contract Tower,0,0,1,0,1,0,0,19,0,19,0,0,20,0,20,4,0,4,24
08/12/2013,TZR,OH,AGL,CE,Federal Contract Tower,0,1,9,0,10,0,0,29,0,29,0,1,38,0,39,72,0,72,111
08/13/2013,TZR,OH,AGL,CE,Federal Contract Tower,0,0,22,2,24,0,0,12,0,12,0,0,34,2,36,0,0,0,36
08/14/2013,TZR,OH,AGL,CE,Federal Contract Tower,0,1,5,0,6,0,0,31,0,31,0,1,36,0,37,28,0,28,65
08/15/2013,TZR,OH,AGL,CE,Federal Contract Tower,0,0,13,0,13,0,0,31,0,31,0,0,44,0,44,18,0,18,62
08/16/2013,TZR,OH,AGL,CE,Federal Contract Tower,0,0,0,0,0,0,0,30,0,30,0,0,30,0,30,24,0,24,54
08/17/2013,TZR,OH,AGL,CE,Federal Contract Tower,0,0,7,0,7,0,0,47,0,47,0,0,54,0,54,34,0,34,88
08/18/2013,TZR,OH,AGL,CE,Federal Contract Tower,0,1,6,0,7,0,0,32,0,32,0,1,38,0,39,42,0,42,81
08/19/2013,TZR,OH,AGL,CE,Federal Contract Tower,0,0,2,0,2,0,0,30,0,30,0,0,32,0,32,16,0,16,48
08/20/2013,TZR,OH,AGL,CE,Federal Contract Tower,0,2,5,0,7,0,0,32,0,32,0,2,37,0,39,8,0,8,47
08/21/2013,TZR,OH,AGL,CE,Federal Contract Tower,0,0,6,0,6,0,0,13,0,13,0,0,19,0,19,4,0,4,23
08/22/2013,TZR,OH,AGL,CE,Federal Contract Tower,0,1,10,0,11,0,0,17,0,17,0,1,27,0,28,14,0,14,42
08/23/2013,TZR,OH,AGL,CE,Federal Contract Tower,0,1,7,0,8,0,0,41,0,41,0,1,48,0,49,4,0,4,53
08/24/2013,TZR,OH,AGL,CE,Federal Contract Tower,0,0,1,0,1,0,2,71,0,73,0,2,72,0,74,32,0,32,106
08/25/2013,TZR,OH,AGL,CE,Federal Contract Tower,0,0,7,4,11,0,0,37,0,37,0,0,44,4,48,38,0,38,86
08/26/2013,TZR,OH,AGL,CE,Federal Contract Tower,0,0,5,0,5,0,0,23,0,23,0,0,28,0,28,14,0,14,42
08/27/2013,TZR,OH,AGL,CE,Federal Contract Tower,0,0,6,2,8,0,0,29,0,29,0,0,35,2,37,72,0,72,109
08/28/2013,TZR,OH,AGL,CE,Federal Contract Tower,0,0,1,0,1,0,0,18,0,18,0,0,19,0,19,26,0,26,45
08/29/2013,TZR,OH,AGL,CE,Federal Contract Tower,0,0,13,0,13,0,0,11,0,11,0,0,24,0,24,12,0,12,36
08/30/2013,TZR,OH,AGL,CE,Federal Contract Tower,0,0,8,0,8,0,0,27,0,27,0,0,35,0,35,60,0,60,95
08/31/2013,TZR,OH,AGL,CE,Federal Contract Tower,0,0,3,0,3,0,0,24,0,24,0,0,27,0,27,28,0,28,55
09/01/2013,TZR,OH,AGL,CE,Federal Contract Tower,0,1,9,0,10,0,0,21,0,21,0,1,30,0,31,22,0,22,53
09/02/2013,TZR,OH,AGL,CE,Federal Contract Tower,0,0,2,0,2,0,0,7,0,7,0,0,9,0,9,10,0,10,19
09/03/2013,TZR,OH,AGL,CE,Federal Contract Tower,0,0,2,0,2,0,0,21,0,21,0,0,23,0,23,24,0,24,47
09/04/2013,TZR,OH,AGL,CE,Federal Contract Tower,0,1,7,0,8,0,0,38,0,38,0,1,45,0,46,24,0,24,70
09/05/2013,TZR,OH,AGL,CE,Federal Contract Tower,0,2,10,0,12,0,0,27,0,27,0,2,37,0,39,8,0,8,47
09/06/2013,TZR,OH,AGL,CE,Federal Contract Tower,0,0,1,0,1,0,0,57,0,57,0,0,58,0,58,10,0,10,68
09/07/2013,TZR,OH,AGL,CE,Federal Contract Tower,0,0,6,0,6,0,0,81,0,81,0,0,87,0,87,56,0,56,143
09/08/2013,TZR,OH,AGL,CE,Federal Contract Tower,0,1,2,0,3,0,0,40,0,40,0,1,42,0,43,56,0,56,99
09/09/2013,TZR,OH,AGL,CE,Federal Contract Tower,0,0,7,0,7,0,0,30,0,30,0,0,37,0,37,16,0,16,53
09/10/2013,TZR,OH,AGL,CE,Federal Contract Tower,0,0,2,0,2,0,0,35,0,35,0,0,37,0,37,38,0,38,75
09/11/2013,TZR,OH,AGL,CE,Federal Contract Tower,0,1,10,2,13,0,0,20,0,20,0,1,30,2,33,14,0,14,47
09/12/2013,TZR,OH,AGL,CE,Federal Contract Tower,0,0,6,0,6,0,0,6,0,6,0,0,12,0,12,0,0,0,12
09/13/2013,TZR,OH,AGL,CE,Federal Contract Tower,0,0,2,0,2,0,0,23,0,23,0,0,25,0,25,14,0,14,39
09/14/2013,TZR,OH,AGL,CE,Federal Contract Tower,0,0,6,0,6,0,0,35,0,35,0,0,41,0,41,36,0,36,77
09/15/2013,TZR,OH,AGL,CE,Federal Contract Tower,0,0,3,0,3,0,0,51,0,51,0,0,54,0,54,82,0,82,136
09/16/2013,TZR,OH,AGL,CE,Federal Contract Tower,0,0,9,0,9,0,0,24,0,24,0,0,33,0,33,8,0,8,41
09/17/2013,TZR,OH,AGL,CE,Federal Contract Tower,0,3,3,0,6,0,0,29,0,29,0,3,32,0,35,16,0,16,51
09/18/2013,TZR,OH,AGL,CE,Federal Contract Tower,0,1,9,0,10,0,0,24,0,24,0,1,33,0,34,4,0,4,38
09/19/2013,TZR,OH,AGL,CE,Federal Contract Tower,0,0,11,0,11,0,0,5,0,5,0,0,16,0,16,14,0,14,30
09/20/2013,TZR,OH,AGL,CE,Federal Contract Tower,0,0,5,0,5,0,0,25,0,25,0,0,30,0,30,48,0,48,78
09/21/2013,TZR,OH,AGL,CE,Federal Contract Tower,0,0,3,0,3,0,0,8,0,8,0,0,11,0,11,10,0,10,21
09/22/2013,TZR,OH,AGL,CE,Federal Contract Tower,0,0,8,0,8,0,0,28,0,28,0,0,36,0,36,24,0,24,60
09/23/2013,TZR,OH,AGL,CE,Federal Contract Tower,0,3,9,0,12,0,0,23,0,23,0,3,32,0,35,26,0,26,61
09/24/2013,TZR,OH,AGL,CE,Federal Contract Tower,0,4,8,0,12,0,0,37,0,37,0,4,45,0,49,28,0,28,77
09/25/2013,TZR,OH,AGL,CE,Federal Contract Tower,0,4,6,0,10,0,0,23,0,23,0,4,29,0,33,22,0,22,55
09/26/2013,TZR,OH,AGL,CE,Federal Contract Tower,0,0,12,0,12,0,0,23,0,23,0,0,35,0,35,23,0,23,58
09/27/2013,TZR,OH,AGL,CE,Federal Contract Tower,0,0,7,0,7,0,0,35,0,35,0,0,42,0,42,14,0,14,56
09/28/2013,TZR,OH,AGL,CE,Federal Contract Tower,0,0,3,0,3,0,0,43,0,43,0,0,46,0,46,40,0,40,86
09/29/2013,TZR,OH,AGL,CE,Federal Contract Tower,0,0,4,0,4,0,0,15,0,15,0,0,19,0,19,30,0,30,49
09/30/2013,TZR,OH,AGL,CE,Federal Contract Tower,0,1,5,0,6,0,0,11,0,11,0,1,16,0,17,32,0,32,49
10/01/2013,TZR,OH,AGL,CE,Federal Contract Tower,0,0,12,0,12,0,0,26,0,26,0,0,38,0,38,16,0,16,54
10/02/2013,TZR,OH,AGL,CE,Federal Contract Tower,0,2,13,0,15,0,0,18,0,18,0,2,31,0,33,38,0,38,71
10/03/2013,TZR,OH,AGL,CE,Federal Contract Tower,0,0,5,0,5,0,0,8,0,8,0,0,13,0,13,32,0,32,45
10/04/2013,TZR,OH,AGL,CE,Federal Contract Tower,0,0,4,0,4,0,0,19,0,19,0,0,23,0,23,40,0,40,63
10/05/2013,TZR,OH,AGL,CE,Federal Contract Tower,0,0,5,0,5,0,0,13,0,13,0,0,18,0,18,28,0,28,46
10/06/2013,TZR,OH,AGL,CE,Federal Contract Tower,0,0,1,0,1,0,0,3,0,3,0,0,4,0,4,24,0,24,28
10/07/2013,TZR,OH,AGL,CE,Federal Contract Tower,0,0,10,0,10,0,0,11,0,11,0,0,21,0,21,32,0,32,53
10/08/2013,TZR,OH,AGL,CE,Federal Contract Tower,0,1,7,0,8,0,0,26,0,26,0,1,33,0,34,94,0,94,128
10/09/2013,TZR,OH,AGL,CE,Federal Contract Tower,0,0,4,0,4,0,0,42,0,42,0,0,46,0,46,18,0,18,64
10/10/2013,TZR,OH,AGL,CE,Federal Contract Tower,0,0,18,0,18,0,0,48,0,48,0,0,66,0,66,44,0,44,110
10/11/2013,TZR,OH,AGL,CE,Federal Contract Tower,0,0,10,0,10,0,0,23,0,23,0,0,33,0,33,8,0,8,41
10/12/2013,TZR,OH,AGL,CE,Federal Contract Tower,0,0,6,0,6,0,0,78,0,78,0,0,84,0,84,26,0,26,110
10/13/2013,TZR,OH,AGL,CE,Federal Contract Tower,0,0,5,0,5,0,0,18,0,18,0,0,23,0,23,20,0,20,43
10/14/2013,TZR,OH,AGL,CE,Federal Contract Tower,0,0,2,0,2,0,0,44,0,44,0,0,46,0,46,56,0,56,102
10/15/2013,TZR,OH,AGL,CE,Federal Contract Tower,0,1,11,0,12,0,0,9,0,9,0,1,20,0,21,0,0,0,21
10/16/2013,TZR,OH,AGL,CE,Federal Contract Tower,0,0,3,0,3,0,0,5,0,5,0,0,8,0,8,20,0,20,28
10/17/2013,TZR,OH,AGL,CE,Federal Contract Tower,0,0,11,0,11,0,0,10,0,10,0,0,21,0,21,36,0,36,57
10/18/2013,TZR,OH,AGL,CE,Federal Contract Tower,0,3,6,0,9,0,0,37,0,37,0,3,43,0,46,30,0,30,76
10/19/2013,TZR,OH,AGL,CE,Federal Contract Tower,0,3,3,0,6,0,0,1,0,1,0,3,4,0,7,0,0,0,7
10/20/2013,TZR,OH,AGL,CE,Federal Contract Tower,0,0,3,0,3,0,0,27,0,27,0,0,30,0,30,32,0,32,62
10/21/2013,TZR,OH,AGL,CE,Federal Contract Tower,0,0,6,0,6,0,0,25,0,25,0,0,31,0,31,6,0,6,37
10/22/2013,TZR,OH,AGL,CE,Federal Contract Tower,0,0,2,0,2,0,0,23,0,23,0,0,25,0,25,32,0,32,57
10/23/2013,TZR,OH,AGL,CE,Federal Contract Tower,0,2,4,0,6,0,0,0,3,3,0,2,4,3,9,0,24,24,33
10/24/2013,TZR,OH,AGL,CE,Federal Contract Tower,0,1,6,0,7,0,0,16,2,18,0,1,22,2,25,2,2,4,29
10/25/2013,TZR,OH,AGL,CE,Federal Contract Tower,0,1,3,0,4,0,0,38,0,38,0,1,41,0,42,20,0,20,62
10/26/2013,TZR,OH,AGL,CE,Federal Contract Tower,0,0,3,0,3,0,0,25,0,25,0,0,28,0,28,6,0,6,34
10/27/2013,TZR,OH,AGL,CE,Federal Contract Tower,0,1,1,0,2,0,0,43,0,43,0,1,44,0,45,10,0,10,55
10/28/2013,TZR,OH,AGL,CE,Federal Contract Tower,0,1,8,0,9,0,0,23,0,23,0,1,31,0,32,26,0,26,58
10/29/2013,TZR,OH,AGL,CE,Federal Contract Tower,0,2,22,0,24,0,0,41,0,41,0,2,63,0,65,104,0,104,169
10/30/2013,TZR,OH,AGL,CE,Federal Contract Tower,0,0,10,0,10,0,0,12,0,12,0,0,22,0,22,26,0,26,48
10/31/2013,TZR,OH,AGL,CE,Federal Contract Tower,0,0,3,0,3,0,0,3,0,3,0,0,6,0,6,10,0,10,16
11/01/2013,TZR,OH,AGL,CE,Federal Contract Tower,0,0,2,0,2,0,0,17,0,17,0,0,19,0,19,90,0,90,109
11/02/2013,TZR,OH,AGL,CE,Federal Contract Tower,0,0,5,0,5,0,0,14,0,14,0,0,19,0,19,0,0,0,19
11/03/2013,TZR,OH,AGL,CE,Federal Contract Tower,0,0,3,0,3,0,0,31,0,31,0,0,34,0,34,24,0,24,58
11/04/2013,TZR,OH,AGL,CE,Federal Contract Tower,0,1,6,0,7,0,0,38,0,38,0,1,44,0,45,20,0,20,65
11/05/2013,TZR,OH,AGL,CE,Federal Contract Tower,0,0,7,0,7,0,0,38,0,38,0,0,45,0,45,84,0,84,129
11/06/2013,TZR,OH,AGL,CE,Federal Contract Tower,0,0,1,0,1,0,0,10,0,10,0,0,11,0,11,14,2,16,27
11/07/2013,TZR,OH,AGL,CE,Federal Contract Tower,0,3,2,0,5,0,0,29,2,31,0,3,31,2,36,20,14,34,70
11/08/2013,TZR,OH,AGL,CE,Federal Contract Tower,0,0,4,0,4,0,0,37,0,37,0,0,41,0,41,78,0,78,119
11/09/2013,TZR,OH,AGL,CE,Federal Contract Tower,0,0,4,0,4,0,0,29,0,29,0,0,33,0,33,36,0,36,69
11/10/2013,TZR,OH,AGL,CE,Federal Contract Tower,0,0,3,0,3,0,0,12,0,12,0,0,15,0,15,22,0,22,37
11/11/2013,TZR,OH,AGL,CE,Federal Contract Tower,0,2,5,0,7,0,0,30,0,30,0,2,35,0,37,72,0,72,109
11/12/2013,TZR,OH,AGL,CE,Federal Contract Tower,0,0,2,0,2,0,0,9,0,9,0,0,11,0,11,12,0,12,23
11/13/2013,TZR,OH,AGL,CE,Federal Contract Tower,0,0,11,0,11,0,0,44,0,44,0,0,55,0,55,40,2,42,97
11/14/2013,TZR,OH,AGL,CE,Federal Contract Tower,0,0,1,1,2,0,0,30,0,30,0,0,31,1,32,44,0,44,76
11/15/2013,TZR,OH,AGL,CE,Federal Contract Tower,0,1,8,0,9,0,0,36,0,36,0,1,44,0,45,116,0,116,161
11/16/2013,TZR,OH,AGL,CE,Federal Contract Tower,0,1,4,0,5,0,1,37,0,38,0,2,41,0,43,68,0,68,111
11/17/2013,TZR,OH,AGL,CE,Federal Contract Tower,0,2,1,0,3,0,0,0,0,0,0,2,1,0,3,0,0,0,3
11/18/2013,TZR,OH,AGL,CE,Federal Contract Tower,0,0,3,0,3,0,0,6,0,6,0,0,9,0,9,0,0,0,9
11/19/2013,TZR,OH,AGL,CE,Federal Contract Tower,0,1,8,0,9,0,1,39,2,42,0,2,47,2,51,108,6,114,165
11/20/2013,TZR,OH,AGL,CE,Federal Contract Tower,0,0,8,0,8,0,0,25,0,25,0,0,33,0,33,10,0,10,43
11/21/2013,TZR,OH,AGL,CE,Federal Contract Tower,0,0,1,0,1,0,0,16,0,16,0,0,17,0,17,32,0,32,49
11/22/2013,TZR,OH,AGL,CE,Federal Contract Tower,0,1,7,0,8,0,0,0,0,0,0,1,7,0,8,0,0,0,8
11/23/2013,TZR,OH,AGL,CE,Federal Contract Tower,0,0,2,0,2,0,1,18,0,19,0,1,20,0,21,10,0,10,31
11/24/2013,TZR,OH,AGL,CE,Federal Contract Tower,0,0,13,0,13,0,0,24,0,24,0,0,37,0,37,20,0,20,57
11/25/2013,TZR,OH,AGL,CE,Federal Contract Tower,0,0,5,2,7,0,0,31,0,31,0,0,36,2,38,38,0,38,76
11/26/2013,TZR,OH,AGL,CE,Federal Contract Tower,0,0,1,0,1,0,0,0,0,0,0,0,1,0,1,0,0,0,1
11/27/2013,TZR,OH,AGL,CE,Federal Contract Tower,0,1,3,0,4,0,0,6,0,6,0,1,9,0,10,6,0,6,16
11/28/2013,TZR,OH,AGL,CE,Federal Contract Tower,0,0,4,0,4,0,0,2,0,2,0,0,6,0,6,0,0,0,6
11/29/2013,TZR,OH,AGL,CE,Federal Contract Tower,0,0,3,0,3,0,0,30,0,30,0,0,33,0,33,30,0,30,63
11/30/2013,TZR,OH,AGL,CE,Federal Contract Tower,0,1,4,0,5,0,0,48,0,48,0,1,52,0,53,60,0,60,113
12/01/2013,TZR,OH,AGL,CE,Federal Contract Tower,0,2,4,0,6,0,0,24,0,24,0,2,28,0,30,44,0,44,74
12/02/2013,TZR,OH,AGL,CE,Federal Contract Tower,0,0,5,0,5,0,0,21,0,21,0,0,26,0,26,92,0,92,118
12/03/2013,TZR,OH,AGL,CE,Federal Contract Tower,0,2,14,0,16,0,0,22,2,24,0,2,36,2,40,72,0,72,112
12/04/2013,TZR,OH,AGL,CE,Federal Contract Tower,0,0,5,0,5,0,0,10,0,10,0,0,15,0,15,12,0,12,27
12/05/2013,TZR,OH,AGL,CE,Federal Contract Tower,0,0,7,0,7,0,0,0,0,0,0,0,7,0,7,0,0,0,7
12/06/2013,TZR,OH,AGL,CE,Federal Contract Tower,0,0,0,0,0,0,0,0,0,0,0,0,0,0,0,0,0,0,0
12/07/2013,TZR,OH,AGL,CE,Federal Contract Tower,0,1,3,0,4,0,0,21,0,21,0,1,24,0,25,42,0,42,67
12/08/2013,TZR,OH,AGL,CE,Federal Contract Tower,0,0,1,0,1,0,0,0,0,0,0,0,1,0,1,0,0,0,1
12/09/2013,TZR,OH,AGL,CE,Federal Contract Tower,0,0,2,0,2,0,0,0,0,0,0,0,2,0,2,0,0,0,2
12/10/2013,TZR,OH,AGL,CE,Federal Contract Tower,0,0,6,0,6,0,0,6,0,6,0,0,12,0,12,4,0,4,16
12/11/2013,TZR,OH,AGL,CE,Federal Contract Tower,0,0,13,0,13,0,0,16,0,16,0,0,29,0,29,56,0,56,85
12/12/2013,TZR,OH,AGL,CE,Federal Contract Tower,0,0,5,3,8,0,0,23,0,23,0,0,28,3,31,66,0,66,97
12/13/2013,TZR,OH,AGL,CE,Federal Contract Tower,0,0,5,0,5,0,0,14,0,14,0,0,19,0,19,58,0,58,77
12/14/2013,TZR,OH,AGL,CE,Federal Contract Tower,0,0,0,0,0,0,0,0,0,0,0,0,0,0,0,0,0,0,0
12/15/2013,TZR,OH,AGL,CE,Federal Contract Tower,0,0,1,0,1,0,0,1,0,1,0,0,2,0,2,0,0,0,2
12/16/2013,TZR,OH,AGL,CE,Federal Contract Tower,0,0,1,0,1,0,0,0,0,0,0,0,1,0,1,0,0,0,1
12/17/2013,TZR,OH,AGL,CE,Federal Contract Tower,0,0,0,0,0,0,0,4,2,6,0,0,4,2,6,16,0,16,22
12/18/2013,TZR,OH,AGL,CE,Federal Contract Tower,0,0,10,1,11,0,0,37,0,37,0,0,47,1,48,100,0,100,148
12/19/2013,TZR,OH,AGL,CE,Federal Contract Tower,0,0,5,0,5,0,0,41,0,41,0,0,46,0,46,96,0,96,142
12/20/2013,TZR,OH,AGL,CE,Federal Contract Tower,0,0,8,0,8,0,0,3,0,3,0,0,11,0,11,26,0,26,37
12/21/2013,TZR,OH,AGL,CE,Federal Contract Tower,0,0,0,0,0,0,0,0,0,0,0,0,0,0,0,0,0,0,0
12/22/2013,TZR,OH,AGL,CE,Federal Contract Tower,0,0,4,0,4,0,0,8,0,8,0,0,12,0,12,40,0,40,52
12/23/2013,TZR,OH,AGL,CE,Federal Contract Tower,0,0,1,0,1,0,0,9,0,9,0,0,10,0,10,30,0,30,40
12/24/2013,TZR,OH,AGL,CE,Federal Contract Tower,0,0,5,0,5,0,0,8,0,8,0,0,13,0,13,8,0,8,21
12/25/2013,TZR,OH,AGL,CE,Federal Contract Tower,0,0,0,0,0,0,0,2,0,2,0,0,2,0,2,0,0,0,2
12/26/2013,TZR,OH,AGL,CE,Federal Contract Tower,0,0,2,0,2,0,0,14,0,14,0,0,16,0,16,38,0,38,54
12/27/2013,TZR,OH,AGL,CE,Federal Contract Tower,0,0,9,0,9,0,0,54,0,54,0,0,63,0,63,84,0,84,147
12/28/2013,TZR,OH,AGL,CE,Federal Contract Tower,0,0,2,0,2,0,0,43,0,43,0,0,45,0,45,52,0,52,97
12/29/2013,TZR,OH,AGL,CE,Federal Contract Tower,0,0,1,0,1,0,0,0,0,0,0,0,1,0,1,0,0,0,1
12/30/2013,TZR,OH,AGL,CE,Federal Contract Tower,0,0,9,0,9,0,0,4,0,4,0,0,13,0,13,16,0,16,29
12/31/2013,TZR,OH,AGL,CE,Federal Contract Tower,0,1,4,0,5,0,0,6,0,6,0,1,10,0,11,0,0,0,11
01/01/2014,TZR,OH,AGL,CE,Federal Contract Tower,0,0,6,0,6,0,0,13,0,13,0,0,19,0,19,6,0,6,25
01/02/2014,TZR,OH,AGL,CE,Federal Contract Tower,0,0,2,0,2,0,0,0,0,0,0,0,2,0,2,0,0,0,2
01/03/2014,TZR,OH,AGL,CE,Federal Contract Tower,0,0,6,0,6,0,0,11,0,11,0,0,17,0,17,2,0,2,19
01/04/2014,TZR,OH,AGL,CE,Federal Contract Tower,0,0,2,0,2,0,0,10,0,10,0,0,12,0,12,22,0,22,34
01/05/2014,TZR,OH,AGL,CE,Federal Contract Tower,0,1,1,0,2,0,0,4,0,4,0,1,5,0,6,12,0,12,18
01/06/2014,TZR,OH,AGL,CE,Federal Contract Tower,0,0,1,0,1,0,0,1,0,1,0,0,2,0,2,0,0,0,2
01/07/2014,TZR,OH,AGL,CE,Federal Contract Tower,0,0,2,0,2,0,0,5,0,5,0,0,7,0,7,0,0,0,7
01/08/2014,TZR,OH,AGL,CE,Federal Contract Tower,0,0,17,2,19,0,0,14,0,14,0,0,31,2,33,10,4,14,47
01/09/2014,TZR,OH,AGL,CE,Federal Contract Tower,0,0,6,0,6,0,0,9,2,11,0,0,15,2,17,16,0,16,33
01/10/2014,TZR,OH,AGL,CE,Federal Contract Tower,0,0,2,0,2,0,0,0,0,0,0,0,2,0,2,0,0,0,2
01/11/2014,TZR,OH,AGL,CE,Federal Contract Tower,0,0,2,1,3,0,0,0,1,1,0,0,2,2,4,0,0,0,4
01/12/2014,TZR,OH,AGL,CE,Federal Contract Tower,0,0,7,0,7,0,0,35,0,35,0,0,42,0,42,54,0,54,96
01/13/2014,TZR,OH,AGL,CE,Federal Contract Tower,0,0,5,0,5,0,0,7,0,7,0,0,12,0,12,0,0,0,12
01/14/2014,TZR,OH,AGL,CE,Federal Contract Tower,0,0,8,1,9,0,0,22,0,22,0,0,30,1,31,38,0,38,69
01/15/2014,TZR,OH,AGL,CE,Federal Contract Tower,0,1,4,0,5,0,0,1,2,3,0,1,5,2,8,0,28,28,36
01/16/2014,TZR,OH,AGL,CE,Federal Contract Tower,0,2,2,0,4,0,0,9,0,9,0,2,11,0,13,22,0,22,35
01/17/2014,TZR,OH,AGL,CE,Federal Contract Tower,0,0,4,0,4,0,0,4,0,4,0,0,8,0,8,14,0,14,22
01/18/2014,TZR,OH,AGL,CE,Federal Contract Tower,0,0,3,0,3,0,0,15,0,15,0,0,18,0,18,32,0,32,50
01/19/2014,TZR,OH,AGL,CE,Federal Contract Tower,0,0,2,0,2,0,0,7,0,7,0,0,9,0,9,14,0,14,23
01/20/2014,TZR,OH,AGL,CE,Federal Contract Tower,0,0,4,0,4,0,0,11,0,11,0,0,15,0,15,42,0,42,57
01/21/2014,TZR,OH,AGL,CE,Federal Contract Tower,0,0,4,0,4,0,0,2,0,2,0,0,6,0,6,2,0,2,8
01/22/2014,TZR,OH,AGL,CE,Federal Contract Tower,0,0,11,0,11,0,0,4,0,4,0,0,15,0,15,4,0,4,19
01/23/2014,TZR,OH,AGL,CE,Federal Contract Tower,0,2,2,0,4,0,0,0,0,0,0,2,2,0,4,0,0,0,4
01/24/2014,TZR,OH,AGL,CE,Federal Contract Tower,0,0,5,0,5,0,0,5,0,5,0,0,10,0,10,0,0,0,10
01/25/2014,TZR,OH,AGL,CE,Federal Contract Tower,0,0,2,0,2,0,0,0,0,0,0,0,2,0,2,0,0,0,2
01/26/2014,TZR,OH,AGL,CE,Federal Contract Tower,0,1,0,0,1,0,0,0,0,0,0,1,0,0,1,0,0,0,1
01/27/2014,TZR,OH,AGL,CE,Federal Contract Tower,0,0,3,0,3,0,0,2,0,2,0,0,5,0,5,10,0,10,15
01/28/2014,TZR,OH,AGL,CE,Federal Contract Tower,0,0,1,0,1,0,0,15,0,15,0,0,16,0,16,14,0,14,30
01/29/2014,TZR,OH,AGL,CE,Federal Contract Tower,0,0,6,0,6,0,0,18,0,18,0,0,24,0,24,30,0,30,54
01/30/2014,TZR,OH,AGL,CE,Federal Contract Tower,0,0,7,0,7,0,0,13,0,13,0,0,20,0,20,26,0,26,46
01/31/2014,TZR,OH,AGL,CE,Federal Contract Tower,0,1,0,0,1,0,0,0,0,0,0,1,0,0,1,0,0,0,1
02/01/2014,TZR,OH,AGL,CE,Federal Contract Tower,0,0,4,0,4,0,0,12,0,12,0,0,16,0,16,4,0,4,20
02/02/2014,TZR,OH,AGL,CE,Federal Contract Tower,0,0,2,0,2,0,0,0,0,0,0,0,2,0,2,0,0,0,2
02/03/2014,TZR,OH,AGL,CE,Federal Contract Tower,0,0,7,0,7,0,0,14,0,14,0,0,21,0,21,24,0,24,45
02/04/2014,TZR,OH,AGL,CE,Federal Contract Tower,0,2,3,0,5,0,0,5,1,6,0,2,8,1,11,16,4,20,31
02/05/2014,TZR,OH,AGL,CE,Federal Contract Tower,0,0,2,0,2,0,0,2,0,2,0,0,4,0,4,0,0,0,4
02/06/2014,TZR,OH,AGL,CE,Federal Contract Tower,0,0,5,0,5,0,0,5,0,5,0,0,10,0,10,16,0,16,26
02/07/2014,TZR,OH,AGL,CE,Federal Contract Tower,0,0,6,0,6,0,0,12,0,12,0,0,18,0,18,22,0,22,40
02/08/2014,TZR,OH,AGL,CE,Federal Contract Tower,0,0,0,0,0,0,0,9,0,9,0,0,9,0,9,42,0,42,51
02/09/2014,TZR,OH,AGL,CE,Federal Contract Tower,0,0,1,0,1,0,0,0,0,0,0,0,1,0,1,0,0,0,1
02/10/2014,TZR,OH,AGL,CE,Federal Contract Tower,0,6,3,0,9,0,0,7,0,7,0,6,10,0,16,0,0,0,16
02/11/2014,TZR,OH,AGL,CE,Federal Contract Tower,0,0,4,0,4,0,0,15,0,15,0,0,19,0,19,36,0,36,55
02/12/2014,TZR,OH,AGL,CE,Federal Contract Tower,0,0,3,0,3,0,0,20,2,22,0,0,23,2,25,20,2,22,47
02/13/2014,TZR,OH,AGL,CE,Federal Contract Tower,0,1,13,0,14,0,0,11,2,13,0,1,24,2,27,14,14,28,55
02/14/2014,TZR,OH,AGL,CE,Federal Contract Tower,0,2,9,0,11,0,0,6,0,6,0,2,15,0,17,12,0,12,29
02/15/2014,TZR,OH,AGL,CE,Federal Contract Tower,0,0,0,0,0,0,2,2,0,4,0,2,2,0,4,10,0,10,14
02/16/2014,TZR,OH,AGL,CE,Federal Contract Tower,0,0,1,0,1,0,0,3,0,3,0,0,4,0,4,4,0,4,8
02/17/2014,TZR,OH,AGL,CE,Federal Contract Tower,0,0,2,0,2,0,0,13,0,13,0,0,15,0,15,4,0,4,19
02/18/2014,TZR,OH,AGL,CE,Federal Contract Tower,0,1,3,0,4,0,0,18,0,18,0,1,21,0,22,70,0,70,92
02/19/2014,TZR,OH,AGL,CE,Federal Contract Tower,0,0,9,0,9,0,0,10,0,10,0,0,19,0,19,4,0,4,23
02/20/2014,TZR,OH,AGL,CE,Federal Contract Tower,0,0,5,0,5,0,0,7,0,7,0,0,12,0,12,14,0,14,26
02/21/2014,TZR,OH,AGL,CE,Federal Contract Tower,0,0,4,0,4,0,0,3,0,3,0,0,7,0,7,0,0,0,7
02/22/2014,TZR,OH,AGL,CE,Federal Contract Tower,0,0,2,0,2,0,0,49,0,49,0,0,51,0,51,50,0,50,101
02/23/2014,TZR,OH,AGL,CE,Federal Contract Tower,0,0,4,0,4,0,0,5,0,5,0,0,9,0,9,16,0,16,25
02/24/2014,TZR,OH,AGL,CE,Federal Contract Tower,0,0,5,0,5,0,0,6,0,6,0,0,11,0,11,0,0,0,11
02/25/2014,TZR,OH,AGL,CE,Federal Contract Tower,0,0,8,0,8,0,0,6,2,8,0,0,14,2,16,6,4,10,26
02/26/2014,TZR,OH,AGL,CE,Federal Contract Tower,0,0,9,0,9,0,0,21,2,23,0,0,30,2,32,30,6,36,68
02/27/2014,TZR,OH,AGL,CE,Federal Contract Tower,0,1,6,0,7,0,0,3,0,3,0,1,9,0,10,2,0,2,12
02/28/2014,TZR,OH,AGL,CE,Federal Contract Tower,0,0,3,0,3,0,0,28,0,28,0,0,31,0,31,24,0,24,55
03/01/2014,TZR,OH,AGL,CE,Federal Contract Tower,0,0,2,0,2,0,0,22,0,22,0,0,24,0,24,26,0,26,50
03/02/2014,TZR,OH,AGL,CE,Federal Contract Tower,0,0,0,0,0,0,0,0,0,0,0,0,0,0,0,0,0,0,0
03/03/2014,TZR,OH,AGL,CE,Federal Contract Tower,0,0,4,0,4,0,4,4,0,8,0,4,8,0,12,0,0,0,12
03/04/2014,TZR,OH,AGL,CE,Federal Contract Tower,0,0,7,0,7,0,0,26,0,26,0,0,33,0,33,24,0,24,57
03/05/2014,TZR,OH,AGL,CE,Federal Contract Tower,0,1,2,0,3,0,0,27,0,27,0,1,29,0,30,98,10,108,138
03/06/2014,TZR,OH,AGL,CE,Federal Contract Tower,0,1,4,0,5,0,0,24,0,24,0,1,28,0,29,20,0,20,49
03/07/2014,TZR,OH,AGL,CE,Federal Contract Tower,0,1,9,0,10,0,0,32,0,32,0,1,41,0,42,22,0,22,64
03/08/2014,TZR,OH,AGL,CE,Federal Contract Tower,0,0,5,0,5,0,0,29,0,29,0,0,34,0,34,34,0,34,68
03/09/2014,TZR,OH,AGL,CE,Federal Contract Tower,0,0,6,0,6,0,0,23,0,23,0,0,29,0,29,24,0,24,53
03/10/2014,TZR,OH,AGL,CE,Federal Contract Tower,0,0,1,0,1,0,0,29,0,29,0,0,30,0,30,38,0,38,68
03/11/2014,TZR,OH,AGL,CE,Federal Contract Tower,0,0,4,1,5,0,0,37,1,38,0,0,41,2,43,16,0,16,59
03/12/2014,TZR,OH,AGL,CE,Federal Contract Tower,0,2,3,0,5,0,0,1,0,1,0,2,4,0,6,0,0,0,6
03/13/2014,TZR,OH,AGL,CE,Federal Contract Tower,0,1,6,0,7,0,0,11,0,11,0,1,17,0,18,14,0,14,32
03/14/2014,TZR,OH,AGL,CE,Federal Contract Tower,0,1,5,0,6,0,0,5,0,5,0,1,10,0,11,0,0,0,11
03/15/2014,TZR,OH,AGL,CE,Federal Contract Tower,0,0,1,0,1,0,0,29,0,29,0,0,30,0,30,16,0,16,46
03/16/2014,TZR,OH,AGL,CE,Federal Contract Tower,0,0,0,0,0,0,0,3,0,3,0,0,3,0,3,8,0,8,11
03/17/2014,TZR,OH,AGL,CE,Federal Contract Tower,0,0,4,0,4,0,0,11,0,11,0,0,15,0,15,10,0,10,25
03/18/2014,TZR,OH,AGL,CE,Federal Contract Tower,0,0,4,0,4,0,0,19,0,19,0,0,23,0,23,22,0,22,45
03/19/2014,TZR,OH,AGL,CE,Federal Contract Tower,0,0,1,0,1,0,0,0,2,2,0,0,1,2,3,0,6,6,9
03/20/2014,TZR,OH,AGL,CE,Federal Contract Tower,0,0,10,0,10,0,0,25,0,25,0,0,35,0,35,16,0,16,51
03/21/2014,TZR,OH,AGL,CE,Federal Contract Tower,0,0,4,0,4,0,0,26,0,26,0,0,30,0,30,4,0,4,34
03/22/2014,TZR,OH,AGL,CE,Federal Contract Tower,0,0,2,0,2,0,0,14,0,14,0,0,16,0,16,16,0,16,32
03/23/2014,TZR,OH,AGL,CE,Federal Contract Tower,0,0,1,0,1,0,0,13,0,13,0,0,14,0,14,16,0,16,30
03/24/2014,TZR,OH,AGL,CE,Federal Contract Tower,0,1,12,0,13,0,0,23,0,23,0,1,35,0,36,10,0,10,46
03/25/2014,TZR,OH,AGL,CE,Federal Contract Tower,0,2,4,0,6,0,0,4,0,4,0,2,8,0,10,0,0,0,10
03/26/2014,TZR,OH,AGL,CE,Federal Contract Tower,0,0,11,4,15,0,0,35,0,35,0,0,46,4,50,16,0,16,66
03/27/2014,TZR,OH,AGL,CE,Federal Contract Tower,0,1,1,2,4,0,0,4,2,6,0,1,5,4,10,0,8,8,18
03/28/2014,TZR,OH,AGL,CE,Federal Contract Tower,0,0,1,0,1,0,0,4,0,4,0,0,5,0,5,0,0,0,5
03/29/2014,TZR,OH,AGL,CE,Federal Contract Tower,0,0,0,0,0,0,0,2,0,2,0,0,2,0,2,0,0,0,2
03/30/2014,TZR,OH,AGL,CE,Federal Contract Tower,0,0,5,0,5,0,0,16,0,16,0,0,21,0,21,8,0,8,29
03/31/2014,TZR,OH,AGL,CE,Federal Contract Tower,0,0,4,0,4,0,0,40,0,40,0,0,44,0,44,70,0,70,114
04/01/2014,TZR,OH,AGL,CE,Federal Contract Tower,0,0,6,0,6,0,0,15,0,15,0,0,21,0,21,4,0,4,25
04/02/2014,TZR,OH,AGL,CE,Federal Contract Tower,0,4,5,0,9,0,0,4,0,4,0,4,9,0,13,0,0,0,13
04/03/2014,TZR,OH,AGL,CE,Federal Contract Tower,0,4,1,0,5,0,0,2,0,2,0,4,3,0,7,4,0,4,11
04/04/2014,TZR,OH,AGL,CE,Federal Contract Tower,0,1,0,0,1,0,0,2,0,2,0,1,2,0,3,0,0,0,3
04/05/2014,TZR,OH,AGL,CE,Federal Contract Tower,0,0,4,0,4,0,0,39,0,39,0,0,43,0,43,26,0,26,69
04/06/2014,TZR,OH,AGL,CE,Federal Contract Tower,0,1,5,0,6,0,0,80,0,80,0,1,85,0,86,64,0,64,150
04/07/2014,TZR,OH,AGL,CE,Federal Contract Tower,0,1,14,0,15,0,0,5,0,5,0,1,19,0,20,0,0,0,20
04/08/2014,TZR,OH,AGL,CE,Federal Contract Tower,0,0,8,1,9,0,0,41,0,41,0,0,49,1,50,44,0,44,94
04/09/2014,TZR,OH,AGL,CE,Federal Contract Tower,0,4,5,0,9,0,0,34,4,38,0,4,39,4,47,70,4,74,121
04/10/2014,TZR,OH,AGL,CE,Federal Contract Tower,0,0,5,0,5,0,0,22,0,22,0,0,27,0,27,8,0,8,35
04/11/2014,TZR,OH,AGL,CE,Federal Contract Tower,0,0,5,0,5,0,0,28,0,28,0,0,33,0,33,52,0,52,85
04/12/2014,TZR,OH,AGL,CE,Federal Contract Tower,0,0,6,0,6,0,0,61,0,61,0,0,67,0,67,34,0,34,101
04/13/2014,TZR,OH,AGL,CE,Federal Contract Tower,0,2,0,0,2,0,0,6,0,6,0,2,6,0,8,0,0,0,8
04/14/2014,TZR,OH,AGL,CE,Federal Contract Tower,0,1,5,0,6,0,0,2,0,2,0,1,7,0,8,0,0,0,8
04/15/2014,TZR,OH,AGL,CE,Federal Contract Tower,0,1,5,0,6,0,0,6,0,6,0,1,11,0,12,4,0,4,16
04/16/2014,TZR,OH,AGL,CE,Federal Contract Tower,0,4,8,0,12,0,0,33,1,34,0,4,41,1,46,52,0,52,98
04/17/2014,TZR,OH,AGL,CE,Federal Contract Tower,0,0,7,0,7,0,0,33,0,33,0,0,40,0,40,92,0,92,132
04/18/2014,TZR,OH,AGL,CE,Federal Contract Tower,0,0,2,0,2,0,0,37,0,37,0,0,39,0,39,96,0,96,135
04/19/2014,TZR,OH,AGL,CE,Federal Contract Tower,0,0,5,0,5,0,0,59,0,59,0,0,64,0,64,54,0,54,118
04/20/2014,TZR,OH,AGL,CE,Federal Contract Tower,0,0,7,0,7,0,0,36,0,36,0,0,43,0,43,24,0,24,67
04/21/2014,TZR,OH,AGL,CE,Federal Contract Tower,0,0,12,0,12,0,0,46,0,46,0,0,58,0,58,94,0,94,152
04/22/2014,TZR,OH,AGL,CE,Federal Contract Tower,0,0,7,2,9,0,0,2,2,4,0,0,9,4,13,0,0,0,13
04/23/2014,TZR,OH,AGL,CE,Federal Contract Tower,0,2,9,0,11,0,0,37,0,37,0,2,46,0,48,44,0,44,92
04/24/2014,TZR,OH,AGL,CE,Federal Contract Tower,0,3,9,0,12,0,0,35,0,35,0,3,44,0,47,30,0,30,77
04/25/2014,TZR,OH,AGL,CE,Federal Contract Tower,0,2,2,0,4,0,0,0,0,0,0,2,2,0,4,0,0,0,4
04/26/2014,TZR,OH,AGL,CE,Federal Contract Tower,0,0,8,0,8,0,0,22,0,22,0,0,30,0,30,4,0,4,34
04/27/2014,TZR,OH,AGL,CE,Federal Contract Tower,0,2,8,0,10,0,0,37,0,37,0,2,45,0,47,26,0,26,73
04/28/2014,TZR,OH,AGL,CE,Federal Contract Tower,0,0,2,0,2,0,0,0,0,0,0,0,2,0,2,0,0,0,2
04/29/2014,TZR,OH,AGL,CE,Federal Contract Tower,0,2,17,1,20,0,0,10,0,10,0,2,27,1,30,6,0,6,36
04/30/2014,TZR,OH,AGL,CE,Federal Contract Tower,0,0,14,0,14,0,0,18,0,18,0,0,32,0,32,24,0,24,56
05/01/2014,TZR,OH,AGL,CE,Federal Contract Tower,0,0,17,0,17,0,0,18,0,18,0,0,35,0,35,10,0,10,45
05/02/2014,TZR,OH,AGL,CE,Federal Contract Tower,0,1,20,0,21,0,0,26,0,26,0,1,46,0,47,12,0,12,59
05/03/2014,TZR,OH,AGL,CE,Federal Contract Tower,0,2,12,3,17,0,0,13,0,13,0,2,25,3,30,12,0,12,42
05/04/2014,TZR,OH,AGL,CE,Federal Contract Tower,0,0,9,0,9,0,0,28,0,28,0,0,37,0,37,18,0,18,55
05/05/2014,TZR,OH,AGL,CE,Federal Contract Tower,0,1,3,0,4,0,0,14,0,14,0,1,17,0,18,16,0,16,34
05/06/2014,TZR,OH,AGL,CE,Federal Contract Tower,0,0,7,0,7,0,0,50,0,50,0,0,57,0,57,34,0,34,91
05/07/2014,TZR,OH,AGL,CE,Federal Contract Tower,0,0,3,0,3,0,0,27,0,27,0,0,30,0,30,60,0,60,90
05/08/2014,TZR,OH,AGL,CE,Federal Contract Tower,0,0,5,0,5,0,0,31,0,31,0,0,36,0,36,48,0,48,84
05/09/2014,TZR,OH,AGL,CE,Federal Contract Tower,0,0,3,0,3,0,0,11,0,11,0,0,14,0,14,12,0,12,26
05/10/2014,TZR,OH,AGL,CE,Federal Contract Tower,0,0,6,0,6,0,0,0,0,0,0,0,6,0,6,0,0,0,6
05/11/2014,TZR,OH,AGL,CE,Federal Contract Tower,0,0,1,0,1,0,6,0,0,6,0,6,1,0,7,6,0,6,13
05/12/2014,TZR,OH,AGL,CE,Federal Contract Tower,0,0,1,0,1,0,0,31,0,31,0,0,32,0,32,56,0,56,88
05/13/2014,TZR,OH,AGL,CE,Federal Contract Tower,0,2,6,2,10,0,0,29,0,29,0,2,35,2,39,0,0,0,39
05/14/2014,TZR,OH,AGL,CE,Federal Contract Tower,0,3,4,0,7,0,0,5,0,5,0,3,9,0,12,18,0,18,30
05/15/2014,TZR,OH,AGL,CE,Federal Contract Tower,0,0,6,0,6,0,0,7,0,7,0,0,13,0,13,0,0,0,13
05/16/2014,TZR,OH,AGL,CE,Federal Contract Tower,0,0,5,0,5,0,0,26,0,26,0,0,31,0,31,56,0,56,87
05/17/2014,TZR,OH,AGL,CE,Federal Contract Tower,0,1,3,1,5,0,0,14,0,14,0,1,17,1,19,16,0,16,35
05/18/2014,TZR,OH,AGL,CE,Federal Contract Tower,0,0,5,0,5,0,0,70,0,70,0,0,75,0,75,164,0,164,239
05/19/2014,TZR,OH,AGL,CE,Federal Contract Tower,0,0,1,0,1,0,0,24,0,24,0,0,25,0,25,98,0,98,123
05/20/2014,TZR,OH,AGL,CE,Federal Contract Tower,0,4,8,0,12,0,0,26,0,26,0,4,34,0,38,70,0,70,108
05/21/2014,TZR,OH,AGL,CE,Federal Contract Tower,0,3,6,0,9,0,0,3,0,3,0,3,9,0,12,0,0,0,12
05/22/2014,TZR,OH,AGL,CE,Federal Contract Tower,0,0,2,0,2,0,0,26,0,26,0,0,28,0,28,8,0,8,36
05/23/2014,TZR,OH,AGL,CE,Federal Contract Tower,0,0,4,0,4,0,0,34,2,36,0,0,38,2,40,10,0,10,50
05/24/2014,TZR,OH,AGL,CE,Federal Contract Tower,0,0,3,0,3,0,0,55,0,55,0,0,58,0,58,106,0,106,164
05/25/2014,TZR,OH,AGL,CE,Federal Contract Tower,0,0,7,0,7,0,0,36,0,36,0,0,43,0,43,30,0,30,73
05/26/2014,TZR,OH,AGL,CE,Federal Contract Tower,0,0,8,0,8,0,0,27,0,27,0,0,35,0,35,46,0,46,81
05/27/2014,TZR,OH,AGL,CE,Federal Contract Tower,0,0,5,0,5,0,0,7,0,7,0,0,12,0,12,44,0,44,56
05/28/2014,TZR,OH,AGL,CE,Federal Contract Tower,0,0,5,0,5,0,0,7,0,7,0,0,12,0,12,44,0,44,56
05/29/2014,TZR,OH,AGL,CE,Federal Contract Tower,0,0,6,0,6,0,0,21,0,21,0,0,27,0,27,56,0,56,83
05/30/2014,TZR,OH,AGL,CE,Federal Contract Tower,0,0,2,0,2,0,0,28,0,28,0,0,30,0,30,30,0,30,60
05/31/2014,TZR,OH,AGL,CE,Federal Contract Tower,0,1,1,0,2,0,0,63,0,63,0,1,64,0,65,30,0,30,95
06/01/2014,TZR,OH,AGL,CE,Federal Contract Tower,0,0,6,0,6,0,0,39,2,41,0,0,45,2,47,80,0,80,127
06/02/2014,TZR,OH,AGL,CE,Federal Contract Tower,0,3,3,0,6,0,0,10,0,10,0,3,13,0,16,24,0,24,40
06/03/2014,TZR,OH,AGL,CE,Federal Contract Tower,0,1,9,0,10,0,0,5,0,5,0,1,14,0,15,8,0,8,23
06/04/2014,TZR,OH,AGL,CE,Federal Contract Tower,0,0,7,0,7,0,0,11,0,11,0,0,18,0,18,14,0,14,32
06/05/2014,TZR,OH,AGL,CE,Federal Contract Tower,0,0,3,0,3,0,0,34,0,34,0,0,37,0,37,46,0,46,83
06/06/2014,TZR,OH,AGL,CE,Federal Contract Tower,0,0,4,0,4,0,0,30,1,31,0,0,34,1,35,16,0,16,51
06/07/2014,TZR,OH,AGL,CE,Federal Contract Tower,0,1,5,0,6,0,0,38,0,38,0,1,43,0,44,12,0,12,56
06/08/2014,TZR,OH,AGL,CE,Federal Contract Tower,0,0,10,0,10,0,0,2,0,2,0,0,12,0,12,2,0,2,14
06/09/2014,TZR,OH,AGL,CE,Federal Contract Tower,0,0,1,0,1,0,0,24,0,24,0,0,25,0,25,44,0,44,69
06/10/2014,TZR,OH,AGL,CE,Federal Contract Tower,0,2,9,0,11,0,0,1,0,1,0,2,10,0,12,0,0,0,12
06/11/2014,TZR,OH,AGL,CE,Federal Contract Tower,0,1,5,0,6,0,0,5,0,5,0,1,10,0,11,28,0,28,39
06/12/2014,TZR,OH,AGL,CE,Federal Contract Tower,0,0,14,0,14,0,0,8,0,8,0,0,22,0,22,0,0,0,22
06/13/2014,TZR,OH,AGL,CE,Federal Contract Tower,0,0,9,0,9,0,0,18,0,18,0,0,27,0,27,36,0,36,63
06/14/2014,TZR,OH,AGL,CE,Federal Contract Tower,0,0,3,0,3,0,0,56,0,56,0,0,59,0,59,72,0,72,131
06/15/2014,TZR,OH,AGL,CE,Federal Contract Tower,0,0,3,0,3,0,0,33,0,33,0,0,36,0,36,6,0,6,42
06/16/2014,TZR,OH,AGL,CE,Federal Contract Tower,0,0,10,0,10,0,0,20,0,20,0,0,30,0,30,30,0,30,60
06/17/2014,TZR,OH,AGL,CE,Federal Contract Tower,0,0,9,0,9,0,0,15,0,15,0,0,24,0,24,44,0,44,68
06/18/2014,TZR,OH,AGL,CE,Federal Contract Tower,0,0,2,4,6,0,0,20,2,22,0,0,22,6,28,38,8,46,74
06/19/2014,TZR,OH,AGL,CE,Federal Contract Tower,0,2,3,1,6,0,0,15,1,16,0,2,18,2,22,2,0,2,24
06/20/2014,TZR,OH,AGL,CE,Federal Contract Tower,0,2,2,0,4,0,0,8,0,8,0,2,10,0,12,0,0,0,12
06/21/2014,TZR,OH,AGL,CE,Federal Contract Tower,0,0,6,0,6,0,0,9,0,9,0,0,15,0,15,0,0,0,15
06/22/2014,TZR,OH,AGL,CE,Federal Contract Tower,0,1,5,0,6,0,0,28,0,28,0,1,33,0,34,22,0,22,56
06/23/2014,TZR,OH,AGL,CE,Federal Contract Tower,0,0,3,0,3,0,0,31,0,31,0,0,34,0,34,76,0,76,110
06/24/2014,TZR,OH,AGL,CE,Federal Contract Tower,0,0,5,0,5,0,0,12,0,12,0,0,17,0,17,28,0,28,45
06/25/2014,TZR,OH,AGL,CE,Federal Contract Tower,0,0,5,0,5,0,0,15,0,15,0,0,20,0,20,32,0,32,52
06/26/2014,TZR,OH,AGL,CE,Federal Contract Tower,0,0,8,3,11,0,0,29,0,29,0,0,37,3,40,26,0,26,66
06/27/2014,TZR,OH,AGL,CE,Federal Contract Tower,0,1,4,2,7,0,0,48,0,48,0,1,52,2,55,58,0,58,113
06/28/2014,TZR,OH,AGL,CE,Federal Contract Tower,0,0,7,0,7,0,0,43,0,43,0,0,50,0,50,50,0,50,100
06/29/2014,TZR,OH,AGL,CE,Federal Contract Tower,0,1,3,0,4,0,0,8,0,8,0,1,11,0,12,0,0,0,12
06/30/2014,TZR,OH,AGL,CE,Federal Contract Tower,0,0,8,0,8,0,0,18,0,18,0,0,26,0,26,66,0,66,92
07/01/2014,TZR,OH,AGL,CE,Federal Contract Tower,0,1,8,0,9,0,0,10,0,10,0,1,18,0,19,24,0,24,43
07/02/2014,TZR,OH,AGL,CE,Federal Contract Tower,0,0,9,0,9,0,0,29,0,29,0,0,38,0,38,32,0,32,70
07/03/2014,TZR,OH,AGL,CE,Federal Contract Tower,0,0,10,0,10,0,0,26,0,26,0,0,36,0,36,66,0,66,102
07/04/2014,TZR,OH,AGL,CE,Federal Contract Tower,0,1,1,0,2,0,0,46,0,46,0,1,47,0,48,20,0,20,68
07/05/2014,TZR,OH,AGL,CE,Federal Contract Tower,0,0,3,0,3,0,0,44,0,44,0,0,47,0,47,48,0,48,95
07/06/2014,TZR,OH,AGL,CE,Federal Contract Tower,0,1,5,0,6,0,0,28,0,28,0,1,33,0,34,36,0,36,70
07/07/2014,TZR,OH,AGL,CE,Federal Contract Tower,0,0,0,0,0,0,0,17,0,17,0,0,17,0,17,36,0,36,53
07/08/2014,TZR,OH,AGL,CE,Federal Contract Tower,0,0,6,0,6,0,0,0,0,0,0,0,6,0,6,0,0,0,6
07/09/2014,TZR,OH,AGL,CE,Federal Contract Tower,0,0,7,0,7,0,0,38,0,38,0,0,45,0,45,66,2,68,113
07/10/2014,TZR,OH,AGL,CE,Federal Contract Tower,0,0,4,0,4,0,0,47,0,47,0,0,51,0,51,50,0,50,101
07/11/2014,TZR,OH,AGL,CE,Federal Contract Tower,0,1,10,4,15,0,0,42,0,42,0,1,52,4,57,64,0,64,121
07/12/2014,TZR,OH,AGL,CE,Federal Contract Tower,0,0,3,0,3,0,0,39,0,39,0,0,42,0,42,56,0,56,98
07/13/2014,TZR,OH,AGL,CE,Federal Contract Tower,0,0,4,0,4,0,0,39,0,39,0,0,43,0,43,6,0,6,49
07/14/2014,TZR,OH,AGL,CE,Federal Contract Tower,0,0,3,0,3,0,0,10,0,10,0,0,13,0,13,30,0,30,43
07/15/2014,TZR,OH,AGL,CE,Federal Contract Tower,0,0,10,0,10,0,0,25,0,25,0,0,35,0,35,68,0,68,103
07/16/2014,TZR,OH,AGL,CE,Federal Contract Tower,0,0,7,0,7,0,0,38,2,40,0,0,45,2,47,80,6,86,133
07/17/2014,TZR,OH,AGL,CE,Federal Contract Tower,0,0,13,2,15,0,0,42,0,42,0,0,55,2,57,24,0,24,81
07/18/2014,TZR,OH,AGL,CE,Federal Contract Tower,0,1,5,0,6,0,0,43,0,43,0,1,48,0,49,22,0,22,71
07/19/2014,TZR,OH,AGL,CE,Federal Contract Tower,0,0,9,0,9,0,0,0,0,0,0,0,9,0,9,0,0,0,9
07/20/2014,TZR,OH,AGL,CE,Federal Contract Tower,0,0,9,0,9,0,0,19,0,19,0,0,28,0,28,54,0,54,82
07/21/2014,TZR,OH,AGL,CE,Federal Contract Tower,0,0,3,0,3,0,0,20,0,20,0,0,23,0,23,30,0,30,53
07/22/2014,TZR,OH,AGL,CE,Federal Contract Tower,0,0,0,2,2,0,0,29,0,29,0,0,29,2,31,14,0,14,45
07/23/2014,TZR,OH,AGL,CE,Federal Contract Tower,0,0,2,0,2,0,0,18,0,18,0,0,20,0,20,0,0,0,20
07/24/2014,TZR,OH,AGL,CE,Federal Contract Tower,0,3,0,0,3,0,0,28,0,28,0,3,28,0,31,26,0,26,57
07/25/2014,TZR,OH,AGL,CE,Federal Contract Tower,0,2,2,0,4,0,0,53,0,53,0,2,55,0,57,12,0,12,69
07/26/2014,TZR,OH,AGL,CE,Federal Contract Tower,0,0,3,0,3,0,0,22,0,22,0,0,25,0,25,18,0,18,43
07/27/2014,TZR,OH,AGL,CE,Federal Contract Tower,0,0,9,0,9,0,0,3,0,3,0,0,12,0,12,14,0,14,26
07/28/2014,TZR,OH,AGL,CE,Federal Contract Tower,0,0,1,0,1,0,0,20,0,20,0,0,21,0,21,46,0,46,67
07/29/2014,TZR,OH,AGL,CE,Federal Contract Tower,0,2,7,0,9,0,0,46,0,46,0,2,53,0,55,76,0,76,131
07/30/2014,TZR,OH,AGL,CE,Federal Contract Tower,0,1,7,0,8,0,0,37,0,37,0,1,44,0,45,16,10,26,71
07/31/2014,TZR,OH,AGL,CE,Federal Contract Tower,0,0,5,0,5,0,0,59,0,59,0,0,64,0,64,70,0,70,134
08/01/2014,TZR,OH,AGL,CE,Federal Contract Tower,0,0,11,0,11,0,0,48,0,48,0,0,59,0,59,112,0,112,171
08/02/2014,TZR,OH,AGL,CE,Federal Contract Tower,0,0,4,0,4,0,0,11,0,11,0,0,15,0,15,2,0,2,17
08/03/2014,TZR,OH,AGL,CE,Federal Contract Tower,0,0,4,0,4,0,0,24,0,24,0,0,28,0,28,22,0,22,50
08/04/2014,TZR,OH,AGL,CE,Federal Contract Tower,0,0,2,0,2,0,0,51,0,51,0,0,53,0,53,70,4,74,127
08/05/2014,TZR,OH,AGL,CE,Federal Contract Tower,0,0,5,0,5,0,0,35,2,37,0,0,40,2,42,88,0,88,130
08/06/2014,TZR,OH,AGL,CE,Federal Contract Tower,0,0,3,0,3,0,0,22,0,22,0,0,25,0,25,54,0,54,79
08/07/2014,TZR,OH,AGL,CE,Federal Contract Tower,0,0,7,0,7,0,0,41,0,41,0,0,48,0,48,84,0,84,132
08/08/2014,TZR,OH,AGL,CE,Federal Contract Tower,0,0,13,0,13,0,0,43,0,43,0,0,56,0,56,26,0,26,82
08/09/2014,TZR,OH,AGL,CE,Federal Contract Tower,0,0,6,0,6,0,0,190,0,190,0,0,196,0,196,44,0,44,240
08/10/2014,TZR,OH,AGL,CE,Federal Contract Tower,0,0,3,0,3,0,0,28,0,28,0,0,31,0,31,52,0,52,83
08/11/2014,TZR,OH,AGL,CE,Federal Contract Tower,0,1,4,0,5,0,1,2,0,3,0,2,6,0,8,0,0,0,8
08/12/2014,TZR,OH,AGL,CE,Federal Contract Tower,0,0,4,0,4,0,0,12,0,12,0,0,16,0,16,10,0,10,26
08/13/2014,TZR,OH,AGL,CE,Federal Contract Tower,0,0,5,0,5,0,0,13,2,15,0,0,18,2,20,56,6,62,82
08/14/2014,TZR,OH,AGL,CE,Federal Contract Tower,0,0,7,0,7,0,0,41,0,41,0,0,48,0,48,50,0,50,98
08/15/2014,TZR,OH,AGL,CE,Federal Contract Tower,0,0,3,0,3,0,0,41,0,41,0,0,44,0,44,50,0,50,94
08/16/2014,TZR,OH,AGL,CE,Federal Contract Tower,0,0,1,0,1,0,0,47,0,47,0,0,48,0,48,38,0,38,86
08/17/2014,TZR,OH,AGL,CE,Federal Contract Tower,0,0,9,0,9,0,0,22,0,22,0,0,31,0,31,42,0,42,73
08/18/2014,TZR,OH,AGL,CE,Federal Contract Tower,0,2,2,0,4,0,0,26,0,26,0,2,28,0,30,90,0,90,120
08/19/2014,TZR,OH,AGL,CE,Federal Contract Tower,0,0,7,0,7,0,0,31,0,31,0,0,38,0,38,44,2,46,84
08/20/2014,TZR,OH,AGL,CE,Federal Contract Tower,0,1,6,0,7,0,0,29,0,29,0,1,35,0,36,24,0,24,60
08/21/2014,TZR,OH,AGL,CE,Federal Contract Tower,0,0,6,0,6,0,0,14,0,14,0,0,20,0,20,40,0,40,60
08/22/2014,TZR,OH,AGL,CE,Federal Contract Tower,0,1,3,0,4,0,0,8,0,8,0,1,11,0,12,50,0,50,62
08/23/2014,TZR,OH,AGL,CE,Federal Contract Tower,0,1,6,0,7,0,0,21,0,21,0,1,27,0,28,16,0,16,44
08/24/2014,TZR,OH,AGL,CE,Federal Contract Tower,0,1,0,0,1,0,0,41,0,41,0,1,41,0,42,54,0,54,96
08/25/2014,TZR,OH,AGL,CE,Federal Contract Tower,0,0,3,0,3,0,0,27,0,27,0,0,30,0,30,28,0,28,58
08/26/2014,TZR,OH,AGL,CE,Federal Contract Tower,0,0,4,0,4,0,0,45,0,45,0,0,49,0,49,80,0,80,129
08/27/2014,TZR,OH,AGL,CE,Federal Contract Tower,0,0,12,0,12,0,0,19,0,19,0,0,31,0,31,20,0,20,51
08/28/2014,TZR,OH,AGL,CE,Federal Contract Tower,0,0,4,0,4,0,0,32,0,32,0,0,36,0,36,42,0,42,78
08/29/2014,TZR,OH,AGL,CE,Federal Contract Tower,0,1,3,0,4,0,0,41,0,41,0,1,44,0,45,44,0,44,89
08/30/2014,TZR,OH,AGL,CE,Federal Contract Tower,0,0,0,0,0,0,0,24,0,24,0,0,24,0,24,42,0,42,66
08/31/2014,TZR,OH,AGL,CE,Federal Contract Tower,0,0,1,0,1,0,0,2,0,2,0,0,3,0,3,4,0,4,7
09/01/2014,TZR,OH,AGL,CE,Federal Contract Tower,0,0,10,0,10,0,0,8,0,8,0,0,18,0,18,0,0,0,18
09/02/2014,TZR,OH,AGL,CE,Federal Contract Tower,0,0,5,0,5,0,0,12,6,18,0,0,17,6,23,16,0,16,39
09/03/2014,TZR,OH,AGL,CE,Federal Contract Tower,0,0,9,0,9,0,0,33,0,33,0,0,42,0,42,12,0,12,54
09/04/2014,TZR,OH,AGL,CE,Federal Contract Tower,0,0,4,0,4,0,0,27,0,27,0,0,31,0,31,52,0,52,83
09/05/2014,TZR,OH,AGL,CE,Federal Contract Tower,0,0,11,0,11,0,0,24,0,24,0,0,35,0,35,40,0,40,75
09/06/2014,TZR,OH,AGL,CE,Federal Contract Tower,0,0,9,0,9,0,0,11,0,11,0,0,20,0,20,14,0,14,34
09/07/2014,TZR,OH,AGL,CE,Federal Contract Tower,0,0,7,0,7,0,0,47,0,47,0,0,54,0,54,38,0,38,92
09/08/2014,TZR,OH,AGL,CE,Federal Contract Tower,0,4,8,0,12,0,0,25,0,25,0,4,33,0,37,50,0,50,87
09/09/2014,TZR,OH,AGL,CE,Federal Contract Tower,0,0,9,0,9,0,0,15,0,15,0,0,24,0,24,6,0,6,30
09/10/2014,TZR,OH,AGL,CE,Federal Contract Tower,0,2,7,0,9,0,0,13,0,13,0,2,20,0,22,14,0,14,36
09/11/2014,TZR,OH,AGL,CE,Federal Contract Tower,0,0,10,0,10,0,0,18,0,18,0,0,28,0,28,28,0,28,56
09/12/2014,TZR,OH,AGL,CE,Federal Contract Tower,0,0,7,0,7,0,0,28,0,28,0,0,35,0,35,32,0,32,67
09/13/2014,TZR,OH,AGL,CE,Federal Contract Tower,0,0,4,0,4,0,0,22,0,22,0,0,26,0,26,28,0,28,54
09/14/2014,TZR,OH,AGL,CE,Federal Contract Tower,0,0,4,0,4,0,0,40,0,40,0,0,44,0,44,34,0,34,78
09/15/2014,TZR,OH,AGL,CE,Federal Contract Tower,0,1,7,0,8,0,0,34,0,34,0,1,41,0,42,46,0,46,88
09/16/2014,TZR,OH,AGL,CE,Federal Contract Tower,0,2,3,0,5,0,0,19,0,19,0,2,22,0,24,62,0,62,86
09/17/2014,TZR,OH,AGL,CE,Federal Contract Tower,0,0,9,0,9,0,0,23,0,23,0,0,32,0,32,38,0,38,70
09/18/2014,TZR,OH,AGL,CE,Federal Contract Tower,0,0,6,0,6,0,0,44,0,44,0,0,50,0,50,74,0,74,124
09/19/2014,TZR,OH,AGL,CE,Federal Contract Tower,0,0,4,0,4,0,0,31,0,31,0,0,35,0,35,4,0,4,39
09/20/2014,TZR,OH,AGL,CE,Federal Contract Tower,0,2,3,0,5,0,0,31,0,31,0,2,34,0,36,38,0,38,74
09/21/2014,TZR,OH,AGL,CE,Federal Contract Tower,0,2,6,0,8,0,0,9,0,9,0,2,15,0,17,0,0,0,17
09/22/2014,TZR,OH,AGL,CE,Federal Contract Tower,0,0,2,0,2,0,0,28,0,28,0,0,30,0,30,16,0,16,46
09/23/2014,TZR,OH,AGL,CE,Federal Contract Tower,0,0,2,0,2,0,0,49,0,49,0,0,51,0,51,80,0,80,131
09/24/2014,TZR,OH,AGL,CE,Federal Contract Tower,0,2,6,0,8,0,0,33,0,33,0,2,39,0,41,62,0,62,103
09/25/2014,TZR,OH,AGL,CE,Federal Contract Tower,0,0,8,0,8,0,0,27,0,27,0,0,35,0,35,28,0,28,63
09/26/2014,TZR,OH,AGL,CE,Federal Contract Tower,0,1,7,0,8,0,0,31,0,31,0,1,38,0,39,6,0,6,45
09/27/2014,TZR,OH,AGL,CE,Federal Contract Tower,0,0,0,0,0,0,0,31,0,31,0,0,31,0,31,26,0,26,57
09/28/2014,TZR,OH,AGL,CE,Federal Contract Tower,0,0,1,0,1,0,0,53,0,53,0,0,54,0,54,32,0,32,86
09/29/2014,TZR,OH,AGL,CE,Federal Contract Tower,0,2,1,0,3,0,0,20,0,20,0,2,21,0,23,26,0,26,49
09/30/2014,TZR,OH,AGL,CE,Federal Contract Tower,0,0,3,0,3,0,0,1,0,1,0,0,4,0,4,0,0,0,4
10/01/2014,TZR,OH,AGL,CE,Federal Contract Tower,0,0,4,0,4,0,0,18,0,18,0,0,22,0,22,62,0,62,84
10/02/2014,TZR,OH,AGL,CE,Federal Contract Tower,0,0,5,0,5,0,0,33,0,33,0,0,38,0,38,28,0,28,66
10/03/2014,TZR,OH,AGL,CE,Federal Contract Tower,0,0,3,0,3,0,0,1,0,1,0,0,4,0,4,0,0,0,4
10/04/2014,TZR,OH,AGL,CE,Federal Contract Tower,0,0,0,0,0,0,0,12,0,12,0,0,12,0,12,12,0,12,24
10/05/2014,TZR,OH,AGL,CE,Federal Contract Tower,0,0,0,0,0,0,0,29,0,29,0,0,29,0,29,56,0,56,85
10/06/2014,TZR,OH,AGL,CE,Federal Contract Tower,0,0,1,0,1,0,0,14,0,14,0,0,15,0,15,28,0,28,43
10/07/2014,TZR,OH,AGL,CE,Federal Contract Tower,0,0,6,0,6,0,0,2,0,2,0,0,8,0,8,0,0,0,8
10/08/2014,TZR,OH,AGL,CE,Federal Contract Tower,0,0,7,0,7,0,0,29,0,29,0,0,36,0,36,10,0,10,46
10/09/2014,TZR,OH,AGL,CE,Federal Contract Tower,0,0,6,0,6,0,0,14,2,16,0,0,20,2,22,30,2,32,54
10/10/2014,TZR,OH,AGL,CE,Federal Contract Tower,0,0,5,0,5,0,0,14,0,14,0,0,19,0,19,28,0,28,47
10/11/2014,TZR,OH,AGL,CE,Federal Contract Tower,0,0,6,0,6,0,0,129,0,129,0,0,135,0,135,50,0,50,185
10/12/2014,TZR,OH,AGL,CE,Federal Contract Tower,0,0,8,0,8,0,0,36,0,36,0,0,44,0,44,46,0,46,90
10/13/2014,TZR,OH,AGL,CE,Federal Contract Tower,0,0,5,0,5,0,0,7,0,7,0,0,12,0,12,4,0,4,16
10/14/2014,TZR,OH,AGL,CE,Federal Contract Tower,0,0,0,0,0,0,0,0,0,0,0,0,0,0,0,0,0,0,0
10/15/2014,TZR,OH,AGL,CE,Federal Contract Tower,0,0,6,0,6,0,0,15,0,15,0,0,21,0,21,44,0,44,65
10/16/2014,TZR,OH,AGL,CE,Federal Contract Tower,0,0,7,0,7,0,0,10,0,10,0,0,17,0,17,4,0,4,21
10/17/2014,TZR,OH,AGL,CE,Federal Contract Tower,0,0,7,0,7,0,2,24,0,26,0,2,31,0,33,24,0,24,57
10/18/2014,TZR,OH,AGL,CE,Federal Contract Tower,0,0,5,0,5,0,0,14,0,14,0,0,19,0,19,10,0,10,29
10/19/2014,TZR,OH,AGL,CE,Federal Contract Tower,0,0,2,0,2,0,0,60,0,60,0,0,62,0,62,8,0,8,70
10/20/2014,TZR,OH,AGL,CE,Federal Contract Tower,0,0,6,0,6,0,0,19,0,19,0,0,25,0,25,40,0,40,65
10/21/2014,TZR,OH,AGL,CE,Federal Contract Tower,0,0,10,0,10,0,0,4,0,4,0,0,14,0,14,0,0,0,14
10/22/2014,TZR,OH,AGL,CE,Federal Contract Tower,0,0,10,0,10,0,0,14,0,14,0,0,24,0,24,54,0,54,78
10/23/2014,TZR,OH,AGL,CE,Federal Contract Tower,0,0,9,0,9,0,0,33,0,33,0,0,42,0,42,32,0,32,74
10/24/2014,TZR,OH,AGL,CE,Federal Contract Tower,0,0,7,0,7,0,0,51,0,51,0,0,58,0,58,86,0,86,144
10/25/2014,TZR,OH,AGL,CE,Federal Contract Tower,0,0,3,0,3,0,0,43,0,43,0,0,46,0,46,20,0,20,66
10/26/2014,TZR,OH,AGL,CE,Federal Contract Tower,0,0,3,0,3,0,0,46,0,46,0,0,49,0,49,32,0,32,81
10/27/2014,TZR,OH,AGL,CE,Federal Contract Tower,0,0,3,0,3,0,0,30,0,30,0,0,33,0,33,42,0,42,75
10/28/2014,TZR,OH,AGL,CE,Federal Contract Tower,0,0,3,0,3,0,0,2,0,2,0,0,5,0,5,6,0,6,11
10/29/2014,TZR,OH,AGL,CE,Federal Contract Tower,0,0,4,0,4,0,0,27,2,29,0,0,31,2,33,14,0,14,47
10/30/2014,TZR,OH,AGL,CE,Federal Contract Tower,0,0,12,0,12,0,0,41,0,41,0,0,53,0,53,72,0,72,125
10/31/2014,TZR,OH,AGL,CE,Federal Contract Tower,0,0,4,0,4,0,0,15,0,15,0,0,19,0,19,26,0,26,45
11/01/2014,TZR,OH,AGL,CE,Federal Contract Tower,0,0,1,0,1,0,0,3,0,3,0,0,4,0,4,4,0,4,8
11/02/2014,TZR,OH,AGL,CE,Federal Contract Tower,0,0,4,0,4,0,0,42,0,42,0,0,46,0,46,66,0,66,112
11/03/2014,TZR,OH,AGL,CE,Federal Contract Tower,0,0,1,0,1,0,0,19,0,19,0,0,20,0,20,46,0,46,66
11/04/2014,TZR,OH,AGL,CE,Federal Contract Tower,0,0,2,0,2,0,0,4,0,4,0,0,6,0,6,0,0,0,6
11/05/2014,TZR,OH,AGL,CE,Federal Contract Tower,0,0,1,0,1,0,0,28,0,28,0,0,29,0,29,20,0,20,49
11/06/2014,TZR,OH,AGL,CE,Federal Contract Tower,0,0,5,0,5,0,0,0,0,0,0,0,5,0,5,0,0,0,5
11/07/2014,TZR,OH,AGL,CE,Federal Contract Tower,0,0,2,0,2,0,0,25,0,25,0,0,27,0,27,12,0,12,39
11/08/2014,TZR,OH,AGL,CE,Federal Contract Tower,0,0,1,0,1,0,0,13,0,13,0,0,14,0,14,26,0,26,40
11/09/2014,TZR,OH,AGL,CE,Federal Contract Tower,0,0,4,0,4,0,0,42,0,42,0,0,46,0,46,54,0,54,100
11/10/2014,TZR,OH,AGL,CE,Federal Contract Tower,0,0,2,0,2,0,0,24,0,24,0,0,26,0,26,16,0,16,42
11/11/2014,TZR,OH,AGL,CE,Federal Contract Tower,0,0,5,0,5,0,0,20,0,20,0,0,25,0,25,12,0,12,37
11/12/2014,TZR,OH,AGL,CE,Federal Contract Tower,0,0,8,0,8,0,0,17,2,19,0,0,25,2,27,12,0,12,39
11/13/2014,TZR,OH,AGL,CE,Federal Contract Tower,0,1,10,0,11,0,0,12,2,14,0,1,22,2,25,28,2,30,55
11/14/2014,TZR,OH,AGL,CE,Federal Contract Tower,0,0,2,0,2,0,0,11,0,11,0,0,13,0,13,22,0,22,35
11/15/2014,TZR,OH,AGL,CE,Federal Contract Tower,0,0,2,0,2,0,0,53,0,53,0,0,55,0,55,108,0,108,163
11/16/2014,TZR,OH,AGL,CE,Federal Contract Tower,0,1,1,0,2,0,0,9,0,9,0,1,10,0,11,38,0,38,49
11/17/2014,TZR,OH,AGL,CE,Federal Contract Tower,0,0,1,0,1,0,0,0,0,0,0,0,1,0,1,0,0,0,1
11/18/2014,TZR,OH,AGL,CE,Federal Contract Tower,0,0,5,0,5,0,0,0,0,0,0,0,5,0,5,0,0,0,5
11/19/2014,TZR,OH,AGL,CE,Federal Contract Tower,0,0,4,0,4,0,0,0,2,2,0,0,4,2,6,0,2,2,8
11/20/2014,TZR,OH,AGL,CE,Federal Contract Tower,0,0,3,0,3,0,0,18,0,18,0,0,21,0,21,38,0,38,59
11/21/2014,TZR,OH,AGL,CE,Federal Contract Tower,0,0,2,0,2,0,0,38,0,38,0,0,40,0,40,52,0,52,92
11/22/2014,TZR,OH,AGL,CE,Federal Contract Tower,0,0,1,0,1,0,0,16,0,16,0,0,17,0,17,24,0,24,41
11/23/2014,TZR,OH,AGL,CE,Federal Contract Tower,0,0,4,0,4,0,0,14,0,14,0,0,18,0,18,28,0,28,46
11/24/2014,TZR,OH,AGL,CE,Federal Contract Tower,0,0,0,0,0,0,0,0,0,0,0,0,0,0,0,0,0,0,0
11/25/2014,TZR,OH,AGL,CE,Federal Contract Tower,0,0,2,0,2,0,0,20,2,22,0,0,22,2,24,72,0,72,96
11/26/2014,TZR,OH,AGL,CE,Federal Contract Tower,0,0,4,0,4,0,0,26,0,26,0,0,30,0,30,68,0,68,98
11/27/2014,TZR,OH,AGL,CE,Federal Contract Tower,0,0,6,0,6,0,0,1,0,1,0,0,7,0,7,8,0,8,15
11/28/2014,TZR,OH,AGL,CE,Federal Contract Tower,0,0,1,0,1,0,0,38,0,38,0,0,39,0,39,64,0,64,103
11/29/2014,TZR,OH,AGL,CE,Federal Contract Tower,0,0,5,0,5,0,0,25,0,25,0,0,30,0,30,18,0,18,48
11/30/2014,TZR,OH,AGL,CE,Federal Contract Tower,0,0,3,0,3,0,0,5,0,5,0,0,8,0,8,6,0,6,14
12/01/2014,TZR,OH,AGL,CE,Federal Contract Tower,0,0,4,0,4,0,0,2,0,2,0,0,6,0,6,8,0,8,14
12/02/2014,TZR,OH,AGL,CE,Federal Contract Tower,0,0,5,0,5,0,0,0,0,0,0,0,5,0,5,0,0,0,5
12/03/2014,TZR,OH,AGL,CE,Federal Contract Tower,0,0,7,0,7,0,0,17,2,19,0,0,24,2,26,2,2,4,30
12/04/2014,TZR,OH,AGL,CE,Federal Contract Tower,0,0,2,0,2,0,0,15,0,15,0,0,17,0,17,60,0,60,77
12/05/2014,TZR,OH,AGL,CE,Federal Contract Tower,0,0,2,0,2,0,0,1,0,1,0,0,3,0,3,0,0,0,3
12/06/2014,TZR,OH,AGL,CE,Federal Contract Tower,0,0,2,0,2,0,0,0,0,0,0,0,2,0,2,0,0,0,2
12/07/2014,TZR,OH,AGL,CE,Federal Contract Tower,0,0,2,0,2,0,0,42,0,42,0,0,44,0,44,62,0,62,106
12/08/2014,TZR,OH,AGL,CE,Federal Contract Tower,0,0,2,0,2,0,0,24,0,24,0,0,26,0,26,46,0,46,72
12/09/2014,TZR,OH,AGL,CE,Federal Contract Tower,0,0,2,0,2,0,0,0,0,0,0,0,2,0,2,0,0,0,2
12/10/2014,TZR,OH,AGL,CE,Federal Contract Tower,0,0,2,0,2,0,0,2,0,2,0,0,4,0,4,0,0,0,4
12/11/2014,TZR,OH,AGL,CE,Federal Contract Tower,0,0,6,0,6,0,0,19,0,19,0,0,25,0,25,10,0,10,35
12/12/2014,TZR,OH,AGL,CE,Federal Contract Tower,0,0,2,0,2,0,0,30,0,30,0,0,32,0,32,30,0,30,62
12/13/2014,TZR,OH,AGL,CE,Federal Contract Tower,0,0,2,0,2,0,0,2,0,2,0,0,4,0,4,20,0,20,24
12/14/2014,TZR,OH,AGL,CE,Federal Contract Tower,0,0,6,0,6,0,0,27,0,27,0,0,33,0,33,67,0,67,100
12/15/2014,TZR,OH,AGL,CE,Federal Contract Tower,0,0,3,0,3,0,0,28,0,28,0,0,31,0,31,72,0,72,103
12/16/2014,TZR,OH,AGL,CE,Federal Contract Tower,0,0,5,0,5,0,0,0,0,0,0,0,5,0,5,0,0,0,5
12/17/2014,TZR,OH,AGL,CE,Federal Contract Tower,0,1,4,0,5,0,0,5,0,5,0,1,9,0,10,8,0,8,18
12/18/2014,TZR,OH,AGL,CE,Federal Contract Tower,0,0,0,0,0,0,0,11,0,11,0,0,11,0,11,44,0,44,55
12/19/2014,TZR,OH,AGL,CE,Federal Contract Tower,0,0,7,0,7,0,0,17,0,17,0,0,24,0,24,40,0,40,64
12/20/2014,TZR,OH,AGL,CE,Federal Contract Tower,0,0,0,0,0,0,0,0,0,0,0,0,0,0,0,10,0,10,10
12/21/2014,TZR,OH,AGL,CE,Federal Contract Tower,0,0,9,0,9,0,0,40,0,40,0,0,49,0,49,42,0,42,91
12/22/2014,TZR,OH,AGL,CE,Federal Contract Tower,0,0,4,0,4,0,0,45,0,45,0,0,49,0,49,30,0,30,79
12/23/2014,TZR,OH,AGL,CE,Federal Contract Tower,0,1,2,0,3,0,0,0,6,6,0,1,2,6,9,0,34,34,43
12/24/2014,TZR,OH,AGL,CE,Federal Contract Tower,0,0,0,0,0,0,0,0,0,0,0,0,0,0,0,0,0,0,0
12/25/2014,TZR,OH,AGL,CE,Federal Contract Tower,0,0,1,0,1,0,0,0,0,0,0,0,1,0,1,0,0,0,1
12/26/2014,TZR,OH,AGL,CE,Federal Contract Tower,0,0,3,0,3,0,0,25,0,25,0,0,28,0,28,16,0,16,44
12/27/2014,TZR,OH,AGL,CE,Federal Contract Tower,0,0,8,0,8,0,0,12,0,12,0,0,20,0,20,8,0,8,28
12/28/2014,TZR,OH,AGL,CE,Federal Contract Tower,0,0,1,0,1,0,0,4,0,4,0,0,5,0,5,2,0,2,7
12/29/2014,TZR,OH,AGL,CE,Federal Contract Tower,0,0,7,0,7,0,0,17,0,17,0,0,24,0,24,12,0,12,36
12/30/2014,TZR,OH,AGL,CE,Federal Contract Tower,0,0,5,0,5,0,0,23,2,25,0,0,28,2,30,10,2,12,42
12/31/2014,TZR,OH,AGL,CE,Federal Contract Tower,0,0,3,0,3,0,0,15,0,15,0,0,18,0,18,4,0,4,22
01/01/2015,TZR,OH,AGL,CE,Federal Contract Tower,0,0,1,0,1,0,0,17,0,17,0,0,18,0,18,8,0,8,26
01/02/2015,TZR,OH,AGL,CE,Federal Contract Tower,0,0,3,0,3,0,0,42,0,42,0,0,45,0,45,42,0,42,87
01/03/2015,TZR,OH,AGL,CE,Federal Contract Tower,0,0,1,0,1,0,0,0,0,0,0,0,1,0,1,0,0,0,1
01/04/2015,TZR,OH,AGL,CE,Federal Contract Tower,0,1,1,0,2,0,0,0,0,0,0,1,1,0,2,0,0,0,2
01/05/2015,TZR,OH,AGL,CE,Federal Contract Tower,0,0,0,0,0,0,0,9,0,9,0,0,9,0,9,34,0,34,43
01/06/2015,TZR,OH,AGL,CE,Federal Contract Tower,0,0,2,0,2,0,0,6,0,6,0,0,8,0,8,0,0,0,8
01/07/2015,TZR,OH,AGL,CE,Federal Contract Tower,0,0,5,0,5,0,0,0,0,0,0,0,5,0,5,0,0,0,5
01/08/2015,TZR,OH,AGL,CE,Federal Contract Tower,0,0,6,0,6,0,0,6,0,6,0,0,12,0,12,4,0,4,16
01/09/2015,TZR,OH,AGL,CE,Federal Contract Tower,0,0,0,0,0,0,0,0,0,0,0,0,0,0,0,0,0,0,0
01/10/2015,TZR,OH,AGL,CE,Federal Contract Tower,0,0,0,0,0,0,0,27,0,27,0,0,27,0,27,46,0,46,73
01/11/2015,TZR,OH,AGL,CE,Federal Contract Tower,0,0,1,0,1,0,0,22,0,22,0,0,23,0,23,34,0,34,57
01/12/2015,TZR,OH,AGL,CE,Federal Contract Tower,0,0,0,0,0,0,0,0,0,0,0,0,0,0,0,0,0,0,0
01/13/2015,TZR,OH,AGL,CE,Federal Contract Tower,0,0,2,6,8,0,0,33,0,33,0,0,35,6,41,122,0,122,163
01/14/2015,TZR,OH,AGL,CE,Federal Contract Tower,0,0,4,0,4,0,0,4,2,6,0,0,8,2,10,22,0,22,32
01/15/2015,TZR,OH,AGL,CE,Federal Contract Tower,0,1,4,0,5,0,0,19,0,19,0,1,23,0,24,50,0,50,74
01/16/2015,TZR,OH,AGL,CE,Federal Contract Tower,0,0,0,0,0,0,0,21,2,23,0,0,21,2,23,84,2,86,109
01/17/2015,TZR,OH,AGL,CE,Federal Contract Tower,0,0,3,0,3,0,0,49,0,49,0,0,52,0,52,108,0,108,160
01/18/2015,TZR,OH,AGL,CE,Federal Contract Tower,0,0,3,0,3,0,0,8,0,8,0,0,11,0,11,24,0,24,35
01/19/2015,TZR,OH,AGL,CE,Federal Contract Tower,0,0,1,0,1,0,0,37,0,37,0,0,38,0,38,68,0,68,106
01/20/2015,TZR,OH,AGL,CE,Federal Contract Tower,0,0,2,0,2,0,0,13,0,13,0,0,15,0,15,28,0,28,43
01/21/2015,TZR,OH,AGL,CE,Federal Contract Tower,0,0,5,0,5,0,0,12,0,12,0,0,17,0,17,62,0,62,79
01/22/2015,TZR,OH,AGL,CE,Federal Contract Tower,0,0,3,2,5,0,0,4,0,4,0,0,7,2,9,4,0,4,13
01/23/2015,TZR,OH,AGL,CE,Federal Contract Tower,0,0,1,0,1,0,0,28,0,28,0,0,29,0,29,18,0,18,47
01/24/2015,TZR,OH,AGL,CE,Federal Contract Tower,0,0,0,0,0,0,0,25,0,25,0,0,25,0,25,88,0,88,113
01/25/2015,TZR,OH,AGL,CE,Federal Contract Tower,0,0,1,0,1,0,0,2,2,4,0,0,3,2,5,2,0,2,7
01/26/2015,TZR,OH,AGL,CE,Federal Contract Tower,0,0,1,0,1,0,1,7,0,8,0,1,8,0,9,2,0,2,11
01/27/2015,TZR,OH,AGL,CE,Federal Contract Tower,0,0,4,0,4,0,0,18,0,18,0,0,22,0,22,12,0,12,34
01/28/2015,TZR,OH,AGL,CE,Federal Contract Tower,0,0,3,0,3,0,0,38,0,38,0,0,41,0,41,6,0,6,47
01/29/2015,TZR,OH,AGL,CE,Federal Contract Tower,0,0,3,0,3,0,0,1,0,1,0,0,4,0,4,0,0,0,4
01/30/2015,TZR,OH,AGL,CE,Federal Contract Tower,0,0,1,0,1,0,0,1,0,1,0,0,2,0,2,0,0,0,2
01/31/2015,TZR,OH,AGL,CE,Federal Contract Tower,0,0,2,0,2,0,0,58,0,58,0,0,60,0,60,52,0,52,112
02/01/2015,TZR,OH,AGL,CE,Federal Contract Tower,0,0,0,0,0,0,0,0,0,0,0,0,0,0,0,0,0,0,0
02/02/2015,TZR,OH,AGL,CE,Federal Contract Tower,0,0,2,0,2,0,0,0,0,0,0,0,2,0,2,0,0,0,2
02/03/2015,TZR,OH,AGL,CE,Federal Contract Tower,0,0,1,0,1,0,0,28,0,28,0,0,29,0,29,42,0,42,71
02/04/2015,TZR,OH,AGL,CE,Federal Contract Tower,0,0,4,0,4,0,0,18,0,18,0,0,22,0,22,18,0,18,40
02/05/2015,TZR,OH,AGL,CE,Federal Contract Tower,0,0,0,0,0,0,0,6,0,6,0,0,6,0,6,8,0,8,14
02/06/2015,TZR,OH,AGL,CE,Federal Contract Tower,0,0,0,0,0,0,0,23,0,23,0,0,23,0,23,18,0,18,41
02/07/2015,TZR,OH,AGL,CE,Federal Contract Tower,0,0,3,0,3,0,0,34,2,36,0,0,37,2,39,26,16,42,81
02/08/2015,TZR,OH,AGL,CE,Federal Contract Tower,0,0,4,0,4,0,0,15,0,15,0,0,19,0,19,30,0,30,49
02/09/2015,TZR,OH,AGL,CE,Federal Contract Tower,0,0,1,0,1,0,0,3,0,3,0,0,4,0,4,0,0,0,4
02/10/2015,TZR,OH,AGL,CE,Federal Contract Tower,0,0,6,0,6,0,0,18,3,21,0,0,24,3,27,50,12,62,89
02/11/2015,TZR,OH,AGL,CE,Federal Contract Tower,0,0,1,0,1,0,0,29,0,29,0,0,30,0,30,78,0,78,108
02/12/2015,TZR,OH,AGL,CE,Federal Contract Tower,0,0,4,0,4,0,0,2,0,2,0,0,6,0,6,0,0,0,6
02/13/2015,TZR,OH,AGL,CE,Federal Contract Tower,0,0,2,0,2,0,0,23,0,23,0,0,25,0,25,58,0,58,83
02/14/2015,TZR,OH,AGL,CE,Federal Contract Tower,0,0,0,0,0,0,0,0,0,0,0,0,0,0,0,0,0,0,0
02/15/2015,TZR,OH,AGL,CE,Federal Contract Tower,0,0,1,0,1,0,0,19,0,19,0,0,20,0,20,20,0,20,40
02/16/2015,TZR,OH,AGL,CE,Federal Contract Tower,0,0,0,0,0,0,0,2,0,2,0,0,2,0,2,0,0,0,2
02/17/2015,TZR,OH,AGL,CE,Federal Contract Tower,0,2,6,0,8,0,0,34,0,34,0,2,40,0,42,44,0,44,86
02/18/2015,TZR,OH,AGL,CE,Federal Contract Tower,0,0,2,0,2,0,0,1,0,1,0,0,3,0,3,0,0,0,3
02/19/2015,TZR,OH,AGL,CE,Federal Contract Tower,0,0,2,0,2,0,0,6,0,6,0,0,8,0,8,0,0,0,8
02/20/2015,TZR,OH,AGL,CE,Federal Contract Tower,0,0,3,0,3,0,0,12,0,12,0,0,15,0,15,40,0,40,55
02/21/2015,TZR,OH,AGL,CE,Federal Contract Tower,0,0,0,0,0,0,0,0,0,0,0,0,0,0,0,0,0,0,0
02/22/2015,TZR,OH,AGL,CE,Federal Contract Tower,0,0,4,0,4,0,0,10,0,10,0,0,14,0,14,62,0,62,76
02/23/2015,TZR,OH,AGL,CE,Federal Contract Tower,0,3,7,0,10,0,0,28,0,28,0,3,35,0,38,74,0,74,112
02/24/2015,TZR,OH,AGL,CE,Federal Contract Tower,0,1,2,0,3,0,0,21,0,21,0,1,23,0,24,120,0,120,144
02/25/2015,TZR,OH,AGL,CE,Federal Contract Tower,0,0,4,0,4,0,0,14,0,14,0,0,18,0,18,34,0,34,52
02/26/2015,TZR,OH,AGL,CE,Federal Contract Tower,0,0,3,0,3,0,0,22,0,22,0,0,25,0,25,60,0,60,85
02/27/2015,TZR,OH,AGL,CE,Federal Contract Tower,0,0,0,0,0,0,0,16,0,16,0,0,16,0,16,40,0,40,56
02/28/2015,TZR,OH,AGL,CE,Federal Contract Tower,0,0,0,0,0,0,0,46,0,46,0,0,46,0,46,60,0,60,106
03/01/2015,TZR,OH,AGL,CE,Federal Contract Tower,0,0,0,0,0,0,0,0,0,0,0,0,0,0,0,0,0,0,0
03/02/2015,TZR,OH,AGL,CE,Federal Contract Tower,0,2,1,0,3,0,0,13,0,13,0,2,14,0,16,6,0,6,22
03/03/2015,TZR,OH,AGL,CE,Federal Contract Tower,0,0,0,0,0,0,0,0,0,0,0,0,0,0,0,0,0,0,0
03/04/2015,TZR,OH,AGL,CE,Federal Contract Tower,0,0,0,0,0,0,0,0,0,0,0,0,0,0,0,0,0,0,0
03/05/2015,TZR,OH,AGL,CE,Federal Contract Tower,0,0,8,0,8,0,0,12,0,12,0,0,20,0,20,18,0,18,38
03/06/2015,TZR,OH,AGL,CE,Federal Contract Tower,0,0,1,0,1,0,0,24,0,24,0,0,25,0,25,104,0,104,129
03/07/2015,TZR,OH,AGL,CE,Federal Contract Tower,0,0,0,0,0,0,0,17,0,17,0,0,17,0,17,34,0,34,51
03/08/2015,TZR,OH,AGL,CE,Federal Contract Tower,0,0,6,0,6,0,0,46,0,46,0,0,52,0,52,8,0,8,60
03/09/2015,TZR,OH,AGL,CE,Federal Contract Tower,0,0,4,0,4,0,0,34,0,34,0,0,38,0,38,60,0,60,98
03/10/2015,TZR,OH,AGL,CE,Federal Contract Tower,0,0,0,0,0,0,0,0,0,0,0,0,0,0,0,0,0,0,0
03/11/2015,TZR,OH,AGL,CE,Federal Contract Tower,0,0,14,0,14,0,0,16,0,16,0,0,30,0,30,14,0,14,44
03/12/2015,TZR,OH,AGL,CE,Federal Contract Tower,0,0,6,0,6,0,0,61,2,63,0,0,67,2,69,68,2,70,139
03/13/2015,TZR,OH,AGL,CE,Federal Contract Tower,0,0,8,0,8,0,0,10,0,10,0,0,18,0,18,12,0,12,30
03/14/2015,TZR,OH,AGL,CE,Federal Contract Tower,0,0,3,0,3,0,0,14,0,14,0,0,17,0,17,28,0,28,45
03/15/2015,TZR,OH,AGL,CE,Federal Contract Tower,0,2,2,0,4,0,0,55,0,55,0,2,57,0,59,52,0,52,111
03/16/2015,TZR,OH,AGL,CE,Federal Contract Tower,0,0,3,0,3,0,0,31,0,31,0,0,34,0,34,68,0,68,102
03/17/2015,TZR,OH,AGL,CE,Federal Contract Tower,0,0,0,0,0,0,0,8,0,8,0,0,8,0,8,40,0,40,48
03/18/2015,TZR,OH,AGL,CE,Federal Contract Tower,0,1,4,0,5,0,0,38,0,38,0,1,42,0,43,118,0,118,161
03/19/2015,TZR,OH,AGL,CE,Federal Contract Tower,0,0,7,0,7,0,0,30,0,30,0,0,37,0,37,42,0,42,79
03/20/2015,TZR,OH,AGL,CE,Federal Contract Tower,0,0,6,0,6,0,0,5,0,5,0,0,11,0,11,0,0,0,11
03/21/2015,TZR,OH,AGL,CE,Federal Contract Tower,0,0,4,0,4,0,0,31,0,31,0,0,35,0,35,12,0,12,47
03/22/2015,TZR,OH,AGL,CE,Federal Contract Tower,0,0,5,0,5,0,0,34,0,34,0,0,39,0,39,58,0,58,97
03/23/2015,TZR,OH,AGL,CE,Federal Contract Tower,0,0,5,0,5,0,0,13,0,13,0,0,18,0,18,58,0,58,76
03/24/2015,TZR,OH,AGL,CE,Federal Contract Tower,0,2,5,0,7,0,0,25,2,27,0,2,30,2,34,52,2,54,88
03/25/2015,TZR,OH,AGL,CE,Federal Contract Tower,0,2,3,0,5,0,0,11,0,11,0,2,14,0,16,0,0,0,16
03/26/2015,TZR,OH,AGL,CE,Federal Contract Tower,0,0,6,0,6,0,0,4,0,4,0,0,10,0,10,0,0,0,10
03/27/2015,TZR,OH,AGL,CE,Federal Contract Tower,0,0,2,0,2,0,0,12,0,12,0,0,14,0,14,68,0,68,82
03/28/2015,TZR,OH,AGL,CE,Federal Contract Tower,0,0,5,0,5,0,0,30,0,30,0,0,35,0,35,82,0,82,117
03/29/2015,TZR,OH,AGL,CE,Federal Contract Tower,0,0,4,0,4,0,0,20,0,20,0,0,24,0,24,44,0,44,68
03/30/2015,TZR,OH,AGL,CE,Federal Contract Tower,0,0,2,0,2,0,0,4,0,4,0,0,6,0,6,8,0,8,14
03/31/2015,TZR,OH,AGL,CE,Federal Contract Tower,0,1,4,0,5,0,0,7,0,7,0,1,11,0,12,10,0,10,22
04/01/2015,TZR,OH,AGL,CE,Federal Contract Tower,0,0,9,0,9,0,0,48,0,48,0,0,57,0,57,60,0,60,117
04/02/2015,TZR,OH,AGL,CE,Federal Contract Tower,0,0,2,0,2,0,0,2,0,2,0,0,4,0,4,0,0,0,4
04/03/2015,TZR,OH,AGL,CE,Federal Contract Tower,0,0,1,0,1,0,0,3,0,3,0,0,4,0,4,6,0,6,10
04/04/2015,TZR,OH,AGL,CE,Federal Contract Tower,0,0,8,0,8,0,0,41,0,41,0,0,49,0,49,2,0,2,51
04/05/2015,TZR,OH,AGL,CE,Federal Contract Tower,0,0,1,0,1,0,0,29,0,29,0,0,30,0,30,38,0,38,68
04/06/2015,TZR,OH,AGL,CE,Federal Contract Tower,0,0,2,0,2,0,0,14,0,14,0,0,16,0,16,44,0,44,60
04/07/2015,TZR,OH,AGL,CE,Federal Contract Tower,0,0,7,0,7,0,0,0,0,0,0,0,7,0,7,0,0,0,7
04/08/2015,TZR,OH,AGL,CE,Federal Contract Tower,0,0,6,0,6,0,0,6,0,6,0,0,12,0,12,18,0,18,30
04/09/2015,TZR,OH,AGL,CE,Federal Contract Tower,0,0,2,0,2,0,0,8,0,8,0,0,10,0,10,24,0,24,34
04/10/2015,TZR,OH,AGL,CE,Federal Contract Tower,0,0,4,0,4,0,0,8,0,8,0,0,12,0,12,0,0,0,12
04/11/2015,TZR,OH,AGL,CE,Federal Contract Tower,0,0,6,0,6,0,0,69,0,69,0,0,75,0,75,50,0,50,125
04/12/2015,TZR,OH,AGL,CE,Federal Contract Tower,0,0,10,0,10,0,0,56,0,56,0,0,66,0,66,52,0,52,118
04/13/2015,TZR,OH,AGL,CE,Federal Contract Tower,0,0,2,0,2,0,0,3,0,3,0,0,5,0,5,0,0,0,5
04/14/2015,TZR,OH,AGL,CE,Federal Contract Tower,0,4,9,0,13,0,0,13,0,13,0,4,22,0,26,24,0,24,50
04/15/2015,TZR,OH,AGL,CE,Federal Contract Tower,0,0,1,0,1,0,0,47,0,47,0,0,48,0,48,28,0,28,76
04/16/2015,TZR,OH,AGL,CE,Federal Contract Tower,0,0,8,0,8,0,0,5,0,5,0,0,13,0,13,18,0,18,31
04/17/2015,TZR,OH,AGL,CE,Federal Contract Tower,0,0,4,0,4,0,0,29,0,29,0,0,33,0,33,44,0,44,77
04/18/2015,TZR,OH,AGL,CE,Federal Contract Tower,0,0,10,0,10,0,0,62,0,62,0,0,72,0,72,24,0,24,96
04/19/2015,TZR,OH,AGL,CE,Federal Contract Tower,0,0,3,0,3,0,0,7,0,7,0,0,10,0,10,0,0,0,10
04/20/2015,TZR,OH,AGL,CE,Federal Contract Tower,0,0,3,0,3,0,0,0,0,0,0,0,3,0,3,0,0,0,3
04/21/2015,TZR,OH,AGL,CE,Federal Contract Tower,0,0,5,0,5,0,0,4,0,4,0,0,9,0,9,0,0,0,9
04/22/2015,TZR,OH,AGL,CE,Federal Contract Tower,0,0,4,0,4,0,0,9,0,9,0,0,13,0,13,0,0,0,13
04/23/2015,TZR,OH,AGL,CE,Federal Contract Tower,0,4,5,0,9,0,0,25,0,25,0,4,30,0,34,10,0,10,44
04/24/2015,TZR,OH,AGL,CE,Federal Contract Tower,0,0,5,0,5,0,0,55,0,55,0,0,60,0,60,50,0,50,110
04/25/2015,TZR,OH,AGL,CE,Federal Contract Tower,0,0,3,0,3,0,0,2,0,2,0,0,5,0,5,10,0,10,15
04/26/2015,TZR,OH,AGL,CE,Federal Contract Tower,0,0,4,0,4,0,0,44,0,44,0,0,48,0,48,50,0,50,98
04/27/2015,TZR,OH,AGL,CE,Federal Contract Tower,0,0,6,0,6,0,0,27,0,27,0,0,33,0,33,40,0,40,73
04/28/2015,TZR,OH,AGL,CE,Federal Contract Tower,0,0,4,0,4,0,0,36,0,36,0,0,40,0,40,72,0,72,112
04/29/2015,TZR,OH,AGL,CE,Federal Contract Tower,0,0,3,0,3,0,0,41,0,41,0,0,44,0,44,42,0,42,86
04/30/2015,TZR,OH,AGL,CE,Federal Contract Tower,0,0,6,0,6,0,0,16,0,16,0,0,22,0,22,50,0,50,72
05/01/2015,TZR,OH,AGL,CE,Federal Contract Tower,0,0,4,0,4,0,0,32,0,32,0,0,36,0,36,38,0,38,74
05/02/2015,TZR,OH,AGL,CE,Federal Contract Tower,0,0,0,0,0,0,0,61,0,61,0,0,61,0,61,50,0,50,111
05/03/2015,TZR,OH,AGL,CE,Federal Contract Tower,0,0,6,0,6,0,0,40,0,40,0,0,46,0,46,30,0,30,76
05/04/2015,TZR,OH,AGL,CE,Federal Contract Tower,0,0,2,0,2,0,0,22,0,22,0,0,24,0,24,58,0,58,82
05/05/2015,TZR,OH,AGL,CE,Federal Contract Tower,0,0,3,0,3,0,0,20,0,20,0,0,23,0,23,10,0,10,33
05/06/2015,TZR,OH,AGL,CE,Federal Contract Tower,0,2,4,0,6,0,0,27,0,27,0,2,31,0,33,20,0,20,53
05/07/2015,TZR,OH,AGL,CE,Federal Contract Tower,0,0,14,0,14,0,0,33,0,33,0,0,47,0,47,4,0,4,51
05/08/2015,TZR,OH,AGL,CE,Federal Contract Tower,0,0,0,0,0,0,0,34,0,34,0,0,34,0,34,20,0,20,54
05/09/2015,TZR,OH,AGL,CE,Federal Contract Tower,0,0,4,0,4,0,0,49,0,49,0,0,53,0,53,60,0,60,113
05/10/2015,TZR,OH,AGL,CE,Federal Contract Tower,0,0,4,0,4,0,0,101,0,101,0,0,105,0,105,502,0,502,607
05/11/2015,TZR,OH,AGL,CE,Federal Contract Tower,0,0,2,0,2,0,0,19,0,19,0,0,21,0,21,60,0,60,81
05/12/2015,TZR,OH,AGL,CE,Federal Contract Tower,0,0,3,0,3,0,0,6,0,6,0,0,9,0,9,0,0,0,9
05/13/2015,TZR,OH,AGL,CE,Federal Contract Tower,0,0,6,0,6,0,0,35,0,35,0,0,41,0,41,42,0,42,83
05/14/2015,TZR,OH,AGL,CE,Federal Contract Tower,0,0,8,0,8,0,2,55,2,59,0,2,63,2,67,30,4,34,101
05/15/2015,TZR,OH,AGL,CE,Federal Contract Tower,0,0,5,0,5,0,0,12,0,12,0,0,17,0,17,14,0,14,31
05/16/2015,TZR,OH,AGL,CE,Federal Contract Tower,0,0,0,0,0,0,0,42,0,42,0,0,42,0,42,0,0,0,42
05/17/2015,TZR,OH,AGL,CE,Federal Contract Tower,0,0,4,0,4,0,0,19,0,19,0,0,23,0,23,10,0,10,33
05/18/2015,TZR,OH,AGL,CE,Federal Contract Tower,0,0,1,0,1,0,0,4,0,4,0,0,5,0,5,10,0,10,15
05/19/2015,TZR,OH,AGL,CE,Federal Contract Tower,0,0,5,0,5,0,0,22,2,24,0,0,27,2,29,4,2,6,35
05/20/2015,TZR,OH,AGL,CE,Federal Contract Tower,0,0,5,0,5,0,0,35,0,35,0,0,40,0,40,32,0,32,72
05/21/2015,TZR,OH,AGL,CE,Federal Contract Tower,0,0,7,0,7,0,0,28,0,28,0,0,35,0,35,12,0,12,47
05/22/2015,TZR,OH,AGL,CE,Federal Contract Tower,0,0,3,0,3,0,0,30,0,30,0,0,33,0,33,16,0,16,49
05/23/2015,TZR,OH,AGL,CE,Federal Contract Tower,0,0,7,0,7,0,0,44,0,44,0,0,51,0,51,14,0,14,65
05/24/2015,TZR,OH,AGL,CE,Federal Contract Tower,0,0,1,0,1,0,0,49,0,49,0,0,50,0,50,80,0,80,130
05/25/2015,TZR,OH,AGL,CE,Federal Contract Tower,0,0,7,0,7,0,0,24,0,24,0,0,31,0,31,32,0,32,63
05/26/2015,TZR,OH,AGL,CE,Federal Contract Tower,0,0,5,0,5,0,0,13,0,13,0,0,18,0,18,42,0,42,60
05/27/2015,TZR,OH,AGL,CE,Federal Contract Tower,0,0,3,0,3,0,0,7,0,7,0,0,10,0,10,44,0,44,54
05/28/2015,TZR,OH,AGL,CE,Federal Contract Tower,0,0,2,0,2,0,0,17,0,17,0,0,19,0,19,22,0,22,41
05/29/2015,TZR,OH,AGL,CE,Federal Contract Tower,0,0,0,0,0,0,0,27,0,27,0,0,27,0,27,44,0,44,71
05/30/2015,TZR,OH,AGL,CE,Federal Contract Tower,0,0,1,0,1,0,0,31,0,31,0,0,32,0,32,36,0,36,68
05/31/2015,TZR,OH,AGL,CE,Federal Contract Tower,0,0,2,0,2,0,0,13,0,13,0,0,15,0,15,22,0,22,37
06/01/2015,TZR,OH,AGL,CE,Federal Contract Tower,0,0,3,0,3,0,0,5,0,5,0,0,8,0,8,8,0,8,16
06/02/2015,TZR,OH,AGL,CE,Federal Contract Tower,0,0,8,0,8,0,0,27,0,27,0,0,35,0,35,66,0,66,101
06/03/2015,TZR,OH,AGL,CE,Federal Contract Tower,0,0,3,0,3,0,0,20,0,20,0,0,23,0,23,28,0,28,51
06/04/2015,TZR,OH,AGL,CE,Federal Contract Tower,0,0,2,0,2,0,0,18,0,18,0,0,20,0,20,2,0,2,22
06/05/2015,TZR,OH,AGL,CE,Federal Contract Tower,0,3,5,0,8,0,0,14,0,14,0,3,19,0,22,12,0,12,34
06/06/2015,TZR,OH,AGL,CE,Federal Contract Tower,0,0,11,0,11,0,0,27,0,27,0,0,38,0,38,26,0,26,64
06/07/2015,TZR,OH,AGL,CE,Federal Contract Tower,0,0,2,0,2,0,0,33,0,33,0,0,35,0,35,20,0,20,55
06/08/2015,TZR,OH,AGL,CE,Federal Contract Tower,0,0,1,0,1,0,0,1,0,1,0,0,2,0,2,0,0,0,2
06/09/2015,TZR,OH,AGL,CE,Federal Contract Tower,0,0,7,0,7,0,0,19,0,19,0,0,26,0,26,16,0,16,42
06/10/2015,TZR,OH,AGL,CE,Federal Contract Tower,0,0,14,0,14,0,0,25,0,25,0,0,39,0,39,22,0,22,61
06/11/2015,TZR,OH,AGL,CE,Federal Contract Tower,0,0,8,0,8,0,0,51,0,51,0,0,59,0,59,112,0,112,171
06/12/2015,TZR,OH,AGL,CE,Federal Contract Tower,0,0,2,0,2,0,0,21,0,21,0,0,23,0,23,32,0,32,55
06/13/2015,TZR,OH,AGL,CE,Federal Contract Tower,0,0,2,0,2,0,0,17,0,17,0,0,19,0,19,8,0,8,27
06/14/2015,TZR,OH,AGL,CE,Federal Contract Tower,0,0,2,0,2,0,0,21,0,21,0,0,23,0,23,26,0,26,49
06/15/2015,TZR,OH,AGL,CE,Federal Contract Tower,0,0,3,0,3,0,0,3,0,3,0,0,6,0,6,0,0,0,6
06/16/2015,TZR,OH,AGL,CE,Federal Contract Tower,0,0,1,0,1,0,0,12,0,12,0,0,13,0,13,14,0,14,27
06/17/2015,TZR,OH,AGL,CE,Federal Contract Tower,0,2,3,0,5,0,0,0,0,0,0,2,3,0,5,0,0,0,5
06/18/2015,TZR,OH,AGL,CE,Federal Contract Tower,0,0,3,0,3,0,0,11,0,11,0,0,14,0,14,42,0,42,56
06/19/2015,TZR,OH,AGL,CE,Federal Contract Tower,0,0,7,0,7,0,0,13,0,13,0,0,20,0,20,10,0,10,30
06/20/2015,TZR,OH,AGL,CE,Federal Contract Tower,0,0,8,0,8,0,0,0,0,0,0,0,8,0,8,0,0,0,8
06/21/2015,TZR,OH,AGL,CE,Federal Contract Tower,0,0,3,0,3,0,0,23,0,23,0,0,26,0,26,12,0,12,38
06/22/2015,TZR,OH,AGL,CE,Federal Contract Tower,0,0,3,0,3,0,0,43,0,43,0,0,46,0,46,30,0,30,76
06/23/2015,TZR,OH,AGL,CE,Federal Contract Tower,0,0,6,0,6,0,0,38,0,38,0,0,44,0,44,86,0,86,130
06/24/2015,TZR,OH,AGL,CE,Federal Contract Tower,0,0,7,0,7,0,0,56,0,56,0,0,63,0,63,110,0,110,173
06/25/2015,TZR,OH,AGL,CE,Federal Contract Tower,0,0,3,0,3,0,0,14,0,14,0,0,17,0,17,18,0,18,35
06/26/2015,TZR,OH,AGL,CE,Federal Contract Tower,0,0,3,0,3,0,0,41,0,41,0,0,44,0,44,42,0,42,86
06/27/2015,TZR,OH,AGL,CE,Federal Contract Tower,0,0,4,0,4,0,0,17,0,17,0,0,21,0,21,8,0,8,29
06/28/2015,TZR,OH,AGL,CE,Federal Contract Tower,0,0,4,0,4,0,0,39,0,39,0,0,43,0,43,24,0,24,67
06/29/2015,TZR,OH,AGL,CE,Federal Contract Tower,0,2,6,0,8,0,0,9,0,9,0,2,15,0,17,0,0,0,17
06/30/2015,TZR,OH,AGL,CE,Federal Contract Tower,0,0,8,0,8,0,0,24,0,24,0,0,32,0,32,58,0,58,90
07/01/2015,TZR,OH,AGL,CE,Federal Contract Tower,0,0,3,0,3,0,0,63,0,63,0,0,66,0,66,120,0,120,186
07/02/2015,TZR,OH,AGL,CE,Federal Contract Tower,0,0,1,0,1,0,0,24,0,24,0,0,25,0,25,20,0,20,45
07/03/2015,TZR,OH,AGL,CE,Federal Contract Tower,0,0,1,0,1,0,0,30,0,30,0,0,31,0,31,38,0,38,69
07/04/2015,TZR,OH,AGL,CE,Federal Contract Tower,0,0,1,0,1,0,0,43,0,43,0,0,44,0,44,30,0,30,74
07/05/2015,TZR,OH,AGL,CE,Federal Contract Tower,0,0,3,0,3,0,0,34,0,34,0,0,37,0,37,16,0,16,53
07/06/2015,TZR,OH,AGL,CE,Federal Contract Tower,0,0,5,0,5,0,0,32,0,32,0,0,37,0,37,32,0,32,69
07/07/2015,TZR,OH,AGL,CE,Federal Contract Tower,0,0,7,0,7,0,0,5,0,5,0,0,12,0,12,38,0,38,50
07/08/2015,TZR,OH,AGL,CE,Federal Contract Tower,0,0,11,0,11,0,0,7,0,7,0,0,18,0,18,0,0,0,18
07/09/2015,TZR,OH,AGL,CE,Federal Contract Tower,0,0,3,0,3,0,0,3,0,3,0,0,6,0,6,0,0,0,6
07/10/2015,TZR,OH,AGL,CE,Federal Contract Tower,0,0,10,0,10,0,0,3,0,3,0,0,13,0,13,0,0,0,13
07/11/2015,TZR,OH,AGL,CE,Federal Contract Tower,0,0,4,0,4,0,0,48,0,48,0,0,52,0,52,42,0,42,94
07/12/2015,TZR,OH,AGL,CE,Federal Contract Tower,0,0,4,0,4,0,0,18,0,18,0,0,22,0,22,6,0,6,28
07/13/2015,TZR,OH,AGL,CE,Federal Contract Tower,0,0,11,0,11,0,0,7,0,7,0,0,18,0,18,0,0,0,18
07/14/2015,TZR,OH,AGL,CE,Federal Contract Tower,0,0,6,0,6,0,0,8,0,8,0,0,14,0,14,4,0,4,18
07/15/2015,TZR,OH,AGL,CE,Federal Contract Tower,0,0,8,0,8,0,0,27,0,27,0,0,35,0,35,42,0,42,77
07/16/2015,TZR,OH,AGL,CE,Federal Contract Tower,0,0,9,0,9,0,0,83,0,83,0,0,92,0,92,94,0,94,186
07/17/2015,TZR,OH,AGL,CE,Federal Contract Tower,0,0,13,0,13,0,0,29,0,29,0,0,42,0,42,4,0,4,46
07/18/2015,TZR,OH,AGL,CE,Federal Contract Tower,0,0,5,0,5,0,0,33,0,33,0,0,38,0,38,6,0,6,44
07/19/2015,TZR,OH,AGL,CE,Federal Contract Tower,0,0,5,0,5,0,0,14,0,14,0,0,19,0,19,0,0,0,19
07/20/2015,TZR,OH,AGL,CE,Federal Contract Tower,0,0,2,0,2,0,0,21,0,21,0,0,23,0,23,16,0,16,39
07/21/2015,TZR,OH,AGL,CE,Federal Contract Tower,0,0,8,0,8,0,0,22,0,22,0,0,30,0,30,60,0,60,90
07/22/2015,TZR,OH,AGL,CE,Federal Contract Tower,0,0,6,0,6,0,0,49,0,49,0,0,55,0,55,34,0,34,89
07/23/2015,TZR,OH,AGL,CE,Federal Contract Tower,0,0,2,0,2,0,0,49,0,49,0,0,51,0,51,30,0,30,81
07/24/2015,TZR,OH,AGL,CE,Federal Contract Tower,0,0,8,0,8,0,0,47,0,47,0,0,55,0,55,54,0,54,109
07/25/2015,TZR,OH,AGL,CE,Federal Contract Tower,0,0,7,0,7,0,4,58,0,62,0,4,65,0,69,38,0,38,107
07/26/2015,TZR,OH,AGL,CE,Federal Contract Tower,0,0,1,0,1,0,0,13,0,13,0,0,14,0,14,4,0,4,18
07/27/2015,TZR,OH,AGL,CE,Federal Contract Tower,0,0,4,0,4,0,0,23,0,23,0,0,27,0,27,42,0,42,69
07/28/2015,TZR,OH,AGL,CE,Federal Contract Tower,0,0,3,0,3,0,0,33,0,33,0,0,36,0,36,34,0,34,70
07/29/2015,TZR,OH,AGL,CE,Federal Contract Tower,0,0,1,0,1,0,0,24,0,24,0,0,25,0,25,28,0,28,53
07/30/2015,TZR,OH,AGL,CE,Federal Contract Tower,0,0,6,0,6,0,0,40,0,40,0,0,46,0,46,40,0,40,86
07/31/2015,TZR,OH,AGL,CE,Federal Contract Tower,0,0,7,0,7,0,0,51,0,51,0,0,58,0,58,8,0,8,66
08/01/2015,TZR,OH,AGL,CE,Federal Contract Tower,0,0,3,0,3,0,0,47,0,47,0,0,50,0,50,2,0,2,52
08/02/2015,TZR,OH,AGL,CE,Federal Contract Tower,0,0,1,0,1,0,0,47,0,47,0,0,48,0,48,50,0,50,98
08/03/2015,TZR,OH,AGL,CE,Federal Contract Tower,0,0,6,0,6,0,0,34,0,34,0,0,40,0,40,62,0,62,102
08/04/2015,TZR,OH,AGL,CE,Federal Contract Tower,0,0,0,4,4,0,0,66,0,66,0,0,66,4,70,98,0,98,168
08/05/2015,TZR,OH,AGL,CE,Federal Contract Tower,0,2,3,0,5,0,0,39,0,39,0,2,42,0,44,84,0,84,128
08/06/2015,TZR,OH,AGL,CE,Federal Contract Tower,0,0,5,0,5,0,0,16,0,16,0,0,21,0,21,26,0,26,47
08/07/2015,TZR,OH,AGL,CE,Federal Contract Tower,0,0,3,0,3,0,0,30,0,30,0,0,33,0,33,4,0,4,37
08/08/2015,TZR,OH,AGL,CE,Federal Contract Tower,0,0,7,0,7,0,0,61,0,61,0,0,68,0,68,46,0,46,114
08/09/2015,TZR,OH,AGL,CE,Federal Contract Tower,0,0,7,0,7,0,0,53,0,53,0,0,60,0,60,80,0,80,140
08/10/2015,TZR,OH,AGL,CE,Federal Contract Tower,0,0,3,0,3,0,0,21,0,21,0,0,24,0,24,32,0,32,56
08/11/2015,TZR,OH,AGL,CE,Federal Contract Tower,0,0,0,0,0,0,0,18,0,18,0,0,18,0,18,68,0,68,86
08/12/2015,TZR,OH,AGL,CE,Federal Contract Tower,0,0,7,0,7,0,0,49,0,49,0,0,56,0,56,46,0,46,102
08/13/2015,TZR,OH,AGL,CE,Federal Contract Tower,0,0,11,0,11,0,0,38,0,38,0,0,49,0,49,26,0,26,75
08/14/2015,TZR,OH,AGL,CE,Federal Contract Tower,0,0,3,0,3,0,0,51,0,51,0,0,54,0,54,74,0,74,128
08/15/2015,TZR,OH,AGL,CE,Federal Contract Tower,0,0,2,0,2,0,0,31,0,31,0,0,33,0,33,60,0,60,93
08/16/2015,TZR,OH,AGL,CE,Federal Contract Tower,0,0,4,0,4,0,0,34,0,34,0,0,38,0,38,16,0,16,54
08/17/2015,TZR,OH,AGL,CE,Federal Contract Tower,0,0,4,0,4,0,0,20,0,20,0,0,24,0,24,12,0,12,36
08/18/2015,TZR,OH,AGL,CE,Federal Contract Tower,0,0,6,0,6,0,0,23,0,23,0,0,29,0,29,24,0,24,53
08/19/2015,TZR,OH,AGL,CE,Federal Contract Tower,0,0,2,0,2,0,0,12,0,12,0,0,14,0,14,24,0,24,38
08/20/2015,TZR,OH,AGL,CE,Federal Contract Tower,0,0,0,1,1,0,0,28,1,29,0,0,28,2,30,16,0,16,46
08/21/2015,TZR,OH,AGL,CE,Federal Contract Tower,0,0,3,0,3,0,0,31,0,31,0,0,34,0,34,20,0,20,54
08/22/2015,TZR,OH,AGL,CE,Federal Contract Tower,0,0,2,0,2,0,0,84,0,84,0,0,86,0,86,36,0,36,122
08/23/2015,TZR,OH,AGL,CE,Federal Contract Tower,0,0,2,0,2,0,0,47,0,47,0,0,49,0,49,42,0,42,91
08/24/2015,TZR,OH,AGL,CE,Federal Contract Tower,0,0,3,0,3,0,0,37,0,37,0,0,40,0,40,74,0,74,114
08/25/2015,TZR,OH,AGL,CE,Federal Contract Tower,0,0,7,0,7,0,0,27,0,27,0,0,34,0,34,34,0,34,68
08/26/2015,TZR,OH,AGL,CE,Federal Contract Tower,0,0,10,0,10,0,0,28,0,28,0,0,38,0,38,46,0,46,84
08/27/2015,TZR,OH,AGL,CE,Federal Contract Tower,0,0,10,0,10,0,0,37,2,39,0,0,47,2,49,54,2,56,105
08/28/2015,TZR,OH,AGL,CE,Federal Contract Tower,0,0,14,0,14,0,0,59,0,59,0,0,73,0,73,44,0,44,117
08/29/2015,TZR,OH,AGL,CE,Federal Contract Tower,0,0,5,0,5,0,0,59,0,59,0,0,64,0,64,34,0,34,98
08/30/2015,TZR,OH,AGL,CE,Federal Contract Tower,0,0,4,0,4,0,0,27,0,27,0,0,31,0,31,36,0,36,67
08/31/2015,TZR,OH,AGL,CE,Federal Contract Tower,0,0,1,0,1,0,0,13,0,13,0,0,14,0,14,8,0,8,22
09/01/2015,TZR,OH,AGL,CE,Federal Contract Tower,0,0,2,0,2,0,0,25,4,29,0,0,27,4,31,30,2,32,63
09/02/2015,TZR,OH,AGL,CE,Federal Contract Tower,0,0,4,0,4,0,0,10,0,10,0,0,14,0,14,8,0,8,22
09/03/2015,TZR,OH,AGL,CE,Federal Contract Tower,0,0,3,0,3,0,0,50,0,50,0,0,53,0,53,34,0,34,87
09/04/2015,TZR,OH,AGL,CE,Federal Contract Tower,0,0,4,0,4,0,0,9,0,9,0,0,13,0,13,0,0,0,13
09/05/2015,TZR,OH,AGL,CE,Federal Contract Tower,0,0,1,0,1,0,0,28,0,28,0,0,29,0,29,40,0,40,69
09/06/2015,TZR,OH,AGL,CE,Federal Contract Tower,0,0,0,0,0,0,0,41,0,41,0,0,41,0,41,54,0,54,95
09/07/2015,TZR,OH,AGL,CE,Federal Contract Tower,0,0,5,0,5,0,0,54,0,54,0,0,59,0,59,46,0,46,105
09/08/2015,TZR,OH,AGL,CE,Federal Contract Tower,0,0,9,0,9,0,0,8,0,8,0,0,17,0,17,0,0,0,17
09/09/2015,TZR,OH,AGL,CE,Federal Contract Tower,0,0,5,0,5,0,0,24,0,24,0,0,29,0,29,44,0,44,73
09/10/2015,TZR,OH,AGL,CE,Federal Contract Tower,0,0,3,0,3,0,0,23,0,23,0,0,26,0,26,18,0,18,44
09/11/2015,TZR,OH,AGL,CE,Federal Contract Tower,0,0,12,0,12,0,0,20,0,20,0,0,32,0,32,26,0,26,58
09/12/2015,TZR,OH,AGL,CE,Federal Contract Tower,0,0,10,0,10,0,0,31,0,31,0,0,41,0,41,2,0,2,43
09/13/2015,TZR,OH,AGL,CE,Federal Contract Tower,0,0,12,0,12,0,0,21,0,21,0,0,33,0,33,20,0,20,53
09/14/2015,TZR,OH,AGL,CE,Federal Contract Tower,0,0,0,0,0,0,0,36,0,36,0,0,36,0,36,96,0,96,132
09/15/2015,TZR,OH,AGL,CE,Federal Contract Tower,0,0,3,0,3,0,0,40,2,42,0,0,43,2,45,60,8,68,113
09/16/2015,TZR,OH,AGL,CE,Federal Contract Tower,0,0,1,0,1,0,0,37,0,37,0,0,38,0,38,82,0,82,120
09/17/2015,TZR,OH,AGL,CE,Federal Contract Tower,0,1,2,0,3,0,0,30,0,30,0,1,32,0,33,72,0,72,105
09/18/2015,TZR,OH,AGL,CE,Federal Contract Tower,0,0,8,0,8,0,0,38,0,38,0,0,46,0,46,34,0,34,80
09/19/2015,TZR,OH,AGL,CE,Federal Contract Tower,0,0,3,0,3,0,0,19,0,19,0,0,22,0,22,16,0,16,38
09/20/2015,TZR,OH,AGL,CE,Federal Contract Tower,0,0,5,0,5,0,0,67,0,67,0,0,72,0,72,34,0,34,106
09/21/2015,TZR,OH,AGL,CE,Federal Contract Tower,0,0,5,0,5,0,0,37,0,37,0,0,42,0,42,50,0,50,92
09/22/2015,TZR,OH,AGL,CE,Federal Contract Tower,0,0,8,0,8,0,0,37,0,37,0,0,45,0,45,62,0,62,107
09/23/2015,TZR,OH,AGL,CE,Federal Contract Tower,0,0,12,0,12,0,0,35,0,35,0,0,47,0,47,46,0,46,93
09/24/2015,TZR,OH,AGL,CE,Federal Contract Tower,0,0,6,0,6,0,0,31,0,31,0,0,37,0,37,20,0,20,57
09/25/2015,TZR,OH,AGL,CE,Federal Contract Tower,0,0,2,0,2,0,0,27,0,27,0,0,29,0,29,42,0,42,71
09/26/2015,TZR,OH,AGL,CE,Federal Contract Tower,0,0,0,0,0,0,0,35,0,35,0,0,35,0,35,74,0,74,109
09/27/2015,TZR,OH,AGL,CE,Federal Contract Tower,0,0,3,0,3,0,0,21,0,21,0,0,24,0,24,22,0,22,46
09/28/2015,TZR,OH,AGL,CE,Federal Contract Tower,0,0,3,0,3,0,0,14,0,14,0,0,17,0,17,44,0,44,61
09/29/2015,TZR,OH,AGL,CE,Federal Contract Tower,0,0,11,0,11,0,0,0,0,0,0,0,11,0,11,0,0,0,11
09/30/2015,TZR,OH,AGL,CE,Federal Contract Tower,0,0,1,0,1,0,0,20,0,20,0,0,21,0,21,38,0,38,59
10/01/2015,TZR,OH,AGL,CE,Federal Contract Tower,0,0,3,0,3,0,0,20,0,20,0,0,23,0,23,92,0,92,115
10/02/2015,TZR,OH,AGL,CE,Federal Contract Tower,0,0,5,0,5,0,0,12,0,12,0,0,17,0,17,6,0,6,23
10/03/2015,TZR,OH,AGL,CE,Federal Contract Tower,0,0,8,0,8,0,0,0,0,0,0,0,8,0,8,0,0,0,8
10/04/2015,TZR,OH,AGL,CE,Federal Contract Tower,0,0,10,0,10,0,0,22,0,22,0,0,32,0,32,12,0,12,44
10/05/2015,TZR,OH,AGL,CE,Federal Contract Tower,0,0,2,0,2,0,0,28,0,28,0,0,30,0,30,90,0,90,120
10/06/2015,TZR,OH,AGL,CE,Federal Contract Tower,0,0,4,0,4,0,0,49,0,49,0,0,53,0,53,180,0,180,233
10/07/2015,TZR,OH,AGL,CE,Federal Contract Tower,0,0,3,0,3,0,0,52,0,52,0,0,55,0,55,164,0,164,219
10/08/2015,TZR,OH,AGL,CE,Federal Contract Tower,0,0,1,0,1,0,0,34,0,34,0,0,35,0,35,232,0,232,267
10/09/2015,TZR,OH,AGL,CE,Federal Contract Tower,0,0,0,0,0,0,0,6,0,6,0,0,6,0,6,16,0,16,22
10/10/2015,TZR,OH,AGL,CE,Federal Contract Tower,0,0,3,0,3,0,0,43,0,43,0,0,46,0,46,52,0,52,98
10/11/2015,TZR,OH,AGL,CE,Federal Contract Tower,0,0,2,0,2,0,0,55,0,55,0,0,57,0,57,72,0,72,129
10/12/2015,TZR,OH,AGL,CE,Federal Contract Tower,0,0,5,0,5,0,0,15,0,15,0,0,20,0,20,6,0,6,26
10/13/2015,TZR,OH,AGL,CE,Federal Contract Tower,0,0,5,0,5,0,0,15,0,15,0,0,20,0,20,12,0,12,32
10/14/2015,TZR,OH,AGL,CE,Federal Contract Tower,0,0,4,0,4,0,0,18,0,18,0,0,22,0,22,10,0,10,32
10/15/2015,TZR,OH,AGL,CE,Federal Contract Tower,0,0,10,0,10,0,0,81,0,81,0,0,91,0,91,110,0,110,201
10/16/2015,TZR,OH,AGL,CE,Federal Contract Tower,0,0,3,0,3,0,0,23,0,23,0,0,26,0,26,6,0,6,32
10/17/2015,TZR,OH,AGL,CE,Federal Contract Tower,0,0,1,0,1,0,0,25,0,25,0,0,26,0,26,20,0,20,46
10/18/2015,TZR,OH,AGL,CE,Federal Contract Tower,0,0,1,0,1,0,0,21,0,21,0,0,22,0,22,16,0,16,38
10/19/2015,TZR,OH,AGL,CE,Federal Contract Tower,0,0,0,0,0,0,0,34,0,34,0,0,34,0,34,34,0,34,68
10/20/2015,TZR,OH,AGL,CE,Federal Contract Tower,0,0,3,0,3,0,0,38,0,38,0,0,41,0,41,50,0,50,91
10/21/2015,TZR,OH,AGL,CE,Federal Contract Tower,0,0,6,0,6,0,0,41,0,41,0,0,47,0,47,90,0,90,137
10/22/2015,TZR,OH,AGL,CE,Federal Contract Tower,0,0,7,0,7,0,0,44,0,44,0,0,51,0,51,34,0,34,85
10/23/2015,TZR,OH,AGL,CE,Federal Contract Tower,0,0,9,0,9,0,0,27,0,27,0,0,36,0,36,60,0,60,96
10/24/2015,TZR,OH,AGL,CE,Federal Contract Tower,0,0,4,0,4,0,0,0,0,0,0,0,4,0,4,0,0,0,4
10/25/2015,TZR,OH,AGL,CE,Federal Contract Tower,0,0,13,0,13,0,0,46,0,46,0,0,59,0,59,44,0,44,103
10/26/2015,TZR,OH,AGL,CE,Federal Contract Tower,0,0,2,0,2,0,0,31,0,31,0,0,33,0,33,42,0,42,75
10/27/2015,TZR,OH,AGL,CE,Federal Contract Tower,0,0,6,0,6,0,0,12,0,12,0,0,18,0,18,24,0,24,42
10/28/2015,TZR,OH,AGL,CE,Federal Contract Tower,0,0,11,0,11,0,0,0,0,0,0,0,11,0,11,0,0,0,11
10/29/2015,TZR,OH,AGL,CE,Federal Contract Tower,0,0,2,0,2,0,0,10,0,10,0,0,12,0,12,14,0,14,26
10/30/2015,TZR,OH,AGL,CE,Federal Contract Tower,0,0,2,0,2,0,2,17,0,19,0,2,19,0,21,32,0,32,53
10/31/2015,TZR,OH,AGL,CE,Federal Contract Tower,0,0,1,0,1,0,0,62,0,62,0,0,63,0,63,50,0,50,113
11/01/2015,TZR,OH,AGL,CE,Federal Contract Tower,0,0,4,0,4,0,0,32,0,32,0,0,36,0,36,10,0,10,46
11/02/2015,TZR,OH,AGL,CE,Federal Contract Tower,0,0,5,0,5,0,0,37,0,37,0,0,42,0,42,56,0,56,98
11/03/2015,TZR,OH,AGL,CE,Federal Contract Tower,0,0,18,0,18,0,0,32,0,32,0,0,50,0,50,34,0,34,84
11/04/2015,TZR,OH,AGL,CE,Federal Contract Tower,0,0,7,0,7,0,0,21,0,21,0,0,28,0,28,28,0,28,56
11/05/2015,TZR,OH,AGL,CE,Federal Contract Tower,0,2,8,0,10,0,0,32,0,32,0,2,40,0,42,44,0,44,86
11/06/2015,TZR,OH,AGL,CE,Federal Contract Tower,0,2,4,0,6,0,0,13,0,13,0,2,17,0,19,34,0,34,53
11/07/2015,TZR,OH,AGL,CE,Federal Contract Tower,0,0,6,0,6,0,0,31,0,31,0,0,37,0,37,22,0,22,59
11/08/2015,TZR,OH,AGL,CE,Federal Contract Tower,0,0,12,0,12,0,0,44,0,44,0,0,56,0,56,4,0,4,60
11/09/2015,TZR,OH,AGL,CE,Federal Contract Tower,0,0,4,0,4,0,0,30,0,30,0,0,34,0,34,36,0,36,70
11/10/2015,TZR,OH,AGL,CE,Federal Contract Tower,0,0,7,0,7,0,0,4,0,4,0,0,11,0,11,0,0,0,11
11/11/2015,TZR,OH,AGL,CE,Federal Contract Tower,0,0,6,0,6,0,0,33,0,33,0,0,39,0,39,34,0,34,73
11/12/2015,TZR,OH,AGL,CE,Federal Contract Tower,0,0,0,0,0,0,0,0,0,0,0,0,0,0,0,0,0,0,0
11/13/2015,TZR,OH,AGL,CE,Federal Contract Tower,0,0,1,0,1,0,0,4,0,4,0,0,5,0,5,2,0,2,7
11/14/2015,TZR,OH,AGL,CE,Federal Contract Tower,0,0,1,0,1,0,0,34,0,34,0,0,35,0,35,16,0,16,51
11/15/2015,TZR,OH,AGL,CE,Federal Contract Tower,0,0,11,0,11,0,2,95,0,97,0,2,106,0,108,72,0,72,180
11/16/2015,TZR,OH,AGL,CE,Federal Contract Tower,0,0,6,0,6,0,0,20,0,20,0,0,26,0,26,48,0,48,74
11/17/2015,TZR,OH,AGL,CE,Federal Contract Tower,0,0,3,0,3,0,0,23,0,23,0,0,26,0,26,52,0,52,78
11/18/2015,TZR,OH,AGL,CE,Federal Contract Tower,0,0,3,0,3,0,0,9,0,9,0,0,12,0,12,12,0,12,24
11/19/2015,TZR,OH,AGL,CE,Federal Contract Tower,0,0,3,0,3,0,0,19,0,19,0,0,22,0,22,14,0,14,36
11/20/2015,TZR,OH,AGL,CE,Federal Contract Tower,0,0,2,0,2,0,0,51,0,51,0,0,53,0,53,12,0,12,65
11/21/2015,TZR,OH,AGL,CE,Federal Contract Tower,0,0,15,0,15,0,0,19,0,19,0,0,34,0,34,6,0,6,40
11/22/2015,TZR,OH,AGL,CE,Federal Contract Tower,0,0,3,0,3,0,0,28,0,28,0,0,31,0,31,70,0,70,101
11/23/2015,TZR,OH,AGL,CE,Federal Contract Tower,0,0,4,0,4,0,0,16,0,16,0,0,20,0,20,40,0,40,60
11/24/2015,TZR,OH,AGL,CE,Federal Contract Tower,0,2,9,0,11,0,0,23,0,23,0,2,32,0,34,12,0,12,46
11/25/2015,TZR,OH,AGL,CE,Federal Contract Tower,0,0,4,0,4,0,0,62,0,62,0,0,66,0,66,36,0,36,102
11/26/2015,TZR,OH,AGL,CE,Federal Contract Tower,0,0,4,0,4,0,0,11,0,11,0,0,15,0,15,0,0,0,15
11/27/2015,TZR,OH,AGL,CE,Federal Contract Tower,0,0,8,0,8,0,0,17,0,17,0,0,25,0,25,16,0,16,41
11/28/2015,TZR,OH,AGL,CE,Federal Contract Tower,0,0,4,0,4,0,0,0,0,0,0,0,4,0,4,0,0,0,4
11/29/2015,TZR,OH,AGL,CE,Federal Contract Tower,0,0,3,0,3,0,0,24,0,24,0,0,27,0,27,48,0,48,75
11/30/2015,TZR,OH,AGL,CE,Federal Contract Tower,0,0,7,0,7,0,0,2,0,2,0,0,9,0,9,6,0,6,15
12/01/2015,TZR,OH,AGL,CE,Federal Contract Tower,0,0,7,0,7,0,0,6,0,6,0,0,13,0,13,12,0,12,25
12/02/2015,TZR,OH,AGL,CE,Federal Contract Tower,0,0,7,0,7,0,0,21,0,21,0,0,28,0,28,6,0,6,34
12/03/2015,TZR,OH,AGL,CE,Federal Contract Tower,0,0,6,0,6,0,0,5,0,5,0,0,11,0,11,8,0,8,19
12/04/2015,TZR,OH,AGL,CE,Federal Contract Tower,0,0,4,0,4,0,0,1,0,1,0,0,5,0,5,0,0,0,5
12/05/2015,TZR,OH,AGL,CE,Federal Contract Tower,0,0,10,0,10,0,0,30,0,30,0,0,40,0,40,0,0,0,40
12/06/2015,TZR,OH,AGL,CE,Federal Contract Tower,0,2,7,0,9,0,0,47,0,47,0,2,54,0,56,18,0,18,74
12/07/2015,TZR,OH,AGL,CE,Federal Contract Tower,0,0,1,0,1,0,0,42,0,42,0,0,43,0,43,42,0,42,85
12/08/2015,TZR,OH,AGL,CE,Federal Contract Tower,0,0,5,0,5,0,0,22,0,22,0,0,27,0,27,42,0,42,69
12/09/2015,TZR,OH,AGL,CE,Federal Contract Tower,0,3,10,0,13,0,0,21,0,21,0,3,31,0,34,4,0,4,38
12/10/2015,TZR,OH,AGL,CE,Federal Contract Tower,0,0,3,0,3,0,0,12,0,12,0,0,15,0,15,20,0,20,35
12/11/2015,TZR,OH,AGL,CE,Federal Contract Tower,0,0,5,0,5,0,0,20,0,20,0,0,25,0,25,26,0,26,51
12/12/2015,TZR,OH,AGL,CE,Federal Contract Tower,0,0,0,0,0,0,0,56,0,56,0,0,56,0,56,100,0,100,156
12/13/2015,TZR,OH,AGL,CE,Federal Contract Tower,0,0,4,0,4,0,0,37,0,37,0,0,41,0,41,40,0,40,81
12/14/2015,TZR,OH,AGL,CE,Federal Contract Tower,0,0,4,0,4,0,0,1,0,1,0,0,5,0,5,0,0,0,5
12/15/2015,TZR,OH,AGL,CE,Federal Contract Tower,0,0,8,0,8,0,0,4,0,4,0,0,12,0,12,10,0,10,22
12/16/2015,TZR,OH,AGL,CE,Federal Contract Tower,0,0,8,0,8,0,0,56,0,56,0,0,64,0,64,40,0,40,104
12/17/2015,TZR,OH,AGL,CE,Federal Contract Tower,0,0,6,0,6,0,0,11,2,13,0,0,17,2,19,10,0,10,29
12/18/2015,TZR,OH,AGL,CE,Federal Contract Tower,0,0,6,0,6,0,0,3,0,3,0,0,9,0,9,2,0,2,11
12/19/2015,TZR,OH,AGL,CE,Federal Contract Tower,0,0,2,0,2,0,0,18,0,18,0,0,20,0,20,10,0,10,30
12/20/2015,TZR,OH,AGL,CE,Federal Contract Tower,0,0,3,0,3,0,0,26,0,26,0,0,29,0,29,66,0,66,95
12/21/2015,TZR,OH,AGL,CE,Federal Contract Tower,0,0,11,0,11,0,0,0,0,0,0,0,11,0,11,0,0,0,11
12/22/2015,TZR,OH,AGL,CE,Federal Contract Tower,0,0,5,0,5,0,0,25,0,25,0,0,30,0,30,32,0,32,62
12/23/2015,TZR,OH,AGL,CE,Federal Contract Tower,0,0,3,0,3,0,0,11,0,11,0,0,14,0,14,18,0,18,32
12/24/2015,TZR,OH,AGL,CE,Federal Contract Tower,0,0,6,0,6,0,0,29,0,29,0,0,35,0,35,40,0,40,75
12/25/2015,TZR,OH,AGL,CE,Federal Contract Tower,0,0,0,0,0,0,0,12,0,12,0,0,12,0,12,20,0,20,32
12/26/2015,TZR,OH,AGL,CE,Federal Contract Tower,0,0,12,0,12,0,0,0,0,0,0,0,12,0,12,0,0,0,12
12/27/2015,TZR,OH,AGL,CE,Federal Contract Tower,0,0,3,0,3,0,0,0,0,0,0,0,3,0,3,0,0,0,3
12/28/2015,TZR,OH,AGL,CE,Federal Contract Tower,0,0,2,0,2,0,0,0,0,0,0,0,2,0,2,0,0,0,2
12/29/2015,TZR,OH,AGL,CE,Federal Contract Tower,0,0,5,0,5,0,0,10,0,10,0,0,15,0,15,12,0,12,27
12/30/2015,TZR,OH,AGL,CE,Federal Contract Tower,0,0,2,0,2,0,0,9,0,9,0,0,11,0,11,16,0,16,27
12/31/2015,TZR,OH,AGL,CE,Federal Contract Tower,0,0,1,0,1,0,0,4,0,4,0,0,5,0,5,10,0,10,15
01/01/2016,TZR,OH,AGL,CE,Federal Contract Tower,0,0,0,0,0,0,0,7,0,7,0,0,7,0,7,36,0,36,43
01/02/2016,TZR,OH,AGL,CE,Federal Contract Tower,0,0,4,0,4,0,0,59,0,59,0,0,63,0,63,70,0,70,133
01/03/2016,TZR,OH,AGL,CE,Federal Contract Tower,0,0,2,0,2,0,0,8,0,8,0,0,10,0,10,40,0,40,50
01/04/2016,TZR,OH,AGL,CE,Federal Contract Tower,0,0,0,0,0,0,0,6,0,6,0,0,6,0,6,14,0,14,20
01/05/2016,TZR,OH,AGL,CE,Federal Contract Tower,0,0,11,0,11,0,0,28,0,28,0,0,39,0,39,30,0,30,69
01/06/2016,TZR,OH,AGL,CE,Federal Contract Tower,0,0,4,0,4,0,0,30,0,30,0,0,34,0,34,36,0,36,70
01/07/2016,TZR,OH,AGL,CE,Federal Contract Tower,0,0,5,2,7,0,0,60,0,60,0,0,65,2,67,46,0,46,113
01/08/2016,TZR,OH,AGL,CE,Federal Contract Tower,0,0,1,0,1,0,0,2,0,2,0,0,3,0,3,0,0,0,3
01/09/2016,TZR,OH,AGL,CE,Federal Contract Tower,0,0,9,0,9,0,0,1,0,1,0,0,10,0,10,0,0,0,10
01/10/2016,TZR,OH,AGL,CE,Federal Contract Tower,0,0,0,0,0,0,0,0,0,0,0,0,0,0,0,0,0,0,0
01/11/2016,TZR,OH,AGL,CE,Federal Contract Tower,0,0,2,0,2,0,0,12,0,12,0,0,14,0,14,34,0,34,48
01/12/2016,TZR,OH,AGL,CE,Federal Contract Tower,0,0,6,0,6,0,0,0,0,0,0,0,6,0,6,0,0,0,6
01/13/2016,TZR,OH,AGL,CE,Federal Contract Tower,0,0,1,0,1,0,0,4,0,4,0,0,5,0,5,24,0,24,29
01/14/2016,TZR,OH,AGL,CE,Federal Contract Tower,0,0,6,0,6,0,0,26,0,26,0,0,32,0,32,20,0,20,52
01/15/2016,TZR,OH,AGL,CE,Federal Contract Tower,0,0,7,0,7,0,0,17,0,17,0,0,24,0,24,4,0,4,28
01/16/2016,TZR,OH,AGL,CE,Federal Contract Tower,0,0,0,0,0,0,0,0,0,0,0,0,0,0,0,0,0,0,0
01/17/2016,TZR,OH,AGL,CE,Federal Contract Tower,0,0,1,0,1,0,0,3,0,3,0,0,4,0,4,8,0,8,12
01/18/2016,TZR,OH,AGL,CE,Federal Contract Tower,0,0,3,0,3,0,0,9,0,9,0,0,12,0,12,0,0,0,12
01/19/2016,TZR,OH,AGL,CE,Federal Contract Tower,0,0,5,0,5,0,0,14,0,14,0,0,19,0,19,30,0,30,49
01/20/2016,TZR,OH,AGL,CE,Federal Contract Tower,0,0,2,0,2,0,0,4,0,4,0,0,6,0,6,0,0,0,6
01/21/2016,TZR,OH,AGL,CE,Federal Contract Tower,0,0,3,0,3,0,0,18,0,18,0,0,21,0,21,32,0,32,53
01/22/2016,TZR,OH,AGL,CE,Federal Contract Tower,0,0,7,0,7,0,0,11,0,11,0,0,18,0,18,2,0,2,20
01/23/2016,TZR,OH,AGL,CE,Federal Contract Tower,0,0,2,0,2,0,0,4,0,4,0,0,6,0,6,0,0,0,6
01/24/2016,TZR,OH,AGL,CE,Federal Contract Tower,0,0,4,0,4,0,0,44,0,44,0,0,48,0,48,48,0,48,96
01/25/2016,TZR,OH,AGL,CE,Federal Contract Tower,0,0,5,0,5,0,0,20,0,20,0,0,25,0,25,64,0,64,89
01/26/2016,TZR,OH,AGL,CE,Federal Contract Tower,0,0,5,0,5,0,0,6,0,6,0,0,11,0,11,0,0,0,11
01/27/2016,TZR,OH,AGL,CE,Federal Contract Tower,0,0,3,0,3,0,0,33,0,33,0,0,36,0,36,30,0,30,66
01/28/2016,TZR,OH,AGL,CE,Federal Contract Tower,0,0,2,0,2,0,0,19,0,19,0,0,21,0,21,60,0,60,81
01/29/2016,TZR,OH,AGL,CE,Federal Contract Tower,0,0,4,0,4,0,0,21,0,21,0,0,25,0,25,34,0,34,59
01/30/2016,TZR,OH,AGL,CE,Federal Contract Tower,0,0,0,0,0,0,0,42,0,42,0,0,42,0,42,40,0,40,82
01/31/2016,TZR,OH,AGL,CE,Federal Contract Tower,0,0,1,0,1,0,0,10,0,10,0,0,11,0,11,60,0,60,71
02/01/2016,TZR,OH,AGL,CE,Federal Contract Tower,0,0,6,0,6,0,0,13,0,13,0,0,19,0,19,40,0,40,59
02/02/2016,TZR,OH,AGL,CE,Federal Contract Tower,0,0,6,0,6,0,0,4,0,4,0,0,10,0,10,0,0,0,10
02/03/2016,TZR,OH,AGL,CE,Federal Contract Tower,0,0,1,0,1,0,0,6,0,6,0,0,7,0,7,4,0,4,11
02/04/2016,TZR,OH,AGL,CE,Federal Contract Tower,0,0,3,0,3,0,0,1,0,1,0,0,4,0,4,0,0,0,4
02/05/2016,TZR,OH,AGL,CE,Federal Contract Tower,0,0,2,0,2,0,0,60,0,60,0,0,62,0,62,84,0,84,146
02/06/2016,TZR,OH,AGL,CE,Federal Contract Tower,0,0,4,0,4,0,0,66,0,66,0,0,70,0,70,56,0,56,126
02/07/2016,TZR,OH,AGL,CE,Federal Contract Tower,0,2,0,0,2,0,0,43,0,43,0,2,43,0,45,66,0,66,111
02/08/2016,TZR,OH,AGL,CE,Federal Contract Tower,0,0,0,0,0,0,0,2,0,2,0,0,2,0,2,0,0,0,2
02/09/2016,TZR,OH,AGL,CE,Federal Contract Tower,0,0,2,0,2,0,0,2,0,2,0,0,4,0,4,0,0,0,4
02/10/2016,TZR,OH,AGL,CE,Federal Contract Tower,0,0,4,0,4,0,0,0,0,0,0,0,4,0,4,0,0,0,4
02/11/2016,TZR,OH,AGL,CE,Federal Contract Tower,0,0,5,0,5,0,0,25,0,25,0,0,30,0,30,24,0,24,54
02/12/2016,TZR,OH,AGL,CE,Federal Contract Tower,0,0,3,0,3,0,0,9,0,9,0,0,12,0,12,26,0,26,38
02/13/2016,TZR,OH,AGL,CE,Federal Contract Tower,0,0,1,0,1,0,0,8,0,8,0,0,9,0,9,0,0,0,9
02/14/2016,TZR,OH,AGL,CE,Federal Contract Tower,0,0,0,0,0,0,0,7,0,7,0,0,7,0,7,0,0,0,7
02/15/2016,TZR,OH,AGL,CE,Federal Contract Tower,0,0,1,0,1,0,0,0,0,0,0,0,1,0,1,0,0,0,1
02/16/2016,TZR,OH,AGL,CE,Federal Contract Tower,0,0,5,0,5,0,0,6,0,6,0,0,11,0,11,0,0,0,11
02/17/2016,TZR,OH,AGL,CE,Federal Contract Tower,0,2,7,0,9,0,0,10,0,10,0,2,17,0,19,24,0,24,43
02/18/2016,TZR,OH,AGL,CE,Federal Contract Tower,0,2,0,0,2,0,0,33,0,33,0,2,33,0,35,38,0,38,73
02/19/2016,TZR,OH,AGL,CE,Federal Contract Tower,0,0,5,0,5,0,0,10,0,10,0,0,15,0,15,0,0,0,15
02/20/2016,TZR,OH,AGL,CE,Federal Contract Tower,0,0,0,0,0,0,0,32,0,32,0,0,32,0,32,38,0,38,70
02/21/2016,TZR,OH,AGL,CE,Federal Contract Tower,0,0,8,0,8,0,0,28,0,28,0,0,36,0,36,46,0,46,82
02/22/2016,TZR,OH,AGL,CE,Federal Contract Tower,0,0,2,0,2,0,0,28,0,28,0,0,30,0,30,56,0,56,86
02/23/2016,TZR,OH,AGL,CE,Federal Contract Tower,0,0,4,0,4,0,0,45,0,45,0,0,49,0,49,76,0,76,125
02/24/2016,TZR,OH,AGL,CE,Federal Contract Tower,0,0,6,0,6,0,0,9,0,9,0,0,15,0,15,20,0,20,35
02/25/2016,TZR,OH,AGL,CE,Federal Contract Tower,0,0,0,0,0,0,0,0,0,0,0,0,0,0,0,0,0,0,0
02/26/2016,TZR,OH,AGL,CE,Federal Contract Tower,0,0,3,0,3,0,0,15,0,15,0,0,18,0,18,8,0,8,26
02/27/2016,TZR,OH,AGL,CE,Federal Contract Tower,0,0,9,0,9,0,0,48,0,48,0,0,57,0,57,16,0,16,73
02/28/2016,TZR,OH,AGL,CE,Federal Contract Tower,0,0,1,0,1,0,0,23,0,23,0,0,24,0,24,48,0,48,72
02/29/2016,TZR,OH,AGL,CE,Federal Contract Tower,0,0,0,0,0,0,0,18,0,18,0,0,18,0,18,26,0,26,44
03/01/2016,TZR,OH,AGL,CE,Federal Contract Tower,0,0,2,0,2,0,0,8,0,8,0,0,10,0,10,6,0,6,16
03/02/2016,TZR,OH,AGL,CE,Federal Contract Tower,0,0,5,0,5,0,0,18,0,18,0,0,23,0,23,32,0,32,55
03/03/2016,TZR,OH,AGL,CE,Federal Contract Tower,0,0,4,0,4,0,0,0,0,0,0,0,4,0,4,0,0,0,4
03/04/2016,TZR,OH,AGL,CE,Federal Contract Tower,0,0,1,0,1,0,0,12,0,12,0,0,13,0,13,10,0,10,23
03/05/2016,TZR,OH,AGL,CE,Federal Contract Tower,0,0,6,0,6,0,0,6,0,6,0,0,12,0,12,46,0,46,58
03/06/2016,TZR,OH,AGL,CE,Federal Contract Tower,0,0,7,0,7,0,0,24,0,24,0,0,31,0,31,100,0,100,131
03/07/2016,TZR,OH,AGL,CE,Federal Contract Tower,0,0,5,0,5,0,0,19,0,19,0,0,24,0,24,36,0,36,60
03/08/2016,TZR,OH,AGL,CE,Federal Contract Tower,0,0,12,2,14,0,0,34,0,34,0,0,46,2,48,50,0,50,98
03/09/2016,TZR,OH,AGL,CE,Federal Contract Tower,0,0,3,2,5,0,0,17,0,17,0,0,20,2,22,40,0,40,62
03/10/2016,TZR,OH,AGL,CE,Federal Contract Tower,0,0,1,0,1,0,0,4,0,4,0,0,5,0,5,14,0,14,19
03/11/2016,TZR,OH,AGL,CE,Federal Contract Tower,0,0,3,0,3,0,0,43,0,43,0,0,46,0,46,80,0,80,126
03/12/2016,TZR,OH,AGL,CE,Federal Contract Tower,0,0,4,0,4,0,0,70,0,70,0,0,74,0,74,42,0,42,116
03/13/2016,TZR,OH,AGL,CE,Federal Contract Tower,0,0,4,0,4,0,0,0,0,0,0,0,4,0,4,0,0,0,4
03/14/2016,TZR,OH,AGL,CE,Federal Contract Tower,0,0,4,4,8,0,0,3,0,3,0,0,7,4,11,6,0,6,17
03/15/2016,TZR,OH,AGL,CE,Federal Contract Tower,0,0,3,0,3,0,0,20,0,20,0,0,23,0,23,58,0,58,81
03/16/2016,TZR,OH,AGL,CE,Federal Contract Tower,0,0,3,0,3,0,0,3,0,3,0,0,6,0,6,0,0,0,6
03/17/2016,TZR,OH,AGL,CE,Federal Contract Tower,0,2,1,0,3,0,0,15,0,15,0,2,16,0,18,0,0,0,18
03/18/2016,TZR,OH,AGL,CE,Federal Contract Tower,0,0,2,0,2,0,0,34,0,34,0,0,36,0,36,8,0,8,44
03/19/2016,TZR,OH,AGL,CE,Federal Contract Tower,0,0,2,0,2,0,0,10,0,10,0,0,12,0,12,48,0,48,60
03/20/2016,TZR,OH,AGL,CE,Federal Contract Tower,0,0,7,0,7,0,0,18,0,18,0,0,25,0,25,20,0,20,45
03/21/2016,TZR,OH,AGL,CE,Federal Contract Tower,0,0,4,0,4,0,0,19,0,19,0,0,23,0,23,54,0,54,77
03/22/2016,TZR,OH,AGL,CE,Federal Contract Tower,0,0,1,0,1,0,0,19,0,19,0,0,20,0,20,48,2,50,70
03/23/2016,TZR,OH,AGL,CE,Federal Contract Tower,0,0,1,0,1,0,0,7,4,11,0,0,8,4,12,34,0,34,46
03/24/2016,TZR,OH,AGL,CE,Federal Contract Tower,0,0,0,0,0,0,0,3,0,3,0,0,3,0,3,0,0,0,3
03/25/2016,TZR,OH,AGL,CE,Federal Contract Tower,0,0,2,0,2,0,0,3,0,3,0,0,5,0,5,0,0,0,5
03/26/2016,TZR,OH,AGL,CE,Federal Contract Tower,0,0,9,0,9,0,0,49,0,49,0,0,58,0,58,38,0,38,96
03/27/2016,TZR,OH,AGL,CE,Federal Contract Tower,0,0,4,0,4,0,0,14,0,14,0,0,18,0,18,24,0,24,42
03/28/2016,TZR,OH,AGL,CE,Federal Contract Tower,0,0,7,0,7,0,0,1,0,1,0,0,8,0,8,0,0,0,8
03/29/2016,TZR,OH,AGL,CE,Federal Contract Tower,0,0,8,0,8,0,0,56,0,56,0,0,64,0,64,12,0,12,76
03/30/2016,TZR,OH,AGL,CE,Federal Contract Tower,0,0,1,0,1,0,0,26,0,26,0,0,27,0,27,20,0,20,47
03/31/2016,TZR,OH,AGL,CE,Federal Contract Tower,0,0,1,0,1,0,0,4,0,4,0,0,5,0,5,0,0,0,5
04/01/2016,TZR,OH,AGL,CE,Federal Contract Tower,0,0,1,0,1,0,0,9,0,9,0,0,10,0,10,0,0,0,10
04/02/2016,TZR,OH,AGL,CE,Federal Contract Tower,0,0,0,0,0,0,0,4,0,4,0,0,4,0,4,0,0,0,4
04/03/2016,TZR,OH,AGL,CE,Federal Contract Tower,0,2,7,0,9,0,0,39,0,39,0,2,46,0,48,66,0,66,114
04/04/2016,TZR,OH,AGL,CE,Federal Contract Tower,0,0,3,0,3,0,0,4,0,4,0,0,7,0,7,0,0,0,7
04/05/2016,TZR,OH,AGL,CE,Federal Contract Tower,0,0,13,0,13,0,0,93,0,93,0,0,106,0,106,88,0,88,194
04/06/2016,TZR,OH,AGL,CE,Federal Contract Tower,0,0,6,0,6,0,0,5,0,5,0,0,11,0,11,4,0,4,15
04/07/2016,TZR,OH,AGL,CE,Federal Contract Tower,0,0,1,0,1,0,0,2,0,2,0,0,3,0,3,12,0,12,15
04/08/2016,TZR,OH,AGL,CE,Federal Contract Tower,0,0,2,0,2,0,0,18,0,18,0,0,20,0,20,22,0,22,42
04/09/2016,TZR,OH,AGL,CE,Federal Contract Tower,0,0,0,0,0,0,0,0,2,2,0,0,0,2,2,0,2,2,4
04/10/2016,TZR,OH,AGL,CE,Federal Contract Tower,0,0,2,0,2,0,0,14,0,14,0,0,16,0,16,10,0,10,26
04/11/2016,TZR,OH,AGL,CE,Federal Contract Tower,0,0,5,0,5,0,0,3,0,3,0,0,8,0,8,0,0,0,8
04/12/2016,TZR,OH,AGL,CE,Federal Contract Tower,0,0,6,2,8,0,0,46,0,46,0,0,52,2,54,48,0,48,102
04/13/2016,TZR,OH,AGL,CE,Federal Contract Tower,0,0,8,0,8,0,0,43,0,43,0,0,51,0,51,36,0,36,87
04/14/2016,TZR,OH,AGL,CE,Federal Contract Tower,0,0,10,0,10,0,0,50,0,50,0,0,60,0,60,24,0,24,84
04/15/2016,TZR,OH,AGL,CE,Federal Contract Tower,0,0,11,0,11,0,0,68,0,68,0,0,79,0,79,44,0,44,123
04/16/2016,TZR,OH,AGL,CE,Federal Contract Tower,0,0,1,0,1,0,0,45,0,45,0,0,46,0,46,50,0,50,96
04/17/2016,TZR,OH,AGL,CE,Federal Contract Tower,0,0,5,0,5,0,0,44,0,44,0,0,49,0,49,82,0,82,131
04/18/2016,TZR,OH,AGL,CE,Federal Contract Tower,0,1,8,0,9,0,0,21,0,21,0,1,29,0,30,68,0,68,98
04/19/2016,TZR,OH,AGL,CE,Federal Contract Tower,0,0,9,2,11,0,0,37,0,37,0,0,46,2,48,18,0,18,66
04/20/2016,TZR,OH,AGL,CE,Federal Contract Tower,0,0,5,0,5,0,0,44,0,44,0,0,49,0,49,94,0,94,143
04/21/2016,TZR,OH,AGL,CE,Federal Contract Tower,0,0,1,0,1,0,0,2,0,2,0,0,3,0,3,0,0,0,3
04/22/2016,TZR,OH,AGL,CE,Federal Contract Tower,0,0,3,0,3,0,0,5,0,5,0,0,8,0,8,0,0,0,8
04/23/2016,TZR,OH,AGL,CE,Federal Contract Tower,0,0,7,0,7,0,0,22,0,22,0,0,29,0,29,22,0,22,51
04/24/2016,TZR,OH,AGL,CE,Federal Contract Tower,0,0,14,0,14,0,0,56,0,56,0,0,70,0,70,130,0,130,200
04/25/2016,TZR,OH,AGL,CE,Federal Contract Tower,0,0,0,0,0,0,0,20,0,20,0,0,20,0,20,104,0,104,124
04/26/2016,TZR,OH,AGL,CE,Federal Contract Tower,0,0,6,0,6,0,0,10,0,10,0,0,16,0,16,6,0,6,22
04/27/2016,TZR,OH,AGL,CE,Federal Contract Tower,0,0,11,0,11,0,0,13,3,16,0,0,24,3,27,20,6,26,53
04/28/2016,TZR,OH,AGL,CE,Federal Contract Tower,0,0,5,0,5,0,0,10,0,10,0,0,15,0,15,22,0,22,37
04/29/2016,TZR,OH,AGL,CE,Federal Contract Tower,0,0,18,0,18,0,0,14,0,14,0,0,32,0,32,48,0,48,80
04/30/2016,TZR,OH,AGL,CE,Federal Contract Tower,0,0,12,0,12,0,0,11,0,11,0,0,23,0,23,0,0,0,23
05/01/2016,TZR,OH,AGL,CE,Federal Contract Tower,0,0,3,0,3,0,0,6,0,6,0,0,9,0,9,14,0,14,23
05/02/2016,TZR,OH,AGL,CE,Federal Contract Tower,0,0,11,0,11,0,0,13,0,13,0,0,24,0,24,92,0,92,116
05/03/2016,TZR,OH,AGL,CE,Federal Contract Tower,0,0,15,0,15,0,0,23,0,23,0,0,38,0,38,0,0,0,38
05/04/2016,TZR,OH,AGL,CE,Federal Contract Tower,0,0,8,0,8,0,0,10,0,10,0,0,18,0,18,28,0,28,46
05/05/2016,TZR,OH,AGL,CE,Federal Contract Tower,0,0,14,0,14,0,0,18,0,18,0,0,32,0,32,12,0,12,44
05/06/2016,TZR,OH,AGL,CE,Federal Contract Tower,0,0,5,0,5,0,0,77,0,77,0,0,82,0,82,96,0,96,178
05/07/2016,TZR,OH,AGL,CE,Federal Contract Tower,0,0,8,0,8,0,0,53,0,53,0,0,61,0,61,24,0,24,85
05/08/2016,TZR,OH,AGL,CE,Federal Contract Tower,0,0,3,0,3,0,0,74,0,74,0,0,77,0,77,310,0,310,387
05/09/2016,TZR,OH,AGL,CE,Federal Contract Tower,0,0,3,0,3,0,0,6,0,6,0,0,9,0,9,2,0,2,11
05/10/2016,TZR,OH,AGL,CE,Federal Contract Tower,0,0,10,0,10,0,0,7,0,7,0,0,17,0,17,26,0,26,43
05/11/2016,TZR,OH,AGL,CE,Federal Contract Tower,0,0,2,4,6,0,0,37,0,37,0,0,39,4,43,14,0,14,57
05/12/2016,TZR,OH,AGL,CE,Federal Contract Tower,0,0,3,0,3,0,0,19,0,19,0,0,22,0,22,84,0,84,106
05/13/2016,TZR,OH,AGL,CE,Federal Contract Tower,0,1,10,0,11,0,0,28,0,28,0,1,38,0,39,32,0,32,71
05/14/2016,TZR,OH,AGL,CE,Federal Contract Tower,0,2,1,0,3,0,0,4,0,4,0,2,5,0,7,0,0,0,7
05/15/2016,TZR,OH,AGL,CE,Federal Contract Tower,0,0,3,0,3,0,0,22,0,22,0,0,25,0,25,30,0,30,55
05/16/2016,TZR,OH,AGL,CE,Federal Contract Tower,0,0,10,0,10,0,0,25,0,25,0,0,35,0,35,116,0,116,151
05/17/2016,TZR,OH,AGL,CE,Federal Contract Tower,0,0,4,0,4,0,0,20,0,20,0,0,24,0,24,16,0,16,40
05/18/2016,TZR,OH,AGL,CE,Federal Contract Tower,0,0,9,0,9,0,0,40,0,40,0,0,49,0,49,44,0,44,93
05/19/2016,TZR,OH,AGL,CE,Federal Contract Tower,0,0,8,0,8,0,0,28,0,28,0,0,36,0,36,58,0,58,94
05/20/2016,TZR,OH,AGL,CE,Federal Contract Tower,0,0,6,0,6,0,0,34,0,34,0,0,40,0,40,14,0,14,54
05/21/2016,TZR,OH,AGL,CE,Federal Contract Tower,0,0,3,0,3,0,0,0,0,0,0,0,3,0,3,0,0,0,3
05/22/2016,TZR,OH,AGL,CE,Federal Contract Tower,0,0,3,0,3,0,0,46,0,46,0,0,49,0,49,142,0,142,191
05/23/2016,TZR,OH,AGL,CE,Federal Contract Tower,0,0,2,0,2,0,0,12,0,12,0,0,14,0,14,60,0,60,74
05/24/2016,TZR,OH,AGL,CE,Federal Contract Tower,0,0,7,0,7,0,0,32,0,32,0,0,39,0,39,2,0,2,41
05/25/2016,TZR,OH,AGL,CE,Federal Contract Tower,0,2,2,0,4,0,0,39,0,39,0,2,41,0,43,48,0,48,91
05/26/2016,TZR,OH,AGL,CE,Federal Contract Tower,0,0,6,0,6,0,0,24,0,24,0,0,30,0,30,38,0,38,68
05/27/2016,TZR,OH,AGL,CE,Federal Contract Tower,0,0,5,2,7,0,0,55,0,55,0,0,60,2,62,46,0,46,108
05/28/2016,TZR,OH,AGL,CE,Federal Contract Tower,0,0,5,0,5,0,0,29,0,29,0,0,34,0,34,8,0,8,42
05/29/2016,TZR,OH,AGL,CE,Federal Contract Tower,0,0,2,0,2,0,0,23,0,23,0,0,25,0,25,42,0,42,67
05/30/2016,TZR,OH,AGL,CE,Federal Contract Tower,0,0,5,0,5,0,0,44,0,44,0,0,49,0,49,12,0,12,61
05/31/2016,TZR,OH,AGL,CE,Federal Contract Tower,0,0,9,0,9,0,0,10,0,10,0,0,19,0,19,2,0,2,21
06/01/2016,TZR,OH,AGL,CE,Federal Contract Tower,0,0,9,0,9,0,0,21,0,21,0,0,30,0,30,16,0,16,46
06/02/2016,TZR,OH,AGL,CE,Federal Contract Tower,0,0,2,0,2,0,0,12,2,14,0,0,14,2,16,54,2,56,72
06/03/2016,TZR,OH,AGL,CE,Federal Contract Tower,0,2,3,0,5,0,0,30,0,30,0,2,33,0,35,26,0,26,61
06/04/2016,TZR,OH,AGL,CE,Federal Contract Tower,0,0,4,0,4,0,0,3,0,3,0,0,7,0,7,6,0,6,13
06/05/2016,TZR,OH,AGL,CE,Federal Contract Tower,0,0,6,0,6,0,0,10,0,10,0,0,16,0,16,2,0,2,18
06/06/2016,TZR,OH,AGL,CE,Federal Contract Tower,0,0,5,0,5,0,0,14,0,14,0,0,19,0,19,8,0,8,27
06/07/2016,TZR,OH,AGL,CE,Federal Contract Tower,0,0,9,0,9,0,0,22,0,22,0,0,31,0,31,0,0,0,31
06/08/2016,TZR,OH,AGL,CE,Federal Contract Tower,0,0,4,0,4,0,0,27,0,27,0,0,31,0,31,2,0,2,33
06/09/2016,TZR,OH,AGL,CE,Federal Contract Tower,0,0,7,0,7,0,0,20,0,20,0,0,27,0,27,8,0,8,35
06/10/2016,TZR,OH,AGL,CE,Federal Contract Tower,0,2,3,0,5,0,0,17,0,17,0,2,20,0,22,8,0,8,30
06/11/2016,TZR,OH,AGL,CE,Federal Contract Tower,0,0,8,0,8,0,0,36,0,36,0,0,44,0,44,2,0,2,46
06/12/2016,TZR,OH,AGL,CE,Federal Contract Tower,0,0,5,0,5,0,0,28,0,28,0,0,33,0,33,18,0,18,51
06/13/2016,TZR,OH,AGL,CE,Federal Contract Tower,0,0,3,0,3,0,0,21,0,21,0,0,24,0,24,24,0,24,48
06/14/2016,TZR,OH,AGL,CE,Federal Contract Tower,0,0,4,0,4,0,0,29,0,29,0,0,33,0,33,28,0,28,61
06/15/2016,TZR,OH,AGL,CE,Federal Contract Tower,0,0,3,0,3,0,0,30,0,30,0,0,33,0,33,28,0,28,61
06/16/2016,TZR,OH,AGL,CE,Federal Contract Tower,0,0,6,0,6,0,0,9,0,9,0,0,15,0,15,2,0,2,17
06/17/2016,TZR,OH,AGL,CE,Federal Contract Tower,0,0,1,0,1,0,0,39,0,39,0,0,40,0,40,44,0,44,84
06/18/2016,TZR,OH,AGL,CE,Federal Contract Tower,0,0,9,0,9,0,0,52,0,52,0,0,61,0,61,6,0,6,67
06/19/2016,TZR,OH,AGL,CE,Federal Contract Tower,0,0,1,0,1,0,0,24,0,24,0,0,25,0,25,32,0,32,57
06/20/2016,TZR,OH,AGL,CE,Federal Contract Tower,0,0,1,0,1,0,0,10,0,10,0,0,11,0,11,24,0,24,35
06/21/2016,TZR,OH,AGL,CE,Federal Contract Tower,0,0,6,0,6,0,0,4,0,4,0,0,10,0,10,0,0,0,10
06/22/2016,TZR,OH,AGL,CE,Federal Contract Tower,0,0,6,0,6,0,0,10,3,13,0,0,16,3,19,0,4,4,23
06/23/2016,TZR,OH,AGL,CE,Federal Contract Tower,0,0,7,0,7,0,0,9,0,9,0,0,16,0,16,0,0,0,16
06/24/2016,TZR,OH,AGL,CE,Federal Contract Tower,0,0,3,0,3,0,0,28,0,28,0,0,31,0,31,50,0,50,81
06/25/2016,TZR,OH,AGL,CE,Federal Contract Tower,0,0,3,0,3,0,0,63,0,63,0,0,66,0,66,26,0,26,92
06/26/2016,TZR,OH,AGL,CE,Federal Contract Tower,0,0,8,0,8,0,0,25,0,25,0,0,33,0,33,52,0,52,85
06/27/2016,TZR,OH,AGL,CE,Federal Contract Tower,0,0,7,0,7,0,0,14,0,14,0,0,21,0,21,6,0,6,27
06/28/2016,TZR,OH,AGL,CE,Federal Contract Tower,0,0,9,0,9,0,0,22,0,22,0,0,31,0,31,4,0,4,35
06/29/2016,TZR,OH,AGL,CE,Federal Contract Tower,0,0,2,0,2,0,0,43,0,43,0,0,45,0,45,24,0,24,69
06/30/2016,TZR,OH,AGL,CE,Federal Contract Tower,0,0,7,0,7,0,0,45,0,45,0,0,52,0,52,82,0,82,134
07/01/2016,TZR,OH,AGL,CE,Federal Contract Tower,0,0,6,0,6,0,0,26,0,26,0,0,32,0,32,8,0,8,40
07/02/2016,TZR,OH,AGL,CE,Federal Contract Tower,0,0,5,0,5,0,0,40,0,40,0,0,45,0,45,14,0,14,59
07/03/2016,TZR,OH,AGL,CE,Federal Contract Tower,0,0,3,0,3,0,0,6,0,6,0,0,9,0,9,0,0,0,9
07/04/2016,TZR,OH,AGL,CE,Federal Contract Tower,0,0,4,0,4,0,0,0,0,0,0,0,4,0,4,0,0,0,4
07/05/2016,TZR,OH,AGL,CE,Federal Contract Tower,0,0,3,0,3,0,0,29,0,29,0,0,32,0,32,14,0,14,46
07/06/2016,TZR,OH,AGL,CE,Federal Contract Tower,0,0,1,0,1,0,0,36,0,36,0,0,37,0,37,70,0,70,107
07/07/2016,TZR,OH,AGL,CE,Federal Contract Tower,0,2,3,0,5,0,0,15,0,15,0,2,18,0,20,40,0,40,60
07/08/2016,TZR,OH,AGL,CE,Federal Contract Tower,0,0,2,0,2,0,0,30,0,30,0,0,32,0,32,34,0,34,66
07/09/2016,TZR,OH,AGL,CE,Federal Contract Tower,0,0,6,0,6,0,0,20,0,20,0,0,26,0,26,14,0,14,40
07/10/2016,TZR,OH,AGL,CE,Federal Contract Tower,0,0,7,0,7,0,0,34,0,34,0,0,41,0,41,46,0,46,87
07/11/2016,TZR,OH,AGL,CE,Federal Contract Tower,0,0,6,0,6,0,0,37,0,37,0,0,43,0,43,22,0,22,65
07/12/2016,TZR,OH,AGL,CE,Federal Contract Tower,0,0,7,0,7,0,0,5,0,5,0,0,12,0,12,10,0,10,22
07/13/2016,TZR,OH,AGL,CE,Federal Contract Tower,0,0,6,0,6,0,0,16,0,16,0,0,22,0,22,42,0,42,64
07/14/2016,TZR,OH,AGL,CE,Federal Contract Tower,0,0,1,0,1,0,0,10,0,10,0,0,11,0,11,16,0,16,27
07/15/2016,TZR,OH,AGL,CE,Federal Contract Tower,0,0,1,0,1,0,0,24,0,24,0,0,25,0,25,14,0,14,39
07/16/2016,TZR,OH,AGL,CE,Federal Contract Tower,0,0,4,0,4,0,0,54,0,54,0,0,58,0,58,72,0,72,130
07/17/2016,TZR,OH,AGL,CE,Federal Contract Tower,0,0,5,0,5,0,0,38,0,38,0,0,43,0,43,40,0,40,83
07/18/2016,TZR,OH,AGL,CE,Federal Contract Tower,0,0,2,0,2,0,0,14,0,14,0,0,16,0,16,62,0,62,78
07/19/2016,TZR,OH,AGL,CE,Federal Contract Tower,0,0,10,0,10,0,0,38,0,38,0,0,48,0,48,42,0,42,90
07/20/2016,TZR,OH,AGL,CE,Federal Contract Tower,0,0,10,0,10,0,0,34,0,34,0,0,44,0,44,10,0,10,54
07/21/2016,TZR,OH,AGL,CE,Federal Contract Tower,0,0,5,0,5,0,0,41,0,41,0,0,46,0,46,46,0,46,92
07/22/2016,TZR,OH,AGL,CE,Federal Contract Tower,0,0,7,0,7,0,0,21,0,21,0,0,28,0,28,2,0,2,30
07/23/2016,TZR,OH,AGL,CE,Federal Contract Tower,0,0,9,0,9,0,0,34,0,34,0,0,43,0,43,18,0,18,61
07/24/2016,TZR,OH,AGL,CE,Federal Contract Tower,0,0,4,0,4,0,0,23,0,23,0,0,27,0,27,10,0,10,37
07/25/2016,TZR,OH,AGL,CE,Federal Contract Tower,0,0,2,0,2,0,0,12,0,12,0,0,14,0,14,0,0,0,14
07/26/2016,TZR,OH,AGL,CE,Federal Contract Tower,0,0,5,0,5,0,0,11,0,11,0,0,16,0,16,14,0,14,30
07/27/2016,TZR,OH,AGL,CE,Federal Contract Tower,0,0,3,0,3,0,0,22,0,22,0,0,25,0,25,20,0,20,45
07/28/2016,TZR,OH,AGL,CE,Federal Contract Tower,0,6,2,0,8,0,0,16,0,16,0,6,18,0,24,12,0,12,36
07/29/2016,TZR,OH,AGL,CE,Federal Contract Tower,0,4,0,0,4,0,0,0,0,0,0,4,0,0,4,0,0,0,4
07/30/2016,TZR,OH,AGL,CE,Federal Contract Tower,0,0,2,0,2,0,0,14,0,14,0,0,16,0,16,16,0,16,32
07/31/2016,TZR,OH,AGL,CE,Federal Contract Tower,0,0,1,0,1,0,0,20,0,20,0,0,21,0,21,30,0,30,51
08/01/2016,TZR,OH,AGL,CE,Federal Contract Tower,0,0,4,0,4,0,0,22,0,22,0,0,26,0,26,28,0,28,54
08/02/2016,TZR,OH,AGL,CE,Federal Contract Tower,0,2,3,0,5,0,0,53,0,53,0,2,56,0,58,8,0,8,66
08/03/2016,TZR,OH,AGL,CE,Federal Contract Tower,0,0,8,0,8,0,0,36,2,38,0,0,44,2,46,12,2,14,60
08/04/2016,TZR,OH,AGL,CE,Federal Contract Tower,0,0,7,0,7,0,0,30,0,30,0,0,37,0,37,28,0,28,65
08/05/2016,TZR,OH,AGL,CE,Federal Contract Tower,0,2,5,0,7,0,0,21,0,21,0,2,26,0,28,0,0,0,28
08/06/2016,TZR,OH,AGL,CE,Federal Contract Tower,0,0,7,0,7,0,0,44,0,44,0,0,51,0,51,22,0,22,73
08/07/2016,TZR,OH,AGL,CE,Federal Contract Tower,0,0,6,0,6,0,0,44,0,44,0,0,50,0,50,8,0,8,58
08/08/2016,TZR,OH,AGL,CE,Federal Contract Tower,0,1,2,0,3,0,0,28,0,28,0,1,30,0,31,18,0,18,49
08/09/2016,TZR,OH,AGL,CE,Federal Contract Tower,0,0,7,0,7,0,0,12,0,12,0,0,19,0,19,18,0,18,37
08/10/2016,TZR,OH,AGL,CE,Federal Contract Tower,0,0,6,0,6,0,0,11,0,11,0,0,17,0,17,6,0,6,23
08/11/2016,TZR,OH,AGL,CE,Federal Contract Tower,0,0,3,0,3,0,0,37,0,37,0,0,40,0,40,16,0,16,56
08/12/2016,TZR,OH,AGL,CE,Federal Contract Tower,0,0,1,0,1,0,0,34,0,34,0,0,35,0,35,28,0,28,63
08/13/2016,TZR,OH,AGL,CE,Federal Contract Tower,0,1,0,0,1,0,0,82,0,82,0,1,82,0,83,18,0,18,101
08/14/2016,TZR,OH,AGL,CE,Federal Contract Tower,0,0,2,0,2,0,0,2,0,2,0,0,4,0,4,0,0,0,4
08/15/2016,TZR,OH,AGL,CE,Federal Contract Tower,0,0,4,0,4,0,0,8,0,8,0,0,12,0,12,10,0,10,22
08/16/2016,TZR,OH,AGL,CE,Federal Contract Tower,0,2,5,0,7,0,0,10,0,10,0,2,15,0,17,4,0,4,21
08/17/2016,TZR,OH,AGL,CE,Federal Contract Tower,0,0,6,0,6,0,0,5,0,5,0,0,11,0,11,16,0,16,27
08/18/2016,TZR,OH,AGL,CE,Federal Contract Tower,0,0,5,2,7,0,0,9,0,9,0,0,14,2,16,24,0,24,40
08/19/2016,TZR,OH,AGL,CE,Federal Contract Tower,0,0,2,0,2,0,0,23,0,23,0,0,25,0,25,40,0,40,65
08/20/2016,TZR,OH,AGL,CE,Federal Contract Tower,0,0,2,0,2,0,0,11,0,11,0,0,13,0,13,2,0,2,15
08/21/2016,TZR,OH,AGL,CE,Federal Contract Tower,0,0,0,0,0,0,0,42,0,42,0,0,42,0,42,36,0,36,78
08/22/2016,TZR,OH,AGL,CE,Federal Contract Tower,0,0,12,0,12,0,0,32,0,32,0,0,44,0,44,38,0,38,82
08/23/2016,TZR,OH,AGL,CE,Federal Contract Tower,0,0,19,0,19,0,0,34,0,34,0,0,53,0,53,14,0,14,67
08/24/2016,TZR,OH,AGL,CE,Federal Contract Tower,0,0,6,0,6,0,0,34,0,34,0,0,40,0,40,12,0,12,52
08/25/2016,TZR,OH,AGL,CE,Federal Contract Tower,0,0,16,0,16,0,0,13,0,13,0,0,29,0,29,6,0,6,35
08/26/2016,TZR,OH,AGL,CE,Federal Contract Tower,0,0,3,0,3,0,0,39,0,39,0,0,42,0,42,36,0,36,78
08/27/2016,TZR,OH,AGL,CE,Federal Contract Tower,0,0,4,0,4,0,0,60,0,60,0,0,64,0,64,24,0,24,88
08/28/2016,TZR,OH,AGL,CE,Federal Contract Tower,0,0,6,0,6,0,0,58,0,58,0,0,64,0,64,64,0,64,128
08/29/2016,TZR,OH,AGL,CE,Federal Contract Tower,0,0,7,0,7,0,0,23,2,25,0,0,30,2,32,10,2,12,44
08/30/2016,TZR,OH,AGL,CE,Federal Contract Tower,0,0,16,2,18,0,0,20,0,20,0,0,36,2,38,0,0,0,38
08/31/2016,TZR,OH,AGL,CE,Federal Contract Tower,0,0,2,0,2,0,0,28,0,28,0,0,30,0,30,18,0,18,48
09/01/2016,TZR,OH,AGL,CE,Federal Contract Tower,0,0,10,0,10,0,0,31,0,31,0,0,41,0,41,48,0,48,89
09/02/2016,TZR,OH,AGL,CE,Federal Contract Tower,0,0,15,0,15,0,0,62,0,62,0,0,77,0,77,42,0,42,119
09/03/2016,TZR,OH,AGL,CE,Federal Contract Tower,0,0,2,0,2,0,0,48,0,48,0,0,50,0,50,8,0,8,58
09/04/2016,TZR,OH,AGL,CE,Federal Contract Tower,0,0,4,0,4,0,0,44,0,44,0,0,48,0,48,80,0,80,128
09/05/2016,TZR,OH,AGL,CE,Federal Contract Tower,0,0,8,0,8,0,0,32,0,32,0,0,40,0,40,18,0,18,58
09/06/2016,TZR,OH,AGL,CE,Federal Contract Tower,0,0,10,0,10,0,0,18,0,18,0,0,28,0,28,6,0,6,34
09/07/2016,TZR,OH,AGL,CE,Federal Contract Tower,0,0,13,0,13,0,0,13,0,13,0,0,26,0,26,8,0,8,34
09/08/2016,TZR,OH,AGL,CE,Federal Contract Tower,0,0,13,0,13,0,0,29,0,29,0,0,42,0,42,54,0,54,96
09/09/2016,TZR,OH,AGL,CE,Federal Contract Tower,0,0,4,0,4,0,0,13,0,13,0,0,17,0,17,4,0,4,21
09/10/2016,TZR,OH,AGL,CE,Federal Contract Tower,0,0,3,0,3,0,0,38,0,38,0,0,41,0,41,6,0,6,47
09/11/2016,TZR,OH,AGL,CE,Federal Contract Tower,0,0,2,0,2,0,0,47,0,47,0,0,49,0,49,42,0,42,91
09/12/2016,TZR,OH,AGL,CE,Federal Contract Tower,0,0,1,0,1,0,0,37,0,37,0,0,38,0,38,26,0,26,64
09/13/2016,TZR,OH,AGL,CE,Federal Contract Tower,0,0,5,0,5,0,0,49,0,49,0,0,54,0,54,4,0,4,58
09/14/2016,TZR,OH,AGL,CE,Federal Contract Tower,0,0,9,0,9,0,0,15,0,15,0,0,24,0,24,4,0,4,28
09/15/2016,TZR,OH,AGL,CE,Federal Contract Tower,0,0,11,0,11,0,0,41,0,41,0,0,52,0,52,18,0,18,70
09/16/2016,TZR,OH,AGL,CE,Federal Contract Tower,0,0,8,0,8,0,0,41,0,41,0,0,49,0,49,48,0,48,97
09/17/2016,TZR,OH,AGL,CE,Federal Contract Tower,0,0,3,0,3,0,0,6,0,6,0,0,9,0,9,14,0,14,23
09/18/2016,TZR,OH,AGL,CE,Federal Contract Tower,0,0,4,0,4,0,0,11,0,11,0,0,15,0,15,24,0,24,39
09/19/2016,TZR,OH,AGL,CE,Federal Contract Tower,0,0,7,0,7,0,0,26,0,26,0,0,33,0,33,68,0,68,101
09/20/2016,TZR,OH,AGL,CE,Federal Contract Tower,0,0,3,0,3,0,0,49,0,49,0,0,52,0,52,12,0,12,64
09/21/2016,TZR,OH,AGL,CE,Federal Contract Tower,0,0,7,0,7,0,0,64,0,64,0,0,71,0,71,56,0,56,127
09/22/2016,TZR,OH,AGL,CE,Federal Contract Tower,0,0,8,0,8,0,0,46,0,46,0,0,54,0,54,60,0,60,114
09/23/2016,TZR,OH,AGL,CE,Federal Contract Tower,0,0,7,0,7,0,0,56,0,56,0,0,63,0,63,52,0,52,115
09/24/2016,TZR,OH,AGL,CE,Federal Contract Tower,0,0,3,0,3,0,0,15,0,15,0,0,18,0,18,30,0,30,48
09/25/2016,TZR,OH,AGL,CE,Federal Contract Tower,0,0,16,0,16,0,0,41,0,41,0,0,57,0,57,60,0,60,117
09/26/2016,TZR,OH,AGL,CE,Federal Contract Tower,0,0,0,0,0,0,0,7,0,7,0,0,7,0,7,6,0,6,13
09/27/2016,TZR,OH,AGL,CE,Federal Contract Tower,0,0,8,0,8,0,0,17,0,17,0,0,25,0,25,8,0,8,33
09/28/2016,TZR,OH,AGL,CE,Federal Contract Tower,0,0,7,0,7,0,0,8,0,8,0,0,15,0,15,0,0,0,15
09/29/2016,TZR,OH,AGL,CE,Federal Contract Tower,0,0,9,0,9,0,0,21,0,21,0,0,30,0,30,12,0,12,42
09/30/2016,TZR,OH,AGL,CE,Federal Contract Tower,0,0,3,0,3,0,0,4,0,4,0,0,7,0,7,16,0,16,23
10/01/2016,TZR,OH,AGL,CE,Federal Contract Tower,0,0,3,0,3,0,0,16,0,16,0,0,19,0,19,10,0,10,29
10/02/2016,TZR,OH,AGL,CE,Federal Contract Tower,0,0,1,0,1,0,0,9,0,9,0,0,10,0,10,10,0,10,20
10/03/2016,TZR,OH,AGL,CE,Federal Contract Tower,0,0,5,0,5,0,0,21,0,21,0,0,26,0,26,36,0,36,62
10/04/2016,TZR,OH,AGL,CE,Federal Contract Tower,0,0,7,0,7,0,0,63,0,63,0,0,70,0,70,50,0,50,120
10/05/2016,TZR,OH,AGL,CE,Federal Contract Tower,0,0,7,0,7,0,0,48,0,48,0,0,55,0,55,40,0,40,95
10/06/2016,TZR,OH,AGL,CE,Federal Contract Tower,0,0,2,0,2,0,0,34,0,34,0,0,36,0,36,46,0,46,82
10/07/2016,TZR,OH,AGL,CE,Federal Contract Tower,0,0,4,0,4,0,0,40,0,40,0,0,44,0,44,4,0,4,48
10/08/2016,TZR,OH,AGL,CE,Federal Contract Tower,0,0,2,0,2,0,0,41,0,41,0,0,43,0,43,18,0,18,61
10/09/2016,TZR,OH,AGL,CE,Federal Contract Tower,0,0,7,0,7,0,0,48,0,48,0,0,55,0,55,14,0,14,69
10/10/2016,TZR,OH,AGL,CE,Federal Contract Tower,0,0,4,0,4,0,0,36,0,36,0,0,40,0,40,50,0,50,90
10/11/2016,TZR,OH,AGL,CE,Federal Contract Tower,0,0,4,0,4,0,0,46,0,46,0,0,50,0,50,30,0,30,80
10/12/2016,TZR,OH,AGL,CE,Federal Contract Tower,0,0,16,0,16,0,0,50,0,50,0,0,66,0,66,102,0,102,168
10/13/2016,TZR,OH,AGL,CE,Federal Contract Tower,0,0,7,0,7,0,0,6,0,6,0,0,13,0,13,0,0,0,13
10/14/2016,TZR,OH,AGL,CE,Federal Contract Tower,0,0,5,0,5,0,0,41,0,41,0,0,46,0,46,18,0,18,64
10/15/2016,TZR,OH,AGL,CE,Federal Contract Tower,0,0,5,0,5,0,0,20,0,20,0,0,25,0,25,10,0,10,35
10/16/2016,TZR,OH,AGL,CE,Federal Contract Tower,0,0,4,0,4,0,0,13,0,13,0,0,17,0,17,10,0,10,27
10/17/2016,TZR,OH,AGL,CE,Federal Contract Tower,0,0,3,0,3,0,0,19,0,19,0,0,22,0,22,54,0,54,76
10/18/2016,TZR,OH,AGL,CE,Federal Contract Tower,0,0,10,0,10,0,0,18,0,18,0,0,28,0,28,0,0,0,28
10/19/2016,TZR,OH,AGL,CE,Federal Contract Tower,0,0,5,0,5,0,0,31,0,31,0,0,36,0,36,42,0,42,78
10/20/2016,TZR,OH,AGL,CE,Federal Contract Tower,0,0,3,0,3,0,0,0,0,0,0,0,3,0,3,0,0,0,3
10/21/2016,TZR,OH,AGL,CE,Federal Contract Tower,0,0,2,0,2,0,0,2,0,2,0,0,4,0,4,4,0,4,8
10/22/2016,TZR,OH,AGL,CE,Federal Contract Tower,0,0,11,0,11,0,0,86,0,86,0,0,97,0,97,14,0,14,111
10/23/2016,TZR,OH,AGL,CE,Federal Contract Tower,0,0,5,0,5,0,0,31,0,31,0,0,36,0,36,16,0,16,52
10/24/2016,TZR,OH,AGL,CE,Federal Contract Tower,0,0,2,0,2,0,0,22,0,22,0,0,24,0,24,36,0,36,60
10/25/2016,TZR,OH,AGL,CE,Federal Contract Tower,0,0,15,0,15,0,0,33,0,33,0,0,48,0,48,0,0,0,48
10/26/2016,TZR,OH,AGL,CE,Federal Contract Tower,0,0,4,0,4,0,0,16,0,16,0,0,20,0,20,30,0,30,50
10/27/2016,TZR,OH,AGL,CE,Federal Contract Tower,0,2,1,0,3,0,0,11,0,11,0,2,12,0,14,12,0,12,26
10/28/2016,TZR,OH,AGL,CE,Federal Contract Tower,0,0,6,0,6,0,0,47,0,47,0,0,53,0,53,28,0,28,81
10/29/2016,TZR,OH,AGL,CE,Federal Contract Tower,0,0,4,0,4,0,0,34,0,34,0,0,38,0,38,54,0,54,92
10/30/2016,TZR,OH,AGL,CE,Federal Contract Tower,0,0,5,0,5,0,0,22,0,22,0,0,27,0,27,20,0,20,47
10/31/2016,TZR,OH,AGL,CE,Federal Contract Tower,0,0,0,0,0,0,0,18,0,18,0,0,18,0,18,46,0,46,64
11/01/2016,TZR,OH,AGL,CE,Federal Contract Tower,0,0,0,0,0,0,0,22,0,22,0,0,22,0,22,24,0,24,46
11/02/2016,TZR,OH,AGL,CE,Federal Contract Tower,0,0,7,0,7,0,0,40,0,40,0,0,47,0,47,54,0,54,101
11/03/2016,TZR,OH,AGL,CE,Federal Contract Tower,0,0,5,0,5,0,0,5,0,5,0,0,10,0,10,24,0,24,34
11/04/2016,TZR,OH,AGL,CE,Federal Contract Tower,0,0,8,0,8,0,0,11,0,11,0,0,19,0,19,12,0,12,31
11/05/2016,TZR,OH,AGL,CE,Federal Contract Tower,0,0,9,0,9,0,0,59,0,59,0,0,68,0,68,26,0,26,94
11/06/2016,TZR,OH,AGL,CE,Federal Contract Tower,0,0,5,0,5,0,0,40,0,40,0,0,45,0,45,24,0,24,69
11/07/2016,TZR,OH,AGL,CE,Federal Contract Tower,0,0,8,0,8,0,0,29,0,29,0,0,37,0,37,20,0,20,57
11/08/2016,TZR,OH,AGL,CE,Federal Contract Tower,0,0,7,0,7,0,0,9,0,9,0,0,16,0,16,22,0,22,38
11/09/2016,TZR,OH,AGL,CE,Federal Contract Tower,0,0,10,0,10,0,0,10,0,10,0,0,20,0,20,0,0,0,20
11/10/2016,TZR,OH,AGL,CE,Federal Contract Tower,0,0,6,0,6,0,0,39,0,39,0,0,45,0,45,44,0,44,89
11/11/2016,TZR,OH,AGL,CE,Federal Contract Tower,0,0,3,0,3,0,0,19,0,19,0,0,22,0,22,0,0,0,22
11/12/2016,TZR,OH,AGL,CE,Federal Contract Tower,0,0,6,0,6,0,0,39,0,39,0,0,45,0,45,12,0,12,57
11/13/2016,TZR,OH,AGL,CE,Federal Contract Tower,0,0,7,0,7,0,0,38,0,38,0,0,45,0,45,2,0,2,47
11/14/2016,TZR,OH,AGL,CE,Federal Contract Tower,0,0,13,0,13,0,0,23,0,23,0,0,36,0,36,8,0,8,44
11/15/2016,TZR,OH,AGL,CE,Federal Contract Tower,0,0,4,0,4,0,0,31,0,31,0,0,35,0,35,20,0,20,55
11/16/2016,TZR,OH,AGL,CE,Federal Contract Tower,0,2,7,0,9,0,0,10,0,10,0,2,17,0,19,0,0,0,19
11/17/2016,TZR,OH,AGL,CE,Federal Contract Tower,0,0,16,0,16,0,0,34,0,34,0,0,50,0,50,4,0,4,54
11/18/2016,TZR,OH,AGL,CE,Federal Contract Tower,0,0,4,0,4,0,0,45,0,45,0,0,49,0,49,0,0,0,49
11/19/2016,TZR,OH,AGL,CE,Federal Contract Tower,0,0,1,0,1,0,0,0,0,0,0,0,1,0,1,0,0,0,1
11/20/2016,TZR,OH,AGL,CE,Federal Contract Tower,0,0,2,0,2,0,0,1,0,1,0,0,3,0,3,0,0,0,3
11/21/2016,TZR,OH,AGL,CE,Federal Contract Tower,0,0,9,0,9,0,0,9,0,9,0,0,18,0,18,0,0,0,18
11/22/2016,TZR,OH,AGL,CE,Federal Contract Tower,0,0,3,0,3,0,0,39,0,39,0,0,42,0,42,22,0,22,64
11/23/2016,TZR,OH,AGL,CE,Federal Contract Tower,0,0,6,2,8,0,0,19,0,19,0,0,25,2,27,16,0,16,43
11/24/2016,TZR,OH,AGL,CE,Federal Contract Tower,0,0,1,0,1,0,0,0,0,0,0,0,1,0,1,0,0,0,1
11/25/2016,TZR,OH,AGL,CE,Federal Contract Tower,0,0,2,0,2,0,0,17,0,17,0,0,19,0,19,34,0,34,53
11/26/2016,TZR,OH,AGL,CE,Federal Contract Tower,0,0,8,0,8,0,0,46,0,46,0,0,54,0,54,54,0,54,108
11/27/2016,TZR,OH,AGL,CE,Federal Contract Tower,0,0,3,0,3,0,0,37,0,37,0,0,40,0,40,32,0,32,72
11/28/2016,TZR,OH,AGL,CE,Federal Contract Tower,0,0,0,0,0,0,0,8,0,8,0,0,8,0,8,12,0,12,20
11/29/2016,TZR,OH,AGL,CE,Federal Contract Tower,0,2,2,0,4,0,0,36,0,36,0,2,38,0,40,44,0,44,84
11/30/2016,TZR,OH,AGL,CE,Federal Contract Tower,0,0,13,0,13,0,0,6,0,6,0,0,19,0,19,0,0,0,19
12/01/2016,TZR,OH,AGL,CE,Federal Contract Tower,0,0,3,0,3,0,0,9,0,9,0,0,12,0,12,6,0,6,18
12/02/2016,TZR,OH,AGL,CE,Federal Contract Tower,0,0,5,0,5,0,0,0,0,0,0,0,5,0,5,0,0,0,5
12/03/2016,TZR,OH,AGL,CE,Federal Contract Tower,0,0,2,0,2,0,0,22,0,22,0,0,24,0,24,22,0,22,46
12/04/2016,TZR,OH,AGL,CE,Federal Contract Tower,0,2,4,0,6,0,0,2,0,2,0,2,6,0,8,0,0,0,8
12/05/2016,TZR,OH,AGL,CE,Federal Contract Tower,0,0,4,0,4,0,0,8,0,8,0,0,12,0,12,10,0,10,22
12/06/2016,TZR,OH,AGL,CE,Federal Contract Tower,0,0,6,0,6,0,0,0,0,0,0,0,6,0,6,0,0,0,6
12/07/2016,TZR,OH,AGL,CE,Federal Contract Tower,0,2,6,0,8,0,0,25,2,27,0,2,31,2,35,18,2,20,55
12/08/2016,TZR,OH,AGL,CE,Federal Contract Tower,0,0,3,0,3,0,0,6,0,6,0,0,9,0,9,4,0,4,13
12/09/2016,TZR,OH,AGL,CE,Federal Contract Tower,0,0,4,0,4,0,0,9,0,9,0,0,13,0,13,2,0,2,15
12/10/2016,TZR,OH,AGL,CE,Federal Contract Tower,0,0,3,0,3,0,0,13,0,13,0,0,16,0,16,10,0,10,26
12/11/2016,TZR,OH,AGL,CE,Federal Contract Tower,0,0,1,0,1,0,0,2,0,2,0,0,3,0,3,0,0,0,3
12/12/2016,TZR,OH,AGL,CE,Federal Contract Tower,0,0,8,0,8,0,0,6,0,6,0,0,14,0,14,16,0,16,30
12/13/2016,TZR,OH,AGL,CE,Federal Contract Tower,0,1,1,0,2,0,0,0,0,0,0,1,1,0,2,0,0,0,2
12/14/2016,TZR,OH,AGL,CE,Federal Contract Tower,0,0,4,0,4,0,0,13,0,13,0,0,17,0,17,14,0,14,31
12/15/2016,TZR,OH,AGL,CE,Federal Contract Tower,0,0,1,0,1,0,0,5,0,5,0,0,6,0,6,0,0,0,6
12/16/2016,TZR,OH,AGL,CE,Federal Contract Tower,0,0,9,0,9,0,0,10,0,10,0,0,19,0,19,4,0,4,23
12/17/2016,TZR,OH,AGL,CE,Federal Contract Tower,0,0,0,0,0,0,0,0,0,0,0,0,0,0,0,0,0,0,0
12/18/2016,TZR,OH,AGL,CE,Federal Contract Tower,0,0,1,0,1,0,0,6,0,6,0,0,7,0,7,0,0,0,7
12/19/2016,TZR,OH,AGL,CE,Federal Contract Tower,0,0,2,0,2,0,0,9,0,9,0,0,11,0,11,6,0,6,17
12/20/2016,TZR,OH,AGL,CE,Federal Contract Tower,0,0,5,0,5,0,0,34,0,34,0,0,39,0,39,12,0,12,51
12/21/2016,TZR,OH,AGL,CE,Federal Contract Tower,0,0,6,0,6,0,0,35,0,35,0,0,41,0,41,18,0,18,59
12/22/2016,TZR,OH,AGL,CE,Federal Contract Tower,0,0,0,0,0,0,0,14,0,14,0,0,14,0,14,36,0,36,50
12/23/2016,TZR,OH,AGL,CE,Federal Contract Tower,0,0,6,0,6,0,0,24,0,24,0,0,30,0,30,14,0,14,44
12/24/2016,TZR,OH,AGL,CE,Federal Contract Tower,0,0,4,0,4,0,0,0,0,0,0,0,4,0,4,0,0,0,4
12/25/2016,TZR,OH,AGL,CE,Federal Contract Tower,0,0,0,0,0,0,0,0,0,0,0,0,0,0,0,0,0,0,0
12/26/2016,TZR,OH,AGL,CE,Federal Contract Tower,0,0,1,0,1,0,0,2,0,2,0,0,3,0,3,8,0,8,11
12/27/2016,TZR,OH,AGL,CE,Federal Contract Tower,0,0,6,0,6,0,0,38,0,38,0,0,44,0,44,12,0,12,56
12/28/2016,TZR,OH,AGL,CE,Federal Contract Tower,0,0,7,0,7,0,0,57,0,57,0,0,64,0,64,56,0,56,120
12/29/2016,TZR,OH,AGL,CE,Federal Contract Tower,0,0,2,0,2,0,0,12,0,12,0,0,14,0,14,4,0,4,18
12/30/2016,TZR,OH,AGL,CE,Federal Contract Tower,0,0,1,0,1,0,0,6,0,6,0,0,7,0,7,16,0,16,23
12/31/2016,TZR,OH,AGL,CE,Federal Contract Tower,0,0,0,0,0,0,0,3,0,3,0,0,3,0,3,4,0,4,7
01/01/2017,TZR,OH,AGL,CE,Federal Contract Tower,0,0,2,0,2,0,0,30,0,30,0,0,32,0,32,16,0,16,48
01/02/2017,TZR,OH,AGL,CE,Federal Contract Tower,0,0,3,0,3,0,0,0,0,0,0,0,3,0,3,0,0,0,3
01/03/2017,TZR,OH,AGL,CE,Federal Contract Tower,0,0,4,0,4,0,0,0,0,0,0,0,4,0,4,0,0,0,4
01/04/2017,TZR,OH,AGL,CE,Federal Contract Tower,0,0,2,0,2,0,0,20,4,24,0,0,22,4,26,12,0,12,38
01/05/2017,TZR,OH,AGL,CE,Federal Contract Tower,0,0,2,0,2,0,0,2,0,2,0,0,4,0,4,0,0,0,4
01/06/2017,TZR,OH,AGL,CE,Federal Contract Tower,0,0,10,0,10,0,0,13,0,13,0,0,23,0,23,20,0,20,43
01/07/2017,TZR,OH,AGL,CE,Federal Contract Tower,0,0,3,0,3,0,0,18,0,18,0,0,21,0,21,6,0,6,27
01/08/2017,TZR,OH,AGL,CE,Federal Contract Tower,0,0,0,0,0,0,0,4,0,4,0,0,4,0,4,4,0,4,8
01/09/2017,TZR,OH,AGL,CE,Federal Contract Tower,0,0,1,0,1,0,0,2,0,2,0,0,3,0,3,18,0,18,21
01/10/2017,TZR,OH,AGL,CE,Federal Contract Tower,0,0,4,0,4,0,0,6,0,6,0,0,10,0,10,0,0,0,10
01/11/2017,TZR,OH,AGL,CE,Federal Contract Tower,0,0,3,0,3,0,0,7,0,7,0,0,10,0,10,2,0,2,12
01/12/2017,TZR,OH,AGL,CE,Federal Contract Tower,0,0,1,0,1,0,0,0,0,0,0,0,1,0,1,0,0,0,1
01/13/2017,TZR,OH,AGL,CE,Federal Contract Tower,0,0,5,0,5,0,0,40,0,40,0,0,45,0,45,70,0,70,115
01/14/2017,TZR,OH,AGL,CE,Federal Contract Tower,0,0,0,0,0,0,0,0,0,0,0,0,0,0,0,0,0,0,0
01/15/2017,TZR,OH,AGL,CE,Federal Contract Tower,0,0,1,0,1,0,0,0,0,0,0,0,1,0,1,0,0,0,1
01/16/2017,TZR,OH,AGL,CE,Federal Contract Tower,0,0,9,0,9,0,0,19,0,19,0,0,28,0,28,38,0,38,66
01/17/2017,TZR,OH,AGL,CE,Federal Contract Tower,0,0,5,0,5,0,0,11,0,11,0,0,16,0,16,28,0,28,44
01/18/2017,TZR,OH,AGL,CE,Federal Contract Tower,0,0,7,0,7,0,0,7,0,7,0,0,14,0,14,30,0,30,44
01/19/2017,TZR,OH,AGL,CE,Federal Contract Tower,0,0,3,0,3,0,0,7,0,7,0,0,10,0,10,8,0,8,18
01/20/2017,TZR,OH,AGL,CE,Federal Contract Tower,0,2,2,0,4,0,0,0,0,0,0,2,2,0,4,0,0,0,4
01/21/2017,TZR,OH,AGL,CE,Federal Contract Tower,0,0,1,0,1,0,0,48,0,48,0,0,49,0,49,82,0,82,131
01/22/2017,TZR,OH,AGL,CE,Federal Contract Tower,0,0,2,0,2,0,0,29,0,29,0,0,31,0,31,18,0,18,49
01/23/2017,TZR,OH,AGL,CE,Federal Contract Tower,0,0,0,0,0,0,0,4,0,4,0,0,4,0,4,0,0,0,4
01/24/2017,TZR,OH,AGL,CE,Federal Contract Tower,0,0,9,0,9,0,0,10,0,10,0,0,19,0,19,12,0,12,31
01/25/2017,TZR,OH,AGL,CE,Federal Contract Tower,0,0,0,2,2,0,0,21,0,21,0,0,21,2,23,38,0,38,61
01/26/2017,TZR,OH,AGL,CE,Federal Contract Tower,0,0,2,0,2,0,0,4,0,4,0,0,6,0,6,0,0,0,6
01/27/2017,TZR,OH,AGL,CE,Federal Contract Tower,0,0,0,0,0,0,0,6,0,6,0,0,6,0,6,28,0,28,34
01/28/2017,TZR,OH,AGL,CE,Federal Contract Tower,0,0,0,0,0,0,0,15,0,15,0,0,15,0,15,34,0,34,49
01/29/2017,TZR,OH,AGL,CE,Federal Contract Tower,0,0,3,0,3,0,0,6,0,6,0,0,9,0,9,18,0,18,27
01/30/2017,TZR,OH,AGL,CE,Federal Contract Tower,0,0,2,0,2,0,0,30,4,34,0,0,32,4,36,52,4,56,92
01/31/2017,TZR,OH,AGL,CE,Federal Contract Tower,0,0,2,0,2,0,0,4,0,4,0,0,6,0,6,8,0,8,14
02/01/2017,TZR,OH,AGL,CE,Federal Contract Tower,0,0,11,0,11,0,0,6,0,6,0,0,17,0,17,12,0,12,29
02/02/2017,TZR,OH,AGL,CE,Federal Contract Tower,0,1,3,0,4,0,0,25,0,25,0,1,28,0,29,28,0,28,57
02/03/2017,TZR,OH,AGL,CE,Federal Contract Tower,0,4,1,0,5,0,0,24,0,24,0,4,25,0,29,38,0,38,67
02/04/2017,TZR,OH,AGL,CE,Federal Contract Tower,0,0,0,0,0,0,0,43,0,43,0,0,43,0,43,26,0,26,69
02/05/2017,TZR,OH,AGL,CE,Federal Contract Tower,0,0,0,0,0,0,0,18,0,18,0,0,18,0,18,0,0,0,18
02/06/2017,TZR,OH,AGL,CE,Federal Contract Tower,0,2,4,0,6,0,0,33,0,33,0,2,37,0,39,76,0,76,115
02/07/2017,TZR,OH,AGL,CE,Federal Contract Tower,0,0,3,0,3,0,0,0,0,0,0,0,3,0,3,0,0,0,3
02/08/2017,TZR,OH,AGL,CE,Federal Contract Tower,0,0,1,0,1,0,0,2,0,2,0,0,3,0,3,0,0,0,3
02/09/2017,TZR,OH,AGL,CE,Federal Contract Tower,0,0,1,0,1,0,0,3,0,3,0,0,4,0,4,0,0,0,4
02/10/2017,TZR,OH,AGL,CE,Federal Contract Tower,0,0,2,0,2,0,0,17,0,17,0,0,19,0,19,2,0,2,21
02/11/2017,TZR,OH,AGL,CE,Federal Contract Tower,0,0,5,0,5,0,0,22,0,22,0,0,27,0,27,6,0,6,33
02/12/2017,TZR,OH,AGL,CE,Federal Contract Tower,0,0,0,0,0,0,0,1,0,1,0,0,1,0,1,0,0,0,1
02/13/2017,TZR,OH,AGL,CE,Federal Contract Tower,0,0,2,0,2,0,0,22,0,22,0,0,24,0,24,46,0,46,70
02/14/2017,TZR,OH,AGL,CE,Federal Contract Tower,0,0,1,0,1,0,0,73,0,73,0,0,74,0,74,6,0,6,80
02/15/2017,TZR,OH,AGL,CE,Federal Contract Tower,0,4,6,0,10,0,0,6,0,6,0,4,12,0,16,0,0,0,16
02/16/2017,TZR,OH,AGL,CE,Federal Contract Tower,0,0,3,0,3,0,0,33,0,33,0,0,36,0,36,62,0,62,98
02/17/2017,TZR,OH,AGL,CE,Federal Contract Tower,0,0,2,2,4,0,0,43,0,43,0,0,45,2,47,142,0,142,189
02/18/2017,TZR,OH,AGL,CE,Federal Contract Tower,0,0,4,0,4,0,0,41,0,41,0,0,45,0,45,32,0,32,77
02/19/2017,TZR,OH,AGL,CE,Federal Contract Tower,0,0,4,0,4,0,0,17,0,17,0,0,21,0,21,34,0,34,55
02/20/2017,TZR,OH,AGL,CE,Federal Contract Tower,0,0,4,0,4,0,0,6,0,6,0,0,10,0,10,0,0,0,10
02/21/2017,TZR,OH,AGL,CE,Federal Contract Tower,0,2,2,2,6,0,0,27,0,27,0,2,29,2,33,42,0,42,75
02/22/2017,TZR,OH,AGL,CE,Federal Contract Tower,0,2,10,0,12,0,0,0,0,0,0,2,10,0,12,0,0,0,12
02/23/2017,TZR,OH,AGL,CE,Federal Contract Tower,0,1,6,0,7,0,0,23,0,23,0,1,29,0,30,32,0,32,62
02/24/2017,TZR,OH,AGL,CE,Federal Contract Tower,0,0,2,0,2,0,0,20,0,20,0,0,22,0,22,24,0,24,46
02/25/2017,TZR,OH,AGL,CE,Federal Contract Tower,0,0,0,0,0,0,0,2,0,2,0,0,2,0,2,0,0,0,2
02/26/2017,TZR,OH,AGL,CE,Federal Contract Tower,0,0,4,0,4,0,0,27,0,27,0,0,31,0,31,20,0,20,51
02/27/2017,TZR,OH,AGL,CE,Federal Contract Tower,0,0,2,0,2,0,0,13,0,13,0,0,15,0,15,18,0,18,33
02/28/2017,TZR,OH,AGL,CE,Federal Contract Tower,0,0,9,0,9,0,0,3,0,3,0,0,12,0,12,0,0,0,12
03/01/2017,TZR,OH,AGL,CE,Federal Contract Tower,0,0,3,0,3,0,0,6,0,6,0,0,9,0,9,0,0,0,9
03/02/2017,TZR,OH,AGL,CE,Federal Contract Tower,0,0,6,0,6,0,0,19,0,19,0,0,25,0,25,0,0,0,25
03/03/2017,TZR,OH,AGL,CE,Federal Contract Tower,0,0,8,3,11,0,0,14,1,15,0,0,22,4,26,0,0,0,26
03/04/2017,TZR,OH,AGL,CE,Federal Contract Tower,0,0,2,0,2,0,0,19,0,19,0,0,21,0,21,28,0,28,49
03/05/2017,TZR,OH,AGL,CE,Federal Contract Tower,0,0,5,0,5,0,0,54,0,54,0,0,59,0,59,54,0,54,113
03/06/2017,TZR,OH,AGL,CE,Federal Contract Tower,0,0,4,0,4,0,0,2,0,2,0,0,6,0,6,0,0,0,6
03/07/2017,TZR,OH,AGL,CE,Federal Contract Tower,0,0,2,0,2,0,0,0,0,0,0,0,2,0,2,0,0,0,2
03/08/2017,TZR,OH,AGL,CE,Federal Contract Tower,0,0,3,0,3,0,0,14,0,14,0,0,17,0,17,18,0,18,35
03/09/2017,TZR,OH,AGL,CE,Federal Contract Tower,0,0,6,0,6,0,0,31,0,31,0,0,37,0,37,16,0,16,53
03/10/2017,TZR,OH,AGL,CE,Federal Contract Tower,0,0,2,0,2,0,0,7,0,7,0,0,9,0,9,0,0,0,9
03/11/2017,TZR,OH,AGL,CE,Federal Contract Tower,0,0,1,0,1,0,0,37,0,37,0,0,38,0,38,10,0,10,48
03/12/2017,TZR,OH,AGL,CE,Federal Contract Tower,0,0,1,0,1,0,0,42,0,42,0,0,43,0,43,2,0,2,45
03/13/2017,TZR,OH,AGL,CE,Federal Contract Tower,0,0,3,0,3,0,0,16,2,18,0,0,19,2,21,38,0,38,59
03/14/2017,TZR,OH,AGL,CE,Federal Contract Tower,0,0,2,0,2,0,0,1,0,1,0,0,3,0,3,0,0,0,3
03/15/2017,TZR,OH,AGL,CE,Federal Contract Tower,0,0,0,0,0,0,0,22,0,22,0,0,22,0,22,0,0,0,22
03/16/2017,TZR,OH,AGL,CE,Federal Contract Tower,0,0,8,0,8,0,0,41,0,41,0,0,49,0,49,36,0,36,85
03/17/2017,TZR,OH,AGL,CE,Federal Contract Tower,0,0,8,0,8,0,0,10,0,10,0,0,18,0,18,18,0,18,36
03/18/2017,TZR,OH,AGL,CE,Federal Contract Tower,0,0,6,0,6,0,0,9,0,9,0,0,15,0,15,6,0,6,21
03/19/2017,TZR,OH,AGL,CE,Federal Contract Tower,0,0,6,0,6,0,0,4,0,4,0,0,10,0,10,28,0,28,38
03/20/2017,TZR,OH,AGL,CE,Federal Contract Tower,0,0,3,0,3,0,0,2,0,2,0,0,5,0,5,0,0,0,5
03/21/2017,TZR,OH,AGL,CE,Federal Contract Tower,0,0,11,0,11,0,0,42,0,42,0,0,53,0,53,32,0,32,85
03/22/2017,TZR,OH,AGL,CE,Federal Contract Tower,0,0,1,0,1,0,0,55,0,55,0,0,56,0,56,10,0,10,66
03/23/2017,TZR,OH,AGL,CE,Federal Contract Tower,0,0,8,0,8,0,0,46,0,46,0,0,54,0,54,52,0,52,106
03/24/2017,TZR,OH,AGL,CE,Federal Contract Tower,0,0,6,0,6,0,0,23,0,23,0,0,29,0,29,46,0,46,75
03/25/2017,TZR,OH,AGL,CE,Federal Contract Tower,0,0,3,0,3,0,0,64,0,64,0,0,67,0,67,76,0,76,143
03/26/2017,TZR,OH,AGL,CE,Federal Contract Tower,0,0,6,0,6,0,0,4,0,4,0,0,10,0,10,0,0,0,10
03/27/2017,TZR,OH,AGL,CE,Federal Contract Tower,0,0,2,0,2,0,0,30,0,30,0,0,32,0,32,90,0,90,122
03/28/2017,TZR,OH,AGL,CE,Federal Contract Tower,0,0,13,0,13,0,0,1,0,1,0,0,14,0,14,10,0,10,24
03/29/2017,TZR,OH,AGL,CE,Federal Contract Tower,0,0,6,0,6,0,0,59,2,61,0,0,65,2,67,46,4,50,117
03/30/2017,TZR,OH,AGL,CE,Federal Contract Tower,0,0,2,0,2,0,0,23,0,23,0,0,25,0,25,38,0,38,63
03/31/2017,TZR,OH,AGL,CE,Federal Contract Tower,0,0,3,0,3,0,0,8,0,8,0,0,11,0,11,24,0,24,35
04/01/2017,TZR,OH,AGL,CE,Federal Contract Tower,0,0,7,0,7,0,0,3,0,3,0,0,10,0,10,22,0,22,32
04/02/2017,TZR,OH,AGL,CE,Federal Contract Tower,0,0,8,0,8,0,0,45,0,45,0,0,53,0,53,16,0,16,69
04/03/2017,TZR,OH,AGL,CE,Federal Contract Tower,0,0,1,0,1,0,0,8,0,8,0,0,9,0,9,16,0,16,25
04/04/2017,TZR,OH,AGL,CE,Federal Contract Tower,0,0,6,0,6,0,0,4,0,4,0,0,10,0,10,0,0,0,10
04/05/2017,TZR,OH,AGL,CE,Federal Contract Tower,0,0,3,0,3,0,0,51,0,51,0,0,54,0,54,6,0,6,60
04/06/2017,TZR,OH,AGL,CE,Federal Contract Tower,0,0,3,0,3,0,0,2,0,2,0,0,5,0,5,0,0,0,5
04/07/2017,TZR,OH,AGL,CE,Federal Contract Tower,0,0,4,0,4,0,0,13,0,13,0,0,17,0,17,0,0,0,17
04/08/2017,TZR,OH,AGL,CE,Federal Contract Tower,0,0,5,0,5,0,0,80,0,80,0,0,85,0,85,40,0,40,125
04/09/2017,TZR,OH,AGL,CE,Federal Contract Tower,0,0,5,0,5,0,0,33,0,33,0,0,38,0,38,58,0,58,96
04/10/2017,TZR,OH,AGL,CE,Federal Contract Tower,0,0,4,0,4,0,0,10,0,10,0,0,14,0,14,24,0,24,38
04/11/2017,TZR,OH,AGL,CE,Federal Contract Tower,0,0,9,2,11,0,0,12,0,12,0,0,21,2,23,0,0,0,23
04/12/2017,TZR,OH,AGL,CE,Federal Contract Tower,0,0,17,2,19,0,0,79,0,79,0,0,96,2,98,86,0,86,184
04/13/2017,TZR,OH,AGL,CE,Federal Contract Tower,0,0,7,0,7,0,0,38,0,38,0,0,45,0,45,42,0,42,87
04/14/2017,TZR,OH,AGL,CE,Federal Contract Tower,0,0,4,0,4,0,0,24,0,24,0,0,28,0,28,26,0,26,54
04/15/2017,TZR,OH,AGL,CE,Federal Contract Tower,0,0,2,0,2,0,0,20,0,20,0,0,22,0,22,36,0,36,58
04/16/2017,TZR,OH,AGL,CE,Federal Contract Tower,0,0,1,0,1,0,0,2,0,2,0,0,3,0,3,0,0,0,3
04/17/2017,TZR,OH,AGL,CE,Federal Contract Tower,0,0,4,0,4,0,0,21,0,21,0,0,25,0,25,22,0,22,47
04/18/2017,TZR,OH,AGL,CE,Federal Contract Tower,0,0,5,0,5,0,0,47,4,51,0,0,52,4,56,14,0,14,70
04/19/2017,TZR,OH,AGL,CE,Federal Contract Tower,0,0,8,0,8,0,0,16,0,16,0,0,24,0,24,0,0,0,24
04/20/2017,TZR,OH,AGL,CE,Federal Contract Tower,0,0,4,0,4,0,0,15,0,15,0,0,19,0,19,12,0,12,31
04/21/2017,TZR,OH,AGL,CE,Federal Contract Tower,0,0,8,0,8,0,0,29,0,29,0,0,37,0,37,14,0,14,51
04/22/2017,TZR,OH,AGL,CE,Federal Contract Tower,0,0,7,0,7,0,0,17,0,17,0,0,24,0,24,48,0,48,72
04/23/2017,TZR,OH,AGL,CE,Federal Contract Tower,0,0,2,0,2,0,0,22,0,22,0,0,24,0,24,22,0,22,46
04/24/2017,TZR,OH,AGL,CE,Federal Contract Tower,0,0,2,0,2,0,0,16,0,16,0,0,18,0,18,58,0,58,76
04/25/2017,TZR,OH,AGL,CE,Federal Contract Tower,0,0,13,0,13,0,0,41,2,43,0,0,54,2,56,40,0,40,96
04/26/2017,TZR,OH,AGL,CE,Federal Contract Tower,0,0,20,0,20,0,0,32,0,32,0,0,52,0,52,20,0,20,72
04/27/2017,TZR,OH,AGL,CE,Federal Contract Tower,0,0,4,0,4,0,0,6,1,7,0,0,10,1,11,8,0,8,19
04/28/2017,TZR,OH,AGL,CE,Federal Contract Tower,0,0,1,0,1,0,4,37,0,41,0,4,38,0,42,52,0,52,94
04/29/2017,TZR,OH,AGL,CE,Federal Contract Tower,0,0,0,0,0,0,0,6,0,6,0,0,6,0,6,6,0,6,12
04/30/2017,TZR,OH,AGL,CE,Federal Contract Tower,0,0,1,0,1,0,0,11,0,11,0,0,12,0,12,0,0,0,12
05/01/2017,TZR,OH,AGL,CE,Federal Contract Tower,0,0,0,0,0,0,0,7,0,7,0,0,7,0,7,14,0,14,21
05/02/2017,TZR,OH,AGL,CE,Federal Contract Tower,0,0,1,0,1,0,0,0,0,0,0,0,1,0,1,2,0,2,3
05/03/2017,TZR,OH,AGL,CE,Federal Contract Tower,0,0,1,0,1,0,0,51,0,51,0,0,52,0,52,44,0,44,96
05/04/2017,TZR,OH,AGL,CE,Federal Contract Tower,0,0,7,0,7,0,0,12,0,12,0,0,19,0,19,44,0,44,63
05/05/2017,TZR,OH,AGL,CE,Federal Contract Tower,0,0,5,0,5,0,0,0,0,0,0,0,5,0,5,0,0,0,5
05/06/2017,TZR,OH,AGL,CE,Federal Contract Tower,0,0,1,0,1,0,0,14,2,16,0,0,15,2,17,52,0,52,69
05/07/2017,TZR,OH,AGL,CE,Federal Contract Tower,0,0,4,0,4,0,0,27,0,27,0,0,31,0,31,26,0,26,57
05/08/2017,TZR,OH,AGL,CE,Federal Contract Tower,0,0,5,0,5,0,0,34,0,34,0,0,39,0,39,120,0,120,159
05/09/2017,TZR,OH,AGL,CE,Federal Contract Tower,0,0,15,0,15,0,0,13,0,13,0,0,28,0,28,34,0,34,62
05/10/2017,TZR,OH,AGL,CE,Federal Contract Tower,0,0,3,0,3,0,0,22,4,26,0,0,25,4,29,50,0,50,79
05/11/2017,TZR,OH,AGL,CE,Federal Contract Tower,0,0,2,0,2,0,0,22,0,22,0,0,24,0,24,62,0,62,86
05/12/2017,TZR,OH,AGL,CE,Federal Contract Tower,0,0,6,0,6,0,0,35,2,37,0,0,41,2,43,44,0,44,87
05/13/2017,TZR,OH,AGL,CE,Federal Contract Tower,0,0,3,0,3,0,0,30,0,30,0,0,33,0,33,56,0,56,89
05/14/2017,TZR,OH,AGL,CE,Federal Contract Tower,0,0,1,0,1,0,0,24,0,24,0,0,25,0,25,12,0,12,37
05/15/2017,TZR,OH,AGL,CE,Federal Contract Tower,0,0,5,0,5,0,0,26,0,26,0,0,31,0,31,38,0,38,69
05/16/2017,TZR,OH,AGL,CE,Federal Contract Tower,0,0,2,0,2,0,0,55,0,55,0,0,57,0,57,54,0,54,111
05/17/2017,TZR,OH,AGL,CE,Federal Contract Tower,0,3,1,0,4,0,0,38,0,38,0,3,39,0,42,20,0,20,62
05/18/2017,TZR,OH,AGL,CE,Federal Contract Tower,0,1,5,0,6,0,0,24,0,24,0,1,29,0,30,42,0,42,72
05/19/2017,TZR,OH,AGL,CE,Federal Contract Tower,0,0,2,0,2,0,0,15,0,15,0,0,17,0,17,8,0,8,25
05/20/2017,TZR,OH,AGL,CE,Federal Contract Tower,0,0,2,0,2,0,0,2,0,2,0,0,4,0,4,0,0,0,4
05/21/2017,TZR,OH,AGL,CE,Federal Contract Tower,0,0,0,0,0,0,0,3,0,3,0,0,3,0,3,0,0,0,3
05/22/2017,TZR,OH,AGL,CE,Federal Contract Tower,0,0,4,0,4,0,0,32,0,32,0,0,36,0,36,18,0,18,54
05/23/2017,TZR,OH,AGL,CE,Federal Contract Tower,0,0,8,0,8,0,0,61,0,61,0,0,69,0,69,74,0,74,143
05/24/2017,TZR,OH,AGL,CE,Federal Contract Tower,0,0,9,0,9,0,0,8,0,8,0,0,17,0,17,8,0,8,25
05/25/2017,TZR,OH,AGL,CE,Federal Contract Tower,0,0,8,0,8,0,0,12,0,12,0,0,20,0,20,18,0,18,38
05/26/2017,TZR,OH,AGL,CE,Federal Contract Tower,0,0,5,0,5,0,0,39,0,39,0,0,44,0,44,18,0,18,62
05/27/2017,TZR,OH,AGL,CE,Federal Contract Tower,0,0,0,0,0,0,0,25,0,25,0,0,25,0,25,18,0,18,43
05/28/2017,TZR,OH,AGL,CE,Federal Contract Tower,0,0,1,0,1,0,0,14,0,14,0,0,15,0,15,32,0,32,47
05/29/2017,TZR,OH,AGL,CE,Federal Contract Tower,0,0,3,0,3,0,0,58,0,58,0,0,61,0,61,52,0,52,113
05/30/2017,TZR,OH,AGL,CE,Federal Contract Tower,0,0,5,0,5,0,0,21,0,21,0,0,26,0,26,16,0,16,42
05/31/2017,TZR,OH,AGL,CE,Federal Contract Tower,0,0,1,0,1,0,0,17,0,17,0,0,18,0,18,42,0,42,60
06/01/2017,TZR,OH,AGL,CE,Federal Contract Tower,0,0,2,0,2,0,0,58,0,58,0,0,60,0,60,32,0,32,92
06/02/2017,TZR,OH,AGL,CE,Federal Contract Tower,0,0,0,0,0,0,0,36,0,36,0,0,36,0,36,90,0,90,126
06/03/2017,TZR,OH,AGL,CE,Federal Contract Tower,0,0,11,0,11,0,0,52,0,52,0,0,63,0,63,34,0,34,97
06/04/2017,TZR,OH,AGL,CE,Federal Contract Tower,0,0,6,0,6,0,0,22,0,22,0,0,28,0,28,14,0,14,42
06/05/2017,TZR,OH,AGL,CE,Federal Contract Tower,0,0,1,0,1,0,0,28,0,28,0,0,29,0,29,36,0,36,65
06/06/2017,TZR,OH,AGL,CE,Federal Contract Tower,0,0,8,0,8,0,0,37,0,37,0,0,45,0,45,20,0,20,65
06/07/2017,TZR,OH,AGL,CE,Federal Contract Tower,0,0,8,0,8,0,0,18,0,18,0,0,26,0,26,30,0,30,56
06/08/2017,TZR,OH,AGL,CE,Federal Contract Tower,0,0,11,0,11,0,0,83,0,83,0,0,94,0,94,76,0,76,170
06/09/2017,TZR,OH,AGL,CE,Federal Contract Tower,0,0,3,2,5,0,0,29,0,29,0,0,32,2,34,0,0,0,34
06/10/2017,TZR,OH,AGL,CE,Federal Contract Tower,0,0,6,0,6,0,0,22,0,22,0,0,28,0,28,0,0,0,28
06/11/2017,TZR,OH,AGL,CE,Federal Contract Tower,0,0,7,0,7,0,0,21,0,21,0,0,28,0,28,24,0,24,52
06/12/2017,TZR,OH,AGL,CE,Federal Contract Tower,0,0,5,0,5,0,0,26,0,26,0,0,31,0,31,34,0,34,65
06/13/2017,TZR,OH,AGL,CE,Federal Contract Tower,0,0,1,0,1,0,0,6,0,6,0,0,7,0,7,14,0,14,21
06/14/2017,TZR,OH,AGL,CE,Federal Contract Tower,0,0,3,0,3,0,0,17,0,17,0,0,20,0,20,24,0,24,44
06/15/2017,TZR,OH,AGL,CE,Federal Contract Tower,0,0,6,0,6,0,0,10,0,10,0,0,16,0,16,10,0,10,26
06/16/2017,TZR,OH,AGL,CE,Federal Contract Tower,0,0,2,0,2,0,0,48,0,48,0,0,50,0,50,58,0,58,108
06/17/2017,TZR,OH,AGL,CE,Federal Contract Tower,0,0,13,0,13,0,0,37,0,37,0,0,50,0,50,22,0,22,72
06/18/2017,TZR,OH,AGL,CE,Federal Contract Tower,0,0,1,0,1,0,0,6,0,6,0,0,7,0,7,0,0,0,7
06/19/2017,TZR,OH,AGL,CE,Federal Contract Tower,0,0,4,0,4,0,0,22,0,22,0,0,26,0,26,10,0,10,36
06/20/2017,TZR,OH,AGL,CE,Federal Contract Tower,0,0,5,0,5,0,0,38,0,38,0,0,43,0,43,10,0,10,53
06/21/2017,TZR,OH,AGL,CE,Federal Contract Tower,0,0,5,0,5,0,0,31,0,31,0,0,36,0,36,4,0,4,40
06/22/2017,TZR,OH,AGL,CE,Federal Contract Tower,0,0,2,0,2,0,0,44,2,46,0,0,46,2,48,46,2,48,96
06/23/2017,TZR,OH,AGL,CE,Federal Contract Tower,0,0,1,0,1,0,0,2,0,2,0,0,3,0,3,0,0,0,3
06/24/2017,TZR,OH,AGL,CE,Federal Contract Tower,0,0,8,0,8,0,0,72,0,72,0,0,80,0,80,16,0,16,96
06/25/2017,TZR,OH,AGL,CE,Federal Contract Tower,0,0,2,0,2,0,0,29,0,29,0,0,31,0,31,8,0,8,39
06/26/2017,TZR,OH,AGL,CE,Federal Contract Tower,0,0,8,0,8,0,0,15,0,15,0,0,23,0,23,0,0,0,23
06/27/2017,TZR,OH,AGL,CE,Federal Contract Tower,0,2,8,0,10,0,0,42,0,42,0,2,50,0,52,54,0,54,106
06/28/2017,TZR,OH,AGL,CE,Federal Contract Tower,0,0,7,0,7,0,0,50,0,50,0,0,57,0,57,30,0,30,87
06/29/2017,TZR,OH,AGL,CE,Federal Contract Tower,0,0,11,0,11,0,0,13,0,13,0,0,24,0,24,46,0,46,70
06/30/2017,TZR,OH,AGL,CE,Federal Contract Tower,0,0,6,0,6,0,0,18,0,18,0,0,24,0,24,20,0,20,44
07/01/2017,TZR,OH,AGL,CE,Federal Contract Tower,0,0,0,0,0,0,0,24,0,24,0,0,24,0,24,70,0,70,94
07/02/2017,TZR,OH,AGL,CE,Federal Contract Tower,0,0,2,0,2,0,0,18,0,18,0,0,20,0,20,2,0,2,22
07/03/2017,TZR,OH,AGL,CE,Federal Contract Tower,0,0,1,0,1,0,0,34,0,34,0,0,35,0,35,24,0,24,59
07/04/2017,TZR,OH,AGL,CE,Federal Contract Tower,0,0,1,0,1,0,0,23,0,23,0,0,24,0,24,10,0,10,34
07/05/2017,TZR,OH,AGL,CE,Federal Contract Tower,0,0,3,0,3,0,0,53,0,53,0,0,56,0,56,20,0,20,76
07/06/2017,TZR,OH,AGL,CE,Federal Contract Tower,0,0,3,0,3,0,0,0,0,0,0,0,3,0,3,0,0,0,3
07/07/2017,TZR,OH,AGL,CE,Federal Contract Tower,0,0,4,0,4,0,0,21,0,21,0,0,25,0,25,16,0,16,41
07/08/2017,TZR,OH,AGL,CE,Federal Contract Tower,0,0,5,0,5,0,0,55,0,55,0,0,60,0,60,56,0,56,116
07/09/2017,TZR,OH,AGL,CE,Federal Contract Tower,0,0,4,0,4,0,0,61,0,61,0,0,65,0,65,40,0,40,105
07/10/2017,TZR,OH,AGL,CE,Federal Contract Tower,0,0,3,0,3,0,0,14,0,14,0,0,17,0,17,38,0,38,55
07/11/2017,TZR,OH,AGL,CE,Federal Contract Tower,0,0,6,0,6,0,0,9,0,9,0,0,15,0,15,18,0,18,33
07/12/2017,TZR,OH,AGL,CE,Federal Contract Tower,0,0,2,0,2,0,0,25,0,25,0,0,27,0,27,18,0,18,45
07/13/2017,TZR,OH,AGL,CE,Federal Contract Tower,0,0,1,0,1,0,0,6,0,6,0,0,7,0,7,0,0,0,7
07/14/2017,TZR,OH,AGL,CE,Federal Contract Tower,0,0,7,0,7,0,0,24,0,24,0,0,31,0,31,8,0,8,39
07/15/2017,TZR,OH,AGL,CE,Federal Contract Tower,0,0,4,0,4,0,0,50,0,50,0,0,54,0,54,46,0,46,100
07/16/2017,TZR,OH,AGL,CE,Federal Contract Tower,0,0,9,0,9,0,0,47,0,47,0,0,56,0,56,54,0,54,110
07/17/2017,TZR,OH,AGL,CE,Federal Contract Tower,0,0,3,0,3,0,0,24,0,24,0,0,27,0,27,14,0,14,41
07/18/2017,TZR,OH,AGL,CE,Federal Contract Tower,0,0,10,0,10,0,0,34,0,34,0,0,44,0,44,6,0,6,50
07/19/2017,TZR,OH,AGL,CE,Federal Contract Tower,0,0,10,0,10,0,0,54,0,54,0,0,64,0,64,18,0,18,82
07/20/2017,TZR,OH,AGL,CE,Federal Contract Tower,0,0,9,0,9,0,0,6,0,6,0,0,15,0,15,14,0,14,29
07/21/2017,TZR,OH,AGL,CE,Federal Contract Tower,0,0,4,0,4,0,0,14,0,14,0,0,18,0,18,0,0,0,18
07/22/2017,TZR,OH,AGL,CE,Federal Contract Tower,0,0,0,0,0,0,0,14,0,14,0,0,14,0,14,16,0,16,30
07/23/2017,TZR,OH,AGL,CE,Federal Contract Tower,0,0,3,0,3,0,0,4,0,4,0,0,7,0,7,8,0,8,15
07/24/2017,TZR,OH,AGL,CE,Federal Contract Tower,0,0,7,0,7,0,0,17,0,17,0,0,24,0,24,6,0,6,30
07/25/2017,TZR,OH,AGL,CE,Federal Contract Tower,0,0,7,0,7,0,0,53,0,53,0,0,60,0,60,10,0,10,70
07/26/2017,TZR,OH,AGL,CE,Federal Contract Tower,0,0,0,0,0,0,0,31,0,31,0,0,31,0,31,24,0,24,55
07/27/2017,TZR,OH,AGL,CE,Federal Contract Tower,0,0,3,0,3,0,0,7,0,7,0,0,10,0,10,10,0,10,20
07/28/2017,TZR,OH,AGL,CE,Federal Contract Tower,0,0,6,0,6,0,0,13,0,13,0,0,19,0,19,22,0,22,41
07/29/2017,TZR,OH,AGL,CE,Federal Contract Tower,0,0,3,0,3,0,0,35,0,35,0,0,38,0,38,20,0,20,58
07/30/2017,TZR,OH,AGL,CE,Federal Contract Tower,0,0,5,0,5,0,0,48,0,48,0,0,53,0,53,50,0,50,103
07/31/2017,TZR,OH,AGL,CE,Federal Contract Tower,0,0,6,0,6,0,0,39,0,39,0,0,45,0,45,26,0,26,71
08/01/2017,TZR,OH,AGL,CE,Federal Contract Tower,0,0,8,0,8,0,0,55,0,55,0,0,63,0,63,38,0,38,101
08/02/2017,TZR,OH,AGL,CE,Federal Contract Tower,0,0,13,0,13,0,0,21,0,21,0,0,34,0,34,6,0,6,40
08/03/2017,TZR,OH,AGL,CE,Federal Contract Tower,0,0,2,0,2,0,0,51,0,51,0,0,53,0,53,22,0,22,75
08/04/2017,TZR,OH,AGL,CE,Federal Contract Tower,0,0,5,0,5,0,0,13,0,13,0,0,18,0,18,20,0,20,38
08/05/2017,TZR,OH,AGL,CE,Federal Contract Tower,0,0,7,0,7,0,0,54,0,54,0,0,61,0,61,52,0,52,113
08/06/2017,TZR,OH,AGL,CE,Federal Contract Tower,0,0,11,0,11,0,0,17,0,17,0,0,28,0,28,26,0,26,54
08/07/2017,TZR,OH,AGL,CE,Federal Contract Tower,0,0,4,0,4,0,0,7,0,7,0,0,11,0,11,6,0,6,17
08/08/2017,TZR,OH,AGL,CE,Federal Contract Tower,0,0,6,0,6,0,0,32,0,32,0,0,38,0,38,46,0,46,84
08/09/2017,TZR,OH,AGL,CE,Federal Contract Tower,0,0,6,0,6,0,0,37,0,37,0,0,43,0,43,18,0,18,61
08/10/2017,TZR,OH,AGL,CE,Federal Contract Tower,0,0,6,2,8,0,0,32,0,32,0,0,38,2,40,56,0,56,96
08/11/2017,TZR,OH,AGL,CE,Federal Contract Tower,0,0,6,0,6,0,0,11,0,11,0,0,17,0,17,20,0,20,37
08/13/2017,TZR,OH,AGL,CE,Federal Contract Tower,0,0,2,0,2,0,0,50,0,50,0,0,52,0,52,38,0,38,90
08/14/2017,TZR,OH,AGL,CE,Federal Contract Tower,0,0,2,0,2,0,0,15,0,15,0,0,17,0,17,38,0,38,55
08/15/2017,TZR,OH,AGL,CE,Federal Contract Tower,0,0,9,0,9,0,0,26,0,26,0,0,35,0,35,10,0,10,45
08/16/2017,TZR,OH,AGL,CE,Federal Contract Tower,0,2,10,0,12,0,0,19,0,19,0,2,29,0,31,0,0,0,31
08/17/2017,TZR,OH,AGL,CE,Federal Contract Tower,0,0,9,0,9,0,0,12,0,12,0,0,21,0,21,0,0,0,21
08/18/2017,TZR,OH,AGL,CE,Federal Contract Tower,0,0,3,0,3,0,0,23,0,23,0,0,26,0,26,10,0,10,36
08/19/2017,TZR,OH,AGL,CE,Federal Contract Tower,0,0,0,0,0,0,0,8,0,8,0,0,8,0,8,0,0,0,8
08/20/2017,TZR,OH,AGL,CE,Federal Contract Tower,0,0,3,0,3,0,0,44,0,44,0,0,47,0,47,18,0,18,65
08/21/2017,TZR,OH,AGL,CE,Federal Contract Tower,0,0,13,0,13,0,0,31,0,31,0,0,44,0,44,0,0,0,44
08/22/2017,TZR,OH,AGL,CE,Federal Contract Tower,0,0,6,0,6,0,0,8,0,8,0,0,14,0,14,16,0,16,30
08/23/2017,TZR,OH,AGL,CE,Federal Contract Tower,0,0,19,0,19,0,0,31,0,31,0,0,50,0,50,10,0,10,60
08/24/2017,TZR,OH,AGL,CE,Federal Contract Tower,0,0,12,0,12,0,0,35,0,35,0,0,47,0,47,0,0,0,47
08/25/2017,TZR,OH,AGL,CE,Federal Contract Tower,0,0,3,0,3,0,0,33,0,33,0,0,36,0,36,0,0,0,36
08/26/2017,TZR,OH,AGL,CE,Federal Contract Tower,0,0,6,0,6,0,0,36,0,36,0,0,42,0,42,42,0,42,84
08/27/2017,TZR,OH,AGL,CE,Federal Contract Tower,0,0,4,0,4,0,0,70,0,70,0,0,74,0,74,26,0,26,100
08/28/2017,TZR,OH,AGL,CE,Federal Contract Tower,0,0,6,0,6,0,0,22,0,22,0,0,28,0,28,38,0,38,66
08/29/2017,TZR,OH,AGL,CE,Federal Contract Tower,0,0,4,0,4,0,0,21,4,25,0,0,25,4,29,6,0,6,35
08/30/2017,TZR,OH,AGL,CE,Federal Contract Tower,0,0,4,0,4,0,0,23,0,23,0,0,27,0,27,2,0,2,29
08/31/2017,TZR,OH,AGL,CE,Federal Contract Tower,0,0,9,0,9,0,0,46,0,46,0,0,55,0,55,34,0,34,89
09/01/2017,TZR,OH,AGL,CE,Federal Contract Tower,0,0,9,0,9,0,0,15,0,15,0,0,24,0,24,12,0,12,36
09/02/2017,TZR,OH,AGL,CE,Federal Contract Tower,0,0,3,0,3,0,0,3,0,3,0,0,6,0,6,0,0,0,6
09/03/2017,TZR,OH,AGL,CE,Federal Contract Tower,0,0,5,0,5,0,0,25,0,25,0,0,30,0,30,18,0,18,48
09/04/2017,TZR,OH,AGL,CE,Federal Contract Tower,0,0,4,0,4,0,0,17,0,17,0,0,21,0,21,10,0,10,31
09/05/2017,TZR,OH,AGL,CE,Federal Contract Tower,0,0,3,0,3,0,0,15,0,15,0,0,18,0,18,8,0,8,26
09/06/2017,TZR,OH,AGL,CE,Federal Contract Tower,0,0,0,0,0,0,0,31,2,33,0,0,31,2,33,14,0,14,47
09/07/2017,TZR,OH,AGL,CE,Federal Contract Tower,0,0,5,0,5,0,0,13,0,13,0,0,18,0,18,4,0,4,22
09/08/2017,TZR,OH,AGL,CE,Federal Contract Tower,0,0,5,0,5,0,0,35,0,35,0,0,40,0,40,40,0,40,80
09/09/2017,TZR,OH,AGL,CE,Federal Contract Tower,0,0,14,0,14,0,0,36,0,36,0,0,50,0,50,54,0,54,104
09/10/2017,TZR,OH,AGL,CE,Federal Contract Tower,0,0,4,0,4,0,0,30,0,30,0,0,34,0,34,22,0,22,56
09/11/2017,TZR,OH,AGL,CE,Federal Contract Tower,0,0,11,0,11,0,0,25,0,25,0,0,36,0,36,34,0,34,70
09/12/2017,TZR,OH,AGL,CE,Federal Contract Tower,0,0,11,2,13,0,0,21,0,21,0,0,32,2,34,0,0,0,34
09/13/2017,TZR,OH,AGL,CE,Federal Contract Tower,0,2,5,0,7,0,0,7,0,7,0,2,12,0,14,12,0,12,26
09/14/2017,TZR,OH,AGL,CE,Federal Contract Tower,0,2,7,0,9,0,0,9,0,9,0,2,16,0,18,6,0,6,24
09/15/2017,TZR,OH,AGL,CE,Federal Contract Tower,0,0,6,1,7,0,0,16,2,18,0,0,22,3,25,0,0,0,25
09/16/2017,TZR,OH,AGL,CE,Federal Contract Tower,0,0,7,0,7,0,0,50,0,50,0,0,57,0,57,32,0,32,89
09/17/2017,TZR,OH,AGL,CE,Federal Contract Tower,0,0,3,0,3,0,0,37,0,37,0,0,40,0,40,8,0,8,48
09/18/2017,TZR,OH,AGL,CE,Federal Contract Tower,0,0,0,0,0,0,0,0,0,0,0,0,0,0,0,0,0,0,0
09/19/2017,TZR,OH,AGL,CE,Federal Contract Tower,0,0,0,0,0,0,0,4,0,4,0,0,4,0,4,0,0,0,4
09/20/2017,TZR,OH,AGL,CE,Federal Contract Tower,0,0,0,0,0,0,0,4,0,4,0,0,4,0,4,0,0,0,4
09/21/2017,TZR,OH,AGL,CE,Federal Contract Tower,0,0,0,0,0,0,0,0,0,0,0,0,0,0,0,0,0,0,0
09/22/2017,TZR,OH,AGL,CE,Federal Contract Tower,0,0,0,0,0,0,0,2,0,2,0,0,2,0,2,0,0,0,2
09/23/2017,TZR,OH,AGL,CE,Federal Contract Tower,0,0,0,0,0,0,0,2,0,2,0,0,2,0,2,2,0,2,4
09/24/2017,TZR,OH,AGL,CE,Federal Contract Tower,0,0,0,0,0,0,0,0,0,0,0,0,0,0,0,0,0,0,0
09/25/2017,TZR,OH,AGL,CE,Federal Contract Tower,0,0,0,0,0,0,0,0,0,0,0,0,0,0,0,0,0,0,0
09/26/2017,TZR,OH,AGL,CE,Federal Contract Tower,0,0,0,0,0,0,0,2,0,2,0,0,2,0,2,0,0,0,2
09/27/2017,TZR,OH,AGL,CE,Federal Contract Tower,0,0,0,0,0,0,0,4,0,4,0,0,4,0,4,0,0,0,4
09/28/2017,TZR,OH,AGL,CE,Federal Contract Tower,0,0,0,0,0,0,0,2,0,2,0,0,2,0,2,0,0,0,2
09/29/2017,TZR,OH,AGL,CE,Federal Contract Tower,0,0,0,0,0,0,0,0,0,0,0,0,0,0,0,0,0,0,0
09/30/2017,TZR,OH,AGL,CE,Federal Contract Tower,0,0,0,0,0,0,0,0,0,0,0,0,0,0,0,0,0,0,0
10/01/2017,TZR,OH,AGL,CE,Federal Contract Tower,0,0,0,0,0,0,0,0,0,0,0,0,0,0,0,0,0,0,0
10/02/2017,TZR,OH,AGL,CE,Federal Contract Tower,0,0,0,0,0,0,0,0,0,0,0,0,0,0,0,0,0,0,0
10/03/2017,TZR,OH,AGL,CE,Federal Contract Tower,0,0,0,0,0,0,0,26,0,26,0,0,26,0,26,22,0,22,48
10/04/2017,TZR,OH,AGL,CE,Federal Contract Tower,0,0,0,0,0,0,0,34,0,34,0,0,34,0,34,40,0,40,74
10/05/2017,TZR,OH,AGL,CE,Federal Contract Tower,0,0,1,0,1,0,0,0,0,0,0,0,1,0,1,0,0,0,1
10/06/2017,TZR,OH,AGL,CE,Federal Contract Tower,0,0,4,0,4,0,0,9,0,9,0,0,13,0,13,24,0,24,37
10/07/2017,TZR,OH,AGL,CE,Federal Contract Tower,0,0,5,0,5,0,0,36,0,36,0,0,41,0,41,26,0,26,67
10/08/2017,TZR,OH,AGL,CE,Federal Contract Tower,0,0,3,0,3,0,0,17,0,17,0,0,20,0,20,2,0,2,22
10/09/2017,TZR,OH,AGL,CE,Federal Contract Tower,0,0,17,0,17,0,0,2,0,2,0,0,19,0,19,0,0,0,19
10/10/2017,TZR,OH,AGL,CE,Federal Contract Tower,0,0,7,0,7,0,0,16,4,20,0,0,23,4,27,12,0,12,39
10/11/2017,TZR,OH,AGL,CE,Federal Contract Tower,0,0,4,0,4,0,0,25,0,25,0,0,29,0,29,12,0,12,41
10/12/2017,TZR,OH,AGL,CE,Federal Contract Tower,0,0,2,0,2,0,0,9,0,9,0,0,11,0,11,24,0,24,35
10/13/2017,TZR,OH,AGL,CE,Federal Contract Tower,0,0,9,0,9,0,0,15,0,15,0,0,24,0,24,6,0,6,30
10/14/2017,TZR,OH,AGL,CE,Federal Contract Tower,0,0,9,0,9,0,0,51,0,51,0,0,60,0,60,36,0,36,96
10/15/2017,TZR,OH,AGL,CE,Federal Contract Tower,0,0,4,0,4,0,0,16,0,16,0,0,20,0,20,20,0,20,40
10/16/2017,TZR,OH,AGL,CE,Federal Contract Tower,0,0,2,0,2,0,0,24,0,24,0,0,26,0,26,84,0,84,110
10/17/2017,TZR,OH,AGL,CE,Federal Contract Tower,0,0,18,0,18,0,0,57,0,57,0,0,75,0,75,142,0,142,217
10/18/2017,TZR,OH,AGL,CE,Federal Contract Tower,0,0,7,0,7,0,0,27,0,27,0,0,34,0,34,28,0,28,62
10/19/2017,TZR,OH,AGL,CE,Federal Contract Tower,0,0,3,0,3,0,0,27,0,27,0,0,30,0,30,14,0,14,44
10/20/2017,TZR,OH,AGL,CE,Federal Contract Tower,0,0,2,0,2,0,0,49,0,49,0,0,51,0,51,10,0,10,61
10/21/2017,TZR,OH,AGL,CE,Federal Contract Tower,0,0,2,0,2,0,0,163,0,163,0,0,165,0,165,0,0,0,165
10/22/2017,TZR,OH,AGL,CE,Federal Contract Tower,0,0,4,0,4,0,0,19,0,19,0,0,23,0,23,4,0,4,27
10/23/2017,TZR,OH,AGL,CE,Federal Contract Tower,0,0,2,0,2,0,0,3,0,3,0,0,5,0,5,4,0,4,9
10/24/2017,TZR,OH,AGL,CE,Federal Contract Tower,0,0,10,0,10,0,0,15,0,15,0,0,25,0,25,0,0,0,25
10/25/2017,TZR,OH,AGL,CE,Federal Contract Tower,0,0,3,0,3,0,0,14,0,14,0,0,17,0,17,0,0,0,17
10/26/2017,TZR,OH,AGL,CE,Federal Contract Tower,0,0,7,0,7,0,0,47,0,47,0,0,54,0,54,26,0,26,80
10/27/2017,TZR,OH,AGL,CE,Federal Contract Tower,0,0,3,0,3,0,0,21,0,21,0,0,24,0,24,4,0,4,28
10/28/2017,TZR,OH,AGL,CE,Federal Contract Tower,0,0,0,0,0,0,0,6,0,6,0,0,6,0,6,0,0,0,6
10/29/2017,TZR,OH,AGL,CE,Federal Contract Tower,0,0,6,0,6,0,0,41,4,45,0,0,47,4,51,6,0,6,57
10/30/2017,TZR,OH,AGL,CE,Federal Contract Tower,0,0,12,0,12,0,0,11,0,11,0,0,23,0,23,28,0,28,51
10/31/2017,TZR,OH,AGL,CE,Federal Contract Tower,0,0,3,0,3,0,0,45,0,45,0,0,48,0,48,44,0,44,92
11/01/2017,TZR,OH,AGL,CE,Federal Contract Tower,0,0,1,0,1,0,0,0,0,0,0,0,1,0,1,0,0,0,1
11/02/2017,TZR,OH,AGL,CE,Federal Contract Tower,0,0,4,0,4,0,0,17,0,17,0,0,21,0,21,48,0,48,69
11/03/2017,TZR,OH,AGL,CE,Federal Contract Tower,0,0,6,0,6,0,0,18,0,18,0,0,24,0,24,34,0,34,58
11/04/2017,TZR,OH,AGL,CE,Federal Contract Tower,0,0,3,0,3,0,0,4,0,4,0,0,7,0,7,12,0,12,19
11/05/2017,TZR,OH,AGL,CE,Federal Contract Tower,0,0,4,0,4,0,0,0,0,0,0,0,4,0,4,0,0,0,4
11/06/2017,TZR,OH,AGL,CE,Federal Contract Tower,0,0,0,0,0,0,0,6,0,6,0,0,6,0,6,0,0,0,6
11/07/2017,TZR,OH,AGL,CE,Federal Contract Tower,0,0,0,0,0,0,0,2,0,2,0,0,2,0,2,0,0,0,2
11/08/2017,TZR,OH,AGL,CE,Federal Contract Tower,0,0,0,0,0,0,0,6,0,6,0,0,6,0,6,0,0,0,6
11/09/2017,TZR,OH,AGL,CE,Federal Contract Tower,0,0,0,0,0,0,0,6,0,6,0,0,6,0,6,0,0,0,6
11/10/2017,TZR,OH,AGL,CE,Federal Contract Tower,0,0,0,0,0,0,0,11,0,11,0,0,11,0,11,0,0,0,11
11/11/2017,TZR,OH,AGL,CE,Federal Contract Tower,0,0,1,0,1,0,0,67,0,67,0,0,68,0,68,14,0,14,82
11/12/2017,TZR,OH,AGL,CE,Federal Contract Tower,0,0,5,0,5,0,0,21,0,21,0,0,26,0,26,6,0,6,32
11/13/2017,TZR,OH,AGL,CE,Federal Contract Tower,0,0,2,0,2,0,0,4,0,4,0,0,6,0,6,4,0,4,10
11/14/2017,TZR,OH,AGL,CE,Federal Contract Tower,0,0,7,0,7,0,0,70,0,70,0,0,77,0,77,64,0,64,141
11/15/2017,TZR,OH,AGL,CE,Federal Contract Tower,0,0,6,0,6,0,0,8,0,8,0,0,14,0,14,0,0,0,14
11/16/2017,TZR,OH,AGL,CE,Federal Contract Tower,0,0,3,0,3,0,0,11,0,11,0,0,14,0,14,22,0,22,36
11/17/2017,TZR,OH,AGL,CE,Federal Contract Tower,0,0,5,0,5,0,0,24,0,24,0,0,29,0,29,8,0,8,37
11/18/2017,TZR,OH,AGL,CE,Federal Contract Tower,0,0,0,0,0,0,0,7,0,7,0,0,7,0,7,4,0,4,11
11/19/2017,TZR,OH,AGL,CE,Federal Contract Tower,0,0,1,0,1,0,0,0,0,0,0,0,1,0,1,14,0,14,15
11/20/2017,TZR,OH,AGL,CE,Federal Contract Tower,0,0,2,0,2,0,0,31,0,31,0,0,33,0,33,84,0,84,117
11/21/2017,TZR,OH,AGL,CE,Federal Contract Tower,0,0,7,0,7,0,0,29,0,29,0,0,36,0,36,28,0,28,64
11/22/2017,TZR,OH,AGL,CE,Federal Contract Tower,0,0,6,0,6,0,0,36,0,36,0,0,42,0,42,40,0,40,82
11/23/2017,TZR,OH,AGL,CE,Federal Contract Tower,0,0,0,0,0,0,0,5,0,5,0,0,5,0,5,4,0,4,9
11/24/2017,TZR,OH,AGL,CE,Federal Contract Tower,0,0,5,0,5,0,0,44,0,44,0,0,49,0,49,104,0,104,153
11/25/2017,TZR,OH,AGL,CE,Federal Contract Tower,0,0,6,0,6,0,0,29,0,29,0,0,35,0,35,36,0,36,71
11/26/2017,TZR,OH,AGL,CE,Federal Contract Tower,0,0,7,0,7,0,0,23,0,23,0,0,30,0,30,28,0,28,58
11/27/2017,TZR,OH,AGL,CE,Federal Contract Tower,0,0,4,0,4,0,0,32,0,32,0,0,36,0,36,26,0,26,62
11/28/2017,TZR,OH,AGL,CE,Federal Contract Tower,0,0,4,0,4,0,0,36,0,36,0,0,40,0,40,50,0,50,90
11/29/2017,TZR,OH,AGL,CE,Federal Contract Tower,0,0,4,0,4,0,0,57,0,57,0,0,61,0,61,56,0,56,117
11/30/2017,TZR,OH,AGL,CE,Federal Contract Tower,0,0,2,0,2,0,0,8,0,8,0,0,10,0,10,10,0,10,20
12/01/2017,TZR,OH,AGL,CE,Federal Contract Tower,0,0,3,0,3,0,0,75,0,75,0,0,78,0,78,74,0,74,152
12/02/2017,TZR,OH,AGL,CE,Federal Contract Tower,0,0,2,0,2,0,0,40,0,40,0,0,42,0,42,82,0,82,124
12/03/2017,TZR,OH,AGL,CE,Federal Contract Tower,0,2,2,0,4,0,0,29,0,29,0,2,31,0,33,48,0,48,81
12/04/2017,TZR,OH,AGL,CE,Federal Contract Tower,0,0,5,0,5,0,0,19,0,19,0,0,24,0,24,42,0,42,66
12/05/2017,TZR,OH,AGL,CE,Federal Contract Tower,0,0,3,0,3,0,0,0,0,0,0,0,3,0,3,0,0,0,3
12/06/2017,TZR,OH,AGL,CE,Federal Contract Tower,0,3,4,0,7,0,0,19,0,19,0,3,23,0,26,6,0,6,32
12/07/2017,TZR,OH,AGL,CE,Federal Contract Tower,0,5,6,0,11,0,0,0,0,0,0,5,6,0,11,0,0,0,11
12/08/2017,TZR,OH,AGL,CE,Federal Contract Tower,0,1,5,0,6,0,0,38,0,38,0,1,43,0,44,40,0,40,84
12/09/2017,TZR,OH,AGL,CE,Federal Contract Tower,0,0,1,0,1,0,0,13,0,13,0,0,14,0,14,24,0,24,38
12/10/2017,TZR,OH,AGL,CE,Federal Contract Tower,0,0,0,0,0,0,0,11,0,11,0,0,11,0,11,26,0,26,37
12/11/2017,TZR,OH,AGL,CE,Federal Contract Tower,0,0,2,0,2,0,0,22,0,22,0,0,24,0,24,46,0,46,70
12/12/2017,TZR,OH,AGL,CE,Federal Contract Tower,0,0,6,0,6,0,0,7,0,7,0,0,13,0,13,0,0,0,13
12/13/2017,TZR,OH,AGL,CE,Federal Contract Tower,0,0,2,0,2,0,0,20,0,20,0,0,22,0,22,16,0,16,38
12/14/2017,TZR,OH,AGL,CE,Federal Contract Tower,0,0,0,0,0,0,0,10,0,10,0,0,10,0,10,0,0,0,10
12/15/2017,TZR,OH,AGL,CE,Federal Contract Tower,0,0,1,0,1,0,0,26,0,26,0,0,27,0,27,32,0,32,59
12/16/2017,TZR,OH,AGL,CE,Federal Contract Tower,0,0,4,0,4,0,0,19,0,19,0,0,23,0,23,18,0,18,41
12/17/2017,TZR,OH,AGL,CE,Federal Contract Tower,0,0,3,0,3,0,0,11,0,11,0,0,14,0,14,42,0,42,56
12/18/2017,TZR,OH,AGL,CE,Federal Contract Tower,0,0,3,0,3,0,0,3,0,3,0,0,6,0,6,0,0,0,6
12/19/2017,TZR,OH,AGL,CE,Federal Contract Tower,0,0,6,0,6,0,0,18,0,18,0,0,24,0,24,16,2,18,42
12/20/2017,TZR,OH,AGL,CE,Federal Contract Tower,0,0,4,0,4,0,0,52,0,52,0,0,56,0,56,34,0,34,90
12/21/2017,TZR,OH,AGL,CE,Federal Contract Tower,0,0,7,0,7,0,0,35,0,35,0,0,42,0,42,30,0,30,72
12/22/2017,TZR,OH,AGL,CE,Federal Contract Tower,0,0,5,0,5,0,0,0,0,0,0,0,5,0,5,0,0,0,5
12/23/2017,TZR,OH,AGL,CE,Federal Contract Tower,0,0,0,0,0,0,0,0,0,0,0,0,0,0,0,0,0,0,0
12/24/2017,TZR,OH,AGL,CE,Federal Contract Tower,0,0,0,0,0,0,0,2,0,2,0,0,2,0,2,4,0,4,6
12/25/2017,TZR,OH,AGL,CE,Federal Contract Tower,0,0,0,0,0,0,0,0,0,0,0,0,0,0,0,0,0,0,0
12/26/2017,TZR,OH,AGL,CE,Federal Contract Tower,0,0,3,0,3,0,0,11,0,11,0,0,14,0,14,16,0,16,30
12/27/2017,TZR,OH,AGL,CE,Federal Contract Tower,0,0,1,0,1,0,0,23,0,23,0,0,24,0,24,14,0,14,38
12/28/2017,TZR,OH,AGL,CE,Federal Contract Tower,0,0,2,0,2,0,0,20,0,20,0,0,22,0,22,20,0,20,42
12/29/2017,TZR,OH,AGL,CE,Federal Contract Tower,0,0,0,0,0,0,0,8,0,8,0,0,8,0,8,4,0,4,12
12/30/2017,TZR,OH,AGL,CE,Federal Contract Tower,0,0,0,0,0,0,0,6,0,6,0,0,6,0,6,4,0,4,10
12/31/2017,TZR,OH,AGL,CE,Federal Contract Tower,0,0,2,0,2,0,0,1,0,1,0,0,3,0,3,0,0,0,3
01/01/2018,TZR,OH,AGL,CE,Federal Contract Tower,0,0,1,0,1,0,0,6,0,6,0,0,7,0,7,4,0,4,11
01/02/2018,TZR,OH,AGL,CE,Federal Contract Tower,0,0,0,0,0,0,0,11,0,11,0,0,11,0,11,14,0,14,25
01/03/2018,TZR,OH,AGL,CE,Federal Contract Tower,0,0,2,0,2,0,0,18,0,18,0,0,20,0,20,14,0,14,34
01/04/2018,TZR,OH,AGL,CE,Federal Contract Tower,0,0,0,0,0,0,0,7,2,9,0,0,7,2,9,0,4,4,13
01/05/2018,TZR,OH,AGL,CE,Federal Contract Tower,0,0,0,0,0,0,0,5,0,5,0,0,5,0,5,12,0,12,17
01/06/2018,TZR,OH,AGL,CE,Federal Contract Tower,0,0,2,0,2,0,0,11,0,11,0,0,13,0,13,24,0,24,37
01/07/2018,TZR,OH,AGL,CE,Federal Contract Tower,0,0,2,0,2,0,0,5,0,5,0,0,7,0,7,12,0,12,19
01/08/2018,TZR,OH,AGL,CE,Federal Contract Tower,0,0,1,0,1,0,0,0,0,0,0,0,1,0,1,0,0,0,1
01/09/2018,TZR,OH,AGL,CE,Federal Contract Tower,0,0,6,0,6,0,0,15,0,15,0,0,21,0,21,10,0,10,31
01/10/2018,TZR,OH,AGL,CE,Federal Contract Tower,0,0,2,0,2,0,0,37,0,37,0,0,39,0,39,10,0,10,49
01/11/2018,TZR,OH,AGL,CE,Federal Contract Tower,0,0,0,0,0,0,0,8,0,8,0,0,8,0,8,0,0,0,8
01/12/2018,TZR,OH,AGL,CE,Federal Contract Tower,0,0,1,0,1,0,0,0,0,0,0,0,1,0,1,0,0,0,1
01/13/2018,TZR,OH,AGL,CE,Federal Contract Tower,0,0,1,0,1,0,0,2,0,2,0,0,3,0,3,10,0,10,13
01/14/2018,TZR,OH,AGL,CE,Federal Contract Tower,0,0,0,0,0,0,0,16,0,16,0,0,16,0,16,36,0,36,52
01/15/2018,TZR,OH,AGL,CE,Federal Contract Tower,0,0,4,0,4,0,0,0,0,0,0,0,4,0,4,0,0,0,4
01/16/2018,TZR,OH,AGL,CE,Federal Contract Tower,0,0,3,0,3,0,0,12,0,12,0,0,15,0,15,16,0,16,31
01/17/2018,TZR,OH,AGL,CE,Federal Contract Tower,0,0,0,2,2,0,0,15,0,15,0,0,15,2,17,6,0,6,23
01/18/2018,TZR,OH,AGL,CE,Federal Contract Tower,0,0,5,0,5,0,0,19,2,21,0,0,24,2,26,4,2,6,32
01/19/2018,TZR,OH,AGL,CE,Federal Contract Tower,0,0,7,0,7,0,0,39,0,39,0,0,46,0,46,60,0,60,106
01/20/2018,TZR,OH,AGL,CE,Federal Contract Tower,0,0,3,0,3,0,0,47,0,47,0,0,50,0,50,90,0,90,140
01/21/2018,TZR,OH,AGL,CE,Federal Contract Tower,0,0,2,0,2,0,0,10,0,10,0,0,12,0,12,18,0,18,30
01/22/2018,TZR,OH,AGL,CE,Federal Contract Tower,0,0,6,0,6,0,0,14,0,14,0,0,20,0,20,2,0,2,22
01/23/2018,TZR,OH,AGL,CE,Federal Contract Tower,0,0,1,0,1,0,0,0,0,0,0,0,1,0,1,0,0,0,1
01/24/2018,TZR,OH,AGL,CE,Federal Contract Tower,0,0,7,0,7,0,0,2,0,2,0,0,9,0,9,0,0,0,9
01/25/2018,TZR,OH,AGL,CE,Federal Contract Tower,0,0,2,2,4,0,0,18,0,18,0,0,20,2,22,36,2,38,60
01/26/2018,TZR,OH,AGL,CE,Federal Contract Tower,0,0,1,0,1,0,0,40,0,40,0,0,41,0,41,72,0,72,113
01/27/2018,TZR,OH,AGL,CE,Federal Contract Tower,0,0,2,0,2,0,0,0,0,0,0,0,2,0,2,0,0,0,2
01/28/2018,TZR,OH,AGL,CE,Federal Contract Tower,0,0,10,0,10,0,0,51,0,51,0,0,61,0,61,44,0,44,105
01/29/2018,TZR,OH,AGL,CE,Federal Contract Tower,0,0,2,2,4,0,0,6,0,6,0,0,8,2,10,12,2,14,24
01/30/2018,TZR,OH,AGL,CE,Federal Contract Tower,0,0,7,0,7,0,0,14,0,14,0,0,21,0,21,2,0,2,23
01/31/2018,TZR,OH,AGL,CE,Federal Contract Tower,0,0,2,0,2,0,0,17,0,17,0,0,19,0,19,2,0,2,21
02/01/2018,TZR,OH,AGL,CE,Federal Contract Tower,0,0,5,0,5,0,0,24,0,24,0,0,29,0,29,6,0,6,35
02/02/2018,TZR,OH,AGL,CE,Federal Contract Tower,0,0,2,0,2,0,0,7,0,7,0,0,9,0,9,0,0,0,9
02/03/2018,TZR,OH,AGL,CE,Federal Contract Tower,0,0,3,0,3,0,0,25,0,25,0,0,28,0,28,40,0,40,68
02/04/2018,TZR,OH,AGL,CE,Federal Contract Tower,0,0,0,0,0,0,0,0,0,0,0,0,0,0,0,0,0,0,0
02/05/2018,TZR,OH,AGL,CE,Federal Contract Tower,0,0,6,0,6,0,0,10,0,10,0,0,16,0,16,6,0,6,22
02/06/2018,TZR,OH,AGL,CE,Federal Contract Tower,0,0,5,0,5,0,0,9,0,9,0,0,14,0,14,12,0,12,26
02/07/2018,TZR,OH,AGL,CE,Federal Contract Tower,0,0,0,0,0,0,0,16,0,16,0,0,16,0,16,12,0,12,28
02/08/2018,TZR,OH,AGL,CE,Federal Contract Tower,0,0,0,0,0,0,0,16,0,16,0,0,16,0,16,58,0,58,74
02/09/2018,TZR,OH,AGL,CE,Federal Contract Tower,0,0,2,0,2,0,0,25,0,25,0,0,27,0,27,56,0,56,83
02/10/2018,TZR,OH,AGL,CE,Federal Contract Tower,0,0,2,0,2,0,0,0,0,0,0,0,2,0,2,0,0,0,2
02/11/2018,TZR,OH,AGL,CE,Federal Contract Tower,0,0,0,0,0,0,0,0,0,0,0,0,0,0,0,0,0,0,0
02/12/2018,TZR,OH,AGL,CE,Federal Contract Tower,0,0,2,0,2,0,0,37,0,37,0,0,39,0,39,58,0,58,97
02/13/2018,TZR,OH,AGL,CE,Federal Contract Tower,0,2,10,0,12,0,0,7,0,7,0,2,17,0,19,0,0,0,19
02/14/2018,TZR,OH,AGL,CE,Federal Contract Tower,0,0,1,0,1,0,0,3,0,3,0,0,4,0,4,0,0,0,4
02/15/2018,TZR,OH,AGL,CE,Federal Contract Tower,0,0,10,0,10,0,0,1,0,1,0,0,11,0,11,0,0,0,11
02/16/2018,TZR,OH,AGL,CE,Federal Contract Tower,0,0,8,0,8,0,0,10,0,10,0,0,18,0,18,4,0,4,22
02/17/2018,TZR,OH,AGL,CE,Federal Contract Tower,0,0,0,0,0,0,0,2,0,2,0,0,2,0,2,6,0,6,8
02/18/2018,TZR,OH,AGL,CE,Federal Contract Tower,0,0,7,0,7,0,0,38,0,38,0,0,45,0,45,8,0,8,53
02/19/2018,TZR,OH,AGL,CE,Federal Contract Tower,0,0,0,0,0,0,0,8,0,8,0,0,8,0,8,20,0,20,28
02/20/2018,TZR,OH,AGL,CE,Federal Contract Tower,0,0,11,0,11,0,0,18,0,18,0,0,29,0,29,20,0,20,49
02/21/2018,TZR,OH,AGL,CE,Federal Contract Tower,0,0,3,0,3,0,0,0,0,0,0,0,3,0,3,0,0,0,3
02/22/2018,TZR,OH,AGL,CE,Federal Contract Tower,0,0,2,0,2,0,0,12,0,12,0,0,14,0,14,46,0,46,60
02/23/2018,TZR,OH,AGL,CE,Federal Contract Tower,0,0,0,0,0,0,0,4,0,4,0,0,4,0,4,20,0,20,24
02/24/2018,TZR,OH,AGL,CE,Federal Contract Tower,0,0,0,0,0,0,0,0,0,0,0,0,0,0,0,0,0,0,0
02/25/2018,TZR,OH,AGL,CE,Federal Contract Tower,0,0,1,0,1,0,0,16,0,16,0,0,17,0,17,50,0,50,67
02/26/2018,TZR,OH,AGL,CE,Federal Contract Tower,0,0,3,0,3,0,0,43,0,43,0,0,46,0,46,38,0,38,84
02/27/2018,TZR,OH,AGL,CE,Federal Contract Tower,0,0,6,3,9,0,0,69,1,70,0,0,75,4,79,74,0,74,153
02/28/2018,TZR,OH,AGL,CE,Federal Contract Tower,0,0,1,0,1,0,0,23,0,23,0,0,24,0,24,18,0,18,42
03/01/2018,TZR,OH,AGL,CE,Federal Contract Tower,0,0,0,0,0,0,0,0,0,0,0,0,0,0,0,0,0,0,0
03/02/2018,TZR,OH,AGL,CE,Federal Contract Tower,0,0,3,0,3,0,0,8,0,8,0,0,11,0,11,0,0,0,11
03/03/2018,TZR,OH,AGL,CE,Federal Contract Tower,0,0,4,0,4,0,0,70,0,70,0,0,74,0,74,68,0,68,142
03/04/2018,TZR,OH,AGL,CE,Federal Contract Tower,0,0,9,0,9,0,0,46,0,46,0,0,55,0,55,24,0,24,79
03/05/2018,TZR,OH,AGL,CE,Federal Contract Tower,0,0,6,0,6,0,0,25,0,25,0,0,31,0,31,48,0,48,79
03/06/2018,TZR,OH,AGL,CE,Federal Contract Tower,0,0,2,0,2,0,0,38,0,38,0,0,40,0,40,34,0,34,74
03/07/2018,TZR,OH,AGL,CE,Federal Contract Tower,0,0,3,0,3,0,0,19,0,19,0,0,22,0,22,0,0,0,22
03/08/2018,TZR,OH,AGL,CE,Federal Contract Tower,0,0,5,0,5,0,0,9,0,9,0,0,14,0,14,0,0,0,14
03/09/2018,TZR,OH,AGL,CE,Federal Contract Tower,0,0,1,0,1,0,0,22,0,22,0,0,23,0,23,10,0,10,33
03/10/2018,TZR,OH,AGL,CE,Federal Contract Tower,0,0,2,0,2,0,0,76,0,76,0,0,78,0,78,54,0,54,132
03/11/2018,TZR,OH,AGL,CE,Federal Contract Tower,0,0,7,0,7,0,0,23,0,23,0,0,30,0,30,20,0,20,50
03/12/2018,TZR,OH,AGL,CE,Federal Contract Tower,0,0,3,0,3,0,0,3,0,3,0,0,6,0,6,0,0,0,6
03/13/2018,TZR,OH,AGL,CE,Federal Contract Tower,0,0,3,0,3,0,0,7,0,7,0,0,10,0,10,18,0,18,28
03/14/2018,TZR,OH,AGL,CE,Federal Contract Tower,0,0,6,0,6,0,0,16,0,16,0,0,22,0,22,0,0,0,22
03/15/2018,TZR,OH,AGL,CE,Federal Contract Tower,0,0,8,0,8,0,0,23,0,23,0,0,31,0,31,0,0,0,31
03/16/2018,TZR,OH,AGL,CE,Federal Contract Tower,0,0,3,0,3,0,0,32,0,32,0,0,35,0,35,38,0,38,73
03/17/2018,TZR,OH,AGL,CE,Federal Contract Tower,0,0,0,0,0,0,0,2,0,2,0,0,2,0,2,0,0,0,2
03/18/2018,TZR,OH,AGL,CE,Federal Contract Tower,0,0,9,0,9,0,0,63,0,63,0,0,72,0,72,54,0,54,126
03/19/2018,TZR,OH,AGL,CE,Federal Contract Tower,0,1,8,0,9,0,0,26,0,26,0,1,34,0,35,16,0,16,51
03/20/2018,TZR,OH,AGL,CE,Federal Contract Tower,0,1,3,0,4,0,0,2,0,2,0,1,5,0,6,0,0,0,6
03/21/2018,TZR,OH,AGL,CE,Federal Contract Tower,0,0,0,0,0,0,0,6,0,6,0,0,6,0,6,0,0,0,6
03/22/2018,TZR,OH,AGL,CE,Federal Contract Tower,0,0,2,0,2,0,0,20,0,20,0,0,22,0,22,12,0,12,34
03/23/2018,TZR,OH,AGL,CE,Federal Contract Tower,0,0,1,0,1,0,0,38,0,38,0,0,39,0,39,42,0,42,81
03/24/2018,TZR,OH,AGL,CE,Federal Contract Tower,0,0,7,0,7,0,0,13,0,13,0,0,20,0,20,12,0,12,32
03/25/2018,TZR,OH,AGL,CE,Federal Contract Tower,0,0,8,0,8,0,0,20,0,20,0,0,28,0,28,20,0,20,48
03/26/2018,TZR,OH,AGL,CE,Federal Contract Tower,0,0,5,0,5,0,0,11,0,11,0,0,16,0,16,10,0,10,26
03/27/2018,TZR,OH,AGL,CE,Federal Contract Tower,0,0,1,0,1,0,0,0,0,0,0,0,1,0,1,0,0,0,1
03/28/2018,TZR,OH,AGL,CE,Federal Contract Tower,0,0,2,0,2,0,0,0,0,0,0,0,2,0,2,0,0,0,2
03/29/2018,TZR,OH,AGL,CE,Federal Contract Tower,0,0,4,0,4,0,0,0,0,0,0,0,4,0,4,0,0,0,4
03/30/2018,TZR,OH,AGL,CE,Federal Contract Tower,0,0,5,0,5,0,0,15,0,15,0,0,20,0,20,24,0,24,44
03/31/2018,TZR,OH,AGL,CE,Federal Contract Tower,0,0,5,0,5,0,0,26,0,26,0,0,31,0,31,20,0,20,51
04/01/2018,TZR,OH,AGL,CE,Federal Contract Tower,0,0,7,0,7,0,0,20,0,20,0,0,27,0,27,8,0,8,35
04/02/2018,TZR,OH,AGL,CE,Federal Contract Tower,0,1,2,0,3,0,0,30,0,30,0,1,32,0,33,30,0,30,63
04/03/2018,TZR,OH,AGL,CE,Federal Contract Tower,0,0,1,0,1,0,0,4,0,4,0,0,5,0,5,0,0,0,5
04/04/2018,TZR,OH,AGL,CE,Federal Contract Tower,0,0,4,2,6,0,0,4,0,4,0,0,8,2,10,0,0,0,10
04/05/2018,TZR,OH,AGL,CE,Federal Contract Tower,0,0,12,0,12,0,0,79,0,79,0,0,91,0,91,76,0,76,167
04/06/2018,TZR,OH,AGL,CE,Federal Contract Tower,0,0,3,0,3,0,0,14,0,14,0,0,17,0,17,14,0,14,31
04/07/2018,TZR,OH,AGL,CE,Federal Contract Tower,0,0,2,0,2,0,0,36,0,36,0,0,38,0,38,22,0,22,60
04/08/2018,TZR,OH,AGL,CE,Federal Contract Tower,0,0,0,0,0,0,0,37,0,37,0,0,37,0,37,42,0,42,79
04/09/2018,TZR,OH,AGL,CE,Federal Contract Tower,0,0,0,0,0,0,0,10,0,10,0,0,10,0,10,34,0,34,44
04/10/2018,TZR,OH,AGL,CE,Federal Contract Tower,0,0,10,0,10,0,0,35,0,35,0,0,45,0,45,26,0,26,71
04/11/2018,TZR,OH,AGL,CE,Federal Contract Tower,0,0,5,0,5,0,0,20,0,20,0,0,25,0,25,70,0,70,95
04/12/2018,TZR,OH,AGL,CE,Federal Contract Tower,0,0,2,0,2,0,0,7,1,8,0,0,9,1,10,0,0,0,10
04/13/2018,TZR,OH,AGL,CE,Federal Contract Tower,0,0,1,0,1,0,0,9,0,9,0,0,10,0,10,34,0,34,44
04/14/2018,TZR,OH,AGL,CE,Federal Contract Tower,0,0,0,0,0,0,0,7,0,7,0,0,7,0,7,0,0,0,7
04/15/2018,TZR,OH,AGL,CE,Federal Contract Tower,0,0,0,0,0,0,0,0,0,0,0,0,0,0,0,0,0,0,0
04/16/2018,TZR,OH,AGL,CE,Federal Contract Tower,0,0,0,0,0,0,0,3,0,3,0,0,3,0,3,0,0,0,3
04/17/2018,TZR,OH,AGL,CE,Federal Contract Tower,0,0,6,0,6,0,0,4,0,4,0,0,10,0,10,0,0,0,10
04/18/2018,TZR,OH,AGL,CE,Federal Contract Tower,0,0,6,0,6,0,0,38,0,38,0,0,44,0,44,36,0,36,80
04/19/2018,TZR,OH,AGL,CE,Federal Contract Tower,0,1,1,0,2,0,0,6,0,6,0,1,7,0,8,0,0,0,8
04/20/2018,TZR,OH,AGL,CE,Federal Contract Tower,0,1,8,0,9,0,0,42,0,42,0,1,50,0,51,20,0,20,71
04/21/2018,TZR,OH,AGL,CE,Federal Contract Tower,0,0,5,0,5,0,0,51,0,51,0,0,56,0,56,52,0,52,108
04/22/2018,TZR,OH,AGL,CE,Federal Contract Tower,0,0,3,0,3,0,0,37,0,37,0,0,40,0,40,22,0,22,62
04/23/2018,TZR,OH,AGL,CE,Federal Contract Tower,0,1,8,0,9,0,0,7,0,7,0,1,15,0,16,2,0,2,18
04/24/2018,TZR,OH,AGL,CE,Federal Contract Tower,0,0,10,0,10,0,0,0,0,0,0,0,10,0,10,0,0,0,10
04/25/2018,TZR,OH,AGL,CE,Federal Contract Tower,0,2,8,0,10,0,0,9,0,9,0,2,17,0,19,0,0,0,19
04/26/2018,TZR,OH,AGL,CE,Federal Contract Tower,0,0,8,0,8,0,0,47,0,47,0,0,55,0,55,34,0,34,89
04/27/2018,TZR,OH,AGL,CE,Federal Contract Tower,0,4,5,0,9,0,0,25,0,25,0,4,30,0,34,22,0,22,56
04/28/2018,TZR,OH,AGL,CE,Federal Contract Tower,0,0,5,0,5,0,0,11,0,11,0,0,16,0,16,0,0,0,16
04/29/2018,TZR,OH,AGL,CE,Federal Contract Tower,0,0,7,0,7,0,0,52,0,52,0,0,59,0,59,36,0,36,95
04/30/2018,TZR,OH,AGL,CE,Federal Contract Tower,0,0,6,0,6,0,0,44,0,44,0,0,50,0,50,84,0,84,134
05/01/2018,TZR,OH,AGL,CE,Federal Contract Tower,0,0,2,0,2,0,0,46,0,46,0,0,48,0,48,52,0,52,100
05/02/2018,TZR,OH,AGL,CE,Federal Contract Tower,0,0,7,0,7,0,0,35,0,35,0,0,42,0,42,0,0,0,42
05/03/2018,TZR,OH,AGL,CE,Federal Contract Tower,0,0,3,0,3,0,0,19,0,19,0,0,22,0,22,0,0,0,22
05/04/2018,TZR,OH,AGL,CE,Federal Contract Tower,0,0,2,0,2,0,0,1,0,1,0,0,3,0,3,0,0,0,3
05/05/2018,TZR,OH,AGL,CE,Federal Contract Tower,0,0,13,0,13,0,0,48,0,48,0,0,61,0,61,64,0,64,125
05/06/2018,TZR,OH,AGL,CE,Federal Contract Tower,0,0,3,0,3,0,0,30,0,30,0,0,33,0,33,58,0,58,91
05/07/2018,TZR,OH,AGL,CE,Federal Contract Tower,0,0,6,0,6,0,0,33,0,33,0,0,39,0,39,34,0,34,73
05/08/2018,TZR,OH,AGL,CE,Federal Contract Tower,0,0,11,0,11,0,0,46,0,46,0,0,57,0,57,56,0,56,113
05/09/2018,TZR,OH,AGL,CE,Federal Contract Tower,0,0,9,0,9,0,0,41,0,41,0,0,50,0,50,48,0,48,98
05/10/2018,TZR,OH,AGL,CE,Federal Contract Tower,0,0,1,0,1,0,0,13,0,13,0,0,14,0,14,4,0,4,18
05/11/2018,TZR,OH,AGL,CE,Federal Contract Tower,0,0,5,0,5,0,0,28,0,28,0,0,33,0,33,26,0,26,59
05/12/2018,TZR,OH,AGL,CE,Federal Contract Tower,0,0,2,0,2,0,0,21,0,21,0,0,23,0,23,18,0,18,41
05/13/2018,TZR,OH,AGL,CE,Federal Contract Tower,0,0,5,0,5,0,0,4,0,4,0,0,9,0,9,14,0,14,23
05/14/2018,TZR,OH,AGL,CE,Federal Contract Tower,0,0,1,0,1,0,0,19,0,19,0,0,20,0,20,8,0,8,28
05/15/2018,TZR,OH,AGL,CE,Federal Contract Tower,0,1,6,0,7,0,0,9,0,9,0,1,15,0,16,18,0,18,34
05/16/2018,TZR,OH,AGL,CE,Federal Contract Tower,0,0,7,0,7,0,0,5,0,5,0,0,12,0,12,16,0,16,28
05/17/2018,TZR,OH,AGL,CE,Federal Contract Tower,0,0,5,0,5,0,0,23,0,23,0,0,28,0,28,20,0,20,48
05/18/2018,TZR,OH,AGL,CE,Federal Contract Tower,0,0,10,0,10,0,0,5,0,5,0,0,15,0,15,0,0,0,15
05/19/2018,TZR,OH,AGL,CE,Federal Contract Tower,0,0,0,0,0,0,0,8,0,8,0,0,8,0,8,18,0,18,26
05/20/2018,TZR,OH,AGL,CE,Federal Contract Tower,0,0,1,0,1,0,0,35,0,35,0,0,36,0,36,70,0,70,106
05/21/2018,TZR,OH,AGL,CE,Federal Contract Tower,0,2,6,0,8,0,0,31,0,31,0,2,37,0,39,18,0,18,57
05/22/2018,TZR,OH,AGL,CE,Federal Contract Tower,0,0,4,0,4,0,0,16,0,16,0,0,20,0,20,18,0,18,38
05/23/2018,TZR,OH,AGL,CE,Federal Contract Tower,0,0,7,0,7,0,0,46,0,46,0,0,53,0,53,64,0,64,117
05/24/2018,TZR,OH,AGL,CE,Federal Contract Tower,0,2,8,0,10,0,0,69,0,69,0,2,77,0,79,76,0,76,155
05/25/2018,TZR,OH,AGL,CE,Federal Contract Tower,0,0,6,0,6,0,0,61,0,61,0,0,67,0,67,48,0,48,115
05/26/2018,TZR,OH,AGL,CE,Federal Contract Tower,0,0,2,0,2,0,0,9,0,9,0,0,11,0,11,18,0,18,29
05/27/2018,TZR,OH,AGL,CE,Federal Contract Tower,0,0,1,0,1,0,0,26,0,26,0,0,27,0,27,46,0,46,73
05/28/2018,TZR,OH,AGL,CE,Federal Contract Tower,0,0,7,0,7,0,0,24,0,24,0,0,31,0,31,34,0,34,65
05/29/2018,TZR,OH,AGL,CE,Federal Contract Tower,0,0,8,0,8,0,0,28,0,28,0,0,36,0,36,16,0,16,52
05/30/2018,TZR,OH,AGL,CE,Federal Contract Tower,0,0,2,0,2,0,0,5,0,5,0,0,7,0,7,0,0,0,7
05/31/2018,TZR,OH,AGL,CE,Federal Contract Tower,0,4,5,0,9,0,0,24,0,24,0,4,29,0,33,28,0,28,61
06/01/2018,TZR,OH,AGL,CE,Federal Contract Tower,0,0,6,0,6,0,0,19,0,19,0,0,25,0,25,10,0,10,35
06/02/2018,TZR,OH,AGL,CE,Federal Contract Tower,0,0,7,0,7,0,0,36,0,36,0,0,43,0,43,50,0,50,93
06/03/2018,TZR,OH,AGL,CE,Federal Contract Tower,0,0,3,0,3,0,0,21,0,21,0,0,24,0,24,20,0,20,44
06/04/2018,TZR,OH,AGL,CE,Federal Contract Tower,0,0,1,0,1,0,0,21,0,21,0,0,22,0,22,20,0,20,42
06/05/2018,TZR,OH,AGL,CE,Federal Contract Tower,0,0,4,0,4,0,0,5,0,5,0,0,9,0,9,0,0,0,9
06/06/2018,TZR,OH,AGL,CE,Federal Contract Tower,0,0,12,0,12,0,0,53,0,53,0,0,65,0,65,38,0,38,103
06/07/2018,TZR,OH,AGL,CE,Federal Contract Tower,0,0,11,0,11,0,0,51,0,51,0,0,62,0,62,12,0,12,74
06/08/2018,TZR,OH,AGL,CE,Federal Contract Tower,0,0,6,0,6,0,0,27,0,27,0,0,33,0,33,8,0,8,41
06/10/2018,TZR,OH,AGL,CE,Federal Contract Tower,0,0,1,0,1,0,0,6,0,6,0,0,7,0,7,0,0,0,7
06/11/2018,TZR,OH,AGL,CE,Federal Contract Tower,0,0,0,0,0,0,0,4,0,4,0,0,4,0,4,0,0,0,4
06/12/2018,TZR,OH,AGL,CE,Federal Contract Tower,0,0,7,0,7,0,0,20,0,20,0,0,27,0,27,20,0,20,47
06/13/2018,TZR,OH,AGL,CE,Federal Contract Tower,0,0,10,0,10,0,0,17,0,17,0,0,27,0,27,34,0,34,61
06/14/2018,TZR,OH,AGL,CE,Federal Contract Tower,0,0,8,0,8,0,0,85,0,85,0,0,93,0,93,40,0,40,133
06/15/2018,TZR,OH,AGL,CE,Federal Contract Tower,0,0,7,0,7,0,0,73,0,73,0,0,80,0,80,70,0,70,150
06/16/2018,TZR,OH,AGL,CE,Federal Contract Tower,0,0,6,0,6,0,0,40,0,40,0,0,46,0,46,18,0,18,64
06/17/2018,TZR,OH,AGL,CE,Federal Contract Tower,0,0,8,0,8,0,0,19,0,19,0,0,27,0,27,6,0,6,33
06/18/2018,TZR,OH,AGL,CE,Federal Contract Tower,0,0,3,0,3,0,0,30,0,30,0,0,33,0,33,30,0,30,63
06/19/2018,TZR,OH,AGL,CE,Federal Contract Tower,0,0,5,0,5,0,0,20,0,20,0,0,25,0,25,12,0,12,37
06/20/2018,TZR,OH,AGL,CE,Federal Contract Tower,0,0,6,0,6,0,0,23,0,23,0,0,29,0,29,30,0,30,59
06/21/2018,TZR,OH,AGL,CE,Federal Contract Tower,0,3,1,0,4,0,0,5,0,5,0,3,6,0,9,2,0,2,11
06/22/2018,TZR,OH,AGL,CE,Federal Contract Tower,0,0,7,0,7,0,0,8,0,8,0,0,15,0,15,8,0,8,23
06/23/2018,TZR,OH,AGL,CE,Federal Contract Tower,0,0,1,0,1,0,0,10,0,10,0,0,11,0,11,0,0,0,11
06/24/2018,TZR,OH,AGL,CE,Federal Contract Tower,0,0,5,0,5,0,0,58,0,58,0,0,63,0,63,84,0,84,147
06/25/2018,TZR,OH,AGL,CE,Federal Contract Tower,0,0,8,0,8,0,0,32,0,32,0,0,40,0,40,46,0,46,86
06/26/2018,TZR,OH,AGL,CE,Federal Contract Tower,0,2,4,0,6,0,0,19,0,19,0,2,23,0,25,4,0,4,29
06/27/2018,TZR,OH,AGL,CE,Federal Contract Tower,0,0,7,0,7,0,0,18,0,18,0,0,25,0,25,10,0,10,35
06/28/2018,TZR,OH,AGL,CE,Federal Contract Tower,0,1,3,0,4,0,0,48,0,48,0,1,51,0,52,46,0,46,98
06/29/2018,TZR,OH,AGL,CE,Federal Contract Tower,0,0,5,0,5,0,0,57,0,57,0,0,62,0,62,26,0,26,88
06/30/2018,TZR,OH,AGL,CE,Federal Contract Tower,0,0,0,0,0,0,0,58,0,58,0,0,58,0,58,50,0,50,108
07/01/2018,TZR,OH,AGL,CE,Federal Contract Tower,0,0,1,0,1,0,0,33,0,33,0,0,34,0,34,14,0,14,48
07/02/2018,TZR,OH,AGL,CE,Federal Contract Tower,0,0,2,0,2,0,0,31,0,31,0,0,33,0,33,56,0,56,89
07/03/2018,TZR,OH,AGL,CE,Federal Contract Tower,0,0,9,0,9,0,0,55,0,55,0,0,64,0,64,18,0,18,82
07/04/2018,TZR,OH,AGL,CE,Federal Contract Tower,0,0,3,0,3,0,0,32,0,32,0,0,35,0,35,32,0,32,67
07/05/2018,TZR,OH,AGL,CE,Federal Contract Tower,0,0,6,0,6,0,0,23,0,23,0,0,29,0,29,0,0,0,29
07/06/2018,TZR,OH,AGL,CE,Federal Contract Tower,0,1,7,0,8,0,0,36,0,36,0,1,43,0,44,34,0,34,78
07/07/2018,TZR,OH,AGL,CE,Federal Contract Tower,0,0,0,0,0,0,0,48,0,48,0,0,48,0,48,50,0,50,98
07/08/2018,TZR,OH,AGL,CE,Federal Contract Tower,0,0,12,0,12,0,0,43,0,43,0,0,55,0,55,12,0,12,67
07/09/2018,TZR,OH,AGL,CE,Federal Contract Tower,0,0,5,0,5,0,0,42,0,42,0,0,47,0,47,24,0,24,71
07/10/2018,TZR,OH,AGL,CE,Federal Contract Tower,0,0,4,0,4,0,0,15,0,15,0,0,19,0,19,0,0,0,19
07/11/2018,TZR,OH,AGL,CE,Federal Contract Tower,0,0,5,0,5,0,0,50,0,50,0,0,55,0,55,56,0,56,111
07/12/2018,TZR,OH,AGL,CE,Federal Contract Tower,0,0,9,0,9,0,0,47,0,47,0,0,56,0,56,44,0,44,100
07/13/2018,TZR,OH,AGL,CE,Federal Contract Tower,0,0,3,0,3,0,0,61,0,61,0,0,64,0,64,78,0,78,142
07/14/2018,TZR,OH,AGL,CE,Federal Contract Tower,0,0,5,0,5,0,0,56,0,56,0,0,61,0,61,36,0,36,97
07/15/2018,TZR,OH,AGL,CE,Federal Contract Tower,0,0,2,0,2,0,0,13,0,13,0,0,15,0,15,10,0,10,25
07/16/2018,TZR,OH,AGL,CE,Federal Contract Tower,0,0,0,0,0,0,0,14,0,14,0,0,14,0,14,18,0,18,32
07/17/2018,TZR,OH,AGL,CE,Federal Contract Tower,0,0,9,0,9,0,0,46,0,46,0,0,55,0,55,4,0,4,59
07/18/2018,TZR,OH,AGL,CE,Federal Contract Tower,0,0,12,0,12,0,0,43,0,43,0,0,55,0,55,42,0,42,97
07/19/2018,TZR,OH,AGL,CE,Federal Contract Tower,0,0,3,0,3,0,0,44,0,44,0,0,47,0,47,28,0,28,75
07/20/2018,TZR,OH,AGL,CE,Federal Contract Tower,0,0,3,0,3,0,0,4,0,4,0,0,7,0,7,0,0,0,7
07/21/2018,TZR,OH,AGL,CE,Federal Contract Tower,0,0,6,0,6,0,0,10,0,10,0,0,16,0,16,2,0,2,18
07/22/2018,TZR,OH,AGL,CE,Federal Contract Tower,0,0,9,0,9,0,0,3,0,3,0,0,12,0,12,0,0,0,12
07/23/2018,TZR,OH,AGL,CE,Federal Contract Tower,0,0,7,0,7,0,0,9,0,9,0,0,16,0,16,12,0,12,28
07/24/2018,TZR,OH,AGL,CE,Federal Contract Tower,0,0,3,0,3,0,0,13,0,13,0,0,16,0,16,16,0,16,32
07/25/2018,TZR,OH,AGL,CE,Federal Contract Tower,0,0,11,0,11,0,0,59,0,59,0,0,70,0,70,28,0,28,98
07/26/2018,TZR,OH,AGL,CE,Federal Contract Tower,0,2,13,0,15,0,0,39,0,39,0,2,52,0,54,32,0,32,86
07/27/2018,TZR,OH,AGL,CE,Federal Contract Tower,0,0,10,0,10,0,0,42,0,42,0,0,52,0,52,30,0,30,82
07/28/2018,TZR,OH,AGL,CE,Federal Contract Tower,0,0,8,0,8,0,0,40,0,40,0,0,48,0,48,12,0,12,60
07/29/2018,TZR,OH,AGL,CE,Federal Contract Tower,0,0,5,0,5,0,0,30,0,30,0,0,35,0,35,30,0,30,65
07/30/2018,TZR,OH,AGL,CE,Federal Contract Tower,0,0,4,0,4,0,0,24,0,24,0,0,28,0,28,12,0,12,40
07/31/2018,TZR,OH,AGL,CE,Federal Contract Tower,0,0,1,0,1,0,0,13,0,13,0,0,14,0,14,6,0,6,20
08/01/2018,TZR,OH,AGL,CE,Federal Contract Tower,0,0,9,0,9,0,0,12,0,12,0,0,21,0,21,0,0,0,21
08/02/2018,TZR,OH,AGL,CE,Federal Contract Tower,0,0,7,0,7,0,0,15,0,15,0,0,22,0,22,10,0,10,32
08/03/2018,TZR,OH,AGL,CE,Federal Contract Tower,0,0,1,0,1,0,0,33,0,33,0,0,34,0,34,44,0,44,78
08/04/2018,TZR,OH,AGL,CE,Federal Contract Tower,0,0,1,0,1,0,0,38,0,38,0,0,39,0,39,20,0,20,59
08/05/2018,TZR,OH,AGL,CE,Federal Contract Tower,0,0,3,0,3,0,0,25,0,25,0,0,28,0,28,32,0,32,60
08/06/2018,TZR,OH,AGL,CE,Federal Contract Tower,0,0,9,0,9,0,0,40,0,40,0,0,49,0,49,78,0,78,127
08/07/2018,TZR,OH,AGL,CE,Federal Contract Tower,0,0,3,0,3,0,0,25,0,25,0,0,28,0,28,2,0,2,30
08/08/2018,TZR,OH,AGL,CE,Federal Contract Tower,0,0,6,0,6,0,0,12,0,12,0,0,18,0,18,20,0,20,38
08/09/2018,TZR,OH,AGL,CE,Federal Contract Tower,0,4,4,0,8,0,0,54,0,54,0,4,58,0,62,56,0,56,118
08/10/2018,TZR,OH,AGL,CE,Federal Contract Tower,0,0,1,0,1,0,0,52,0,52,0,0,53,0,53,38,0,38,91
08/11/2018,TZR,OH,AGL,CE,Federal Contract Tower,0,0,1,0,1,0,0,18,0,18,0,0,19,0,19,12,0,12,31
08/12/2018,TZR,OH,AGL,CE,Federal Contract Tower,0,0,9,0,9,0,0,23,0,23,0,0,32,0,32,16,0,16,48
08/13/2018,TZR,OH,AGL,CE,Federal Contract Tower,0,2,4,0,6,0,0,27,0,27,0,2,31,0,33,0,0,0,33
08/14/2018,TZR,OH,AGL,CE,Federal Contract Tower,0,0,6,0,6,0,0,42,0,42,0,0,48,0,48,30,0,30,78
08/15/2018,TZR,OH,AGL,CE,Federal Contract Tower,0,2,4,2,8,0,0,31,0,31,0,2,35,2,39,38,0,38,77
08/16/2018,TZR,OH,AGL,CE,Federal Contract Tower,0,0,3,0,3,0,0,5,0,5,0,0,8,0,8,2,0,2,10
08/17/2018,TZR,OH,AGL,CE,Federal Contract Tower,0,2,4,0,6,0,0,6,0,6,0,2,10,0,12,14,0,14,26
08/18/2018,TZR,OH,AGL,CE,Federal Contract Tower,0,0,9,0,9,0,0,36,0,36,0,0,45,0,45,0,0,0,45
08/19/2018,TZR,OH,AGL,CE,Federal Contract Tower,0,0,11,0,11,0,0,54,0,54,0,0,65,0,65,44,0,44,109
08/20/2018,TZR,OH,AGL,CE,Federal Contract Tower,0,0,5,0,5,0,0,31,0,31,0,0,36,0,36,18,0,18,54
08/21/2018,TZR,OH,AGL,CE,Federal Contract Tower,0,0,6,0,6,0,0,19,0,19,0,0,25,0,25,32,0,32,57
08/22/2018,TZR,OH,AGL,CE,Federal Contract Tower,0,0,3,0,3,0,0,21,0,21,0,0,24,0,24,0,0,0,24
08/23/2018,TZR,OH,AGL,CE,Federal Contract Tower,0,0,0,0,0,0,0,71,0,71,0,0,71,0,71,54,0,54,125
08/24/2018,TZR,OH,AGL,CE,Federal Contract Tower,0,0,2,0,2,0,0,37,0,37,0,0,39,0,39,10,0,10,49
08/25/2018,TZR,OH,AGL,CE,Federal Contract Tower,0,2,2,0,4,0,0,10,0,10,0,2,12,0,14,12,0,12,26
08/26/2018,TZR,OH,AGL,CE,Federal Contract Tower,0,0,3,0,3,0,0,27,0,27,0,0,30,0,30,32,0,32,62
08/27/2018,TZR,OH,AGL,CE,Federal Contract Tower,0,0,14,0,14,0,0,39,0,39,0,0,53,0,53,56,0,56,109
08/28/2018,TZR,OH,AGL,CE,Federal Contract Tower,0,1,2,0,3,0,0,33,0,33,0,1,35,0,36,12,0,12,48
08/29/2018,TZR,OH,AGL,CE,Federal Contract Tower,0,0,5,0,5,0,0,25,0,25,0,0,30,0,30,0,0,0,30
08/30/2018,TZR,OH,AGL,CE,Federal Contract Tower,0,0,12,0,12,0,0,31,0,31,0,0,43,0,43,14,0,14,57
08/31/2018,TZR,OH,AGL,CE,Federal Contract Tower,0,0,6,0,6,0,0,50,0,50,0,0,56,0,56,8,0,8,64
09/01/2018,TZR,OH,AGL,CE,Federal Contract Tower,0,0,1,0,1,0,0,32,0,32,0,0,33,0,33,8,0,8,41
09/02/2018,TZR,OH,AGL,CE,Federal Contract Tower,0,0,4,0,4,0,0,46,0,46,0,0,50,0,50,26,0,26,76
09/03/2018,TZR,OH,AGL,CE,Federal Contract Tower,0,0,2,0,2,0,0,31,0,31,0,0,33,0,33,60,0,60,93
09/04/2018,TZR,OH,AGL,CE,Federal Contract Tower,0,0,8,0,8,0,0,38,0,38,0,0,46,0,46,42,0,42,88
09/05/2018,TZR,OH,AGL,CE,Federal Contract Tower,0,0,7,0,7,0,0,33,0,33,0,0,40,0,40,34,0,34,74
09/06/2018,TZR,OH,AGL,CE,Federal Contract Tower,0,0,4,0,4,0,0,30,0,30,0,0,34,0,34,16,0,16,50
09/07/2018,TZR,OH,AGL,CE,Federal Contract Tower,0,0,0,0,0,0,0,31,0,31,0,0,31,0,31,12,0,12,43
09/08/2018,TZR,OH,AGL,CE,Federal Contract Tower,0,0,1,0,1,0,0,2,0,2,0,0,3,0,3,0,0,0,3
09/09/2018,TZR,OH,AGL,CE,Federal Contract Tower,0,0,2,0,2,0,0,0,0,0,0,0,2,0,2,0,0,0,2
09/10/2018,TZR,OH,AGL,CE,Federal Contract Tower,0,0,8,0,8,0,0,19,0,19,0,0,27,0,27,38,0,38,65
09/11/2018,TZR,OH,AGL,CE,Federal Contract Tower,0,0,4,0,4,0,0,47,0,47,0,0,51,0,51,56,0,56,107
09/12/2018,TZR,OH,AGL,CE,Federal Contract Tower,0,0,9,0,9,0,0,45,0,45,0,0,54,0,54,56,0,56,110
09/13/2018,TZR,OH,AGL,CE,Federal Contract Tower,0,0,4,0,4,0,0,43,0,43,0,0,47,0,47,58,0,58,105
09/14/2018,TZR,OH,AGL,CE,Federal Contract Tower,0,0,12,0,12,0,0,56,0,56,0,0,68,0,68,104,0,104,172
09/15/2018,TZR,OH,AGL,CE,Federal Contract Tower,0,0,10,0,10,0,0,68,2,70,0,0,78,2,80,6,0,6,86
09/16/2018,TZR,OH,AGL,CE,Federal Contract Tower,0,0,8,0,8,0,0,38,0,38,0,0,46,0,46,0,0,0,46
09/17/2018,TZR,OH,AGL,CE,Federal Contract Tower,0,0,0,0,0,0,0,3,0,3,0,0,3,0,3,12,0,12,15
09/18/2018,TZR,OH,AGL,CE,Federal Contract Tower,0,0,4,0,4,0,0,55,0,55,0,0,59,0,59,10,0,10,69
09/19/2018,TZR,OH,AGL,CE,Federal Contract Tower,0,0,11,0,11,0,0,54,0,54,0,0,65,0,65,82,0,82,147
09/20/2018,TZR,OH,AGL,CE,Federal Contract Tower,0,0,12,0,12,0,0,54,0,54,0,0,66,0,66,68,0,68,134
09/21/2018,TZR,OH,AGL,CE,Federal Contract Tower,0,0,7,0,7,0,0,22,0,22,0,0,29,0,29,2,0,2,31
09/22/2018,TZR,OH,AGL,CE,Federal Contract Tower,0,0,6,0,6,0,0,37,0,37,0,0,43,0,43,32,0,32,75
09/23/2018,TZR,OH,AGL,CE,Federal Contract Tower,0,0,3,0,3,0,0,22,0,22,0,0,25,0,25,22,0,22,47
09/24/2018,TZR,OH,AGL,CE,Federal Contract Tower,0,0,1,0,1,0,0,0,0,0,0,0,1,0,1,0,0,0,1
09/25/2018,TZR,OH,AGL,CE,Federal Contract Tower,0,0,4,0,4,0,0,14,0,14,0,0,18,0,18,0,0,0,18
09/26/2018,TZR,OH,AGL,CE,Federal Contract Tower,0,0,3,0,3,0,0,31,0,31,0,0,34,0,34,38,0,38,72
09/27/2018,TZR,OH,AGL,CE,Federal Contract Tower,0,0,7,0,7,0,0,37,0,37,0,0,44,0,44,26,0,26,70
09/28/2018,TZR,OH,AGL,CE,Federal Contract Tower,0,0,3,0,3,0,0,46,0,46,0,0,49,0,49,28,0,28,77
09/29/2018,TZR,OH,AGL,CE,Federal Contract Tower,0,1,10,0,11,0,0,39,0,39,0,1,49,0,50,64,0,64,114
09/30/2018,TZR,OH,AGL,CE,Federal Contract Tower,0,0,6,0,6,0,0,39,0,39,0,0,45,0,45,24,0,24,69
10/01/2018,TZR,OH,AGL,CE,Federal Contract Tower,0,0,3,0,3,0,0,45,0,45,0,0,48,0,48,66,0,66,114
10/02/2018,TZR,OH,AGL,CE,Federal Contract Tower,0,0,5,0,5,0,0,26,0,26,0,0,31,0,31,26,0,26,57
10/03/2018,TZR,OH,AGL,CE,Federal Contract Tower,0,0,15,0,15,0,0,23,0,23,0,0,38,0,38,16,0,16,54
10/04/2018,TZR,OH,AGL,CE,Federal Contract Tower,0,0,6,0,6,0,0,24,0,24,0,0,30,0,30,4,0,4,34
10/05/2018,TZR,OH,AGL,CE,Federal Contract Tower,0,0,0,0,0,0,0,11,0,11,0,0,11,0,11,0,0,0,11
10/06/2018,TZR,OH,AGL,CE,Federal Contract Tower,0,0,3,0,3,0,0,37,0,37,0,0,40,0,40,42,0,42,82
10/07/2018,TZR,OH,AGL,CE,Federal Contract Tower,0,0,2,0,2,0,0,59,0,59,0,0,61,0,61,68,0,68,129
10/08/2018,TZR,OH,AGL,CE,Federal Contract Tower,0,0,11,0,11,0,0,31,0,31,0,0,42,0,42,8,0,8,50
10/09/2018,TZR,OH,AGL,CE,Federal Contract Tower,0,0,3,0,3,0,0,53,0,53,0,0,56,0,56,34,0,34,90
10/10/2018,TZR,OH,AGL,CE,Federal Contract Tower,0,0,1,4,5,0,0,25,0,25,0,0,26,4,30,10,0,10,40
10/11/2018,TZR,OH,AGL,CE,Federal Contract Tower,0,0,5,0,5,0,0,33,0,33,0,0,38,0,38,24,0,24,62
10/12/2018,TZR,OH,AGL,CE,Federal Contract Tower,0,0,3,0,3,0,0,55,0,55,0,0,58,0,58,12,0,12,70
10/13/2018,TZR,OH,AGL,CE,Federal Contract Tower,0,0,6,0,6,0,0,47,0,47,0,0,53,0,53,12,0,12,65
10/14/2018,TZR,OH,AGL,CE,Federal Contract Tower,0,0,6,0,6,0,0,33,0,33,0,0,39,0,39,22,0,22,61
10/15/2018,TZR,OH,AGL,CE,Federal Contract Tower,0,0,1,0,1,0,0,10,0,10,0,0,11,0,11,4,0,4,15
10/16/2018,TZR,OH,AGL,CE,Federal Contract Tower,0,0,9,1,10,0,0,60,0,60,0,0,69,1,70,20,0,20,90
10/17/2018,TZR,OH,AGL,CE,Federal Contract Tower,0,0,7,1,8,0,0,44,0,44,0,0,51,1,52,16,0,16,68
10/18/2018,TZR,OH,AGL,CE,Federal Contract Tower,0,0,7,0,7,0,0,62,0,62,0,0,69,0,69,120,0,120,189
10/19/2018,TZR,OH,AGL,CE,Federal Contract Tower,0,0,2,0,2,0,0,47,0,47,0,0,49,0,49,56,0,56,105
10/20/2018,TZR,OH,AGL,CE,Federal Contract Tower,0,0,1,0,1,0,0,1,0,1,0,0,2,0,2,0,0,0,2
10/21/2018,TZR,OH,AGL,CE,Federal Contract Tower,0,2,7,0,9,0,0,37,0,37,0,2,44,0,46,24,0,24,70
10/22/2018,TZR,OH,AGL,CE,Federal Contract Tower,0,1,10,0,11,0,0,29,0,29,0,1,39,0,40,20,0,20,60
10/23/2018,TZR,OH,AGL,CE,Federal Contract Tower,0,0,0,0,0,0,0,72,0,72,0,0,72,0,72,58,0,58,130
10/24/2018,TZR,OH,AGL,CE,Federal Contract Tower,0,0,11,0,11,0,0,63,0,63,0,0,74,0,74,8,0,8,82
10/25/2018,TZR,OH,AGL,CE,Federal Contract Tower,0,2,8,0,10,0,0,44,0,44,0,2,52,0,54,14,0,14,68
10/26/2018,TZR,OH,AGL,CE,Federal Contract Tower,0,2,3,0,5,0,0,19,0,19,0,2,22,0,24,44,0,44,68
10/27/2018,TZR,OH,AGL,CE,Federal Contract Tower,0,0,2,0,2,0,0,0,0,0,0,0,2,0,2,0,0,0,2
10/28/2018,TZR,OH,AGL,CE,Federal Contract Tower,0,0,6,0,6,0,0,15,0,15,0,0,21,0,21,20,0,20,41
10/29/2018,TZR,OH,AGL,CE,Federal Contract Tower,0,0,1,0,1,0,0,15,0,15,0,0,16,0,16,48,0,48,64
10/30/2018,TZR,OH,AGL,CE,Federal Contract Tower,0,0,11,0,11,0,0,70,0,70,0,0,81,0,81,58,0,58,139
10/31/2018,TZR,OH,AGL,CE,Federal Contract Tower,0,0,1,0,1,0,0,3,0,3,0,0,4,0,4,0,0,0,4
11/01/2018,TZR,OH,AGL,CE,Federal Contract Tower,0,0,5,0,5,0,0,0,0,0,0,0,5,0,5,0,0,0,5
11/02/2018,TZR,OH,AGL,CE,Federal Contract Tower,0,0,3,0,3,0,0,22,0,22,0,0,25,0,25,24,0,24,49
11/03/2018,TZR,OH,AGL,CE,Federal Contract Tower,0,0,5,0,5,0,0,66,0,66,0,0,71,0,71,36,0,36,107
11/04/2018,TZR,OH,AGL,CE,Federal Contract Tower,0,1,6,0,7,0,0,29,0,29,0,1,35,0,36,12,0,12,48
11/05/2018,TZR,OH,AGL,CE,Federal Contract Tower,0,0,4,0,4,0,0,40,0,40,0,0,44,0,44,24,0,24,68
11/06/2018,TZR,OH,AGL,CE,Federal Contract Tower,0,0,0,0,0,0,0,0,0,0,0,0,0,0,0,0,0,0,0
11/07/2018,TZR,OH,AGL,CE,Federal Contract Tower,0,0,3,0,3,0,0,48,0,48,0,0,51,0,51,16,0,16,67
11/08/2018,TZR,OH,AGL,CE,Federal Contract Tower,0,0,4,0,4,0,0,62,0,62,0,0,66,0,66,50,0,50,116
11/09/2018,TZR,OH,AGL,CE,Federal Contract Tower,0,0,0,0,0,0,0,2,0,2,0,0,2,0,2,0,0,0,2
11/10/2018,TZR,OH,AGL,CE,Federal Contract Tower,0,0,5,0,5,0,0,24,0,24,0,0,29,0,29,14,0,14,43
11/11/2018,TZR,OH,AGL,CE,Federal Contract Tower,0,0,2,0,2,0,0,38,0,38,0,0,40,0,40,72,0,72,112
11/12/2018,TZR,OH,AGL,CE,Federal Contract Tower,0,0,3,0,3,0,0,38,0,38,0,0,41,0,41,38,0,38,79
11/13/2018,TZR,OH,AGL,CE,Federal Contract Tower,0,0,4,0,4,0,0,6,0,6,0,0,10,0,10,2,0,2,12
11/14/2018,TZR,OH,AGL,CE,Federal Contract Tower,0,0,7,0,7,0,0,38,0,38,0,0,45,0,45,26,0,26,71
11/15/2018,TZR,OH,AGL,CE,Federal Contract Tower,0,0,0,0,0,0,0,0,0,0,0,0,0,0,0,0,0,0,0
11/16/2018,TZR,OH,AGL,CE,Federal Contract Tower,0,0,0,0,0,0,0,0,0,0,0,0,0,0,0,0,0,0,0
11/17/2018,TZR,OH,AGL,CE,Federal Contract Tower,0,0,0,0,0,0,0,36,0,36,0,0,36,0,36,60,0,60,96
11/18/2018,TZR,OH,AGL,CE,Federal Contract Tower,0,0,0,0,0,0,0,28,0,28,0,0,28,0,28,54,0,54,82
11/19/2018,TZR,OH,AGL,CE,Federal Contract Tower,0,0,4,0,4,0,0,0,0,0,0,0,4,0,4,0,0,0,4
11/20/2018,TZR,OH,AGL,CE,Federal Contract Tower,0,0,6,0,6,0,0,41,0,41,0,0,47,0,47,28,0,28,75
11/21/2018,TZR,OH,AGL,CE,Federal Contract Tower,0,0,3,0,3,0,0,56,0,56,0,0,59,0,59,58,0,58,117
11/22/2018,TZR,OH,AGL,CE,Federal Contract Tower,0,0,2,0,2,0,0,20,0,20,0,0,22,0,22,0,0,0,22
11/23/2018,TZR,OH,AGL,CE,Federal Contract Tower,0,0,6,0,6,0,0,86,0,86,0,0,92,0,92,72,0,72,164
11/24/2018,TZR,OH,AGL,CE,Federal Contract Tower,0,0,2,0,2,0,0,2,0,2,0,0,4,0,4,8,0,8,12
11/25/2018,TZR,OH,AGL,CE,Federal Contract Tower,0,0,4,0,4,0,0,22,0,22,0,0,26,0,26,44,0,44,70
11/26/2018,TZR,OH,AGL,CE,Federal Contract Tower,0,0,4,0,4,0,0,1,0,1,0,0,5,0,5,0,0,0,5
11/27/2018,TZR,OH,AGL,CE,Federal Contract Tower,0,0,5,0,5,0,0,2,0,2,0,0,7,0,7,0,0,0,7
11/28/2018,TZR,OH,AGL,CE,Federal Contract Tower,0,0,0,0,0,0,0,16,0,16,0,0,16,0,16,38,0,38,54
11/29/2018,TZR,OH,AGL,CE,Federal Contract Tower,0,0,2,0,2,0,0,8,0,8,0,0,10,0,10,10,0,10,20
11/30/2018,TZR,OH,AGL,CE,Federal Contract Tower,0,0,1,0,1,0,0,0,0,0,0,0,1,0,1,0,0,0,1
12/01/2018,TZR,OH,AGL,CE,Federal Contract Tower,0,0,0,0,0,0,0,0,0,0,0,0,0,0,0,0,0,0,0
12/02/2018,TZR,OH,AGL,CE,Federal Contract Tower,0,4,1,0,5,0,0,26,0,26,0,4,27,0,31,44,0,44,75
12/03/2018,TZR,OH,AGL,CE,Federal Contract Tower,0,0,0,0,0,0,0,0,0,0,0,0,0,0,0,0,0,0,0
12/04/2018,TZR,OH,AGL,CE,Federal Contract Tower,0,2,2,0,4,0,0,19,0,19,0,2,21,0,23,6,0,6,29
12/05/2018,TZR,OH,AGL,CE,Federal Contract Tower,0,1,3,0,4,0,0,24,0,24,0,1,27,0,28,6,0,6,34
12/06/2018,TZR,OH,AGL,CE,Federal Contract Tower,0,1,4,0,5,0,0,22,0,22,0,1,26,0,27,20,0,20,47
12/07/2018,TZR,OH,AGL,CE,Federal Contract Tower,0,0,2,0,2,0,0,47,0,47,0,0,49,0,49,68,0,68,117
12/08/2018,TZR,OH,AGL,CE,Federal Contract Tower,0,0,1,0,1,0,0,35,0,35,0,0,36,0,36,44,0,44,80
12/09/2018,TZR,OH,AGL,CE,Federal Contract Tower,0,0,7,0,7,0,0,21,0,21,0,0,28,0,28,34,0,34,62
12/10/2018,TZR,OH,AGL,CE,Federal Contract Tower,0,0,12,0,12,0,0,9,0,9,0,0,21,0,21,28,0,28,49
12/11/2018,TZR,OH,AGL,CE,Federal Contract Tower,0,1,6,2,9,0,0,35,2,37,0,1,41,4,46,34,4,38,84
12/12/2018,TZR,OH,AGL,CE,Federal Contract Tower,0,0,4,0,4,0,0,40,0,40,0,0,44,0,44,66,0,66,110
12/13/2018,TZR,OH,AGL,CE,Federal Contract Tower,0,0,4,0,4,0,0,34,0,34,0,0,38,0,38,28,0,28,66
12/14/2018,TZR,OH,AGL,CE,Federal Contract Tower,0,0,4,0,4,0,0,36,0,36,0,0,40,0,40,98,0,98,138
12/15/2018,TZR,OH,AGL,CE,Federal Contract Tower,0,0,0,0,0,0,0,0,0,0,0,0,0,0,0,0,0,0,0
12/16/2018,TZR,OH,AGL,CE,Federal Contract Tower,0,0,0,0,0,0,0,0,0,0,0,0,0,0,0,0,0,0,0
12/17/2018,TZR,OH,AGL,CE,Federal Contract Tower,0,0,12,0,12,0,0,38,0,38,0,0,50,0,50,64,0,64,114
12/18/2018,TZR,OH,AGL,CE,Federal Contract Tower,0,0,8,0,8,0,0,68,0,68,0,0,76,0,76,54,0,54,130
12/19/2018,TZR,OH,AGL,CE,Federal Contract Tower,0,0,1,0,1,0,0,52,0,52,0,0,53,0,53,96,0,96,149
12/20/2018,TZR,OH,AGL,CE,Federal Contract Tower,0,0,4,0,4,0,0,18,0,18,0,0,22,0,22,88,0,88,110
12/21/2018,TZR,OH,AGL,CE,Federal Contract Tower,0,0,0,0,0,0,0,11,0,11,0,0,11,0,11,0,0,0,11
12/22/2018,TZR,OH,AGL,CE,Federal Contract Tower,0,0,2,0,2,0,0,12,0,12,0,0,14,0,14,0,0,0,14
12/23/2018,TZR,OH,AGL,CE,Federal Contract Tower,0,0,3,0,3,0,0,11,0,11,0,0,14,0,14,32,0,32,46
12/24/2018,TZR,OH,AGL,CE,Federal Contract Tower,0,0,3,0,3,0,0,7,0,7,0,0,10,0,10,14,0,14,24
12/25/2018,TZR,OH,AGL,CE,Federal Contract Tower,0,0,0,0,0,0,0,6,0,6,0,0,6,0,6,12,0,12,18
12/26/2018,TZR,OH,AGL,CE,Federal Contract Tower,0,0,4,0,4,0,0,48,0,48,0,0,52,0,52,42,0,42,94
12/27/2018,TZR,OH,AGL,CE,Federal Contract Tower,0,0,0,0,0,0,0,13,0,13,0,0,13,0,13,10,0,10,23
12/28/2018,TZR,OH,AGL,CE,Federal Contract Tower,0,0,2,0,2,0,0,3,0,3,0,0,5,0,5,0,0,0,5
12/29/2018,TZR,OH,AGL,CE,Federal Contract Tower,0,0,1,0,1,0,0,11,0,11,0,0,12,0,12,8,0,8,20
12/30/2018,TZR,OH,AGL,CE,Federal Contract Tower,0,0,9,0,9,0,0,33,0,33,0,0,42,0,42,22,0,22,64
12/31/2018,TZR,OH,AGL,CE,Federal Contract Tower,0,0,0,0,0,0,0,1,0,1,0,0,1,0,1,0,0,0,1
01/01/2019,TZR,OH,AGL,CE,Federal Contract Tower,0,0,1,0,1,0,0,6,0,6,0,0,7,0,7,18,0,18,25
01/02/2019,TZR,OH,AGL,CE,Federal Contract Tower,0,0,3,0,3,0,0,12,0,12,0,0,15,0,15,0,0,0,15
01/03/2019,TZR,OH,AGL,CE,Federal Contract Tower,0,0,3,0,3,0,0,58,0,58,0,0,61,0,61,30,0,30,91
01/04/2019,TZR,OH,AGL,CE,Federal Contract Tower,0,0,0,0,0,0,0,54,0,54,0,0,54,0,54,2,0,2,56
01/05/2019,TZR,OH,AGL,CE,Federal Contract Tower,0,0,7,0,7,0,0,46,0,46,0,0,53,0,53,56,0,56,109
01/06/2019,TZR,OH,AGL,CE,Federal Contract Tower,0,0,2,0,2,0,0,34,0,34,0,0,36,0,36,32,0,32,68
01/07/2019,TZR,OH,AGL,CE,Federal Contract Tower,0,0,2,0,2,0,0,10,0,10,0,0,12,0,12,2,0,2,14
01/08/2019,TZR,OH,AGL,CE,Federal Contract Tower,0,0,1,0,1,0,0,0,0,0,0,0,1,0,1,0,0,0,1
01/09/2019,TZR,OH,AGL,CE,Federal Contract Tower,0,0,3,0,3,0,0,0,0,0,0,0,3,0,3,0,0,0,3
01/10/2019,TZR,OH,AGL,CE,Federal Contract Tower,0,0,0,0,0,0,0,12,0,12,0,0,12,0,12,0,0,0,12
01/11/2019,TZR,OH,AGL,CE,Federal Contract Tower,0,0,5,0,5,0,0,51,0,51,0,0,56,0,56,78,0,78,134
01/12/2019,TZR,OH,AGL,CE,Federal Contract Tower,0,0,0,0,0,0,0,0,0,0,0,0,0,0,0,0,0,0,0
01/13/2019,TZR,OH,AGL,CE,Federal Contract Tower,0,0,1,0,1,0,0,6,0,6,0,0,7,0,7,6,0,6,13
01/14/2019,TZR,OH,AGL,CE,Federal Contract Tower,0,0,0,0,0,0,0,2,0,2,0,0,2,0,2,0,0,0,2
01/15/2019,TZR,OH,AGL,CE,Federal Contract Tower,0,0,3,0,3,0,0,0,0,0,0,0,3,0,3,0,0,0,3
01/16/2019,TZR,OH,AGL,CE,Federal Contract Tower,0,0,0,0,0,0,0,40,0,40,0,0,40,0,40,6,0,6,46
01/17/2019,TZR,OH,AGL,CE,Federal Contract Tower,0,0,0,0,0,0,0,4,0,4,0,0,4,0,4,0,0,0,4
01/18/2019,TZR,OH,AGL,CE,Federal Contract Tower,0,0,2,0,2,0,0,15,0,15,0,0,17,0,17,0,0,0,17
01/19/2019,TZR,OH,AGL,CE,Federal Contract Tower,0,0,0,0,0,0,0,1,0,1,0,0,1,0,1,0,0,0,1
01/20/2019,TZR,OH,AGL,CE,Federal Contract Tower,0,0,0,0,0,0,0,2,0,2,0,0,2,0,2,0,0,0,2
01/21/2019,TZR,OH,AGL,CE,Federal Contract Tower,0,0,1,0,1,0,0,10,0,10,0,0,11,0,11,0,0,0,11
01/22/2019,TZR,OH,AGL,CE,Federal Contract Tower,0,0,6,0,6,0,0,53,0,53,0,0,59,0,59,30,0,30,89
01/23/2019,TZR,OH,AGL,CE,Federal Contract Tower,0,0,3,0,3,0,0,2,0,2,0,0,5,0,5,0,0,0,5
01/24/2019,TZR,OH,AGL,CE,Federal Contract Tower,0,0,0,0,0,0,0,8,0,8,0,0,8,0,8,0,0,0,8
01/25/2019,TZR,OH,AGL,CE,Federal Contract Tower,0,0,2,0,2,0,0,13,0,13,0,0,15,0,15,6,0,6,21
01/26/2019,TZR,OH,AGL,CE,Federal Contract Tower,0,0,2,0,2,0,0,6,0,6,0,0,8,0,8,0,0,0,8
01/27/2019,TZR,OH,AGL,CE,Federal Contract Tower,0,0,2,0,2,0,0,11,0,11,0,0,13,0,13,14,0,14,27
01/28/2019,TZR,OH,AGL,CE,Federal Contract Tower,0,0,3,0,3,0,0,8,0,8,0,0,11,0,11,8,0,8,19
01/29/2019,TZR,OH,AGL,CE,Federal Contract Tower,0,0,4,0,4,0,0,10,0,10,0,0,14,0,14,0,0,0,14
01/30/2019,TZR,OH,AGL,CE,Federal Contract Tower,0,0,2,0,2,0,0,2,0,2,0,0,4,0,4,0,0,0,4
01/31/2019,TZR,OH,AGL,CE,Federal Contract Tower,0,0,4,0,4,0,0,11,0,11,0,0,15,0,15,2,0,2,17
02/01/2019,TZR,OH,AGL,CE,Federal Contract Tower,0,0,2,0,2,0,0,0,0,0,0,0,2,0,2,0,0,0,2
02/02/2019,TZR,OH,AGL,CE,Federal Contract Tower,0,0,2,0,2,0,0,0,0,0,0,0,2,0,2,0,0,0,2
02/03/2019,TZR,OH,AGL,CE,Federal Contract Tower,0,2,3,0,5,0,0,44,0,44,0,2,47,0,49,88,0,88,137
02/04/2019,TZR,OH,AGL,CE,Federal Contract Tower,0,0,8,0,8,0,0,31,0,31,0,0,39,0,39,62,0,62,101
02/05/2019,TZR,OH,AGL,CE,Federal Contract Tower,0,0,4,0,4,0,0,0,0,0,0,0,4,0,4,0,0,0,4
02/06/2019,TZR,OH,AGL,CE,Federal Contract Tower,0,0,0,0,0,0,0,0,0,0,0,0,0,0,0,0,0,0,0
02/07/2019,TZR,OH,AGL,CE,Federal Contract Tower,0,0,0,0,0,0,0,0,0,0,0,0,0,0,0,0,0,0,0
02/08/2019,TZR,OH,AGL,CE,Federal Contract Tower,0,2,2,0,4,0,3,3,0,6,0,5,5,0,10,0,0,0,10
02/09/2019,TZR,OH,AGL,CE,Federal Contract Tower,0,0,3,0,3,0,0,54,0,54,0,0,57,0,57,92,0,92,149
02/10/2019,TZR,OH,AGL,CE,Federal Contract Tower,0,0,0,0,0,0,0,6,0,6,0,0,6,0,6,16,0,16,22
02/11/2019,TZR,OH,AGL,CE,Federal Contract Tower,0,0,2,0,2,0,0,0,0,0,0,0,2,0,2,0,0,0,2
02/12/2019,TZR,OH,AGL,CE,Federal Contract Tower,0,0,1,0,1,0,0,0,0,0,0,0,1,0,1,0,0,0,1
02/13/2019,TZR,OH,AGL,CE,Federal Contract Tower,0,0,4,0,4,0,0,5,0,5,0,0,9,0,9,0,0,0,9
02/14/2019,TZR,OH,AGL,CE,Federal Contract Tower,0,0,4,0,4,0,0,85,0,85,0,0,89,0,89,18,0,18,107
02/15/2019,TZR,OH,AGL,CE,Federal Contract Tower,0,0,4,0,4,0,0,19,0,19,0,0,23,0,23,16,0,16,39
02/16/2019,TZR,OH,AGL,CE,Federal Contract Tower,0,0,5,0,5,0,0,31,0,31,0,0,36,0,36,40,0,40,76
02/17/2019,TZR,OH,AGL,CE,Federal Contract Tower,0,0,0,0,0,0,0,7,0,7,0,0,7,0,7,0,0,0,7
02/18/2019,TZR,OH,AGL,CE,Federal Contract Tower,0,0,2,0,2,0,0,5,0,5,0,0,7,0,7,0,0,0,7
02/19/2019,TZR,OH,AGL,CE,Federal Contract Tower,0,0,5,0,5,0,0,28,0,28,0,0,33,0,33,16,0,16,49
02/20/2019,TZR,OH,AGL,CE,Federal Contract Tower,0,0,0,0,0,0,0,0,0,0,0,0,0,0,0,0,0,0,0
02/21/2019,TZR,OH,AGL,CE,Federal Contract Tower,0,0,6,0,6,0,0,33,0,33,0,0,39,0,39,28,0,28,67
02/22/2019,TZR,OH,AGL,CE,Federal Contract Tower,0,0,5,0,5,0,0,38,0,38,0,0,43,0,43,34,0,34,77
02/23/2019,TZR,OH,AGL,CE,Federal Contract Tower,0,0,7,0,7,0,0,4,0,4,0,0,11,0,11,14,0,14,25
02/24/2019,TZR,OH,AGL,CE,Federal Contract Tower,0,0,0,0,0,0,0,4,0,4,0,0,4,0,4,0,0,0,4
02/25/2019,TZR,OH,AGL,CE,Federal Contract Tower,0,0,10,0,10,0,0,15,0,15,0,0,25,0,25,20,0,20,45
02/26/2019,TZR,OH,AGL,CE,Federal Contract Tower,0,0,19,0,19,0,0,47,0,47,0,0,66,0,66,28,0,28,94
02/27/2019,TZR,OH,AGL,CE,Federal Contract Tower,0,0,14,0,14,0,0,37,0,37,0,0,51,0,51,32,0,32,83
02/28/2019,TZR,OH,AGL,CE,Federal Contract Tower,0,0,13,0,13,0,0,29,0,29,0,0,42,0,42,10,0,10,52
03/01/2019,TZR,OH,AGL,CE,Federal Contract Tower,0,0,5,0,5,0,0,35,0,35,0,0,40,0,40,52,0,52,92
03/02/2019,TZR,OH,AGL,CE,Federal Contract Tower,0,0,2,0,2,0,0,38,0,38,0,0,40,0,40,36,0,36,76
03/03/2019,TZR,OH,AGL,CE,Federal Contract Tower,0,0,1,0,1,0,0,1,0,1,0,0,2,0,2,0,0,0,2
03/04/2019,TZR,OH,AGL,CE,Federal Contract Tower,0,0,0,0,0,0,0,12,0,12,0,0,12,0,12,38,0,38,50
03/05/2019,TZR,OH,AGL,CE,Federal Contract Tower,0,0,1,0,1,0,0,2,0,2,0,0,3,0,3,6,0,6,9
03/06/2019,TZR,OH,AGL,CE,Federal Contract Tower,0,0,2,0,2,0,0,18,0,18,0,0,20,0,20,2,0,2,22
03/07/2019,TZR,OH,AGL,CE,Federal Contract Tower,0,2,3,0,5,0,0,19,0,19,0,2,22,0,24,0,0,0,24
03/08/2019,TZR,OH,AGL,CE,Federal Contract Tower,0,0,1,0,1,0,0,11,0,11,0,0,12,0,12,20,0,20,32
03/09/2019,TZR,OH,AGL,CE,Federal Contract Tower,0,0,0,0,0,0,0,1,0,1,0,0,1,0,1,0,0,0,1
03/10/2019,TZR,OH,AGL,CE,Federal Contract Tower,0,0,0,0,0,0,0,4,0,4,0,0,4,0,4,0,0,0,4
03/11/2019,TZR,OH,AGL,CE,Federal Contract Tower,0,0,4,0,4,0,0,20,0,20,0,0,24,0,24,14,0,14,38
03/12/2019,TZR,OH,AGL,CE,Federal Contract Tower,0,0,10,0,10,0,0,46,0,46,0,0,56,0,56,66,0,66,122
03/13/2019,TZR,OH,AGL,CE,Federal Contract Tower,0,0,2,0,2,0,0,29,0,29,0,0,31,0,31,8,0,8,39
03/14/2019,TZR,OH,AGL,CE,Federal Contract Tower,0,2,0,0,2,0,0,3,0,3,0,2,3,0,5,0,0,0,5
03/15/2019,TZR,OH,AGL,CE,Federal Contract Tower,0,0,0,0,0,0,0,10,0,10,0,0,10,0,10,0,0,0,10
03/16/2019,TZR,OH,AGL,CE,Federal Contract Tower,0,0,6,0,6,0,0,28,0,28,0,0,34,0,34,20,0,20,54
03/17/2019,TZR,OH,AGL,CE,Federal Contract Tower,0,0,6,0,6,0,0,9,0,9,0,0,15,0,15,16,0,16,31
03/18/2019,TZR,OH,AGL,CE,Federal Contract Tower,0,0,2,0,2,0,0,28,0,28,0,0,30,0,30,38,0,38,68
03/19/2019,TZR,OH,AGL,CE,Federal Contract Tower,0,0,6,0,6,0,0,45,0,45,0,0,51,0,51,32,0,32,83
03/20/2019,TZR,OH,AGL,CE,Federal Contract Tower,0,0,2,0,2,0,0,27,0,27,0,0,29,0,29,50,0,50,79
03/21/2019,TZR,OH,AGL,CE,Federal Contract Tower,0,0,3,0,3,0,0,7,0,7,0,0,10,0,10,20,0,20,30
03/22/2019,TZR,OH,AGL,CE,Federal Contract Tower,0,0,2,0,2,0,0,5,0,5,0,0,7,0,7,0,0,0,7
03/23/2019,TZR,OH,AGL,CE,Federal Contract Tower,0,0,4,0,4,0,0,75,0,75,0,0,79,0,79,22,0,22,101
03/24/2019,TZR,OH,AGL,CE,Federal Contract Tower,0,0,4,0,4,0,0,17,0,17,0,0,21,0,21,6,0,6,27
03/25/2019,TZR,OH,AGL,CE,Federal Contract Tower,0,0,2,0,2,0,0,0,0,0,0,0,2,0,2,0,0,0,2
03/26/2019,TZR,OH,AGL,CE,Federal Contract Tower,0,0,3,0,3,0,0,58,0,58,0,0,61,0,61,72,0,72,133
03/27/2019,TZR,OH,AGL,CE,Federal Contract Tower,0,2,6,0,8,0,0,39,0,39,0,2,45,0,47,98,0,98,145
03/28/2019,TZR,OH,AGL,CE,Federal Contract Tower,0,0,0,0,0,0,0,17,0,17,0,0,17,0,17,16,0,16,33
03/29/2019,TZR,OH,AGL,CE,Federal Contract Tower,0,0,0,0,0,0,0,10,0,10,0,0,10,0,10,4,0,4,14
03/30/2019,TZR,OH,AGL,CE,Federal Contract Tower,0,0,0,0,0,0,0,0,0,0,0,0,0,0,0,0,0,0,0
03/31/2019,TZR,OH,AGL,CE,Federal Contract Tower,0,0,8,0,8,0,0,10,0,10,0,0,18,0,18,12,0,12,30
04/01/2019,TZR,OH,AGL,CE,Federal Contract Tower,0,0,3,0,3,0,0,48,0,48,0,0,51,0,51,44,0,44,95
04/02/2019,TZR,OH,AGL,CE,Federal Contract Tower,0,0,5,0,5,0,0,42,0,42,0,0,47,0,47,20,0,20,67
04/03/2019,TZR,OH,AGL,CE,Federal Contract Tower,0,0,8,0,8,0,0,39,0,39,0,0,47,0,47,4,0,4,51
04/04/2019,TZR,OH,AGL,CE,Federal Contract Tower,0,0,0,0,0,0,0,36,0,36,0,0,36,0,36,32,0,32,68
04/05/2019,TZR,OH,AGL,CE,Federal Contract Tower,0,0,7,0,7,0,0,16,0,16,0,0,23,0,23,24,0,24,47
04/06/2019,TZR,OH,AGL,CE,Federal Contract Tower,0,0,4,0,4,0,0,45,0,45,0,0,49,0,49,20,0,20,69
04/07/2019,TZR,OH,AGL,CE,Federal Contract Tower,0,0,1,0,1,0,0,11,0,11,0,0,12,0,12,24,0,24,36
04/08/2019,TZR,OH,AGL,CE,Federal Contract Tower,0,0,6,0,6,0,0,12,0,12,0,0,18,0,18,46,0,46,64
04/09/2019,TZR,OH,AGL,CE,Federal Contract Tower,0,0,1,2,3,0,0,13,0,13,0,0,14,2,16,4,0,4,20
04/10/2019,TZR,OH,AGL,CE,Federal Contract Tower,0,0,12,0,12,0,0,39,0,39,0,0,51,0,51,62,0,62,113
04/11/2019,TZR,OH,AGL,CE,Federal Contract Tower,0,0,5,0,5,0,0,25,0,25,0,0,30,0,30,22,0,22,52
04/12/2019,TZR,OH,AGL,CE,Federal Contract Tower,0,2,2,0,4,0,0,9,0,9,0,2,11,0,13,0,0,0,13
04/13/2019,TZR,OH,AGL,CE,Federal Contract Tower,0,0,5,0,5,0,0,49,0,49,0,0,54,0,54,78,0,78,132
04/14/2019,TZR,OH,AGL,CE,Federal Contract Tower,0,0,0,0,0,0,0,0,0,0,0,0,0,0,0,0,0,0,0
04/15/2019,TZR,OH,AGL,CE,Federal Contract Tower,0,0,3,0,3,0,0,14,0,14,0,0,17,0,17,12,0,12,29
04/16/2019,TZR,OH,AGL,CE,Federal Contract Tower,0,0,4,0,4,0,0,41,0,41,0,0,45,0,45,28,0,28,73
04/17/2019,TZR,OH,AGL,CE,Federal Contract Tower,0,0,8,0,8,0,0,43,0,43,0,0,51,0,51,72,0,72,123
04/18/2019,TZR,OH,AGL,CE,Federal Contract Tower,0,0,1,0,1,0,0,7,0,7,0,0,8,0,8,0,0,0,8
04/19/2019,TZR,OH,AGL,CE,Federal Contract Tower,0,0,0,0,0,0,0,0,0,0,0,0,0,0,0,0,0,0,0
04/20/2019,TZR,OH,AGL,CE,Federal Contract Tower,0,0,0,0,0,0,0,2,0,2,0,0,2,0,2,2,0,2,4
04/21/2019,TZR,OH,AGL,CE,Federal Contract Tower,0,0,7,0,7,0,0,10,0,10,0,0,17,0,17,28,0,28,45
04/22/2019,TZR,OH,AGL,CE,Federal Contract Tower,0,6,5,0,11,0,0,41,0,41,0,6,46,0,52,84,0,84,136
04/23/2019,TZR,OH,AGL,CE,Federal Contract Tower,0,0,2,0,2,0,0,22,0,22,0,0,24,0,24,52,0,52,76
04/24/2019,TZR,OH,AGL,CE,Federal Contract Tower,0,0,8,0,8,0,0,29,0,29,0,0,37,0,37,32,0,32,69
04/25/2019,TZR,OH,AGL,CE,Federal Contract Tower,0,0,6,0,6,0,0,2,0,2,0,0,8,0,8,0,0,0,8
04/26/2019,TZR,OH,AGL,CE,Federal Contract Tower,0,0,5,0,5,0,0,4,0,4,0,0,9,0,9,2,0,2,11
04/27/2019,TZR,OH,AGL,CE,Federal Contract Tower,0,0,9,0,9,0,0,41,0,41,0,0,50,0,50,24,0,24,74
04/28/2019,TZR,OH,AGL,CE,Federal Contract Tower,0,0,6,0,6,0,0,19,0,19,0,0,25,0,25,38,0,38,63
04/29/2019,TZR,OH,AGL,CE,Federal Contract Tower,0,0,12,0,12,0,0,29,0,29,0,0,41,0,41,6,0,6,47
04/30/2019,TZR,OH,AGL,CE,Federal Contract Tower,0,0,10,0,10,0,0,14,0,14,0,0,24,0,24,20,0,20,44
05/01/2019,TZR,OH,AGL,CE,Federal Contract Tower,0,0,4,0,4,0,0,5,0,5,0,0,9,0,9,0,0,0,9
05/02/2019,TZR,OH,AGL,CE,Federal Contract Tower,0,0,2,0,2,0,0,13,0,13,0,0,15,0,15,18,0,18,33
05/03/2019,TZR,OH,AGL,CE,Federal Contract Tower,0,0,0,0,0,0,0,4,0,4,0,0,4,0,4,12,0,12,16
05/04/2019,TZR,OH,AGL,CE,Federal Contract Tower,0,0,7,0,7,0,0,5,0,5,0,0,12,0,12,0,0,0,12
05/05/2019,TZR,OH,AGL,CE,Federal Contract Tower,0,0,11,0,11,0,0,24,0,24,0,0,35,0,35,48,0,48,83
05/06/2019,TZR,OH,AGL,CE,Federal Contract Tower,0,0,6,0,6,0,0,44,0,44,0,0,50,0,50,70,0,70,120
05/07/2019,TZR,OH,AGL,CE,Federal Contract Tower,0,0,10,0,10,0,0,41,0,41,0,0,51,0,51,0,0,0,51
05/08/2019,TZR,OH,AGL,CE,Federal Contract Tower,0,0,7,0,7,0,0,53,0,53,0,0,60,0,60,18,0,18,78
05/09/2019,TZR,OH,AGL,CE,Federal Contract Tower,0,0,2,0,2,0,0,6,0,6,0,0,8,0,8,0,0,0,8
05/10/2019,TZR,OH,AGL,CE,Federal Contract Tower,0,0,2,0,2,0,0,8,0,8,0,0,10,0,10,18,0,18,28
05/11/2019,TZR,OH,AGL,CE,Federal Contract Tower,0,0,6,0,6,0,0,46,0,46,0,0,52,0,52,56,0,56,108
05/12/2019,TZR,OH,AGL,CE,Federal Contract Tower,0,0,3,0,3,0,0,5,0,5,0,0,8,0,8,30,0,30,38
05/13/2019,TZR,OH,AGL,CE,Federal Contract Tower,0,0,5,0,5,0,0,4,0,4,0,0,9,0,9,14,0,14,23
05/14/2019,TZR,OH,AGL,CE,Federal Contract Tower,0,0,6,0,6,0,0,43,0,43,0,0,49,0,49,32,0,32,81
05/15/2019,TZR,OH,AGL,CE,Federal Contract Tower,0,0,2,2,4,0,0,48,0,48,0,0,50,2,52,50,0,50,102
05/16/2019,TZR,OH,AGL,CE,Federal Contract Tower,0,0,4,0,4,0,0,33,0,33,0,0,37,0,37,28,0,28,65
05/17/2019,TZR,OH,AGL,CE,Federal Contract Tower,0,0,3,0,3,0,0,17,0,17,0,0,20,0,20,16,0,16,36
05/18/2019,TZR,OH,AGL,CE,Federal Contract Tower,0,0,5,0,5,0,0,33,0,33,0,0,38,0,38,14,0,14,52
05/19/2019,TZR,OH,AGL,CE,Federal Contract Tower,0,0,0,0,0,0,0,8,0,8,0,0,8,0,8,0,0,0,8
05/20/2019,TZR,OH,AGL,CE,Federal Contract Tower,0,0,4,0,4,0,0,21,0,21,0,0,25,0,25,6,0,6,31
05/21/2019,TZR,OH,AGL,CE,Federal Contract Tower,0,0,6,0,6,0,0,31,0,31,0,0,37,0,37,26,0,26,63
05/22/2019,TZR,OH,AGL,CE,Federal Contract Tower,0,0,1,0,1,0,0,27,0,27,0,0,28,0,28,30,0,30,58
05/23/2019,TZR,OH,AGL,CE,Federal Contract Tower,0,0,3,0,3,0,0,8,0,8,0,0,11,0,11,6,0,6,17
05/24/2019,TZR,OH,AGL,CE,Federal Contract Tower,0,0,5,0,5,0,0,40,0,40,0,0,45,0,45,54,0,54,99
05/25/2019,TZR,OH,AGL,CE,Federal Contract Tower,0,0,4,0,4,0,0,31,0,31,0,0,35,0,35,36,0,36,71
05/26/2019,TZR,OH,AGL,CE,Federal Contract Tower,0,0,1,0,1,0,0,27,0,27,0,0,28,0,28,20,0,20,48
05/27/2019,TZR,OH,AGL,CE,Federal Contract Tower,0,0,13,0,13,0,0,28,0,28,0,0,41,0,41,58,0,58,99
05/28/2019,TZR,OH,AGL,CE,Federal Contract Tower,0,0,1,0,1,0,0,28,0,28,0,0,29,0,29,12,0,12,41
05/29/2019,TZR,OH,AGL,CE,Federal Contract Tower,0,0,2,0,2,0,0,9,0,9,0,0,11,0,11,0,0,0,11
05/30/2019,TZR,OH,AGL,CE,Federal Contract Tower,0,0,2,0,2,0,0,7,0,7,0,0,9,0,9,26,0,26,35
05/31/2019,TZR,OH,AGL,CE,Federal Contract Tower,0,0,3,0,3,0,0,20,0,20,0,0,23,0,23,0,0,0,23
06/01/2019,TZR,OH,AGL,CE,Federal Contract Tower,0,0,8,0,8,0,0,27,0,27,0,0,35,0,35,32,0,32,67
06/02/2019,TZR,OH,AGL,CE,Federal Contract Tower,0,0,4,0,4,0,0,28,0,28,0,0,32,0,32,28,0,28,60
06/03/2019,TZR,OH,AGL,CE,Federal Contract Tower,0,0,3,0,3,0,0,44,0,44,0,0,47,0,47,64,0,64,111
06/04/2019,TZR,OH,AGL,CE,Federal Contract Tower,0,0,14,0,14,0,0,41,0,41,0,0,55,0,55,14,0,14,69
06/05/2019,TZR,OH,AGL,CE,Federal Contract Tower,0,0,5,0,5,0,0,12,0,12,0,0,17,0,17,32,0,32,49
06/06/2019,TZR,OH,AGL,CE,Federal Contract Tower,0,0,10,0,10,0,0,22,0,22,0,0,32,0,32,26,0,26,58
06/07/2019,TZR,OH,AGL,CE,Federal Contract Tower,0,0,8,0,8,0,0,32,0,32,0,0,40,0,40,36,0,36,76
06/08/2019,TZR,OH,AGL,CE,Federal Contract Tower,0,0,2,0,2,0,0,25,0,25,0,0,27,0,27,14,0,14,41
06/09/2019,TZR,OH,AGL,CE,Federal Contract Tower,0,2,5,0,7,0,0,10,0,10,0,2,15,0,17,10,0,10,27
06/10/2019,TZR,OH,AGL,CE,Federal Contract Tower,0,0,0,0,0,0,0,2,0,2,0,0,2,0,2,0,0,0,2
06/11/2019,TZR,OH,AGL,CE,Federal Contract Tower,0,0,14,0,14,0,0,62,0,62,0,0,76,0,76,26,0,26,102
06/12/2019,TZR,OH,AGL,CE,Federal Contract Tower,0,0,7,0,7,0,0,21,0,21,0,0,28,0,28,4,0,4,32
06/13/2019,TZR,OH,AGL,CE,Federal Contract Tower,0,0,2,0,2,0,0,6,0,6,0,0,8,0,8,10,0,10,18
06/14/2019,TZR,OH,AGL,CE,Federal Contract Tower,0,0,2,0,2,0,0,54,0,54,0,0,56,0,56,8,0,8,64
06/15/2019,TZR,OH,AGL,CE,Federal Contract Tower,0,0,5,2,7,0,0,20,0,20,0,0,25,2,27,58,0,58,85
06/16/2019,TZR,OH,AGL,CE,Federal Contract Tower,0,0,4,0,4,0,0,14,0,14,0,0,18,0,18,50,0,50,68
06/17/2019,TZR,OH,AGL,CE,Federal Contract Tower,0,0,4,0,4,0,0,4,0,4,0,0,8,0,8,6,0,6,14
06/18/2019,TZR,OH,AGL,CE,Federal Contract Tower,0,0,4,0,4,0,0,15,0,15,0,0,19,0,19,30,0,30,49
06/19/2019,TZR,OH,AGL,CE,Federal Contract Tower,0,0,12,0,12,0,0,18,0,18,0,0,30,0,30,10,0,10,40
06/20/2019,TZR,OH,AGL,CE,Federal Contract Tower,0,0,6,0,6,0,0,2,0,2,0,0,8,0,8,0,0,0,8
06/21/2019,TZR,OH,AGL,CE,Federal Contract Tower,0,0,9,0,9,0,0,63,0,63,0,0,72,0,72,30,0,30,102
06/22/2019,TZR,OH,AGL,CE,Federal Contract Tower,0,0,4,0,4,0,0,25,0,25,0,0,29,0,29,28,0,28,57
06/23/2019,TZR,OH,AGL,CE,Federal Contract Tower,0,0,0,0,0,0,0,33,0,33,0,0,33,0,33,46,0,46,79
06/24/2019,TZR,OH,AGL,CE,Federal Contract Tower,0,0,2,0,2,0,0,20,0,20,0,0,22,0,22,56,0,56,78
06/25/2019,TZR,OH,AGL,CE,Federal Contract Tower,0,0,9,0,9,0,0,37,0,37,0,0,46,0,46,34,0,34,80
06/26/2019,TZR,OH,AGL,CE,Federal Contract Tower,0,0,3,0,3,0,0,27,0,27,0,0,30,0,30,70,0,70,100
06/27/2019,TZR,OH,AGL,CE,Federal Contract Tower,0,0,0,0,0,0,0,23,0,23,0,0,23,0,23,6,0,6,29
06/28/2019,TZR,OH,AGL,CE,Federal Contract Tower,0,0,5,0,5,0,0,36,0,36,0,0,41,0,41,56,0,56,97
06/29/2019,TZR,OH,AGL,CE,Federal Contract Tower,0,0,1,0,1,0,0,39,0,39,0,0,40,0,40,14,0,14,54
06/30/2019,TZR,OH,AGL,CE,Federal Contract Tower,0,0,7,0,7,0,0,31,0,31,0,0,38,0,38,90,0,90,128
07/01/2019,TZR,OH,AGL,CE,Federal Contract Tower,0,0,10,0,10,0,0,24,0,24,0,0,34,0,34,6,0,6,40
07/02/2019,TZR,OH,AGL,CE,Federal Contract Tower,0,0,4,2,6,0,0,46,0,46,0,0,50,2,52,26,0,26,78
07/03/2019,TZR,OH,AGL,CE,Federal Contract Tower,0,0,9,0,9,0,0,25,0,25,0,0,34,0,34,28,0,28,62
07/04/2019,TZR,OH,AGL,CE,Federal Contract Tower,0,0,3,0,3,0,0,17,0,17,0,0,20,0,20,6,0,6,26
07/05/2019,TZR,OH,AGL,CE,Federal Contract Tower,0,0,2,0,2,0,0,27,0,27,0,0,29,0,29,36,0,36,65
07/06/2019,TZR,OH,AGL,CE,Federal Contract Tower,0,0,7,0,7,0,0,24,0,24,0,0,31,0,31,20,0,20,51
07/07/2019,TZR,OH,AGL,CE,Federal Contract Tower,0,0,10,0,10,0,0,14,0,14,0,0,24,0,24,6,0,6,30
07/08/2019,TZR,OH,AGL,CE,Federal Contract Tower,0,0,9,0,9,0,0,25,0,25,0,0,34,0,34,26,0,26,60
07/09/2019,TZR,OH,AGL,CE,Federal Contract Tower,0,0,19,0,19,0,0,41,0,41,0,0,60,0,60,44,0,44,104
07/10/2019,TZR,OH,AGL,CE,Federal Contract Tower,0,0,4,0,4,0,0,34,0,34,0,0,38,0,38,30,0,30,68
07/11/2019,TZR,OH,AGL,CE,Federal Contract Tower,0,0,1,2,3,0,0,10,0,10,0,0,11,2,13,6,0,6,19
07/12/2019,TZR,OH,AGL,CE,Federal Contract Tower,0,0,10,0,10,0,0,26,0,26,0,0,36,0,36,48,0,48,84
07/13/2019,TZR,OH,AGL,CE,Federal Contract Tower,0,0,5,0,5,0,0,42,0,42,0,0,47,0,47,24,0,24,71
07/14/2019,TZR,OH,AGL,CE,Federal Contract Tower,0,0,2,0,2,0,0,38,0,38,0,0,40,0,40,36,0,36,76
07/15/2019,TZR,OH,AGL,CE,Federal Contract Tower,0,0,3,0,3,0,0,31,0,31,0,0,34,0,34,26,0,26,60
07/16/2019,TZR,OH,AGL,CE,Federal Contract Tower,0,0,5,0,5,0,0,18,0,18,0,0,23,0,23,0,0,0,23
07/17/2019,TZR,OH,AGL,CE,Federal Contract Tower,0,0,4,0,4,0,0,2,0,2,0,0,6,0,6,0,0,0,6
07/18/2019,TZR,OH,AGL,CE,Federal Contract Tower,0,2,10,0,12,0,0,25,0,25,0,2,35,0,37,24,0,24,61
07/19/2019,TZR,OH,AGL,CE,Federal Contract Tower,0,0,2,0,2,0,0,21,0,21,0,0,23,0,23,50,0,50,73
07/20/2019,TZR,OH,AGL,CE,Federal Contract Tower,0,0,5,2,7,0,0,39,0,39,0,0,44,2,46,68,0,68,114
07/21/2019,TZR,OH,AGL,CE,Federal Contract Tower,0,0,4,0,4,0,0,6,0,6,0,0,10,0,10,36,0,36,46
07/22/2019,TZR,OH,AGL,CE,Federal Contract Tower,0,0,1,0,1,0,0,2,0,2,0,0,3,0,3,0,0,0,3
07/23/2019,TZR,OH,AGL,CE,Federal Contract Tower,0,2,10,0,12,0,0,40,0,40,0,2,50,0,52,62,0,62,114
07/24/2019,TZR,OH,AGL,CE,Federal Contract Tower,0,1,9,0,10,0,0,38,0,38,0,1,47,0,48,34,0,34,82
07/25/2019,TZR,OH,AGL,CE,Federal Contract Tower,0,0,7,0,7,0,0,29,0,29,0,0,36,0,36,44,0,44,80
07/26/2019,TZR,OH,AGL,CE,Federal Contract Tower,0,0,4,0,4,0,0,42,0,42,0,0,46,0,46,58,0,58,104
07/27/2019,TZR,OH,AGL,CE,Federal Contract Tower,0,0,5,0,5,0,0,62,0,62,0,0,67,0,67,26,0,26,93
07/28/2019,TZR,OH,AGL,CE,Federal Contract Tower,0,0,7,0,7,0,0,30,0,30,0,0,37,0,37,74,0,74,111
07/29/2019,TZR,OH,AGL,CE,Federal Contract Tower,0,0,8,0,8,0,0,41,0,41,0,0,49,0,49,90,0,90,139
07/30/2019,TZR,OH,AGL,CE,Federal Contract Tower,0,0,8,0,8,0,0,10,0,10,0,0,18,0,18,36,0,36,54
07/31/2019,TZR,OH,AGL,CE,Federal Contract Tower,0,0,21,0,21,0,0,35,0,35,0,0,56,0,56,86,0,86,142
08/01/2019,TZR,OH,AGL,CE,Federal Contract Tower,0,0,9,0,9,0,0,44,0,44,0,0,53,0,53,102,0,102,155
08/02/2019,TZR,OH,AGL,CE,Federal Contract Tower,0,0,5,0,5,0,0,38,0,38,0,0,43,0,43,52,0,52,95
08/03/2019,TZR,OH,AGL,CE,Federal Contract Tower,0,0,8,0,8,0,0,50,0,50,0,0,58,0,58,22,0,22,80
08/04/2019,TZR,OH,AGL,CE,Federal Contract Tower,0,0,5,0,5,0,0,41,0,41,0,0,46,0,46,30,0,30,76
08/05/2019,TZR,OH,AGL,CE,Federal Contract Tower,0,0,6,0,6,0,0,22,0,22,0,0,28,0,28,16,0,16,44
08/06/2019,TZR,OH,AGL,CE,Federal Contract Tower,0,0,3,0,3,0,0,22,0,22,0,0,25,0,25,38,0,38,63
08/07/2019,TZR,OH,AGL,CE,Federal Contract Tower,0,0,5,0,5,0,0,14,0,14,0,0,19,0,19,32,0,32,51
08/08/2019,TZR,OH,AGL,CE,Federal Contract Tower,0,0,4,0,4,0,0,14,0,14,0,0,18,0,18,14,0,14,32
08/09/2019,TZR,OH,AGL,CE,Federal Contract Tower,0,0,18,0,18,0,0,34,0,34,0,0,52,0,52,38,0,38,90
08/10/2019,TZR,OH,AGL,CE,Federal Contract Tower,0,0,1,0,1,0,0,146,0,146,0,0,147,0,147,50,0,50,197
08/11/2019,TZR,OH,AGL,CE,Federal Contract Tower,0,0,11,0,11,0,0,37,0,37,0,0,48,0,48,48,0,48,96
08/12/2019,TZR,OH,AGL,CE,Federal Contract Tower,0,0,0,2,2,0,0,40,0,40,0,0,40,2,42,56,0,56,98
08/13/2019,TZR,OH,AGL,CE,Federal Contract Tower,0,0,12,0,12,0,0,10,0,10,0,0,22,0,22,32,0,32,54
08/14/2019,TZR,OH,AGL,CE,Federal Contract Tower,0,0,3,0,3,0,0,32,0,32,0,0,35,0,35,42,0,42,77
08/15/2019,TZR,OH,AGL,CE,Federal Contract Tower,0,0,7,0,7,0,0,24,0,24,0,0,31,0,31,32,0,32,63
08/16/2019,TZR,OH,AGL,CE,Federal Contract Tower,0,0,6,0,6,0,0,31,0,31,0,0,37,0,37,48,0,48,85
08/17/2019,TZR,OH,AGL,CE,Federal Contract Tower,0,0,15,0,15,0,0,34,0,34,0,0,49,0,49,52,0,52,101
08/18/2019,TZR,OH,AGL,CE,Federal Contract Tower,0,0,2,0,2,0,0,24,0,24,0,0,26,0,26,50,0,50,76
08/19/2019,TZR,OH,AGL,CE,Federal Contract Tower,0,0,4,0,4,0,0,42,0,42,0,0,46,0,46,38,0,38,84
08/20/2019,TZR,OH,AGL,CE,Federal Contract Tower,0,4,9,0,13,0,0,15,0,15,0,4,24,0,28,18,0,18,46
08/21/2019,TZR,OH,AGL,CE,Federal Contract Tower,0,0,10,0,10,0,0,24,0,24,0,0,34,0,34,10,0,10,44
08/22/2019,TZR,OH,AGL,CE,Federal Contract Tower,0,0,9,2,11,0,0,17,0,17,0,0,26,2,28,56,0,56,84
08/23/2019,TZR,OH,AGL,CE,Federal Contract Tower,0,0,7,0,7,0,0,38,0,38,0,0,45,0,45,64,0,64,109
08/24/2019,TZR,OH,AGL,CE,Federal Contract Tower,0,0,1,0,1,0,0,51,0,51,0,0,52,0,52,10,0,10,62
08/25/2019,TZR,OH,AGL,CE,Federal Contract Tower,0,0,2,0,2,0,0,34,0,34,0,0,36,0,36,38,0,38,74
08/26/2019,TZR,OH,AGL,CE,Federal Contract Tower,0,0,11,0,11,0,0,0,0,0,0,0,11,0,11,0,0,0,11
08/27/2019,TZR,OH,AGL,CE,Federal Contract Tower,0,0,1,0,1,0,0,4,0,4,0,0,5,0,5,12,0,12,17
08/28/2019,TZR,OH,AGL,CE,Federal Contract Tower,0,0,15,0,15,0,0,27,0,27,0,0,42,0,42,6,0,6,48
08/29/2019,TZR,OH,AGL,CE,Federal Contract Tower,0,0,4,0,4,0,0,28,0,28,0,0,32,0,32,40,0,40,72
08/30/2019,TZR,OH,AGL,CE,Federal Contract Tower,0,0,5,0,5,0,0,47,0,47,0,0,52,0,52,48,0,48,100
08/31/2019,TZR,OH,AGL,CE,Federal Contract Tower,0,0,12,0,12,0,0,37,0,37,0,0,49,0,49,24,0,24,73
09/01/2019,TZR,OH,AGL,CE,Federal Contract Tower,0,0,4,0,4,0,0,16,0,16,0,0,20,0,20,18,0,18,38
09/02/2019,TZR,OH,AGL,CE,Federal Contract Tower,0,0,2,0,2,0,0,32,0,32,0,0,34,0,34,20,0,20,54
09/03/2019,TZR,OH,AGL,CE,Federal Contract Tower,0,1,4,0,5,0,0,37,0,37,0,1,41,0,42,136,0,136,178
09/04/2019,TZR,OH,AGL,CE,Federal Contract Tower,0,0,8,0,8,0,0,20,0,20,0,0,28,0,28,28,0,28,56
09/05/2019,TZR,OH,AGL,CE,Federal Contract Tower,0,0,4,0,4,0,0,47,0,47,0,0,51,0,51,90,0,90,141
09/06/2019,TZR,OH,AGL,CE,Federal Contract Tower,0,0,6,0,6,0,0,32,0,32,0,0,38,0,38,20,0,20,58
09/07/2019,TZR,OH,AGL,CE,Federal Contract Tower,0,0,8,0,8,0,0,31,0,31,0,0,39,0,39,36,0,36,75
09/08/2019,TZR,OH,AGL,CE,Federal Contract Tower,0,0,11,0,11,0,0,44,0,44,0,0,55,0,55,26,0,26,81
09/09/2019,TZR,OH,AGL,CE,Federal Contract Tower,0,0,5,0,5,0,0,48,0,48,0,0,53,0,53,100,0,100,153
09/10/2019,TZR,OH,AGL,CE,Federal Contract Tower,0,0,9,0,9,0,0,49,0,49,0,0,58,0,58,58,0,58,116
09/11/2019,TZR,OH,AGL,CE,Federal Contract Tower,0,0,8,0,8,0,0,41,0,41,0,0,49,0,49,62,0,62,111
09/12/2019,TZR,OH,AGL,CE,Federal Contract Tower,0,0,13,4,17,0,0,35,0,35,0,0,48,4,52,66,0,66,118
09/13/2019,TZR,OH,AGL,CE,Federal Contract Tower,0,0,9,0,9,0,0,31,0,31,0,0,40,0,40,42,0,42,82
09/14/2019,TZR,OH,AGL,CE,Federal Contract Tower,0,0,5,0,5,0,0,58,0,58,0,0,63,0,63,32,0,32,95
09/15/2019,TZR,OH,AGL,CE,Federal Contract Tower,0,0,3,0,3,0,0,36,0,36,0,0,39,0,39,44,0,44,83
09/16/2019,TZR,OH,AGL,CE,Federal Contract Tower,0,0,5,0,5,0,0,37,0,37,0,0,42,0,42,76,0,76,118
09/17/2019,TZR,OH,AGL,CE,Federal Contract Tower,0,0,12,0,12,0,0,36,0,36,0,0,48,0,48,46,0,46,94
09/18/2019,TZR,OH,AGL,CE,Federal Contract Tower,0,0,6,0,6,0,0,46,0,46,0,0,52,0,52,56,0,56,108
09/19/2019,TZR,OH,AGL,CE,Federal Contract Tower,0,0,6,0,6,0,0,50,0,50,0,0,56,0,56,34,0,34,90
09/20/2019,TZR,OH,AGL,CE,Federal Contract Tower,0,0,5,0,5,0,0,41,0,41,0,0,46,0,46,58,0,58,104
09/21/2019,TZR,OH,AGL,CE,Federal Contract Tower,0,0,5,0,5,0,0,19,0,19,0,0,24,0,24,20,0,20,44
09/22/2019,TZR,OH,AGL,CE,Federal Contract Tower,0,0,6,0,6,0,0,29,0,29,0,0,35,0,35,34,0,34,69
09/23/2019,TZR,OH,AGL,CE,Federal Contract Tower,0,0,3,0,3,0,0,7,0,7,0,0,10,0,10,16,0,16,26
09/24/2019,TZR,OH,AGL,CE,Federal Contract Tower,0,0,5,0,5,0,0,43,0,43,0,0,48,0,48,94,0,94,142
09/25/2019,TZR,OH,AGL,CE,Federal Contract Tower,0,0,11,0,11,0,0,54,0,54,0,0,65,0,65,66,0,66,131
09/26/2019,TZR,OH,AGL,CE,Federal Contract Tower,0,0,6,0,6,0,0,48,0,48,0,0,54,0,54,46,0,46,100
09/27/2019,TZR,OH,AGL,CE,Federal Contract Tower,0,0,11,0,11,0,0,33,0,33,0,0,44,0,44,70,0,70,114
09/28/2019,TZR,OH,AGL,CE,Federal Contract Tower,0,0,7,0,7,0,0,42,0,42,0,0,49,0,49,46,0,46,95
09/29/2019,TZR,OH,AGL,CE,Federal Contract Tower,0,0,2,0,2,0,0,7,0,7,0,0,9,0,9,8,0,8,17
09/30/2019,TZR,OH,AGL,CE,Federal Contract Tower,0,0,3,0,3,0,0,9,0,9,0,0,12,0,12,20,0,20,32
10/01/2019,TZR,OH,AGL,CE,Federal Contract Tower,0,0,9,0,9,0,0,28,0,28,0,0,37,0,37,20,0,20,57
10/02/2019,TZR,OH,AGL,CE,Federal Contract Tower,0,0,2,0,2,0,0,36,2,38,0,0,38,2,40,20,4,24,64
10/03/2019,TZR,OH,AGL,CE,Federal Contract Tower,0,0,6,0,6,0,0,27,0,27,0,0,33,0,33,30,0,30,63
10/04/2019,TZR,OH,AGL,CE,Federal Contract Tower,0,0,13,0,13,0,0,38,0,38,0,0,51,0,51,84,0,84,135
10/05/2019,TZR,OH,AGL,CE,Federal Contract Tower,0,0,8,0,8,0,0,49,2,51,0,0,57,2,59,26,0,26,85
10/06/2019,TZR,OH,AGL,CE,Federal Contract Tower,0,0,11,0,11,0,0,8,0,8,0,0,19,0,19,22,0,22,41
10/07/2019,TZR,OH,AGL,CE,Federal Contract Tower,0,0,4,0,4,0,0,26,0,26,0,0,30,0,30,18,0,18,48
10/08/2019,TZR,OH,AGL,CE,Federal Contract Tower,0,0,8,0,8,0,0,17,0,17,0,0,25,0,25,16,0,16,41
10/09/2019,TZR,OH,AGL,CE,Federal Contract Tower,0,0,9,0,9,0,0,52,0,52,0,0,61,0,61,36,0,36,97
10/10/2019,TZR,OH,AGL,CE,Federal Contract Tower,0,0,7,0,7,0,0,48,0,48,0,0,55,0,55,54,0,54,109
10/11/2019,TZR,OH,AGL,CE,Federal Contract Tower,0,0,10,0,10,0,0,26,0,26,0,0,36,0,36,22,0,22,58
10/12/2019,TZR,OH,AGL,CE,Federal Contract Tower,0,0,9,0,9,0,0,38,0,38,0,0,47,0,47,26,0,26,73
10/13/2019,TZR,OH,AGL,CE,Federal Contract Tower,0,2,10,0,12,0,0,41,0,41,0,2,51,0,53,46,0,46,99
10/14/2019,TZR,OH,AGL,CE,Federal Contract Tower,0,0,3,0,3,0,0,33,0,33,0,0,36,0,36,50,0,50,86
10/15/2019,TZR,OH,AGL,CE,Federal Contract Tower,0,0,12,0,12,0,0,47,3,50,0,0,59,3,62,42,2,44,106
10/16/2019,TZR,OH,AGL,CE,Federal Contract Tower,0,0,1,0,1,0,0,2,0,2,0,0,3,0,3,0,0,0,3
10/17/2019,TZR,OH,AGL,CE,Federal Contract Tower,0,6,8,0,14,0,0,17,0,17,0,6,25,0,31,6,0,6,37
10/18/2019,TZR,OH,AGL,CE,Federal Contract Tower,0,0,2,0,2,0,0,44,0,44,0,0,46,0,46,30,0,30,76
10/19/2019,TZR,OH,AGL,CE,Federal Contract Tower,0,0,5,0,5,0,0,45,0,45,0,0,50,0,50,18,0,18,68
10/20/2019,TZR,OH,AGL,CE,Federal Contract Tower,0,0,9,0,9,0,0,34,0,34,0,0,43,0,43,24,0,24,67
10/21/2019,TZR,OH,AGL,CE,Federal Contract Tower,0,0,3,0,3,0,0,1,0,1,0,0,4,0,4,0,0,0,4
10/22/2019,TZR,OH,AGL,CE,Federal Contract Tower,0,1,3,0,4,0,0,7,0,7,0,1,10,0,11,8,0,8,19
10/23/2019,TZR,OH,AGL,CE,Federal Contract Tower,0,0,4,0,4,0,0,49,0,49,0,0,53,0,53,56,0,56,109
10/24/2019,TZR,OH,AGL,CE,Federal Contract Tower,0,2,0,0,2,0,0,42,0,42,0,2,42,0,44,66,0,66,110
10/25/2019,TZR,OH,AGL,CE,Federal Contract Tower,0,0,11,0,11,0,0,66,0,66,0,0,77,0,77,50,0,50,127
10/26/2019,TZR,OH,AGL,CE,Federal Contract Tower,0,0,5,0,5,0,0,4,0,4,0,0,9,0,9,0,0,0,9
10/27/2019,TZR,OH,AGL,CE,Federal Contract Tower,0,0,14,0,14,0,0,13,0,13,0,0,27,0,27,0,0,0,27
10/28/2019,TZR,OH,AGL,CE,Federal Contract Tower,0,1,2,0,3,0,0,36,0,36,0,1,38,0,39,44,0,44,83
10/29/2019,TZR,OH,AGL,CE,Federal Contract Tower,0,0,4,0,4,0,0,10,0,10,0,0,14,0,14,38,0,38,52
10/30/2019,TZR,OH,AGL,CE,Federal Contract Tower,0,0,2,0,2,0,0,6,0,6,0,0,8,0,8,6,0,6,14
10/31/2019,TZR,OH,AGL,CE,Federal Contract Tower,0,0,1,0,1,0,0,0,0,0,0,0,1,0,1,0,0,0,1
11/01/2019,TZR,OH,AGL,CE,Federal Contract Tower,0,0,7,0,7,0,0,36,0,36,0,0,43,0,43,10,0,10,53
11/02/2019,TZR,OH,AGL,CE,Federal Contract Tower,0,0,6,0,6,0,0,35,0,35,0,0,41,0,41,50,0,50,91
11/03/2019,TZR,OH,AGL,CE,Federal Contract Tower,0,0,2,0,2,0,0,41,0,41,0,0,43,0,43,30,0,30,73
11/04/2019,TZR,OH,AGL,CE,Federal Contract Tower,0,0,4,0,4,0,0,13,0,13,0,0,17,0,17,16,0,16,33
11/05/2019,TZR,OH,AGL,CE,Federal Contract Tower,0,0,8,0,8,0,0,12,0,12,0,0,20,0,20,24,0,24,44
11/06/2019,TZR,OH,AGL,CE,Federal Contract Tower,0,0,11,0,11,0,0,33,0,33,0,0,44,0,44,16,0,16,60
11/07/2019,TZR,OH,AGL,CE,Federal Contract Tower,0,0,1,0,1,0,0,2,0,2,0,0,3,0,3,0,0,0,3
11/08/2019,TZR,OH,AGL,CE,Federal Contract Tower,0,0,5,0,5,0,0,51,0,51,0,0,56,0,56,32,0,32,88
11/09/2019,TZR,OH,AGL,CE,Federal Contract Tower,0,2,6,0,8,0,0,58,0,58,0,2,64,0,66,50,0,50,116
11/10/2019,TZR,OH,AGL,CE,Federal Contract Tower,0,0,5,0,5,0,0,26,0,26,0,0,31,0,31,42,0,42,73
11/11/2019,TZR,OH,AGL,CE,Federal Contract Tower,0,0,2,0,2,0,0,6,0,6,0,0,8,0,8,8,0,8,16
11/12/2019,TZR,OH,AGL,CE,Federal Contract Tower,0,0,7,0,7,0,0,2,0,2,0,0,9,0,9,0,0,0,9
11/13/2019,TZR,OH,AGL,CE,Federal Contract Tower,0,0,6,0,6,0,0,24,0,24,0,0,30,0,30,50,0,50,80
11/14/2019,TZR,OH,AGL,CE,Federal Contract Tower,0,0,1,0,1,0,0,44,0,44,0,0,45,0,45,32,0,32,77
11/15/2019,TZR,OH,AGL,CE,Federal Contract Tower,0,0,7,0,7,0,0,39,0,39,0,0,46,0,46,42,0,42,88
11/16/2019,TZR,OH,AGL,CE,Federal Contract Tower,0,0,2,0,2,0,0,30,0,30,0,0,32,0,32,36,0,36,68
11/17/2019,TZR,OH,AGL,CE,Federal Contract Tower,0,1,3,0,4,0,0,34,0,34,0,1,37,0,38,30,0,30,68
11/18/2019,TZR,OH,AGL,CE,Federal Contract Tower,0,0,2,0,2,0,0,26,0,26,0,0,28,0,28,32,0,32,60
11/19/2019,TZR,OH,AGL,CE,Federal Contract Tower,0,0,6,0,6,0,0,21,0,21,0,0,27,0,27,48,0,48,75
11/20/2019,TZR,OH,AGL,CE,Federal Contract Tower,0,0,15,0,15,0,0,48,0,48,0,0,63,0,63,40,0,40,103
11/21/2019,TZR,OH,AGL,CE,Federal Contract Tower,0,0,6,0,6,0,0,17,0,17,0,0,23,0,23,14,0,14,37
11/22/2019,TZR,OH,AGL,CE,Federal Contract Tower,0,0,8,0,8,0,0,24,0,24,0,0,32,0,32,56,0,56,88
11/23/2019,TZR,OH,AGL,CE,Federal Contract Tower,0,0,3,0,3,0,0,30,0,30,0,0,33,0,33,22,0,22,55
11/24/2019,TZR,OH,AGL,CE,Federal Contract Tower,0,0,7,0,7,0,0,8,0,8,0,0,15,0,15,18,0,18,33
11/25/2019,TZR,OH,AGL,CE,Federal Contract Tower,0,0,10,0,10,0,0,35,0,35,0,0,45,0,45,16,0,16,61
11/26/2019,TZR,OH,AGL,CE,Federal Contract Tower,0,0,5,0,5,0,0,34,0,34,0,0,39,0,39,32,0,32,71
11/27/2019,TZR,OH,AGL,CE,Federal Contract Tower,0,0,0,0,0,0,0,3,0,3,0,0,3,0,3,4,0,4,7
11/28/2019,TZR,OH,AGL,CE,Federal Contract Tower,0,0,0,0,0,0,0,2,0,2,0,0,2,0,2,6,0,6,8
11/29/2019,TZR,OH,AGL,CE,Federal Contract Tower,0,0,9,0,9,0,0,26,0,26,0,0,35,0,35,16,0,16,51
11/30/2019,TZR,OH,AGL,CE,Federal Contract Tower,0,0,1,0,1,0,0,4,0,4,0,0,5,0,5,0,0,0,5
12/01/2019,TZR,OH,AGL,CE,Federal Contract Tower,0,0,1,0,1,0,0,3,0,3,0,0,4,0,4,0,0,0,4
12/03/2019,TZR,OH,AGL,CE,Federal Contract Tower,0,0,0,0,0,0,0,7,0,7,0,0,7,0,7,14,0,14,21
12/04/2019,TZR,OH,AGL,CE,Federal Contract Tower,0,0,2,0,2,0,0,17,0,17,0,0,19,0,19,0,0,0,19
12/05/2019,TZR,OH,AGL,CE,Federal Contract Tower,0,0,11,0,11,0,0,62,0,62,0,0,73,0,73,78,0,78,151
12/06/2019,TZR,OH,AGL,CE,Federal Contract Tower,0,0,8,0,8,0,0,17,0,17,0,0,25,0,25,0,0,0,25
12/07/2019,TZR,OH,AGL,CE,Federal Contract Tower,0,0,6,0,6,0,0,35,2,37,0,0,41,2,43,6,0,6,49
12/08/2019,TZR,OH,AGL,CE,Federal Contract Tower,0,2,5,0,7,0,0,29,0,29,0,2,34,0,36,42,0,42,78
12/09/2019,TZR,OH,AGL,CE,Federal Contract Tower,0,0,6,0,6,0,0,0,0,0,0,0,6,0,6,0,0,0,6
12/10/2019,TZR,OH,AGL,CE,Federal Contract Tower,0,0,4,0,4,0,0,0,0,0,0,0,4,0,4,0,0,0,4
12/11/2019,TZR,OH,AGL,CE,Federal Contract Tower,0,0,7,0,7,0,0,20,0,20,0,0,27,0,27,6,0,6,33
12/12/2019,TZR,OH,AGL,CE,Federal Contract Tower,0,0,7,0,7,0,0,36,0,36,0,0,43,0,43,16,0,16,59
12/13/2019,TZR,OH,AGL,CE,Federal Contract Tower,0,0,0,0,0,0,0,28,0,28,0,0,28,0,28,58,0,58,86
12/14/2019,TZR,OH,AGL,CE,Federal Contract Tower,0,0,0,0,0,0,0,0,0,0,0,0,0,0,0,0,0,0,0
12/15/2019,TZR,OH,AGL,CE,Federal Contract Tower,0,0,3,0,3,0,0,19,0,19,0,0,22,0,22,10,0,10,32
12/16/2019,TZR,OH,AGL,CE,Federal Contract Tower,0,0,0,0,0,0,0,6,0,6,0,0,6,0,6,10,0,10,16
12/17/2019,TZR,OH,AGL,CE,Federal Contract Tower,0,0,5,0,5,0,0,21,0,21,0,0,26,0,26,2,0,2,28
12/18/2019,TZR,OH,AGL,CE,Federal Contract Tower,0,0,2,0,2,0,0,17,2,19,0,0,19,2,21,6,2,8,29
12/19/2019,TZR,OH,AGL,CE,Federal Contract Tower,0,0,6,2,8,0,0,31,0,31,0,0,37,2,39,70,0,70,109
12/20/2019,TZR,OH,AGL,CE,Federal Contract Tower,0,0,13,2,15,0,0,38,0,38,0,0,51,2,53,66,0,66,119
12/21/2019,TZR,OH,AGL,CE,Federal Contract Tower,0,0,7,0,7,0,0,26,0,26,0,0,33,0,33,26,0,26,59
12/22/2019,TZR,OH,AGL,CE,Federal Contract Tower,0,0,2,0,2,0,0,27,0,27,0,0,29,0,29,46,0,46,75
12/23/2019,TZR,OH,AGL,CE,Federal Contract Tower,0,0,1,0,1,0,0,22,0,22,0,0,23,0,23,26,0,26,49
12/24/2019,TZR,OH,AGL,CE,Federal Contract Tower,0,0,4,0,4,0,0,14,0,14,0,0,18,0,18,14,0,14,32
12/25/2019,TZR,OH,AGL,CE,Federal Contract Tower,0,0,2,0,2,0,0,4,0,4,0,0,6,0,6,0,0,0,6
12/26/2019,TZR,OH,AGL,CE,Federal Contract Tower,0,0,1,0,1,0,0,21,0,21,0,0,22,0,22,36,0,36,58
12/27/2019,TZR,OH,AGL,CE,Federal Contract Tower,0,0,6,0,6,0,0,8,0,8,0,0,14,0,14,0,0,0,14
12/28/2019,TZR,OH,AGL,CE,Federal Contract Tower,0,0,1,0,1,0,0,0,0,0,0,0,1,0,1,0,0,0,1
12/29/2019,TZR,OH,AGL,CE,Federal Contract Tower,0,0,0,0,0,0,0,0,0,0,0,0,0,0,0,0,0,0,0
12/30/2019,TZR,OH,AGL,CE,Federal Contract Tower,0,0,1,0,1,0,1,2,0,3,0,1,3,0,4,0,0,0,4
12/31/2019,TZR,OH,AGL,CE,Federal Contract Tower,0,0,0,0,0,0,0,2,0,2,0,0,2,0,2,0,0,0,2
01/01/2020,TZR,OH,AGL,CE,Federal Contract Tower,0,0,3,0,3,0,0,42,0,42,0,0,45,0,45,40,0,40,85
01/02/2020,TZR,OH,AGL,CE,Federal Contract Tower,0,0,2,0,2,0,0,39,0,39,0,0,41,0,41,120,0,120,161
01/03/2020,TZR,OH,AGL,CE,Federal Contract Tower,0,0,4,0,4,0,0,0,0,0,0,0,4,0,4,0,0,0,4
01/04/2020,TZR,OH,AGL,CE,Federal Contract Tower,0,0,0,0,0,0,0,0,0,0,0,0,0,0,0,0,0,0,0
01/05/2020,TZR,OH,AGL,CE,Federal Contract Tower,0,0,0,0,0,0,0,27,0,27,0,0,27,0,27,24,0,24,51
01/06/2020,TZR,OH,AGL,CE,Federal Contract Tower,0,0,6,0,6,0,0,30,0,30,0,0,36,0,36,26,0,26,62
01/07/2020,TZR,OH,AGL,CE,Federal Contract Tower,0,0,3,0,3,0,0,31,0,31,0,0,34,0,34,10,0,10,44
01/08/2020,TZR,OH,AGL,CE,Federal Contract Tower,0,0,7,2,9,0,0,18,0,18,0,0,25,2,27,6,0,6,33
01/09/2020,TZR,OH,AGL,CE,Federal Contract Tower,0,0,5,0,5,0,0,27,0,27,0,0,32,0,32,2,0,2,34
01/10/2020,TZR,OH,AGL,CE,Federal Contract Tower,0,0,2,0,2,0,0,2,0,2,0,0,4,0,4,2,0,2,6
01/11/2020,TZR,OH,AGL,CE,Federal Contract Tower,0,0,0,0,0,0,0,2,0,2,0,0,2,0,2,0,0,0,2
01/12/2020,TZR,OH,AGL,CE,Federal Contract Tower,0,0,2,0,2,0,0,6,0,6,0,0,8,0,8,14,0,14,22
01/13/2020,TZR,OH,AGL,CE,Federal Contract Tower,0,0,4,0,4,0,0,14,0,14,0,0,18,0,18,40,0,40,58
01/14/2020,TZR,OH,AGL,CE,Federal Contract Tower,0,0,7,0,7,0,0,0,0,0,0,0,7,0,7,0,0,0,7
01/15/2020,TZR,OH,AGL,CE,Federal Contract Tower,0,0,0,0,0,0,0,0,0,0,0,0,0,0,0,0,0,0,0
01/16/2020,TZR,OH,AGL,CE,Federal Contract Tower,0,0,4,0,4,0,0,4,0,4,0,0,8,0,8,0,0,0,8
01/17/2020,TZR,OH,AGL,CE,Federal Contract Tower,0,0,21,0,21,0,0,35,0,35,0,0,56,0,56,26,0,26,82
01/18/2020,TZR,OH,AGL,CE,Federal Contract Tower,0,0,0,0,0,0,0,0,0,0,0,0,0,0,0,0,0,0,0
01/19/2020,TZR,OH,AGL,CE,Federal Contract Tower,0,0,3,0,3,0,0,6,0,6,0,0,9,0,9,28,0,28,37
01/20/2020,TZR,OH,AGL,CE,Federal Contract Tower,0,0,5,0,5,0,0,27,0,27,0,0,32,0,32,4,0,4,36
01/21/2020,TZR,OH,AGL,CE,Federal Contract Tower,0,0,5,0,5,0,0,32,0,32,0,0,37,0,37,52,0,52,89
01/22/2020,TZR,OH,AGL,CE,Federal Contract Tower,0,0,3,0,3,0,0,42,0,42,0,0,45,0,45,28,0,28,73
01/23/2020,TZR,OH,AGL,CE,Federal Contract Tower,0,0,2,0,2,0,0,48,0,48,0,0,50,0,50,46,0,46,96
01/24/2020,TZR,OH,AGL,CE,Federal Contract Tower,0,0,1,0,1,0,0,0,0,0,0,0,1,0,1,0,0,0,1
01/25/2020,TZR,OH,AGL,CE,Federal Contract Tower,0,0,6,0,6,0,0,3,0,3,0,0,9,0,9,0,0,0,9
01/26/2020,TZR,OH,AGL,CE,Federal Contract Tower,0,0,0,0,0,0,0,0,0,0,0,0,0,0,0,0,0,0,0
01/27/2020,TZR,OH,AGL,CE,Federal Contract Tower,0,0,3,0,3,0,0,10,0,10,0,0,13,0,13,12,0,12,25
01/28/2020,TZR,OH,AGL,CE,Federal Contract Tower,0,0,0,0,0,0,0,1,0,1,0,0,1,0,1,0,0,0,1
01/29/2020,TZR,OH,AGL,CE,Federal Contract Tower,0,0,2,0,2,0,0,14,0,14,0,0,16,0,16,26,0,26,42
01/30/2020,TZR,OH,AGL,CE,Federal Contract Tower,0,0,6,0,6,0,0,54,0,54,0,0,60,0,60,68,0,68,128
01/31/2020,TZR,OH,AGL,CE,Federal Contract Tower,0,0,0,0,0,0,0,4,0,4,0,0,4,0,4,4,0,4,8
02/01/2020,TZR,OH,AGL,CE,Federal Contract Tower,0,0,2,0,2,0,0,2,0,2,0,0,4,0,4,22,0,22,26
02/02/2020,TZR,OH,AGL,CE,Federal Contract Tower,0,0,2,0,2,0,0,4,0,4,0,0,6,0,6,0,0,0,6
02/03/2020,TZR,OH,AGL,CE,Federal Contract Tower,0,0,6,0,6,0,0,46,0,46,0,0,52,0,52,40,0,40,92
02/04/2020,TZR,OH,AGL,CE,Federal Contract Tower,0,0,5,0,5,0,0,0,0,0,0,0,5,0,5,0,0,0,5
02/05/2020,TZR,OH,AGL,CE,Federal Contract Tower,0,0,8,0,8,0,0,17,0,17,0,0,25,0,25,12,0,12,37
02/06/2020,TZR,OH,AGL,CE,Federal Contract Tower,0,0,5,0,5,0,0,0,0,0,0,0,5,0,5,0,0,0,5
02/07/2020,TZR,OH,AGL,CE,Federal Contract Tower,0,0,0,0,0,0,0,0,0,0,0,0,0,0,0,0,0,0,0
02/08/2020,TZR,OH,AGL,CE,Federal Contract Tower,0,0,0,0,0,0,0,0,0,0,0,0,0,0,0,0,0,0,0
02/09/2020,TZR,OH,AGL,CE,Federal Contract Tower,0,0,6,0,6,0,0,16,2,18,0,0,22,2,24,30,4,34,58
02/10/2020,TZR,OH,AGL,CE,Federal Contract Tower,0,0,0,0,0,0,0,0,0,0,0,0,0,0,0,0,0,0,0
02/11/2020,TZR,OH,AGL,CE,Federal Contract Tower,0,0,8,0,8,0,0,20,2,22,0,0,28,2,30,14,2,16,46
02/12/2020,TZR,OH,AGL,CE,Federal Contract Tower,0,0,6,0,6,0,0,15,0,15,0,0,21,0,21,2,0,2,23
02/13/2020,TZR,OH,AGL,CE,Federal Contract Tower,0,0,3,0,3,0,0,0,0,0,0,0,3,0,3,0,0,0,3
02/14/2020,TZR,OH,AGL,CE,Federal Contract Tower,0,0,5,0,5,0,0,46,0,46,0,0,51,0,51,26,0,26,77
02/15/2020,TZR,OH,AGL,CE,Federal Contract Tower,0,0,8,0,8,0,0,35,0,35,0,0,43,0,43,92,0,92,135
02/16/2020,TZR,OH,AGL,CE,Federal Contract Tower,0,0,4,0,4,0,0,27,0,27,0,0,31,0,31,76,0,76,107
02/17/2020,TZR,OH,AGL,CE,Federal Contract Tower,0,0,8,0,8,0,0,47,0,47,0,0,55,0,55,16,0,16,71
02/18/2020,TZR,OH,AGL,CE,Federal Contract Tower,0,0,0,0,0,0,0,2,0,2,0,0,2,0,2,0,0,0,2
02/19/2020,TZR,OH,AGL,CE,Federal Contract Tower,0,0,6,0,6,0,0,51,0,51,0,0,57,0,57,70,0,70,127
02/20/2020,TZR,OH,AGL,CE,Federal Contract Tower,0,0,5,2,7,0,0,20,0,20,0,0,25,2,27,62,0,62,89
02/21/2020,TZR,OH,AGL,CE,Federal Contract Tower,0,1,2,0,3,0,0,39,0,39,0,1,41,0,42,2,0,2,44
02/22/2020,TZR,OH,AGL,CE,Federal Contract Tower,0,0,10,0,10,0,0,62,0,62,0,0,72,0,72,82,0,82,154
02/23/2020,TZR,OH,AGL,CE,Federal Contract Tower,0,0,7,0,7,0,0,30,0,30,0,0,37,0,37,22,0,22,59
02/24/2020,TZR,OH,AGL,CE,Federal Contract Tower,0,0,0,0,0,0,0,3,0,3,0,0,3,0,3,8,0,8,11
02/25/2020,TZR,OH,AGL,CE,Federal Contract Tower,0,0,3,0,3,0,0,0,0,0,0,0,3,0,3,0,0,0,3
02/26/2020,TZR,OH,AGL,CE,Federal Contract Tower,0,0,0,0,0,0,0,0,0,0,0,0,0,0,0,0,0,0,0
02/27/2020,TZR,OH,AGL,CE,Federal Contract Tower,0,0,2,0,2,0,0,4,0,4,0,0,6,0,6,0,0,0,6
02/28/2020,TZR,OH,AGL,CE,Federal Contract Tower,0,0,0,0,0,0,0,12,0,12,0,0,12,0,12,16,0,16,28
02/29/2020,TZR,OH,AGL,CE,Federal Contract Tower,0,0,7,0,7,0,0,40,0,40,0,0,47,0,47,78,0,78,125
03/01/2020,TZR,OH,AGL,CE,Federal Contract Tower,0,0,1,0,1,0,0,35,0,35,0,0,36,0,36,82,0,82,118
03/02/2020,TZR,OH,AGL,CE,Federal Contract Tower,0,0,2,0,2,0,0,1,0,1,0,0,3,0,3,0,0,0,3
03/04/2020,TZR,OH,AGL,CE,Federal Contract Tower,0,0,3,0,3,0,0,30,0,30,0,0,33,0,33,28,0,28,61
03/05/2020,TZR,OH,AGL,CE,Federal Contract Tower,0,0,0,0,0,0,0,51,0,51,0,0,51,0,51,72,0,72,123
03/06/2020,TZR,OH,AGL,CE,Federal Contract Tower,0,0,2,0,2,0,0,3,0,3,0,0,5,0,5,0,0,0,5
03/07/2020,TZR,OH,AGL,CE,Federal Contract Tower,0,0,5,0,5,0,0,63,0,63,0,0,68,0,68,50,0,50,118
03/08/2020,TZR,OH,AGL,CE,Federal Contract Tower,0,0,6,0,6,0,0,42,0,42,0,0,48,0,48,82,0,82,130
03/09/2020,TZR,OH,AGL,CE,Federal Contract Tower,0,0,1,0,1,0,0,18,0,18,0,0,19,0,19,10,0,10,29
03/10/2020,TZR,OH,AGL,CE,Federal Contract Tower,0,0,2,0,2,0,0,0,0,0,0,0,2,0,2,0,0,0,2
03/11/2020,TZR,OH,AGL,CE,Federal Contract Tower,0,0,3,0,3,0,0,4,0,4,0,0,7,0,7,0,0,0,7
03/12/2020,TZR,OH,AGL,CE,Federal Contract Tower,0,0,8,0,8,0,0,45,0,45,0,0,53,0,53,6,0,6,59
03/13/2020,TZR,OH,AGL,CE,Federal Contract Tower,0,0,5,0,5,0,0,21,0,21,0,0,26,0,26,8,0,8,34
03/14/2020,TZR,OH,AGL,CE,Federal Contract Tower,0,0,7,0,7,0,0,16,0,16,0,0,23,0,23,26,0,26,49
03/15/2020,TZR,OH,AGL,CE,Federal Contract Tower,0,0,4,0,4,0,0,33,0,33,0,0,37,0,37,86,0,86,123
03/16/2020,TZR,OH,AGL,CE,Federal Contract Tower,0,0,0,0,0,0,0,25,0,25,0,0,25,0,25,34,0,34,59
03/17/2020,TZR,OH,AGL,CE,Federal Contract Tower,0,0,0,0,0,0,0,22,0,22,0,0,22,0,22,22,0,22,44
03/18/2020,TZR,OH,AGL,CE,Federal Contract Tower,0,0,3,0,3,0,0,10,0,10,0,0,13,0,13,0,0,0,13
03/19/2020,TZR,OH,AGL,CE,Federal Contract Tower,0,0,1,0,1,0,0,1,0,1,0,0,2,0,2,0,0,0,2
03/20/2020,TZR,OH,AGL,CE,Federal Contract Tower,0,0,2,0,2,0,0,5,0,5,0,0,7,0,7,0,0,0,7
03/21/2020,TZR,OH,AGL,CE,Federal Contract Tower,0,0,5,0,5,0,0,22,0,22,0,0,27,0,27,46,0,46,73
03/22/2020,TZR,OH,AGL,CE,Federal Contract Tower,0,0,3,0,3,0,0,47,0,47,0,0,50,0,50,58,0,58,108
03/24/2020,TZR,OH,AGL,CE,Federal Contract Tower,0,0,2,0,2,0,0,12,0,12,0,0,14,0,14,0,0,0,14
03/25/2020,TZR,OH,AGL,CE,Federal Contract Tower,0,0,2,0,2,0,0,20,0,20,0,0,22,0,22,4,0,4,26
03/26/2020,TZR,OH,AGL,CE,Federal Contract Tower,0,0,4,0,4,0,0,22,0,22,0,0,26,0,26,22,0,22,48
03/27/2020,TZR,OH,AGL,CE,Federal Contract Tower,0,0,6,0,6,0,0,0,0,0,0,0,6,0,6,0,0,0,6
03/28/2020,TZR,OH,AGL,CE,Federal Contract Tower,0,0,0,0,0,0,0,5,0,5,0,0,5,0,5,2,0,2,7
03/29/2020,TZR,OH,AGL,CE,Federal Contract Tower,0,0,1,0,1,0,0,0,0,0,0,0,1,0,1,0,0,0,1
03/30/2020,TZR,OH,AGL,CE,Federal Contract Tower,0,0,1,0,1,0,0,9,0,9,0,0,10,0,10,0,0,0,10
03/31/2020,TZR,OH,AGL,CE,Federal Contract Tower,0,0,2,0,2,0,0,25,0,25,0,0,27,0,27,52,0,52,79
04/01/2020,TZR,OH,AGL,CE,Federal Contract Tower,0,0,3,0,3,0,0,18,0,18,0,0,21,0,21,24,0,24,45
04/02/2020,TZR,OH,AGL,CE,Federal Contract Tower,0,0,0,0,0,0,0,39,0,39,0,0,39,0,39,22,0,22,61
04/03/2020,TZR,OH,AGL,CE,Federal Contract Tower,0,0,5,0,5,0,0,55,0,55,0,0,60,0,60,56,0,56,116
04/04/2020,TZR,OH,AGL,CE,Federal Contract Tower,0,0,11,0,11,0,0,48,0,48,0,0,59,0,59,26,0,26,85
04/05/2020,TZR,OH,AGL,CE,Federal Contract Tower,0,0,0,0,0,0,0,0,0,0,0,0,0,0,0,0,0,0,0
04/06/2020,TZR,OH,AGL,CE,Federal Contract Tower,0,0,2,0,2,0,0,50,0,50,0,0,52,0,52,48,0,48,100
04/07/2020,TZR,OH,AGL,CE,Federal Contract Tower,0,2,1,0,3,0,0,11,0,11,0,2,12,0,14,0,0,0,14
04/08/2020,TZR,OH,AGL,CE,Federal Contract Tower,0,0,8,0,8,0,0,41,0,41,0,0,49,0,49,12,0,12,61
04/09/2020,TZR,OH,AGL,CE,Federal Contract Tower,0,0,1,0,1,0,0,2,0,2,0,0,3,0,3,0,0,0,3
04/10/2020,TZR,OH,AGL,CE,Federal Contract Tower,0,0,1,0,1,0,0,11,0,11,0,0,12,0,12,0,0,0,12
04/11/2020,TZR,OH,AGL,CE,Federal Contract Tower,0,0,2,0,2,0,0,53,0,53,0,0,55,0,55,22,0,22,77
04/12/2020,TZR,OH,AGL,CE,Federal Contract Tower,0,0,0,0,0,0,0,0,0,0,0,0,0,0,0,0,0,0,0
04/13/2020,TZR,OH,AGL,CE,Federal Contract Tower,0,0,0,0,0,0,0,0,0,0,0,0,0,0,0,0,0,0,0
04/14/2020,TZR,OH,AGL,CE,Federal Contract Tower,0,0,1,0,1,0,0,35,0,35,0,0,36,0,36,0,0,0,36
04/15/2020,TZR,OH,AGL,CE,Federal Contract Tower,0,0,3,0,3,0,0,23,0,23,0,0,26,0,26,14,0,14,40
04/16/2020,TZR,OH,AGL,CE,Federal Contract Tower,0,0,0,0,0,0,0,32,0,32,0,0,32,0,32,6,0,6,38
04/17/2020,TZR,OH,AGL,CE,Federal Contract Tower,0,0,0,0,0,0,0,0,0,0,0,0,0,0,0,0,0,0,0
04/18/2020,TZR,OH,AGL,CE,Federal Contract Tower,0,0,6,0,6,0,0,42,0,42,0,0,48,0,48,18,0,18,66
04/19/2020,TZR,OH,AGL,CE,Federal Contract Tower,0,0,3,0,3,0,0,24,0,24,0,0,27,0,27,6,0,6,33
04/20/2020,TZR,OH,AGL,CE,Federal Contract Tower,0,0,3,0,3,0,0,33,0,33,0,0,36,0,36,10,0,10,46
04/21/2020,TZR,OH,AGL,CE,Federal Contract Tower,0,0,0,0,0,0,0,0,0,0,0,0,0,0,0,0,0,0,0
04/22/2020,TZR,OH,AGL,CE,Federal Contract Tower,0,0,1,0,1,0,0,37,0,37,0,0,38,0,38,6,0,6,44
04/23/2020,TZR,OH,AGL,CE,Federal Contract Tower,0,0,2,0,2,0,0,0,0,0,0,0,2,0,2,0,0,0,2
04/24/2020,TZR,OH,AGL,CE,Federal Contract Tower,0,0,6,0,6,0,0,10,0,10,0,0,16,0,16,14,0,14,30
04/25/2020,TZR,OH,AGL,CE,Federal Contract Tower,0,0,2,0,2,0,0,31,0,31,0,0,33,0,33,32,0,32,65
04/26/2020,TZR,OH,AGL,CE,Federal Contract Tower,0,0,6,0,6,0,0,0,0,0,0,0,6,0,6,0,0,0,6
04/27/2020,TZR,OH,AGL,CE,Federal Contract Tower,0,0,6,0,6,0,0,39,0,39,0,0,45,0,45,18,0,18,63
04/28/2020,TZR,OH,AGL,CE,Federal Contract Tower,0,0,1,0,1,0,0,20,0,20,0,0,21,0,21,10,0,10,31
04/29/2020,TZR,OH,AGL,CE,Federal Contract Tower,0,0,3,0,3,0,0,4,0,4,0,0,7,0,7,0,0,0,7
04/30/2020,TZR,OH,AGL,CE,Federal Contract Tower,0,0,0,0,0,0,0,0,0,0,0,0,0,0,0,0,0,0,0
05/01/2020,TZR,OH,AGL,CE,Federal Contract Tower,0,0,5,0,5,0,0,15,0,15,0,0,20,0,20,10,0,10,30
05/02/2020,TZR,OH,AGL,CE,Federal Contract Tower,0,0,0,0,0,0,0,47,0,47,0,0,47,0,47,18,0,18,65
05/03/2020,TZR,OH,AGL,CE,Federal Contract Tower,0,0,6,0,6,0,0,11,0,11,0,0,17,0,17,6,0,6,23
05/04/2020,TZR,OH,AGL,CE,Federal Contract Tower,0,0,1,0,1,0,0,52,0,52,0,0,53,0,53,38,0,38,91
05/05/2020,TZR,OH,AGL,CE,Federal Contract Tower,0,0,3,0,3,0,0,13,0,13,0,0,16,0,16,20,0,20,36
05/06/2020,TZR,OH,AGL,CE,Federal Contract Tower,0,0,7,0,7,0,0,26,0,26,0,0,33,0,33,20,0,20,53
05/07/2020,TZR,OH,AGL,CE,Federal Contract Tower,0,0,6,0,6,0,0,41,0,41,0,0,47,0,47,16,0,16,63
05/08/2020,TZR,OH,AGL,CE,Federal Contract Tower,0,0,1,0,1,0,0,3,0,3,0,0,4,0,4,0,0,0,4
05/09/2020,TZR,OH,AGL,CE,Federal Contract Tower,0,0,9,0,9,0,0,25,0,25,0,0,34,0,34,22,0,22,56
05/10/2020,TZR,OH,AGL,CE,Federal Contract Tower,0,0,0,0,0,0,0,6,0,6,0,0,6,0,6,22,0,22,28
05/11/2020,TZR,OH,AGL,CE,Federal Contract Tower,0,0,3,0,3,0,2,17,0,19,0,2,20,0,22,8,0,8,30
05/12/2020,TZR,OH,AGL,CE,Federal Contract Tower,0,0,5,0,5,0,0,37,0,37,0,0,42,0,42,4,0,4,46
05/13/2020,TZR,OH,AGL,CE,Federal Contract Tower,0,0,4,2,6,0,0,77,0,77,0,0,81,2,83,36,0,36,119
05/14/2020,TZR,OH,AGL,CE,Federal Contract Tower,0,0,3,0,3,0,0,0,0,0,0,0,3,0,3,0,0,0,3
05/15/2020,TZR,OH,AGL,CE,Federal Contract Tower,0,0,0,0,0,0,0,6,0,6,0,0,6,0,6,4,0,4,10
05/16/2020,TZR,OH,AGL,CE,Federal Contract Tower,0,0,10,0,10,0,0,23,0,23,0,0,33,0,33,14,0,14,47
05/17/2020,TZR,OH,AGL,CE,Federal Contract Tower,0,0,10,0,10,0,0,24,0,24,0,0,34,0,34,36,0,36,70
05/18/2020,TZR,OH,AGL,CE,Federal Contract Tower,0,0,5,0,5,0,0,7,0,7,0,0,12,0,12,10,0,10,22
05/19/2020,TZR,OH,AGL,CE,Federal Contract Tower,0,0,2,0,2,0,0,0,0,0,0,0,2,0,2,0,0,0,2
05/20/2020,TZR,OH,AGL,CE,Federal Contract Tower,0,0,5,0,5,0,0,10,0,10,0,0,15,0,15,4,0,4,19
05/21/2020,TZR,OH,AGL,CE,Federal Contract Tower,0,0,4,0,4,0,0,4,0,4,0,0,8,0,8,0,0,0,8
05/22/2020,TZR,OH,AGL,CE,Federal Contract Tower,0,0,10,0,10,0,0,15,0,15,0,0,25,0,25,8,0,8,33
05/23/2020,TZR,OH,AGL,CE,Federal Contract Tower,0,0,9,0,9,0,0,81,0,81,0,0,90,0,90,108,0,108,198
05/24/2020,TZR,OH,AGL,CE,Federal Contract Tower,0,0,0,0,0,0,0,38,0,38,0,0,38,0,38,28,0,28,66
05/25/2020,TZR,OH,AGL,CE,Federal Contract Tower,0,4,5,0,9,0,0,30,0,30,0,4,35,0,39,16,0,16,55
05/26/2020,TZR,OH,AGL,CE,Federal Contract Tower,0,0,1,0,1,0,0,33,0,33,0,0,34,0,34,12,0,12,46
05/27/2020,TZR,OH,AGL,CE,Federal Contract Tower,0,0,3,0,3,0,0,27,0,27,0,0,30,0,30,28,0,28,58
05/28/2020,TZR,OH,AGL,CE,Federal Contract Tower,0,5,1,0,6,0,0,13,0,13,0,5,14,0,19,52,0,52,71
05/29/2020,TZR,OH,AGL,CE,Federal Contract Tower,0,0,2,0,2,0,0,12,0,12,0,0,14,0,14,0,0,0,14
05/30/2020,TZR,OH,AGL,CE,Federal Contract Tower,0,0,2,0,2,0,0,32,0,32,0,0,34,0,34,20,0,20,54
05/31/2020,TZR,OH,AGL,CE,Federal Contract Tower,0,0,8,0,8,0,0,57,0,57,0,0,65,0,65,48,0,48,113
06/01/2020,TZR,OH,AGL,CE,Federal Contract Tower,0,0,2,0,2,0,0,31,0,31,0,0,33,0,33,50,0,50,83
06/02/2020,TZR,OH,AGL,CE,Federal Contract Tower,0,0,4,0,4,0,0,18,0,18,0,0,22,0,22,16,0,16,38
06/03/2020,TZR,OH,AGL,CE,Federal Contract Tower,0,0,2,0,2,0,0,19,0,19,0,0,21,0,21,10,0,10,31
06/04/2020,TZR,OH,AGL,CE,Federal Contract Tower,0,0,2,2,4,0,0,12,0,12,0,0,14,2,16,20,0,20,36
06/05/2020,TZR,OH,AGL,CE,Federal Contract Tower,0,0,11,0,11,0,0,24,0,24,0,0,35,0,35,28,0,28,63
06/06/2020,TZR,OH,AGL,CE,Federal Contract Tower,0,0,7,0,7,0,0,50,0,50,0,0,57,0,57,38,0,38,95
06/07/2020,TZR,OH,AGL,CE,Federal Contract Tower,0,2,2,0,4,0,0,51,0,51,0,2,53,0,55,102,0,102,157
06/08/2020,TZR,OH,AGL,CE,Federal Contract Tower,0,0,5,0,5,0,0,35,0,35,0,0,40,0,40,28,0,28,68
06/09/2020,TZR,OH,AGL,CE,Federal Contract Tower,0,0,0,0,0,0,0,28,0,28,0,0,28,0,28,16,0,16,44
06/10/2020,TZR,OH,AGL,CE,Federal Contract Tower,0,0,0,0,0,0,0,0,0,0,0,0,0,0,0,0,0,0,0
06/11/2020,TZR,OH,AGL,CE,Federal Contract Tower,0,0,4,0,4,0,0,27,0,27,0,0,31,0,31,2,0,2,33
06/12/2020,TZR,OH,AGL,CE,Federal Contract Tower,0,0,10,0,10,0,0,17,0,17,0,0,27,0,27,6,0,6,33
06/13/2020,TZR,OH,AGL,CE,Federal Contract Tower,0,0,3,0,3,0,0,24,0,24,0,0,27,0,27,26,0,26,53
06/14/2020,TZR,OH,AGL,CE,Federal Contract Tower,0,0,9,0,9,0,0,36,0,36,0,0,45,0,45,10,0,10,55
06/15/2020,TZR,OH,AGL,CE,Federal Contract Tower,0,0,3,0,3,0,0,19,0,19,0,0,22,0,22,8,0,8,30
06/16/2020,TZR,OH,AGL,CE,Federal Contract Tower,0,0,8,0,8,0,0,45,0,45,0,0,53,0,53,30,0,30,83
06/17/2020,TZR,OH,AGL,CE,Federal Contract Tower,0,2,4,0,6,0,0,44,0,44,0,2,48,0,50,14,0,14,64
06/18/2020,TZR,OH,AGL,CE,Federal Contract Tower,0,0,4,0,4,0,0,23,0,23,0,0,27,0,27,28,0,28,55
06/19/2020,TZR,OH,AGL,CE,Federal Contract Tower,0,0,7,0,7,0,0,9,0,9,0,0,16,0,16,20,0,20,36
06/20/2020,TZR,OH,AGL,CE,Federal Contract Tower,0,0,7,0,7,0,0,48,2,50,0,0,55,2,57,26,2,28,85
06/21/2020,TZR,OH,AGL,CE,Federal Contract Tower,0,0,0,2,2,0,0,11,0,11,0,0,11,2,13,0,0,0,13
06/22/2020,TZR,OH,AGL,CE,Federal Contract Tower,0,1,5,0,6,0,0,8,0,8,0,1,13,0,14,10,0,10,24
06/23/2020,TZR,OH,AGL,CE,Federal Contract Tower,0,4,3,0,7,0,0,12,0,12,0,4,15,0,19,0,0,0,19
06/24/2020,TZR,OH,AGL,CE,Federal Contract Tower,0,0,6,0,6,0,0,32,0,32,0,0,38,0,38,20,0,20,58
06/25/2020,TZR,OH,AGL,CE,Federal Contract Tower,0,0,5,0,5,0,0,50,0,50,0,0,55,0,55,54,0,54,109
06/26/2020,TZR,OH,AGL,CE,Federal Contract Tower,0,0,6,0,6,0,0,46,0,46,0,0,52,0,52,48,0,48,100
06/27/2020,TZR,OH,AGL,CE,Federal Contract Tower,0,0,5,0,5,0,0,12,0,12,0,0,17,0,17,20,0,20,37
06/28/2020,TZR,OH,AGL,CE,Federal Contract Tower,0,4,9,0,13,0,0,12,0,12,0,4,21,0,25,32,0,32,57
06/29/2020,TZR,OH,AGL,CE,Federal Contract Tower,0,0,3,0,3,0,0,49,0,49,0,0,52,0,52,62,0,62,114
06/30/2020,TZR,OH,AGL,CE,Federal Contract Tower,0,0,6,0,6,0,0,28,0,28,0,0,34,0,34,18,0,18,52
07/01/2020,TZR,OH,AGL,CE,Federal Contract Tower,0,0,3,0,3,0,0,46,0,46,0,0,49,0,49,22,0,22,71
07/02/2020,TZR,OH,AGL,CE,Federal Contract Tower,0,0,1,0,1,0,0,40,0,40,0,0,41,0,41,28,0,28,69
07/03/2020,TZR,OH,AGL,CE,Federal Contract Tower,0,0,2,0,2,0,0,58,0,58,0,0,60,0,60,74,0,74,134
07/04/2020,TZR,OH,AGL,CE,Federal Contract Tower,0,0,1,0,1,0,0,26,0,26,0,0,27,0,27,10,0,10,37
07/05/2020,TZR,OH,AGL,CE,Federal Contract Tower,0,0,1,0,1,0,0,35,0,35,0,0,36,0,36,24,0,24,60
07/06/2020,TZR,OH,AGL,CE,Federal Contract Tower,0,0,2,0,2,0,0,30,0,30,0,0,32,0,32,50,0,50,82
07/07/2020,TZR,OH,AGL,CE,Federal Contract Tower,0,0,2,0,2,0,0,19,0,19,0,0,21,0,21,4,0,4,25
07/08/2020,TZR,OH,AGL,CE,Federal Contract Tower,0,0,7,0,7,0,0,36,0,36,0,0,43,0,43,16,0,16,59
07/09/2020,TZR,OH,AGL,CE,Federal Contract Tower,0,0,3,0,3,0,0,49,2,51,0,0,52,2,54,60,2,62,116
07/10/2020,TZR,OH,AGL,CE,Federal Contract Tower,0,0,3,0,3,0,0,13,0,13,0,0,16,0,16,14,0,14,30
07/11/2020,TZR,OH,AGL,CE,Federal Contract Tower,0,0,5,0,5,0,0,15,0,15,0,0,20,0,20,4,0,4,24
07/12/2020,TZR,OH,AGL,CE,Federal Contract Tower,0,0,4,0,4,0,0,6,0,6,0,0,10,0,10,0,0,0,10
07/13/2020,TZR,OH,AGL,CE,Federal Contract Tower,0,0,10,0,10,0,0,41,0,41,0,0,51,0,51,94,0,94,145
07/14/2020,TZR,OH,AGL,CE,Federal Contract Tower,0,0,6,0,6,0,0,30,0,30,0,0,36,0,36,48,0,48,84
07/15/2020,TZR,OH,AGL,CE,Federal Contract Tower,0,0,14,0,14,0,0,28,0,28,0,0,42,0,42,98,0,98,140
07/16/2020,TZR,OH,AGL,CE,Federal Contract Tower,0,0,5,0,5,0,0,13,0,13,0,0,18,0,18,28,0,28,46
07/17/2020,TZR,OH,AGL,CE,Federal Contract Tower,0,0,6,0,6,0,0,25,0,25,0,0,31,0,31,32,0,32,63
07/18/2020,TZR,OH,AGL,CE,Federal Contract Tower,0,2,9,0,11,0,0,46,0,46,0,2,55,0,57,78,0,78,135
07/19/2020,TZR,OH,AGL,CE,Federal Contract Tower,0,0,3,0,3,0,0,17,0,17,0,0,20,0,20,40,0,40,60
07/20/2020,TZR,OH,AGL,CE,Federal Contract Tower,0,0,5,0,5,0,0,32,0,32,0,0,37,0,37,76,0,76,113
07/21/2020,TZR,OH,AGL,CE,Federal Contract Tower,0,2,11,0,13,0,0,63,0,63,0,2,74,0,76,50,0,50,126
07/22/2020,TZR,OH,AGL,CE,Federal Contract Tower,0,0,2,0,2,0,0,29,0,29,0,0,31,0,31,30,0,30,61
07/23/2020,TZR,OH,AGL,CE,Federal Contract Tower,0,0,5,0,5,0,0,5,0,5,0,0,10,0,10,14,0,14,24
07/25/2020,TZR,OH,AGL,CE,Federal Contract Tower,0,0,3,0,3,0,0,87,0,87,0,0,90,0,90,40,0,40,130
07/26/2020,TZR,OH,AGL,CE,Federal Contract Tower,0,0,2,0,2,0,0,34,0,34,0,0,36,0,36,2,0,2,38
07/27/2020,TZR,OH,AGL,CE,Federal Contract Tower,0,0,0,0,0,0,0,10,0,10,0,0,10,0,10,18,0,18,28
07/28/2020,TZR,OH,AGL,CE,Federal Contract Tower,0,1,8,0,9,0,0,32,0,32,0,1,40,0,41,16,0,16,57
07/29/2020,TZR,OH,AGL,CE,Federal Contract Tower,0,0,3,0,3,0,0,58,0,58,0,0,61,0,61,72,0,72,133
07/30/2020,TZR,OH,AGL,CE,Federal Contract Tower,0,0,6,0,6,0,0,25,0,25,0,0,31,0,31,12,0,12,43
07/31/2020,TZR,OH,AGL,CE,Federal Contract Tower,0,0,6,0,6,0,0,53,0,53,0,0,59,0,59,112,0,112,171
08/01/2020,TZR,OH,AGL,CE,Federal Contract Tower,0,0,0,0,0,0,0,5,0,5,0,0,5,0,5,2,0,2,7
08/02/2020,TZR,OH,AGL,CE,Federal Contract Tower,0,0,2,0,2,0,0,2,0,2,0,0,4,0,4,2,0,2,6
08/03/2020,TZR,OH,AGL,CE,Federal Contract Tower,0,0,2,0,2,0,0,7,0,7,0,0,9,0,9,0,0,0,9
08/04/2020,TZR,OH,AGL,CE,Federal Contract Tower,0,0,9,0,9,0,0,10,0,10,0,0,19,0,19,4,0,4,23
08/05/2020,TZR,OH,AGL,CE,Federal Contract Tower,0,0,4,0,4,0,0,38,0,38,0,0,42,0,42,38,0,38,80
08/06/2020,TZR,OH,AGL,CE,Federal Contract Tower,0,0,6,0,6,0,0,38,0,38,0,0,44,0,44,30,0,30,74
08/07/2020,TZR,OH,AGL,CE,Federal Contract Tower,0,0,4,0,4,0,0,44,0,44,0,0,48,0,48,32,0,32,80
08/08/2020,TZR,OH,AGL,CE,Federal Contract Tower,0,0,5,0,5,0,0,61,0,61,0,0,66,0,66,24,0,24,90
08/09/2020,TZR,OH,AGL,CE,Federal Contract Tower,0,0,11,0,11,0,0,37,0,37,0,0,48,0,48,46,0,46,94
08/10/2020,TZR,OH,AGL,CE,Federal Contract Tower,0,0,2,0,2,0,0,18,0,18,0,0,20,0,20,14,0,14,34
08/11/2020,TZR,OH,AGL,CE,Federal Contract Tower,0,0,11,0,11,0,0,34,0,34,0,0,45,0,45,14,0,14,59
08/12/2020,TZR,OH,AGL,CE,Federal Contract Tower,0,0,4,0,4,0,0,22,0,22,0,0,26,0,26,12,0,12,38
08/13/2020,TZR,OH,AGL,CE,Federal Contract Tower,0,0,2,0,2,0,0,41,0,41,0,0,43,0,43,44,0,44,87
08/14/2020,TZR,OH,AGL,CE,Federal Contract Tower,0,0,3,0,3,0,0,42,0,42,0,0,45,0,45,66,0,66,111
08/15/2020,TZR,OH,AGL,CE,Federal Contract Tower,0,0,5,0,5,0,0,24,0,24,0,0,29,0,29,16,0,16,45
08/16/2020,TZR,OH,AGL,CE,Federal Contract Tower,0,0,1,0,1,0,0,20,0,20,0,0,21,0,21,28,0,28,49
08/17/2020,TZR,OH,AGL,CE,Federal Contract Tower,0,0,2,0,2,0,0,38,0,38,0,0,40,0,40,28,0,28,68
08/18/2020,TZR,OH,AGL,CE,Federal Contract Tower,0,0,4,0,4,0,0,33,0,33,0,0,37,0,37,64,0,64,101
08/19/2020,TZR,OH,AGL,CE,Federal Contract Tower,0,0,8,0,8,0,0,49,0,49,0,0,57,0,57,110,0,110,167
08/20/2020,TZR,OH,AGL,CE,Federal Contract Tower,0,0,1,0,1,0,0,56,0,56,0,0,57,0,57,80,0,80,137
08/21/2020,TZR,OH,AGL,CE,Federal Contract Tower,0,0,1,0,1,0,0,67,0,67,0,0,68,0,68,56,0,56,124
08/22/2020,TZR,OH,AGL,CE,Federal Contract Tower,0,0,1,0,1,0,0,63,0,63,0,0,64,0,64,0,0,0,64
08/23/2020,TZR,OH,AGL,CE,Federal Contract Tower,0,0,2,0,2,0,0,11,0,11,0,0,13,0,13,34,0,34,47
08/24/2020,TZR,OH,AGL,CE,Federal Contract Tower,0,0,1,0,1,0,0,17,0,17,0,0,18,0,18,42,0,42,60
08/25/2020,TZR,OH,AGL,CE,Federal Contract Tower,0,0,5,0,5,0,0,29,0,29,0,0,34,0,34,34,0,34,68
08/26/2020,TZR,OH,AGL,CE,Federal Contract Tower,0,0,2,0,2,0,0,26,0,26,0,0,28,0,28,44,0,44,72
08/27/2020,TZR,OH,AGL,CE,Federal Contract Tower,0,0,0,0,0,0,0,22,0,22,0,0,22,0,22,24,0,24,46
08/28/2020,TZR,OH,AGL,CE,Federal Contract Tower,0,0,4,0,4,0,0,20,0,20,0,0,24,0,24,38,0,38,62
08/29/2020,TZR,OH,AGL,CE,Federal Contract Tower,0,0,5,0,5,0,0,8,0,8,0,0,13,0,13,28,0,28,41
08/30/2020,TZR,OH,AGL,CE,Federal Contract Tower,0,0,4,0,4,0,0,55,0,55,0,0,59,0,59,80,0,80,139
08/31/2020,TZR,OH,AGL,CE,Federal Contract Tower,0,0,9,0,9,0,0,34,0,34,0,0,43,0,43,84,0,84,127
09/01/2020,TZR,OH,AGL,CE,Federal Contract Tower,0,0,2,0,2,0,0,18,0,18,0,0,20,0,20,48,0,48,68
09/02/2020,TZR,OH,AGL,CE,Federal Contract Tower,0,0,6,0,6,0,0,7,0,7,0,0,13,0,13,20,0,20,33
09/03/2020,TZR,OH,AGL,CE,Federal Contract Tower,0,0,11,0,11,0,0,19,0,19,0,0,30,0,30,56,0,56,86
09/04/2020,TZR,OH,AGL,CE,Federal Contract Tower,0,0,7,0,7,0,0,57,0,57,0,0,64,0,64,20,0,20,84
09/05/2020,TZR,OH,AGL,CE,Federal Contract Tower,0,0,5,0,5,0,0,56,0,56,0,0,61,0,61,10,0,10,71
09/06/2020,TZR,OH,AGL,CE,Federal Contract Tower,0,0,3,0,3,0,0,36,0,36,0,0,39,0,39,46,0,46,85
09/07/2020,TZR,OH,AGL,CE,Federal Contract Tower,0,0,5,0,5,0,0,29,0,29,0,0,34,0,34,26,0,26,60
09/08/2020,TZR,OH,AGL,CE,Federal Contract Tower,0,0,6,0,6,0,0,45,0,45,0,0,51,0,51,32,0,32,83
09/09/2020,TZR,OH,AGL,CE,Federal Contract Tower,0,0,1,0,1,0,0,41,0,41,0,0,42,0,42,48,0,48,90
09/10/2020,TZR,OH,AGL,CE,Federal Contract Tower,0,0,7,0,7,0,0,31,0,31,0,0,38,0,38,20,0,20,58
09/11/2020,TZR,OH,AGL,CE,Federal Contract Tower,0,0,8,0,8,0,0,11,0,11,0,0,19,0,19,14,0,14,33
09/12/2020,TZR,OH,AGL,CE,Federal Contract Tower,0,0,2,0,2,0,0,32,0,32,0,0,34,0,34,34,0,34,68
09/13/2020,TZR,OH,AGL,CE,Federal Contract Tower,0,0,4,0,4,0,0,6,0,6,0,0,10,0,10,6,0,6,16
09/14/2020,TZR,OH,AGL,CE,Federal Contract Tower,0,0,9,0,9,0,0,36,0,36,0,0,45,0,45,72,0,72,117
09/15/2020,TZR,OH,AGL,CE,Federal Contract Tower,0,0,20,0,20,0,0,35,0,35,0,0,55,0,55,32,0,32,87
09/16/2020,TZR,OH,AGL,CE,Federal Contract Tower,0,0,3,0,3,0,0,46,0,46,0,0,49,0,49,66,0,66,115
09/17/2020,TZR,OH,AGL,CE,Federal Contract Tower,0,0,10,0,10,0,0,30,0,30,0,0,40,0,40,46,0,46,86
09/18/2020,TZR,OH,AGL,CE,Federal Contract Tower,0,0,8,0,8,0,0,26,0,26,0,0,34,0,34,16,0,16,50
09/19/2020,TZR,OH,AGL,CE,Federal Contract Tower,0,0,4,0,4,0,0,42,0,42,0,0,46,0,46,12,0,12,58
09/20/2020,TZR,OH,AGL,CE,Federal Contract Tower,0,0,12,0,12,0,0,46,0,46,0,0,58,0,58,36,0,36,94
09/21/2020,TZR,OH,AGL,CE,Federal Contract Tower,0,0,8,0,8,0,0,27,0,27,0,0,35,0,35,24,0,24,59
09/22/2020,TZR,OH,AGL,CE,Federal Contract Tower,0,0,9,0,9,0,0,30,0,30,0,0,39,0,39,22,0,22,61
09/23/2020,TZR,OH,AGL,CE,Federal Contract Tower,0,0,12,0,12,0,0,31,0,31,0,0,43,0,43,18,0,18,61
09/24/2020,TZR,OH,AGL,CE,Federal Contract Tower,0,0,5,0,5,0,0,50,0,50,0,0,55,0,55,60,0,60,115
09/25/2020,TZR,OH,AGL,CE,Federal Contract Tower,0,0,1,0,1,0,0,23,0,23,0,0,24,0,24,4,0,4,28
09/26/2020,TZR,OH,AGL,CE,Federal Contract Tower,0,0,9,0,9,0,0,39,0,39,0,0,48,0,48,56,0,56,104
09/27/2020,TZR,OH,AGL,CE,Federal Contract Tower,0,0,5,0,5,0,0,27,0,27,0,0,32,0,32,42,0,42,74
09/28/2020,TZR,OH,AGL,CE,Federal Contract Tower,0,0,4,0,4,0,0,15,0,15,0,0,19,0,19,18,0,18,37
09/29/2020,TZR,OH,AGL,CE,Federal Contract Tower,0,0,21,0,21,0,0,37,0,37,0,0,58,0,58,38,0,38,96
09/30/2020,TZR,OH,AGL,CE,Federal Contract Tower,0,0,1,0,1,0,0,13,0,13,0,0,14,0,14,0,0,0,14
10/01/2020,TZR,OH,AGL,CE,Federal Contract Tower,0,0,7,0,7,0,0,27,0,27,0,0,34,0,34,20,0,20,54
10/02/2020,TZR,OH,AGL,CE,Federal Contract Tower,0,0,16,0,16,0,0,21,0,21,0,0,37,0,37,12,0,12,49
10/03/2020,TZR,OH,AGL,CE,Federal Contract Tower,0,0,12,0,12,0,0,56,0,56,0,0,68,0,68,18,0,18,86
10/04/2020,TZR,OH,AGL,CE,Federal Contract Tower,0,0,2,0,2,0,0,11,0,11,0,0,13,0,13,20,0,20,33
10/05/2020,TZR,OH,AGL,CE,Federal Contract Tower,0,0,9,0,9,0,0,10,0,10,0,0,19,0,19,10,0,10,29
10/06/2020,TZR,OH,AGL,CE,Federal Contract Tower,0,0,7,0,7,0,0,33,0,33,0,0,40,0,40,50,0,50,90
10/07/2020,TZR,OH,AGL,CE,Federal Contract Tower,0,0,2,0,2,0,0,14,0,14,0,0,16,0,16,8,0,8,24
10/08/2020,TZR,OH,AGL,CE,Federal Contract Tower,0,0,13,0,13,0,0,69,0,69,0,0,82,0,82,96,0,96,178
10/09/2020,TZR,OH,AGL,CE,Federal Contract Tower,0,0,7,0,7,0,0,52,0,52,0,0,59,0,59,64,0,64,123
10/10/2020,TZR,OH,AGL,CE,Federal Contract Tower,0,0,4,0,4,0,0,35,0,35,0,0,39,0,39,48,0,48,87
10/11/2020,TZR,OH,AGL,CE,Federal Contract Tower,0,0,3,0,3,0,0,4,0,4,0,0,7,0,7,0,0,0,7
10/12/2020,TZR,OH,AGL,CE,Federal Contract Tower,0,0,9,0,9,0,0,8,0,8,0,0,17,0,17,32,0,32,49
10/13/2020,TZR,OH,AGL,CE,Federal Contract Tower,0,0,5,0,5,0,0,50,0,50,0,0,55,0,55,58,0,58,113
10/14/2020,TZR,OH,AGL,CE,Federal Contract Tower,0,0,9,0,9,0,0,46,0,46,0,0,55,0,55,24,0,24,79
10/15/2020,TZR,OH,AGL,CE,Federal Contract Tower,0,0,3,0,3,0,0,20,0,20,0,0,23,0,23,22,0,22,45
10/16/2020,TZR,OH,AGL,CE,Federal Contract Tower,0,0,13,0,13,0,0,39,0,39,0,0,52,0,52,32,0,32,84
10/17/2020,TZR,OH,AGL,CE,Federal Contract Tower,0,0,5,0,5,0,0,37,0,37,0,0,42,0,42,60,0,60,102
10/18/2020,TZR,OH,AGL,CE,Federal Contract Tower,0,0,6,0,6,0,0,19,0,19,0,0,25,0,25,28,0,28,53
10/19/2020,TZR,OH,AGL,CE,Federal Contract Tower,0,0,0,0,0,0,0,0,0,0,0,0,0,0,0,0,0,0,0
10/20/2020,TZR,OH,AGL,CE,Federal Contract Tower,0,0,6,0,6,0,0,0,0,0,0,0,6,0,6,0,0,0,6
10/21/2020,TZR,OH,AGL,CE,Federal Contract Tower,0,0,10,0,10,0,0,4,2,6,0,0,14,2,16,10,2,12,28
10/22/2020,TZR,OH,AGL,CE,Federal Contract Tower,0,0,3,0,3,0,0,58,0,58,0,0,61,0,61,128,0,128,189
10/23/2020,TZR,OH,AGL,CE,Federal Contract Tower,0,0,3,0,3,0,0,34,0,34,0,0,37,0,37,52,0,52,89
10/24/2020,TZR,OH,AGL,CE,Federal Contract Tower,0,0,6,0,6,0,0,4,0,4,0,0,10,0,10,8,0,8,18
10/25/2020,TZR,OH,AGL,CE,Federal Contract Tower,0,0,8,0,8,0,0,30,0,30,0,0,38,0,38,16,0,16,54
10/26/2020,TZR,OH,AGL,CE,Federal Contract Tower,0,0,8,0,8,0,0,3,0,3,0,0,11,0,11,0,0,0,11
10/27/2020,TZR,OH,AGL,CE,Federal Contract Tower,0,0,12,0,12,0,0,0,0,0,0,0,12,0,12,0,0,0,12
10/28/2020,TZR,OH,AGL,CE,Federal Contract Tower,0,0,7,0,7,0,0,15,0,15,0,0,22,0,22,14,0,14,36
10/29/2020,TZR,OH,AGL,CE,Federal Contract Tower,0,0,6,0,6,0,0,0,0,0,0,0,6,0,6,0,0,0,6
10/30/2020,TZR,OH,AGL,CE,Federal Contract Tower,0,0,3,0,3,0,0,19,0,19,0,0,22,0,22,62,0,62,84
10/31/2020,TZR,OH,AGL,CE,Federal Contract Tower,0,0,7,0,7,0,0,74,0,74,0,0,81,0,81,60,0,60,141
11/01/2020,TZR,OH,AGL,CE,Federal Contract Tower,0,0,0,0,0,0,0,0,0,0,0,0,0,0,0,0,0,0,0
11/02/2020,TZR,OH,AGL,CE,Federal Contract Tower,0,0,1,0,1,0,0,39,0,39,0,0,40,0,40,36,0,36,76
11/03/2020,TZR,OH,AGL,CE,Federal Contract Tower,0,0,1,0,1,0,0,61,0,61,0,0,62,0,62,60,0,60,122
11/04/2020,TZR,OH,AGL,CE,Federal Contract Tower,0,0,3,0,3,0,0,64,0,64,0,0,67,0,67,160,0,160,227
11/05/2020,TZR,OH,AGL,CE,Federal Contract Tower,0,0,8,0,8,0,0,48,0,48,0,0,56,0,56,180,0,180,236
11/06/2020,TZR,OH,AGL,CE,Federal Contract Tower,0,0,4,0,4,0,0,54,0,54,0,0,58,0,58,54,0,54,112
11/07/2020,TZR,OH,AGL,CE,Federal Contract Tower,0,0,4,0,4,0,0,69,0,69,0,0,73,0,73,40,0,40,113
11/08/2020,TZR,OH,AGL,CE,Federal Contract Tower,0,0,9,0,9,0,0,51,0,51,0,0,60,0,60,30,0,30,90
11/09/2020,TZR,OH,AGL,CE,Federal Contract Tower,0,0,2,0,2,0,0,42,0,42,0,0,44,0,44,102,0,102,146
11/10/2020,TZR,OH,AGL,CE,Federal Contract Tower,0,0,2,0,2,0,0,26,0,26,0,0,28,0,28,16,0,16,44
11/11/2020,TZR,OH,AGL,CE,Federal Contract Tower,0,0,6,0,6,0,0,21,0,21,0,0,27,0,27,18,0,18,45
11/12/2020,TZR,OH,AGL,CE,Federal Contract Tower,0,0,6,0,6,0,0,56,0,56,0,0,62,0,62,92,0,92,154
11/13/2020,TZR,OH,AGL,CE,Federal Contract Tower,0,0,1,0,1,0,0,24,0,24,0,0,25,0,25,44,0,44,69
11/14/2020,TZR,OH,AGL,CE,Federal Contract Tower,0,2,4,0,6,0,0,40,0,40,0,2,44,0,46,24,0,24,70
11/15/2020,TZR,OH,AGL,CE,Federal Contract Tower,0,0,0,0,0,0,0,0,0,0,0,0,0,0,0,0,0,0,0
11/16/2020,TZR,OH,AGL,CE,Federal Contract Tower,0,0,3,0,3,0,0,21,0,21,0,0,24,0,24,8,0,8,32
11/17/2020,TZR,OH,AGL,CE,Federal Contract Tower,0,0,0,0,0,0,0,13,0,13,0,0,13,0,13,0,0,0,13
11/18/2020,TZR,OH,AGL,CE,Federal Contract Tower,0,0,11,0,11,0,0,41,0,41,0,0,52,0,52,82,0,82,134
11/19/2020,TZR,OH,AGL,CE,Federal Contract Tower,0,0,2,0,2,0,0,1,0,1,0,0,3,0,3,6,0,6,9
11/20/2020,TZR,OH,AGL,CE,Federal Contract Tower,0,0,0,0,0,0,0,23,0,23,0,0,23,0,23,26,0,26,49
11/21/2020,TZR,OH,AGL,CE,Federal Contract Tower,0,0,9,0,9,0,0,20,0,20,0,0,29,0,29,32,0,32,61
11/22/2020,TZR,OH,AGL,CE,Federal Contract Tower,0,0,1,0,1,0,0,0,0,0,0,0,1,0,1,0,0,0,1
11/23/2020,TZR,OH,AGL,CE,Federal Contract Tower,0,0,0,0,0,0,0,20,0,20,0,0,20,0,20,16,0,16,36
11/24/2020,TZR,OH,AGL,CE,Federal Contract Tower,0,0,6,0,6,0,0,42,0,42,0,0,48,0,48,58,0,58,106
11/25/2020,TZR,OH,AGL,CE,Federal Contract Tower,0,0,2,0,2,0,0,0,0,0,0,0,2,0,2,0,0,0,2
11/26/2020,TZR,OH,AGL,CE,Federal Contract Tower,0,0,3,0,3,0,0,8,0,8,0,0,11,0,11,22,0,22,33
11/27/2020,TZR,OH,AGL,CE,Federal Contract Tower,0,0,6,0,6,0,0,48,0,48,0,0,54,0,54,50,0,50,104
11/28/2020,TZR,OH,AGL,CE,Federal Contract Tower,0,0,8,0,8,0,0,26,0,26,0,0,34,0,34,16,0,16,50
11/29/2020,TZR,OH,AGL,CE,Federal Contract Tower,0,0,0,0,0,0,0,31,0,31,0,0,31,0,31,10,0,10,41
11/30/2020,TZR,OH,AGL,CE,Federal Contract Tower,0,0,0,0,0,0,0,0,0,0,0,0,0,0,0,0,0,0,0
12/01/2020,TZR,OH,AGL,CE,Federal Contract Tower,0,0,0,0,0,0,0,4,0,4,0,0,4,0,4,14,0,14,18
12/02/2020,TZR,OH,AGL,CE,Federal Contract Tower,0,0,0,0,0,0,0,57,0,57,0,0,57,0,57,46,0,46,103
12/03/2020,TZR,OH,AGL,CE,Federal Contract Tower,0,0,3,0,3,0,0,29,0,29,0,0,32,0,32,68,0,68,100
12/04/2020,TZR,OH,AGL,CE,Federal Contract Tower,0,0,6,0,6,0,0,16,0,16,0,0,22,0,22,16,0,16,38
12/05/2020,TZR,OH,AGL,CE,Federal Contract Tower,0,0,4,0,4,0,0,39,0,39,0,0,43,0,43,70,0,70,113
12/06/2020,TZR,OH,AGL,CE,Federal Contract Tower,0,0,2,0,2,0,0,16,0,16,0,0,18,0,18,22,0,22,40
12/07/2020,TZR,OH,AGL,CE,Federal Contract Tower,0,0,0,0,0,0,0,7,0,7,0,0,7,0,7,12,0,12,19
12/08/2020,TZR,OH,AGL,CE,Federal Contract Tower,0,0,3,0,3,0,0,34,0,34,0,0,37,0,37,112,0,112,149
12/09/2020,TZR,OH,AGL,CE,Federal Contract Tower,0,0,9,0,9,0,0,28,0,28,0,0,37,0,37,40,0,40,77
12/10/2020,TZR,OH,AGL,CE,Federal Contract Tower,0,0,4,0,4,0,0,35,0,35,0,0,39,0,39,34,0,34,73
12/11/2020,TZR,OH,AGL,CE,Federal Contract Tower,0,0,9,0,9,0,0,42,0,42,0,0,51,0,51,34,0,34,85
12/12/2020,TZR,OH,AGL,CE,Federal Contract Tower,0,0,2,0,2,0,0,7,0,7,0,0,9,0,9,12,0,12,21
12/13/2020,TZR,OH,AGL,CE,Federal Contract Tower,0,0,5,0,5,0,0,5,0,5,0,0,10,0,10,2,0,2,12
12/14/2020,TZR,OH,AGL,CE,Federal Contract Tower,0,0,3,0,3,0,0,8,0,8,0,0,11,0,11,18,0,18,29
12/15/2020,TZR,OH,AGL,CE,Federal Contract Tower,0,0,3,0,3,0,0,54,0,54,0,0,57,0,57,36,0,36,93
12/16/2020,TZR,OH,AGL,CE,Federal Contract Tower,0,0,2,0,2,0,0,0,0,0,0,0,2,0,2,0,0,0,2
12/17/2020,TZR,OH,AGL,CE,Federal Contract Tower,0,0,2,0,2,0,0,0,0,0,0,0,2,0,2,0,0,0,2
12/18/2020,TZR,OH,AGL,CE,Federal Contract Tower,0,0,1,0,1,0,0,29,0,29,0,0,30,0,30,40,0,40,70
12/19/2020,TZR,OH,AGL,CE,Federal Contract Tower,0,0,2,0,2,0,0,35,0,35,0,0,37,0,37,52,0,52,89
12/20/2020,TZR,OH,AGL,CE,Federal Contract Tower,0,0,0,0,0,0,0,0,0,0,0,0,0,0,0,0,0,0,0
12/21/2020,TZR,OH,AGL,CE,Federal Contract Tower,0,0,0,0,0,0,0,0,0,0,0,0,0,0,0,0,0,0,0
12/22/2020,TZR,OH,AGL,CE,Federal Contract Tower,0,0,0,0,0,0,0,33,0,33,0,0,33,0,33,24,0,24,57
12/23/2020,TZR,OH,AGL,CE,Federal Contract Tower,0,0,0,0,0,0,0,15,0,15,0,0,15,0,15,14,0,14,29
12/24/2020,TZR,OH,AGL,CE,Federal Contract Tower,0,0,0,0,0,0,0,0,0,0,0,0,0,0,0,0,0,0,0
12/25/2020,TZR,OH,AGL,CE,Federal Contract Tower,0,0,0,0,0,0,0,0,0,0,0,0,0,0,0,0,0,0,0
12/26/2020,TZR,OH,AGL,CE,Federal Contract Tower,0,0,0,0,0,0,0,8,0,8,0,0,8,0,8,6,0,6,14
12/27/2020,TZR,OH,AGL,CE,Federal Contract Tower,0,0,4,0,4,0,0,17,0,17,0,0,21,0,21,38,0,38,59
12/28/2020,TZR,OH,AGL,CE,Federal Contract Tower,0,0,0,0,0,0,0,3,0,3,0,0,3,0,3,6,0,6,9
12/29/2020,TZR,OH,AGL,CE,Federal Contract Tower,0,0,8,0,8,0,0,66,0,66,0,0,74,0,74,46,0,46,120
12/30/2020,TZR,OH,AGL,CE,Federal Contract Tower,0,0,0,0,0,0,0,15,0,15,0,0,15,0,15,12,0,12,27
12/31/2020,TZR,OH,AGL,CE,Federal Contract Tower,0,0,4,0,4,0,0,8,0,8,0,0,12,0,12,20,0,20,32
01/01/2021,TZR,OH,AGL,CE,Federal Contract Tower,0,0,0,0,0,0,0,0,0,0,0,0,0,0,0,0,0,0,0
01/02/2021,TZR,OH,AGL,CE,Federal Contract Tower,0,0,0,0,0,0,0,4,0,4,0,0,4,0,4,12,0,12,16
01/03/2021,TZR,OH,AGL,CE,Federal Contract Tower,0,0,0,0,0,0,0,2,0,2,0,0,2,0,2,4,0,4,6
01/04/2021,TZR,OH,AGL,CE,Federal Contract Tower,0,0,0,0,0,0,2,6,0,8,0,2,6,0,8,8,0,8,16
01/05/2021,TZR,OH,AGL,CE,Federal Contract Tower,0,0,0,0,0,0,0,2,0,2,0,0,2,0,2,4,0,4,6
01/06/2021,TZR,OH,AGL,CE,Federal Contract Tower,0,0,2,0,2,0,0,1,0,1,0,0,3,0,3,0,0,0,3
01/07/2021,TZR,OH,AGL,CE,Federal Contract Tower,0,0,1,0,1,0,0,13,0,13,0,0,14,0,14,34,0,34,48
01/08/2021,TZR,OH,AGL,CE,Federal Contract Tower,0,0,0,0,0,0,0,8,0,8,0,0,8,0,8,4,0,4,12
01/09/2021,TZR,OH,AGL,CE,Federal Contract Tower,0,0,8,0,8,0,0,34,0,34,0,0,42,0,42,4,0,4,46
01/10/2021,TZR,OH,AGL,CE,Federal Contract Tower,0,0,6,0,6,0,0,59,0,59,0,0,65,0,65,14,0,14,79
01/11/2021,TZR,OH,AGL,CE,Federal Contract Tower,0,0,6,0,6,0,0,10,0,10,0,0,16,0,16,6,0,6,22
01/12/2021,TZR,OH,AGL,CE,Federal Contract Tower,0,0,0,0,0,0,0,7,0,7,0,0,7,0,7,0,0,0,7
01/13/2021,TZR,OH,AGL,CE,Federal Contract Tower,0,0,13,0,13,0,0,55,0,55,0,0,68,0,68,36,0,36,104
01/14/2021,TZR,OH,AGL,CE,Federal Contract Tower,0,3,2,0,5,0,0,33,0,33,0,3,35,0,38,56,0,56,94
01/15/2021,TZR,OH,AGL,CE,Federal Contract Tower,0,0,1,0,1,0,0,2,0,2,0,0,3,0,3,0,0,0,3
01/16/2021,TZR,OH,AGL,CE,Federal Contract Tower,0,0,0,0,0,0,0,12,0,12,0,0,12,0,12,12,0,12,24
01/17/2021,TZR,OH,AGL,CE,Federal Contract Tower,0,0,0,0,0,0,0,0,0,0,0,0,0,0,0,0,0,0,0
01/18/2021,TZR,OH,AGL,CE,Federal Contract Tower,0,0,0,0,0,0,0,4,0,4,0,0,4,0,4,2,0,2,6
01/19/2021,TZR,OH,AGL,CE,Federal Contract Tower,0,0,8,0,8,0,0,49,0,49,0,0,57,0,57,32,0,32,89
01/20/2021,TZR,OH,AGL,CE,Federal Contract Tower,0,0,0,0,0,0,0,35,0,35,0,0,35,0,35,44,0,44,79
01/21/2021,TZR,OH,AGL,CE,Federal Contract Tower,0,0,1,0,1,0,0,39,0,39,0,0,40,0,40,20,6,26,66
01/22/2021,TZR,OH,AGL,CE,Federal Contract Tower,0,0,6,0,6,0,0,25,0,25,0,0,31,0,31,44,0,44,75
01/23/2021,TZR,OH,AGL,CE,Federal Contract Tower,0,0,6,0,6,0,0,50,0,50,0,0,56,0,56,18,0,18,74
01/24/2021,TZR,OH,AGL,CE,Federal Contract Tower,0,0,2,0,2,0,0,13,0,13,0,0,15,0,15,22,0,22,37
01/25/2021,TZR,OH,AGL,CE,Federal Contract Tower,0,0,0,0,0,0,0,0,0,0,0,0,0,0,0,0,0,0,0
01/26/2021,TZR,OH,AGL,CE,Federal Contract Tower,0,0,0,0,0,0,0,0,0,0,0,0,0,0,0,0,0,0,0
01/27/2021,TZR,OH,AGL,CE,Federal Contract Tower,0,0,8,0,8,0,0,33,0,33,0,0,41,0,41,66,0,66,107
01/28/2021,TZR,OH,AGL,CE,Federal Contract Tower,0,0,2,0,2,0,0,19,0,19,0,0,21,0,21,16,0,16,37
01/29/2021,TZR,OH,AGL,CE,Federal Contract Tower,0,0,6,0,6,0,0,38,0,38,0,0,44,0,44,48,0,48,92
01/30/2021,TZR,OH,AGL,CE,Federal Contract Tower,0,0,1,0,1,0,0,35,0,35,0,0,36,0,36,26,0,26,62
01/31/2021,TZR,OH,AGL,CE,Federal Contract Tower,0,0,0,0,0,0,0,0,0,0,0,0,0,0,0,0,0,0,0
02/01/2021,TZR,OH,AGL,CE,Federal Contract Tower,0,0,0,0,0,0,0,0,0,0,0,0,0,0,0,0,0,0,0
02/02/2021,TZR,OH,AGL,CE,Federal Contract Tower,0,0,2,0,2,0,0,14,0,14,0,0,16,0,16,6,0,6,22
02/03/2021,TZR,OH,AGL,CE,Federal Contract Tower,0,0,8,0,8,0,0,57,0,57,0,0,65,0,65,94,0,94,159
02/04/2021,TZR,OH,AGL,CE,Federal Contract Tower,0,0,0,0,0,0,0,8,0,8,0,0,8,0,8,24,0,24,32
02/05/2021,TZR,OH,AGL,CE,Federal Contract Tower,0,0,0,0,0,0,0,2,0,2,0,0,2,0,2,0,0,0,2
02/06/2021,TZR,OH,AGL,CE,Federal Contract Tower,0,0,3,0,3,0,0,64,0,64,0,0,67,0,67,70,0,70,137
02/07/2021,TZR,OH,AGL,CE,Federal Contract Tower,0,0,5,0,5,0,0,14,0,14,0,0,19,0,19,8,0,8,27
02/08/2021,TZR,OH,AGL,CE,Federal Contract Tower,0,0,8,0,8,0,0,23,0,23,0,0,31,0,31,18,0,18,49
02/09/2021,TZR,OH,AGL,CE,Federal Contract Tower,0,0,3,0,3,0,0,12,0,12,0,0,15,0,15,14,0,14,29
02/10/2021,TZR,OH,AGL,CE,Federal Contract Tower,0,0,2,0,2,0,0,9,0,9,0,0,11,0,11,14,0,14,25
02/11/2021,TZR,OH,AGL,CE,Federal Contract Tower,0,0,4,0,4,0,0,25,0,25,0,0,29,0,29,98,0,98,127
02/12/2021,TZR,OH,AGL,CE,Federal Contract Tower,0,0,0,0,0,0,0,27,0,27,0,0,27,0,27,86,0,86,113
02/13/2021,TZR,OH,AGL,CE,Federal Contract Tower,0,0,0,0,0,0,0,4,0,4,0,0,4,0,4,2,0,2,6
02/14/2021,TZR,OH,AGL,CE,Federal Contract Tower,0,0,0,0,0,0,0,28,0,28,0,0,28,0,28,34,0,34,62
02/15/2021,TZR,OH,AGL,CE,Federal Contract Tower,0,0,0,0,0,0,0,0,0,0,0,0,0,0,0,0,0,0,0
02/16/2021,TZR,OH,AGL,CE,Federal Contract Tower,0,0,0,0,0,0,0,3,0,3,0,0,3,0,3,0,0,0,3
02/17/2021,TZR,OH,AGL,CE,Federal Contract Tower,0,0,9,0,9,0,0,41,0,41,0,0,50,0,50,72,0,72,122
02/18/2021,TZR,OH,AGL,CE,Federal Contract Tower,0,0,0,0,0,0,0,0,0,0,0,0,0,0,0,0,0,0,0
02/19/2021,TZR,OH,AGL,CE,Federal Contract Tower,0,0,0,0,0,0,0,6,0,6,0,0,6,0,6,22,0,22,28
02/20/2021,TZR,OH,AGL,CE,Federal Contract Tower,0,0,2,0,2,0,0,39,0,39,0,0,41,0,41,40,0,40,81
02/21/2021,TZR,OH,AGL,CE,Federal Contract Tower,0,0,7,0,7,0,0,15,0,15,0,0,22,0,22,12,0,12,34
02/22/2021,TZR,OH,AGL,CE,Federal Contract Tower,0,0,4,0,4,0,0,2,0,2,0,0,6,0,6,0,0,0,6
02/23/2021,TZR,OH,AGL,CE,Federal Contract Tower,0,0,5,0,5,0,0,39,0,39,0,0,44,0,44,42,0,42,86
02/24/2021,TZR,OH,AGL,CE,Federal Contract Tower,0,0,0,0,0,0,0,24,0,24,0,0,24,0,24,2,0,2,26
02/25/2021,TZR,OH,AGL,CE,Federal Contract Tower,0,0,12,2,14,0,0,46,0,46,0,0,58,2,60,12,2,14,74
02/26/2021,TZR,OH,AGL,CE,Federal Contract Tower,0,0,4,0,4,0,0,35,0,35,0,0,39,0,39,28,0,28,67
02/27/2021,TZR,OH,AGL,CE,Federal Contract Tower,0,0,4,0,4,0,0,15,0,15,0,0,19,0,19,8,0,8,27
02/28/2021,TZR,OH,AGL,CE,Federal Contract Tower,0,0,2,0,2,0,0,0,0,0,0,0,2,0,2,0,0,0,2
03/01/2021,TZR,OH,AGL,CE,Federal Contract Tower,0,0,0,0,0,0,0,17,0,17,0,0,17,0,17,4,0,4,21
03/02/2021,TZR,OH,AGL,CE,Federal Contract Tower,0,0,9,0,9,0,0,63,0,63,0,0,72,0,72,104,0,104,176
03/03/2021,TZR,OH,AGL,CE,Federal Contract Tower,0,0,3,0,3,0,0,48,0,48,0,0,51,0,51,74,0,74,125
03/04/2021,TZR,OH,AGL,CE,Federal Contract Tower,0,0,0,0,0,0,0,25,0,25,0,0,25,0,25,38,0,38,63
03/05/2021,TZR,OH,AGL,CE,Federal Contract Tower,0,0,3,0,3,0,0,31,0,31,0,0,34,0,34,88,0,88,122
03/06/2021,TZR,OH,AGL,CE,Federal Contract Tower,0,0,8,0,8,0,0,56,0,56,0,0,64,0,64,68,0,68,132
03/07/2021,TZR,OH,AGL,CE,Federal Contract Tower,0,0,14,0,14,0,0,37,0,37,0,0,51,0,51,8,0,8,59
03/08/2021,TZR,OH,AGL,CE,Federal Contract Tower,0,0,6,0,6,0,0,31,0,31,0,0,37,0,37,72,0,72,109
03/09/2021,TZR,OH,AGL,CE,Federal Contract Tower,0,0,6,0,6,0,0,55,0,55,0,0,61,0,61,68,0,68,129
03/10/2021,TZR,OH,AGL,CE,Federal Contract Tower,0,0,9,2,11,0,0,33,0,33,0,0,42,2,44,48,0,48,92
03/11/2021,TZR,OH,AGL,CE,Federal Contract Tower,0,0,1,0,1,0,0,1,0,1,0,0,2,0,2,0,0,0,2
03/12/2021,TZR,OH,AGL,CE,Federal Contract Tower,0,0,8,0,8,0,0,45,0,45,0,0,53,0,53,76,0,76,129
03/13/2021,TZR,OH,AGL,CE,Federal Contract Tower,0,0,5,0,5,0,0,80,0,80,0,0,85,0,85,60,0,60,145
03/14/2021,TZR,OH,AGL,CE,Federal Contract Tower,0,0,7,0,7,0,0,23,0,23,0,0,30,0,30,30,0,30,60
03/15/2021,TZR,OH,AGL,CE,Federal Contract Tower,0,0,1,0,1,0,0,6,0,6,0,0,7,0,7,0,0,0,7
03/16/2021,TZR,OH,AGL,CE,Federal Contract Tower,0,0,1,0,1,0,0,0,0,0,0,0,1,0,1,0,0,0,1
03/17/2021,TZR,OH,AGL,CE,Federal Contract Tower,0,4,6,0,10,0,0,17,0,17,0,4,23,0,27,46,0,46,73
03/18/2021,TZR,OH,AGL,CE,Federal Contract Tower,0,0,1,0,1,0,0,0,0,0,0,0,1,0,1,0,0,0,1
03/19/2021,TZR,OH,AGL,CE,Federal Contract Tower,0,0,4,0,4,0,0,38,0,38,0,0,42,0,42,70,0,70,112
03/20/2021,TZR,OH,AGL,CE,Federal Contract Tower,0,0,10,0,10,0,0,60,0,60,0,0,70,0,70,34,0,34,104
03/21/2021,TZR,OH,AGL,CE,Federal Contract Tower,0,0,2,0,2,0,0,38,0,38,0,0,40,0,40,30,0,30,70
03/22/2021,TZR,OH,AGL,CE,Federal Contract Tower,0,0,7,0,7,0,0,46,0,46,0,0,53,0,53,160,0,160,213
03/24/2021,TZR,OH,AGL,CE,Federal Contract Tower,0,2,0,0,2,0,0,22,0,22,0,2,22,0,24,56,0,56,80
03/25/2021,TZR,OH,AGL,CE,Federal Contract Tower,0,0,4,2,6,0,0,28,0,28,0,0,32,2,34,30,0,30,64
03/26/2021,TZR,OH,AGL,CE,Federal Contract Tower,0,0,6,0,6,0,0,9,0,9,0,0,15,0,15,40,0,40,55
03/27/2021,TZR,OH,AGL,CE,Federal Contract Tower,0,0,12,0,12,0,0,67,0,67,0,0,79,0,79,44,0,44,123
03/28/2021,TZR,OH,AGL,CE,Federal Contract Tower,0,0,1,0,1,0,0,0,0,0,0,0,1,0,1,0,0,0,1
03/29/2021,TZR,OH,AGL,CE,Federal Contract Tower,0,0,7,0,7,0,0,37,0,37,0,0,44,0,44,26,0,26,70
03/30/2021,TZR,OH,AGL,CE,Federal Contract Tower,0,0,2,0,2,0,0,13,0,13,0,0,15,0,15,2,0,2,17
03/31/2021,TZR,OH,AGL,CE,Federal Contract Tower,0,0,1,0,1,0,0,26,0,26,0,0,27,0,27,22,0,22,49
04/01/2021,TZR,OH,AGL,CE,Federal Contract Tower,0,0,0,0,0,0,0,8,0,8,0,0,8,0,8,0,0,0,8
04/02/2021,TZR,OH,AGL,CE,Federal Contract Tower,0,0,10,0,10,0,0,37,0,37,0,0,47,0,47,30,0,30,77
04/03/2021,TZR,OH,AGL,CE,Federal Contract Tower,0,0,6,0,6,0,0,38,0,38,0,0,44,0,44,38,0,38,82
04/04/2021,TZR,OH,AGL,CE,Federal Contract Tower,0,0,1,0,1,0,0,24,0,24,0,0,25,0,25,26,0,26,51
04/05/2021,TZR,OH,AGL,CE,Federal Contract Tower,0,0,11,0,11,0,0,26,0,26,0,0,37,0,37,92,0,92,129
04/06/2021,TZR,OH,AGL,CE,Federal Contract Tower,0,0,8,0,8,0,0,53,0,53,0,0,61,0,61,50,0,50,111
04/07/2021,TZR,OH,AGL,CE,Federal Contract Tower,0,0,12,0,12,0,0,58,0,58,0,0,70,0,70,76,0,76,146
04/08/2021,TZR,OH,AGL,CE,Federal Contract Tower,0,0,5,0,5,0,0,8,0,8,0,0,13,0,13,8,0,8,21
04/09/2021,TZR,OH,AGL,CE,Federal Contract Tower,0,0,5,0,5,0,0,27,0,27,0,0,32,0,32,10,0,10,42
04/10/2021,TZR,OH,AGL,CE,Federal Contract Tower,0,0,3,0,3,0,0,12,0,12,0,0,15,0,15,0,0,0,15
04/11/2021,TZR,OH,AGL,CE,Federal Contract Tower,0,0,2,0,2,0,0,1,0,1,0,0,3,0,3,0,0,0,3
04/12/2021,TZR,OH,AGL,CE,Federal Contract Tower,0,0,15,0,15,0,0,10,0,10,0,0,25,0,25,8,0,8,33
04/13/2021,TZR,OH,AGL,CE,Federal Contract Tower,0,0,6,0,6,0,0,48,0,48,0,0,54,0,54,74,0,74,128
04/14/2021,TZR,OH,AGL,CE,Federal Contract Tower,0,0,9,2,11,0,0,45,0,45,0,0,54,2,56,118,0,118,174
04/15/2021,TZR,OH,AGL,CE,Federal Contract Tower,0,0,5,0,5,0,0,18,0,18,0,0,23,0,23,20,0,20,43
04/16/2021,TZR,OH,AGL,CE,Federal Contract Tower,0,0,2,0,2,0,0,19,0,19,0,0,21,0,21,2,0,2,23
04/17/2021,TZR,OH,AGL,CE,Federal Contract Tower,0,0,3,0,3,0,0,58,0,58,0,0,61,0,61,126,0,126,187
04/18/2021,TZR,OH,AGL,CE,Federal Contract Tower,0,0,8,0,8,0,0,47,0,47,0,0,55,0,55,64,0,64,119
04/19/2021,TZR,OH,AGL,CE,Federal Contract Tower,0,0,4,0,4,0,0,34,0,34,0,0,38,0,38,36,0,36,74
04/20/2021,TZR,OH,AGL,CE,Federal Contract Tower,0,0,0,0,0,0,0,22,0,22,0,0,22,0,22,12,0,12,34
04/21/2021,TZR,OH,AGL,CE,Federal Contract Tower,0,0,2,0,2,0,0,19,0,19,0,0,21,0,21,14,0,14,35
04/22/2021,TZR,OH,AGL,CE,Federal Contract Tower,0,0,3,0,3,0,0,24,0,24,0,0,27,0,27,14,0,14,41
04/23/2021,TZR,OH,AGL,CE,Federal Contract Tower,0,0,3,0,3,0,0,48,0,48,0,0,51,0,51,108,0,108,159
04/24/2021,TZR,OH,AGL,CE,Federal Contract Tower,0,0,5,0,5,0,0,14,0,14,0,0,19,0,19,6,0,6,25
04/26/2021,TZR,OH,AGL,CE,Federal Contract Tower,0,0,6,0,6,0,0,37,0,37,0,0,43,0,43,76,0,76,119
04/27/2021,TZR,OH,AGL,CE,Federal Contract Tower,0,0,8,0,8,0,0,29,0,29,0,0,37,0,37,50,0,50,87
04/28/2021,TZR,OH,AGL,CE,Federal Contract Tower,0,0,10,0,10,0,0,17,0,17,0,0,27,0,27,68,0,68,95
04/29/2021,TZR,OH,AGL,CE,Federal Contract Tower,0,0,2,0,2,0,0,0,0,0,0,0,2,0,2,0,0,0,2
04/30/2021,TZR,OH,AGL,CE,Federal Contract Tower,0,0,7,0,7,0,0,32,0,32,0,0,39,0,39,10,0,10,49
05/01/2021,TZR,OH,AGL,CE,Federal Contract Tower,0,0,2,0,2,0,0,164,0,164,0,0,166,0,166,100,0,100,266
05/02/2021,TZR,OH,AGL,CE,Federal Contract Tower,0,0,8,0,8,0,0,63,0,63,0,0,71,0,71,32,0,32,103
05/03/2021,TZR,OH,AGL,CE,Federal Contract Tower,0,0,7,0,7,0,0,9,0,9,0,0,16,0,16,56,0,56,72
05/04/2021,TZR,OH,AGL,CE,Federal Contract Tower,0,0,2,0,2,0,0,6,0,6,0,0,8,0,8,10,0,10,18
05/05/2021,TZR,OH,AGL,CE,Federal Contract Tower,0,0,6,2,8,0,0,25,0,25,0,0,31,2,33,38,0,38,71
05/06/2021,TZR,OH,AGL,CE,Federal Contract Tower,0,0,2,0,2,0,0,47,0,47,0,0,49,0,49,58,0,58,107
05/07/2021,TZR,OH,AGL,CE,Federal Contract Tower,0,0,6,2,8,0,1,21,0,22,0,1,27,2,30,12,0,12,42
05/08/2021,TZR,OH,AGL,CE,Federal Contract Tower,0,0,7,0,7,0,0,27,0,27,0,0,34,0,34,10,0,10,44
05/09/2021,TZR,OH,AGL,CE,Federal Contract Tower,0,1,0,0,1,0,0,0,0,0,0,1,0,0,1,0,0,0,1
05/10/2021,TZR,OH,AGL,CE,Federal Contract Tower,0,0,17,0,17,0,0,39,0,39,0,0,56,0,56,76,0,76,132
05/11/2021,TZR,OH,AGL,CE,Federal Contract Tower,0,0,7,0,7,0,0,39,0,39,0,0,46,0,46,50,0,50,96
05/12/2021,TZR,OH,AGL,CE,Federal Contract Tower,0,0,11,0,11,0,0,51,0,51,0,0,62,0,62,98,0,98,160
05/13/2021,TZR,OH,AGL,CE,Federal Contract Tower,0,0,7,0,7,0,0,54,0,54,0,0,61,0,61,102,0,102,163
05/14/2021,TZR,OH,AGL,CE,Federal Contract Tower,0,0,7,0,7,0,0,29,0,29,0,0,36,0,36,38,0,38,74
05/15/2021,TZR,OH,AGL,CE,Federal Contract Tower,0,0,8,0,8,0,0,60,0,60,0,0,68,0,68,52,0,52,120
05/16/2021,TZR,OH,AGL,CE,Federal Contract Tower,0,0,9,0,9,0,0,36,0,36,0,0,45,0,45,86,0,86,131
05/17/2021,TZR,OH,AGL,CE,Federal Contract Tower,0,0,4,0,4,0,0,21,0,21,0,0,25,0,25,54,0,54,79
05/18/2021,TZR,OH,AGL,CE,Federal Contract Tower,0,0,6,0,6,0,0,60,0,60,0,0,66,0,66,62,0,62,128
05/19/2021,TZR,OH,AGL,CE,Federal Contract Tower,0,0,22,0,22,0,0,55,0,55,0,0,77,0,77,46,0,46,123
05/20/2021,TZR,OH,AGL,CE,Federal Contract Tower,0,0,4,0,4,0,0,41,0,41,0,0,45,0,45,12,0,12,57
05/21/2021,TZR,OH,AGL,CE,Federal Contract Tower,0,0,10,0,10,0,0,39,0,39,0,0,49,0,49,4,0,4,53
05/22/2021,TZR,OH,AGL,CE,Federal Contract Tower,0,0,3,0,3,0,0,49,0,49,0,0,52,0,52,30,0,30,82
05/23/2021,TZR,OH,AGL,CE,Federal Contract Tower,0,0,9,0,9,0,0,22,0,22,0,0,31,0,31,4,0,4,35
05/24/2021,TZR,OH,AGL,CE,Federal Contract Tower,0,0,7,0,7,0,0,46,0,46,0,0,53,0,53,46,0,46,99
05/25/2021,TZR,OH,AGL,CE,Federal Contract Tower,0,0,2,0,2,0,0,35,0,35,0,0,37,0,37,84,0,84,121
05/26/2021,TZR,OH,AGL,CE,Federal Contract Tower,0,0,2,0,2,0,0,17,0,17,0,0,19,0,19,52,0,52,71
05/27/2021,TZR,OH,AGL,CE,Federal Contract Tower,0,0,5,0,5,0,0,48,0,48,0,0,53,0,53,76,0,76,129
05/28/2021,TZR,OH,AGL,CE,Federal Contract Tower,0,0,4,0,4,0,0,9,0,9,0,0,13,0,13,0,0,0,13
05/29/2021,TZR,OH,AGL,CE,Federal Contract Tower,0,0,6,0,6,0,0,3,0,3,0,0,9,0,9,18,0,18,27
05/30/2021,TZR,OH,AGL,CE,Federal Contract Tower,0,0,1,0,1,0,0,19,0,19,0,0,20,0,20,28,0,28,48
05/31/2021,TZR,OH,AGL,CE,Federal Contract Tower,0,0,4,0,4,0,0,47,0,47,0,0,51,0,51,76,0,76,127
06/01/2021,TZR,OH,AGL,CE,Federal Contract Tower,0,0,10,0,10,0,0,48,0,48,0,0,58,0,58,52,0,52,110
06/02/2021,TZR,OH,AGL,CE,Federal Contract Tower,0,0,9,0,9,0,0,11,0,11,0,0,20,0,20,28,0,28,48
06/03/2021,TZR,OH,AGL,CE,Federal Contract Tower,0,0,3,0,3,0,0,0,0,0,0,0,3,0,3,0,0,0,3
06/04/2021,TZR,OH,AGL,CE,Federal Contract Tower,0,0,6,0,6,0,0,47,0,47,0,0,53,0,53,106,0,106,159
06/05/2021,TZR,OH,AGL,CE,Federal Contract Tower,0,0,5,0,5,0,0,48,0,48,0,0,53,0,53,46,0,46,99
06/06/2021,TZR,OH,AGL,CE,Federal Contract Tower,0,0,8,0,8,0,0,51,0,51,0,0,59,0,59,68,0,68,127
06/07/2021,TZR,OH,AGL,CE,Federal Contract Tower,0,0,10,0,10,0,0,33,0,33,0,0,43,0,43,104,0,104,147
06/08/2021,TZR,OH,AGL,CE,Federal Contract Tower,0,0,5,0,5,0,0,41,0,41,0,0,46,0,46,50,0,50,96
06/09/2021,TZR,OH,AGL,CE,Federal Contract Tower,0,0,6,0,6,0,0,0,0,0,0,0,6,0,6,0,0,0,6
06/10/2021,TZR,OH,AGL,CE,Federal Contract Tower,0,4,10,0,14,0,2,15,0,17,0,6,25,0,31,54,0,54,85
06/11/2021,TZR,OH,AGL,CE,Federal Contract Tower,0,2,5,0,7,0,0,28,0,28,0,2,33,0,35,82,0,82,117
06/12/2021,TZR,OH,AGL,CE,Federal Contract Tower,0,0,5,0,5,0,0,104,0,104,0,0,109,0,109,10,0,10,119
06/13/2021,TZR,OH,AGL,CE,Federal Contract Tower,0,0,4,0,4,0,0,32,0,32,0,0,36,0,36,36,0,36,72
06/14/2021,TZR,OH,AGL,CE,Federal Contract Tower,0,0,4,0,4,0,0,39,0,39,0,0,43,0,43,72,0,72,115
06/15/2021,TZR,OH,AGL,CE,Federal Contract Tower,0,0,3,0,3,0,0,40,0,40,0,0,43,0,43,48,0,48,91
06/16/2021,TZR,OH,AGL,CE,Federal Contract Tower,0,0,12,0,12,0,0,53,0,53,0,0,65,0,65,26,0,26,91
06/17/2021,TZR,OH,AGL,CE,Federal Contract Tower,0,0,13,0,13,0,0,50,0,50,0,0,63,0,63,62,0,62,125
06/18/2021,TZR,OH,AGL,CE,Federal Contract Tower,0,0,2,0,2,0,0,13,0,13,0,0,15,0,15,10,0,10,25
06/19/2021,TZR,OH,AGL,CE,Federal Contract Tower,0,0,0,0,0,0,0,10,0,10,0,0,10,0,10,16,0,16,26
06/20/2021,TZR,OH,AGL,CE,Federal Contract Tower,0,0,2,0,2,0,0,34,0,34,0,0,36,0,36,24,0,24,60
06/21/2021,TZR,OH,AGL,CE,Federal Contract Tower,0,0,3,0,3,0,0,8,0,8,0,0,11,0,11,2,0,2,13
06/22/2021,TZR,OH,AGL,CE,Federal Contract Tower,0,0,3,0,3,0,0,28,0,28,0,0,31,0,31,52,0,52,83
06/23/2021,TZR,OH,AGL,CE,Federal Contract Tower,0,0,4,0,4,0,0,64,0,64,0,0,68,0,68,76,0,76,144
06/24/2021,TZR,OH,AGL,CE,Federal Contract Tower,0,0,5,0,5,0,0,45,0,45,0,0,50,0,50,114,0,114,164
06/25/2021,TZR,OH,AGL,CE,Federal Contract Tower,0,0,4,0,4,0,0,26,0,26,0,0,30,0,30,10,0,10,40
06/26/2021,TZR,OH,AGL,CE,Federal Contract Tower,0,0,4,0,4,0,0,24,0,24,0,0,28,0,28,46,0,46,74
06/27/2021,TZR,OH,AGL,CE,Federal Contract Tower,0,0,3,0,3,0,0,20,0,20,0,0,23,0,23,12,0,12,35
06/28/2021,TZR,OH,AGL,CE,Federal Contract Tower,0,0,5,0,5,0,0,44,0,44,0,0,49,0,49,96,0,96,145
06/29/2021,TZR,OH,AGL,CE,Federal Contract Tower,0,0,4,2,6,0,0,40,0,40,0,0,44,2,46,96,0,96,142
06/30/2021,TZR,OH,AGL,CE,Federal Contract Tower,0,0,2,0,2,0,0,33,0,33,0,0,35,0,35,32,0,32,67
07/01/2021,TZR,OH,AGL,CE,Federal Contract Tower,0,0,6,0,6,0,0,11,0,11,0,0,17,0,17,30,0,30,47
07/02/2021,TZR,OH,AGL,CE,Federal Contract Tower,0,0,1,0,1,0,0,47,0,47,0,0,48,0,48,64,0,64,112
07/03/2021,TZR,OH,AGL,CE,Federal Contract Tower,0,0,2,0,2,0,0,58,0,58,0,0,60,0,60,24,0,24,84
07/04/2021,TZR,OH,AGL,CE,Federal Contract Tower,0,0,2,0,2,0,0,26,0,26,0,0,28,0,28,10,0,10,38
07/05/2021,TZR,OH,AGL,CE,Federal Contract Tower,0,0,13,0,13,0,0,51,0,51,0,0,64,0,64,64,0,64,128
07/06/2021,TZR,OH,AGL,CE,Federal Contract Tower,0,0,6,0,6,0,0,40,0,40,0,0,46,0,46,10,0,10,56
07/07/2021,TZR,OH,AGL,CE,Federal Contract Tower,0,0,1,0,1,0,0,67,0,67,0,0,68,0,68,40,0,40,108
07/08/2021,TZR,OH,AGL,CE,Federal Contract Tower,0,0,4,0,4,0,0,6,0,6,0,0,10,0,10,0,0,0,10
07/09/2021,TZR,OH,AGL,CE,Federal Contract Tower,0,0,9,0,9,0,0,17,0,17,0,0,26,0,26,42,0,42,68
07/10/2021,TZR,OH,AGL,CE,Federal Contract Tower,0,0,5,0,5,0,0,82,0,82,0,0,87,0,87,54,0,54,141
07/11/2021,TZR,OH,AGL,CE,Federal Contract Tower,0,0,6,0,6,0,0,0,0,0,0,0,6,0,6,0,0,0,6
07/12/2021,TZR,OH,AGL,CE,Federal Contract Tower,0,0,2,0,2,0,0,1,0,1,0,0,3,0,3,0,0,0,3
07/13/2021,TZR,OH,AGL,CE,Federal Contract Tower,0,1,13,0,14,0,0,14,0,14,0,1,27,0,28,12,0,12,40
07/14/2021,TZR,OH,AGL,CE,Federal Contract Tower,0,0,10,0,10,0,0,34,0,34,0,0,44,0,44,34,0,34,78
07/15/2021,TZR,OH,AGL,CE,Federal Contract Tower,0,2,4,0,6,0,0,50,0,50,0,2,54,0,56,86,0,86,142
07/16/2021,TZR,OH,AGL,CE,Federal Contract Tower,0,0,2,0,2,0,0,10,0,10,0,0,12,0,12,32,0,32,44
07/17/2021,TZR,OH,AGL,CE,Federal Contract Tower,0,0,3,0,3,0,0,26,0,26,0,0,29,0,29,20,0,20,49
07/18/2021,TZR,OH,AGL,CE,Federal Contract Tower,0,0,11,0,11,0,0,52,0,52,0,0,63,0,63,30,0,30,93
07/19/2021,TZR,OH,AGL,CE,Federal Contract Tower,0,2,6,0,8,0,0,37,0,37,0,2,43,0,45,32,0,32,77
07/20/2021,TZR,OH,AGL,CE,Federal Contract Tower,0,0,8,4,12,0,0,73,0,73,0,0,81,4,85,66,0,66,151
07/21/2021,TZR,OH,AGL,CE,Federal Contract Tower,0,0,19,0,19,0,0,36,0,36,0,0,55,0,55,34,0,34,89
07/22/2021,TZR,OH,AGL,CE,Federal Contract Tower,0,0,10,0,10,0,0,46,0,46,0,0,56,0,56,28,0,28,84
07/23/2021,TZR,OH,AGL,CE,Federal Contract Tower,0,0,8,0,8,0,0,25,0,25,0,0,33,0,33,18,0,18,51
07/24/2021,TZR,OH,AGL,CE,Federal Contract Tower,0,0,7,0,7,0,0,38,0,38,0,0,45,0,45,22,0,22,67
07/25/2021,TZR,OH,AGL,CE,Federal Contract Tower,0,0,7,0,7,0,0,12,0,12,0,0,19,0,19,10,0,10,29
07/26/2021,TZR,OH,AGL,CE,Federal Contract Tower,0,0,10,0,10,0,0,38,0,38,0,0,48,0,48,18,0,18,66
07/27/2021,TZR,OH,AGL,CE,Federal Contract Tower,0,2,4,0,6,0,0,51,0,51,0,2,55,0,57,38,0,38,95
07/28/2021,TZR,OH,AGL,CE,Federal Contract Tower,0,0,3,0,3,0,0,54,2,56,0,0,57,2,59,86,0,86,145
07/30/2021,TZR,OH,AGL,CE,Federal Contract Tower,0,0,5,0,5,0,0,39,0,39,0,0,44,0,44,92,0,92,136
08/01/2021,TZR,OH,AGL,CE,Federal Contract Tower,0,0,7,0,7,0,0,24,0,24,0,0,31,0,31,28,0,28,59
08/02/2021,TZR,OH,AGL,CE,Federal Contract Tower,0,0,5,0,5,0,0,39,0,39,0,0,44,0,44,104,0,104,148
08/03/2021,TZR,OH,AGL,CE,Federal Contract Tower,0,0,2,0,2,0,0,51,0,51,0,0,53,0,53,126,0,126,179
08/04/2021,TZR,OH,AGL,CE,Federal Contract Tower,0,0,3,0,3,0,0,43,0,43,0,0,46,0,46,62,0,62,108
08/05/2021,TZR,OH,AGL,CE,Federal Contract Tower,0,0,6,0,6,0,0,47,0,47,0,0,53,0,53,60,0,60,113
08/06/2021,TZR,OH,AGL,CE,Federal Contract Tower,0,0,3,0,3,0,0,67,0,67,0,0,70,0,70,112,0,112,182
08/07/2021,TZR,OH,AGL,CE,Federal Contract Tower,0,0,0,0,0,0,0,50,0,50,0,0,50,0,50,36,0,36,86
08/08/2021,TZR,OH,AGL,CE,Federal Contract Tower,0,0,3,0,3,0,0,44,0,44,0,0,47,0,47,38,0,38,85
08/10/2021,TZR,OH,AGL,CE,Federal Contract Tower,0,0,1,0,1,0,0,42,0,42,0,0,43,0,43,40,0,40,83
08/11/2021,TZR,OH,AGL,CE,Federal Contract Tower,0,0,5,0,5,0,0,34,0,34,0,0,39,0,39,78,0,78,117
08/12/2021,TZR,OH,AGL,CE,Federal Contract Tower,0,2,0,0,2,0,0,47,0,47,0,2,47,0,49,48,0,48,97
08/13/2021,TZR,OH,AGL,CE,Federal Contract Tower,0,0,2,0,2,0,0,23,0,23,0,0,25,0,25,12,0,12,37
08/14/2021,TZR,OH,AGL,CE,Federal Contract Tower,0,0,8,0,8,0,0,48,0,48,0,0,56,0,56,44,0,44,100
08/15/2021,TZR,OH,AGL,CE,Federal Contract Tower,0,0,3,0,3,0,0,48,0,48,0,0,51,0,51,58,0,58,109
08/16/2021,TZR,OH,AGL,CE,Federal Contract Tower,0,0,6,0,6,0,0,9,0,9,0,0,15,0,15,44,0,44,59
08/17/2021,TZR,OH,AGL,CE,Federal Contract Tower,0,0,5,0,5,0,0,0,0,0,0,0,5,0,5,0,0,0,5
08/18/2021,TZR,OH,AGL,CE,Federal Contract Tower,0,0,13,0,13,0,0,24,0,24,0,0,37,0,37,62,0,62,99
08/19/2021,TZR,OH,AGL,CE,Federal Contract Tower,0,0,6,0,6,0,0,28,0,28,0,0,34,0,34,60,0,60,94
08/20/2021,TZR,OH,AGL,CE,Federal Contract Tower,0,0,8,2,10,0,0,67,0,67,0,0,75,2,77,68,0,68,145
08/21/2021,TZR,OH,AGL,CE,Federal Contract Tower,0,0,7,0,7,0,0,42,0,42,0,0,49,0,49,14,0,14,63
08/22/2021,TZR,OH,AGL,CE,Federal Contract Tower,0,0,5,0,5,0,0,41,0,41,0,0,46,0,46,58,0,58,104
08/23/2021,TZR,OH,AGL,CE,Federal Contract Tower,0,0,12,0,12,0,0,44,0,44,0,0,56,0,56,56,0,56,112
08/24/2021,TZR,OH,AGL,CE,Federal Contract Tower,0,0,3,0,3,0,0,49,0,49,0,0,52,0,52,74,0,74,126
08/25/2021,TZR,OH,AGL,CE,Federal Contract Tower,0,0,3,0,3,0,0,17,0,17,0,0,20,0,20,42,0,42,62
08/26/2021,TZR,OH,AGL,CE,Federal Contract Tower,0,0,4,0,4,0,0,17,0,17,0,0,21,0,21,10,0,10,31
08/27/2021,TZR,OH,AGL,CE,Federal Contract Tower,0,0,5,0,5,0,0,49,0,49,0,0,54,0,54,40,0,40,94
08/28/2021,TZR,OH,AGL,CE,Federal Contract Tower,0,0,2,0,2,0,0,52,0,52,0,0,54,0,54,64,0,64,118
08/29/2021,TZR,OH,AGL,CE,Federal Contract Tower,0,0,2,0,2,0,0,31,0,31,0,0,33,0,33,30,0,30,63
08/30/2021,TZR,OH,AGL,CE,Federal Contract Tower,0,0,5,0,5,0,0,18,0,18,0,0,23,0,23,44,0,44,67
08/31/2021,TZR,OH,AGL,CE,Federal Contract Tower,0,0,10,0,10,0,0,11,0,11,0,0,21,0,21,44,0,44,65
09/01/2021,TZR,OH,AGL,CE,Federal Contract Tower,0,0,9,0,9,0,0,28,0,28,0,0,37,0,37,24,0,24,61
09/02/2021,TZR,OH,AGL,CE,Federal Contract Tower,0,2,11,0,13,0,0,69,0,69,0,2,80,0,82,92,0,92,174
09/03/2021,TZR,OH,AGL,CE,Federal Contract Tower,0,0,4,0,4,0,0,51,0,51,0,0,55,0,55,72,0,72,127
09/04/2021,TZR,OH,AGL,CE,Federal Contract Tower,0,0,1,0,1,0,0,36,0,36,0,0,37,0,37,88,0,88,125
09/05/2021,TZR,OH,AGL,CE,Federal Contract Tower,0,0,2,0,2,0,0,3,0,3,0,0,5,0,5,0,0,0,5
09/06/2021,TZR,OH,AGL,CE,Federal Contract Tower,0,0,1,0,1,0,0,22,0,22,0,0,23,0,23,16,0,16,39
09/07/2021,TZR,OH,AGL,CE,Federal Contract Tower,0,0,6,0,6,0,0,52,0,52,0,0,58,0,58,102,0,102,160
09/08/2021,TZR,OH,AGL,CE,Federal Contract Tower,0,0,9,0,9,0,0,38,0,38,0,0,47,0,47,24,0,24,71
09/09/2021,TZR,OH,AGL,CE,Federal Contract Tower,0,0,10,0,10,0,0,47,0,47,0,0,57,0,57,50,0,50,107
09/10/2021,TZR,OH,AGL,CE,Federal Contract Tower,0,0,8,0,8,0,0,58,0,58,0,0,66,0,66,20,0,20,86
09/11/2021,TZR,OH,AGL,CE,Federal Contract Tower,0,0,0,0,0,0,0,49,0,49,0,0,49,0,49,38,0,38,87
09/12/2021,TZR,OH,AGL,CE,Federal Contract Tower,0,0,9,0,9,0,0,27,0,27,0,0,36,0,36,24,0,24,60
09/13/2021,TZR,OH,AGL,CE,Federal Contract Tower,0,0,2,0,2,0,0,29,0,29,0,0,31,0,31,22,0,22,53
09/14/2021,TZR,OH,AGL,CE,Federal Contract Tower,0,0,4,0,4,0,0,40,0,40,0,0,44,0,44,50,0,50,94
09/15/2021,TZR,OH,AGL,CE,Federal Contract Tower,0,0,6,2,8,0,0,13,0,13,0,0,19,2,21,18,0,18,39
09/16/2021,TZR,OH,AGL,CE,Federal Contract Tower,0,0,8,0,8,0,0,48,0,48,0,0,56,0,56,64,0,64,120
09/17/2021,TZR,OH,AGL,CE,Federal Contract Tower,0,2,5,0,7,0,0,49,0,49,0,2,54,0,56,50,0,50,106
09/18/2021,TZR,OH,AGL,CE,Federal Contract Tower,0,2,6,0,8,0,0,57,0,57,0,2,63,0,65,80,0,80,145
09/19/2021,TZR,OH,AGL,CE,Federal Contract Tower,0,0,5,0,5,0,0,43,0,43,0,0,48,0,48,44,0,44,92
09/20/2021,TZR,OH,AGL,CE,Federal Contract Tower,0,0,2,2,4,0,0,20,0,20,0,0,22,2,24,42,0,42,66
09/21/2021,TZR,OH,AGL,CE,Federal Contract Tower,0,0,7,0,7,0,0,2,0,2,0,0,9,0,9,8,0,8,17
09/22/2021,TZR,OH,AGL,CE,Federal Contract Tower,0,0,2,0,2,0,0,0,0,0,0,0,2,0,2,0,0,0,2
09/23/2021,TZR,OH,AGL,CE,Federal Contract Tower,0,0,0,0,0,0,0,3,0,3,0,0,3,0,3,2,0,2,5
09/24/2021,TZR,OH,AGL,CE,Federal Contract Tower,0,0,6,0,6,0,0,83,0,83,0,0,89,0,89,108,0,108,197
09/25/2021,TZR,OH,AGL,CE,Federal Contract Tower,0,0,12,0,12,0,0,49,0,49,0,0,61,0,61,56,0,56,117
09/26/2021,TZR,OH,AGL,CE,Federal Contract Tower,0,0,5,0,5,0,0,53,0,53,0,0,58,0,58,58,0,58,116
09/27/2021,TZR,OH,AGL,CE,Federal Contract Tower,0,0,0,0,0,0,0,26,0,26,0,0,26,0,26,20,0,20,46
09/28/2021,TZR,OH,AGL,CE,Federal Contract Tower,0,0,7,0,7,0,0,51,0,51,0,0,58,0,58,76,0,76,134
09/29/2021,TZR,OH,AGL,CE,Federal Contract Tower,0,0,6,0,6,0,0,57,2,59,0,0,63,2,65,86,0,86,151
09/30/2021,TZR,OH,AGL,CE,Federal Contract Tower,0,0,9,0,9,0,0,46,0,46,0,0,55,0,55,50,0,50,105
10/01/2021,TZR,OH,AGL,CE,Federal Contract Tower,0,0,9,0,9,0,0,71,0,71,0,0,80,0,80,78,0,78,158
10/02/2021,TZR,OH,AGL,CE,Federal Contract Tower,0,0,5,0,5,0,0,47,0,47,0,0,52,0,52,66,0,66,118
10/03/2021,TZR,OH,AGL,CE,Federal Contract Tower,0,0,3,0,3,0,0,0,0,0,0,0,3,0,3,0,0,0,3
10/04/2021,TZR,OH,AGL,CE,Federal Contract Tower,0,2,1,0,3,0,0,15,0,15,0,2,16,0,18,16,0,16,34
10/05/2021,TZR,OH,AGL,CE,Federal Contract Tower,0,0,7,0,7,0,0,27,0,27,0,0,34,0,34,34,0,34,68
10/06/2021,TZR,OH,AGL,CE,Federal Contract Tower,0,0,7,0,7,0,0,32,0,32,0,0,39,0,39,42,0,42,81
10/07/2021,TZR,OH,AGL,CE,Federal Contract Tower,0,0,8,0,8,0,0,19,0,19,0,0,27,0,27,56,0,56,83
10/08/2021,TZR,OH,AGL,CE,Federal Contract Tower,0,0,10,0,10,0,0,26,0,26,0,0,36,0,36,60,0,60,96
10/09/2021,TZR,OH,AGL,CE,Federal Contract Tower,0,0,3,0,3,0,0,16,0,16,0,0,19,0,19,4,0,4,23
10/10/2021,TZR,OH,AGL,CE,Federal Contract Tower,0,0,7,0,7,0,0,50,0,50,0,0,57,0,57,40,0,40,97
10/11/2021,TZR,OH,AGL,CE,Federal Contract Tower,0,0,5,0,5,0,0,43,0,43,0,0,48,0,48,84,0,84,132
10/12/2021,TZR,OH,AGL,CE,Federal Contract Tower,0,0,2,0,2,0,0,34,0,34,0,0,36,0,36,52,0,52,88
10/13/2021,TZR,OH,AGL,CE,Federal Contract Tower,0,0,10,0,10,0,0,64,0,64,0,0,74,0,74,74,0,74,148
10/14/2021,TZR,OH,AGL,CE,Federal Contract Tower,0,0,4,0,4,0,0,58,0,58,0,0,62,0,62,138,0,138,200
10/15/2021,TZR,OH,AGL,CE,Federal Contract Tower,0,0,4,0,4,0,0,22,0,22,0,0,26,0,26,24,0,24,50
10/16/2021,TZR,OH,AGL,CE,Federal Contract Tower,0,0,4,0,4,0,0,12,0,12,0,0,16,0,16,0,0,0,16
10/17/2021,TZR,OH,AGL,CE,Federal Contract Tower,0,0,2,0,2,0,0,19,0,19,0,0,21,0,21,6,0,6,27
10/18/2021,TZR,OH,AGL,CE,Federal Contract Tower,0,0,6,0,6,0,0,32,0,32,0,0,38,0,38,54,0,54,92
10/19/2021,TZR,OH,AGL,CE,Federal Contract Tower,0,0,3,0,3,0,0,66,0,66,0,0,69,0,69,112,0,112,181
10/20/2021,TZR,OH,AGL,CE,Federal Contract Tower,0,0,7,0,7,0,0,70,0,70,0,0,77,0,77,92,0,92,169
10/21/2021,TZR,OH,AGL,CE,Federal Contract Tower,0,0,9,0,9,0,0,2,0,2,0,0,11,0,11,0,0,0,11
10/22/2021,TZR,OH,AGL,CE,Federal Contract Tower,0,0,10,0,10,0,0,9,0,9,0,0,19,0,19,10,0,10,29
10/23/2021,TZR,OH,AGL,CE,Federal Contract Tower,0,0,4,0,4,0,0,26,0,26,0,0,30,0,30,30,0,30,60
10/24/2021,TZR,OH,AGL,CE,Federal Contract Tower,0,0,2,0,2,0,0,1,0,1,0,0,3,0,3,0,0,0,3
10/25/2021,TZR,OH,AGL,CE,Federal Contract Tower,0,0,2,0,2,0,0,5,0,5,0,0,7,0,7,0,0,0,7
10/26/2021,TZR,OH,AGL,CE,Federal Contract Tower,0,0,0,0,0,0,0,22,0,22,0,0,22,0,22,26,0,26,48
10/27/2021,TZR,OH,AGL,CE,Federal Contract Tower,0,0,5,0,5,0,0,30,0,30,0,0,35,0,35,52,0,52,87
10/28/2021,TZR,OH,AGL,CE,Federal Contract Tower,0,0,2,0,2,0,0,34,0,34,0,0,36,0,36,52,0,52,88
10/29/2021,TZR,OH,AGL,CE,Federal Contract Tower,0,0,5,0,5,0,0,0,0,0,0,0,5,0,5,6,0,6,11
10/30/2021,TZR,OH,AGL,CE,Federal Contract Tower,0,0,6,0,6,0,0,6,0,6,0,0,12,0,12,12,0,12,24
10/31/2021,TZR,OH,AGL,CE,Federal Contract Tower,0,0,4,0,4,0,0,34,0,34,0,0,38,0,38,58,0,58,96
11/01/2021,TZR,OH,AGL,CE,Federal Contract Tower,0,0,4,0,4,0,0,54,0,54,0,0,58,0,58,62,0,62,120
11/02/2021,TZR,OH,AGL,CE,Federal Contract Tower,0,0,10,1,11,0,0,55,2,57,0,0,65,3,68,50,0,50,118
11/03/2021,TZR,OH,AGL,CE,Federal Contract Tower,0,0,9,2,11,0,0,52,0,52,0,0,61,2,63,62,0,62,125
11/04/2021,TZR,OH,AGL,CE,Federal Contract Tower,0,0,4,0,4,0,0,56,0,56,0,0,60,0,60,28,0,28,88
11/05/2021,TZR,OH,AGL,CE,Federal Contract Tower,0,0,2,0,2,0,0,58,0,58,0,0,60,0,60,38,0,38,98
11/06/2021,TZR,OH,AGL,CE,Federal Contract Tower,0,0,18,0,18,0,0,51,0,51,0,0,69,0,69,40,0,40,109
11/07/2021,TZR,OH,AGL,CE,Federal Contract Tower,0,0,8,0,8,0,0,33,0,33,0,0,41,0,41,40,0,40,81
11/08/2021,TZR,OH,AGL,CE,Federal Contract Tower,0,0,5,0,5,0,0,48,0,48,0,0,53,0,53,56,0,56,109
11/09/2021,TZR,OH,AGL,CE,Federal Contract Tower,0,0,7,6,13,0,0,38,0,38,0,0,45,6,51,38,0,38,89
11/10/2021,TZR,OH,AGL,CE,Federal Contract Tower,0,0,9,0,9,0,0,28,0,28,0,0,37,0,37,32,0,32,69
11/11/2021,TZR,OH,AGL,CE,Federal Contract Tower,0,4,1,0,5,0,0,9,0,9,0,4,10,0,14,0,0,0,14
11/12/2021,TZR,OH,AGL,CE,Federal Contract Tower,0,0,3,0,3,0,0,18,0,18,0,0,21,0,21,4,0,4,25
11/13/2021,TZR,OH,AGL,CE,Federal Contract Tower,0,0,0,0,0,0,0,8,0,8,0,0,8,0,8,10,0,10,18
11/14/2021,TZR,OH,AGL,CE,Federal Contract Tower,0,0,1,0,1,0,0,0,0,0,0,0,1,0,1,0,0,0,1
11/15/2021,TZR,OH,AGL,CE,Federal Contract Tower,0,0,5,0,5,0,0,11,0,11,0,0,16,0,16,0,0,0,16
11/16/2021,TZR,OH,AGL,CE,Federal Contract Tower,0,0,4,0,4,0,0,68,0,68,0,0,72,0,72,84,0,84,156
11/17/2021,TZR,OH,AGL,CE,Federal Contract Tower,0,0,1,0,1,0,0,7,0,7,0,0,8,0,8,0,0,0,8
11/18/2021,TZR,OH,AGL,CE,Federal Contract Tower,0,0,1,0,1,0,0,15,0,15,0,0,16,0,16,2,0,2,18
11/19/2021,TZR,OH,AGL,CE,Federal Contract Tower,0,0,6,0,6,0,0,58,0,58,0,0,64,0,64,78,0,78,142
11/20/2021,TZR,OH,AGL,CE,Federal Contract Tower,0,0,5,0,5,0,0,62,0,62,0,0,67,0,67,80,0,80,147
11/21/2021,TZR,OH,AGL,CE,Federal Contract Tower,0,0,2,0,2,0,0,0,0,0,0,0,2,0,2,0,0,0,2
11/22/2021,TZR,OH,AGL,CE,Federal Contract Tower,0,2,0,0,2,0,0,25,0,25,0,2,25,0,27,18,0,18,45
11/23/2021,TZR,OH,AGL,CE,Federal Contract Tower,0,0,5,0,5,0,0,50,0,50,0,0,55,0,55,120,0,120,175
11/24/2021,TZR,OH,AGL,CE,Federal Contract Tower,0,0,5,0,5,0,0,40,0,40,0,0,45,0,45,34,0,34,79
11/25/2021,TZR,OH,AGL,CE,Federal Contract Tower,0,0,0,0,0,0,0,0,0,0,0,0,0,0,0,0,0,0,0
11/26/2021,TZR,OH,AGL,CE,Federal Contract Tower,0,0,2,0,2,0,0,11,0,11,0,0,13,0,13,6,0,6,19
11/27/2021,TZR,OH,AGL,CE,Federal Contract Tower,0,0,1,0,1,0,0,23,0,23,0,0,24,0,24,64,0,64,88
11/28/2021,TZR,OH,AGL,CE,Federal Contract Tower,0,0,2,0,2,0,0,7,0,7,0,0,9,0,9,8,0,8,17
11/29/2021,TZR,OH,AGL,CE,Federal Contract Tower,0,0,2,0,2,0,0,23,0,23,0,0,25,0,25,76,0,76,101
12/01/2021,TZR,OH,AGL,CE,Federal Contract Tower,0,2,5,0,7,0,0,18,0,18,0,2,23,0,25,8,0,8,33
12/02/2021,TZR,OH,AGL,CE,Federal Contract Tower,0,0,0,0,0,0,0,0,0,0,0,0,0,0,0,46,0,46,46
12/03/2021,TZR,OH,AGL,CE,Federal Contract Tower,0,0,8,0,8,0,0,64,0,64,0,0,72,0,72,98,0,98,170
12/04/2021,TZR,OH,AGL,CE,Federal Contract Tower,0,0,4,0,4,0,0,67,0,67,0,0,71,0,71,42,0,42,113
12/05/2021,TZR,OH,AGL,CE,Federal Contract Tower,0,0,1,0,1,0,0,22,0,22,0,0,23,0,23,62,0,62,85
12/06/2021,TZR,OH,AGL,CE,Federal Contract Tower,0,0,4,0,4,0,0,1,0,1,0,0,5,0,5,0,0,0,5
12/07/2021,TZR,OH,AGL,CE,Federal Contract Tower,0,0,10,0,10,0,0,56,2,58,0,0,66,2,68,136,2,138,206
12/08/2021,TZR,OH,AGL,CE,Federal Contract Tower,0,0,2,0,2,0,0,26,0,26,0,0,28,0,28,48,0,48,76
12/09/2021,TZR,OH,AGL,CE,Federal Contract Tower,0,0,10,0,10,0,0,27,0,27,0,0,37,0,37,28,0,28,65
12/10/2021,TZR,OH,AGL,CE,Federal Contract Tower,0,0,0,0,0,0,0,7,0,7,0,0,7,0,7,0,0,0,7
12/11/2021,TZR,OH,AGL,CE,Federal Contract Tower,0,0,0,0,0,0,0,4,0,4,0,0,4,0,4,0,0,0,4
12/12/2021,TZR,OH,AGL,CE,Federal Contract Tower,0,0,2,0,2,0,0,63,0,63,0,0,65,0,65,68,0,68,133
12/13/2021,TZR,OH,AGL,CE,Federal Contract Tower,0,0,3,0,3,0,0,50,0,50,0,0,53,0,53,176,0,176,229
12/14/2021,TZR,OH,AGL,CE,Federal Contract Tower,0,0,3,0,3,0,0,62,0,62,0,0,65,0,65,32,0,32,97
12/15/2021,TZR,OH,AGL,CE,Federal Contract Tower,0,0,6,0,6,0,0,25,0,25,0,0,31,0,31,44,0,44,75
12/16/2021,TZR,OH,AGL,CE,Federal Contract Tower,0,0,1,0,1,0,0,6,0,6,0,0,7,0,7,0,0,0,7
12/17/2021,TZR,OH,AGL,CE,Federal Contract Tower,0,0,3,0,3,0,0,31,0,31,0,0,34,0,34,60,0,60,94
12/18/2021,TZR,OH,AGL,CE,Federal Contract Tower,0,0,7,0,7,0,0,0,0,0,0,0,7,0,7,0,0,0,7
12/19/2021,TZR,OH,AGL,CE,Federal Contract Tower,0,0,1,0,1,0,0,30,0,30,0,0,31,0,31,78,0,78,109
12/20/2021,TZR,OH,AGL,CE,Federal Contract Tower,0,0,2,0,2,0,0,43,0,43,0,0,45,0,45,34,0,34,79
12/21/2021,TZR,OH,AGL,CE,Federal Contract Tower,0,0,5,0,5,0,0,32,0,32,0,0,37,0,37,12,0,12,49
12/22/2021,TZR,OH,AGL,CE,Federal Contract Tower,0,0,5,0,5,0,0,23,0,23,0,0,28,0,28,26,0,26,54
12/23/2021,TZR,OH,AGL,CE,Federal Contract Tower,0,0,7,0,7,0,0,36,0,36,0,0,43,0,43,44,0,44,87
12/24/2021,TZR,OH,AGL,CE,Federal Contract Tower,0,0,0,0,0,0,0,6,0,6,0,0,6,0,6,22,0,22,28
12/25/2021,TZR,OH,AGL,CE,Federal Contract Tower,0,0,0,0,0,0,0,0,0,0,0,0,0,0,0,0,0,0,0
12/26/2021,TZR,OH,AGL,CE,Federal Contract Tower,0,0,5,0,5,0,0,27,0,27,0,0,32,0,32,16,0,16,48
12/27/2021,TZR,OH,AGL,CE,Federal Contract Tower,0,0,0,0,0,0,0,0,0,0,0,0,0,0,0,0,0,0,0
12/28/2021,TZR,OH,AGL,CE,Federal Contract Tower,0,0,0,0,0,0,0,8,0,8,0,0,8,0,8,2,0,2,10
12/29/2021,TZR,OH,AGL,CE,Federal Contract Tower,0,0,3,0,3,0,0,2,0,2,0,0,5,0,5,0,0,0,5
12/30/2021,TZR,OH,AGL,CE,Federal Contract Tower,0,0,0,0,0,0,0,0,0,0,0,0,0,0,0,0,0,0,0
12/31/2021,TZR,OH,AGL,CE,Federal Contract Tower,0,0,6,0,6,0,0,4,0,4,0,0,10,0,10,16,0,16,26
01/01/2022,TZR,OH,AGL,CE,Federal Contract Tower,0,0,1,0,1,0,0,0,0,0,0,0,1,0,1,0,0,0,1
01/02/2022,TZR,OH,AGL,CE,Federal Contract Tower,0,0,0,0,0,0,0,0,0,0,0,0,0,0,0,0,0,0,0
01/03/2022,TZR,OH,AGL,CE,Federal Contract Tower,0,0,2,0,2,0,0,28,0,28,0,0,30,0,30,58,0,58,88
01/04/2022,TZR,OH,AGL,CE,Federal Contract Tower,0,0,1,0,1,0,0,35,0,35,0,0,36,0,36,42,0,42,78
01/05/2022,TZR,OH,AGL,CE,Federal Contract Tower,0,0,2,0,2,0,0,6,0,6,0,0,8,0,8,0,0,0,8
01/06/2022,TZR,OH,AGL,CE,Federal Contract Tower,0,0,2,0,2,0,0,37,0,37,0,0,39,0,39,36,0,36,75
01/07/2022,TZR,OH,AGL,CE,Federal Contract Tower,0,0,2,0,2,0,0,14,0,14,0,0,16,0,16,20,0,20,36
01/08/2022,TZR,OH,AGL,CE,Federal Contract Tower,0,0,2,0,2,0,0,37,0,37,0,0,39,0,39,16,0,16,55
01/09/2022,TZR,OH,AGL,CE,Federal Contract Tower,0,0,2,0,2,0,0,0,0,0,0,0,2,0,2,0,0,0,2
01/10/2022,TZR,OH,AGL,CE,Federal Contract Tower,0,0,7,0,7,0,0,9,0,9,0,0,16,0,16,4,0,4,20
01/11/2022,TZR,OH,AGL,CE,Federal Contract Tower,0,0,0,0,0,0,0,46,0,46,0,0,46,0,46,68,0,68,114
01/12/2022,TZR,OH,AGL,CE,Federal Contract Tower,0,0,1,0,1,0,0,34,0,34,0,0,35,0,35,64,0,64,99
01/13/2022,TZR,OH,AGL,CE,Federal Contract Tower,0,0,2,0,2,0,0,51,0,51,0,0,53,0,53,78,0,78,131
01/14/2022,TZR,OH,AGL,CE,Federal Contract Tower,0,0,1,0,1,0,0,3,0,3,0,0,4,0,4,8,0,8,12
01/15/2022,TZR,OH,AGL,CE,Federal Contract Tower,0,0,2,0,2,0,0,32,0,32,0,0,34,0,34,94,0,94,128
01/16/2022,TZR,OH,AGL,CE,Federal Contract Tower,0,0,6,0,6,0,0,19,0,19,0,0,25,0,25,24,0,24,49
01/17/2022,TZR,OH,AGL,CE,Federal Contract Tower,0,0,0,0,0,0,0,0,0,0,0,0,0,0,0,0,0,0,0
01/18/2022,TZR,OH,AGL,CE,Federal Contract Tower,0,0,0,0,0,0,0,17,0,17,0,0,17,0,17,28,0,28,45
01/19/2022,TZR,OH,AGL,CE,Federal Contract Tower,0,0,6,0,6,0,0,25,0,25,0,0,31,0,31,16,0,16,47
01/20/2022,TZR,OH,AGL,CE,Federal Contract Tower,0,2,1,0,3,0,0,24,0,24,0,2,25,0,27,14,0,14,41
01/21/2022,TZR,OH,AGL,CE,Federal Contract Tower,0,0,9,0,9,0,0,43,0,43,0,0,52,0,52,60,0,60,112
01/22/2022,TZR,OH,AGL,CE,Federal Contract Tower,0,0,6,0,6,0,0,48,0,48,0,0,54,0,54,104,0,104,158
01/23/2022,TZR,OH,AGL,CE,Federal Contract Tower,0,0,0,0,0,0,0,2,0,2,0,0,2,0,2,4,0,4,6
01/24/2022,TZR,OH,AGL,CE,Federal Contract Tower,0,0,1,2,3,0,0,12,0,12,0,0,13,2,15,0,0,0,15
01/25/2022,TZR,OH,AGL,CE,Federal Contract Tower,0,0,1,0,1,0,0,20,0,20,0,0,21,0,21,16,0,16,37
01/26/2022,TZR,OH,AGL,CE,Federal Contract Tower,0,3,5,0,8,0,0,37,0,37,0,3,42,0,45,50,0,50,95
01/27/2022,TZR,OH,AGL,CE,Federal Contract Tower,0,0,3,0,3,0,0,40,0,40,0,0,43,0,43,110,0,110,153
01/28/2022,TZR,OH,AGL,CE,Federal Contract Tower,0,0,0,0,0,0,0,4,0,4,0,0,4,0,4,24,0,24,28
01/29/2022,TZR,OH,AGL,CE,Federal Contract Tower,0,0,5,0,5,0,0,49,0,49,0,0,54,0,54,34,0,34,88
01/30/2022,TZR,OH,AGL,CE,Federal Contract Tower,0,0,7,0,7,0,0,37,0,37,0,0,44,0,44,36,0,36,80
01/31/2022,TZR,OH,AGL,CE,Federal Contract Tower,0,0,10,0,10,0,0,34,0,34,0,0,44,0,44,32,0,32,76
02/01/2022,TZR,OH,AGL,CE,Federal Contract Tower,0,0,4,0,4,0,0,38,0,38,0,0,42,0,42,14,0,14,56
02/02/2022,TZR,OH,AGL,CE,Federal Contract Tower,0,0,0,0,0,0,0,0,0,0,0,0,0,0,0,0,0,0,0
02/03/2022,TZR,OH,AGL,CE,Federal Contract Tower,0,0,0,0,0,0,0,0,0,0,0,0,0,0,0,0,0,0,0
02/04/2022,TZR,OH,AGL,CE,Federal Contract Tower,0,0,0,0,0,0,0,0,0,0,0,0,0,0,0,0,0,0,0
02/05/2022,TZR,OH,AGL,CE,Federal Contract Tower,0,0,0,0,0,0,0,0,0,0,0,0,0,0,0,0,0,0,0
02/06/2022,TZR,OH,AGL,CE,Federal Contract Tower,0,0,0,0,0,0,0,0,0,0,0,0,0,0,0,0,0,0,0
02/07/2022,TZR,OH,AGL,CE,Federal Contract Tower,0,0,0,0,0,0,0,0,0,0,0,0,0,0,0,0,0,0,0
02/08/2022,TZR,OH,AGL,CE,Federal Contract Tower,0,0,4,0,4,0,0,26,0,26,0,0,30,0,30,10,0,10,40
02/09/2022,TZR,OH,AGL,CE,Federal Contract Tower,0,0,6,0,6,0,0,36,0,36,0,0,42,0,42,28,0,28,70
02/10/2022,TZR,OH,AGL,CE,Federal Contract Tower,0,0,4,0,4,0,0,32,0,32,0,0,36,0,36,36,0,36,72
02/11/2022,TZR,OH,AGL,CE,Federal Contract Tower,0,0,4,0,4,0,0,22,0,22,0,0,26,0,26,22,0,22,48
02/12/2022,TZR,OH,AGL,CE,Federal Contract Tower,0,0,0,0,0,0,0,32,0,32,0,0,32,0,32,10,0,10,42
02/13/2022,TZR,OH,AGL,CE,Federal Contract Tower,0,0,2,0,2,0,0,25,0,25,0,0,27,0,27,44,0,44,71
02/14/2022,TZR,OH,AGL,CE,Federal Contract Tower,0,0,7,0,7,0,0,46,0,46,0,0,53,0,53,10,0,10,63
02/15/2022,TZR,OH,AGL,CE,Federal Contract Tower,0,0,12,0,12,0,0,64,0,64,0,0,76,0,76,68,0,68,144
02/16/2022,TZR,OH,AGL,CE,Federal Contract Tower,0,0,2,0,2,0,0,5,0,5,0,0,7,0,7,0,0,0,7
02/17/2022,TZR,OH,AGL,CE,Federal Contract Tower,0,0,1,0,1,0,0,0,0,0,0,0,1,0,1,0,0,0,1
02/18/2022,TZR,OH,AGL,CE,Federal Contract Tower,0,0,2,0,2,0,0,31,0,31,0,0,33,0,33,54,0,54,87
02/19/2022,TZR,OH,AGL,CE,Federal Contract Tower,0,1,1,0,2,0,0,6,0,6,0,1,7,0,8,0,0,0,8
02/20/2022,TZR,OH,AGL,CE,Federal Contract Tower,0,0,5,0,5,0,0,19,0,19,0,0,24,0,24,20,0,20,44
02/21/2022,TZR,OH,AGL,CE,Federal Contract Tower,0,0,3,0,3,0,0,45,0,45,0,0,48,0,48,90,0,90,138
02/22/2022,TZR,OH,AGL,CE,Federal Contract Tower,0,0,0,0,0,0,0,0,0,0,0,0,0,0,0,0,0,0,0
02/23/2022,TZR,OH,AGL,CE,Federal Contract Tower,0,0,0,0,0,0,0,7,0,7,0,0,7,0,7,2,0,2,9
02/24/2022,TZR,OH,AGL,CE,Federal Contract Tower,0,0,0,0,0,0,0,15,0,15,0,0,15,0,15,22,0,22,37
02/25/2022,TZR,OH,AGL,CE,Federal Contract Tower,0,0,0,0,0,0,0,18,0,18,0,0,18,0,18,14,0,14,32
02/26/2022,TZR,OH,AGL,CE,Federal Contract Tower,0,0,4,0,4,0,0,29,0,29,0,0,33,0,33,94,0,94,127
02/27/2022,TZR,OH,AGL,CE,Federal Contract Tower,0,0,2,0,2,0,0,36,0,36,0,0,38,0,38,50,0,50,88
02/28/2022,TZR,OH,AGL,CE,Federal Contract Tower,0,0,6,2,8,0,0,50,0,50,0,0,56,2,58,70,0,70,128
03/01/2022,TZR,OH,AGL,CE,Federal Contract Tower,0,0,5,0,5,0,0,56,0,56,0,0,61,0,61,94,0,94,155
03/02/2022,TZR,OH,AGL,CE,Federal Contract Tower,0,2,13,0,15,0,0,61,0,61,0,2,74,0,76,80,0,80,156
03/03/2022,TZR,OH,AGL,CE,Federal Contract Tower,0,0,3,0,3,0,0,43,0,43,0,0,46,0,46,104,0,104,150
03/04/2022,TZR,OH,AGL,CE,Federal Contract Tower,0,0,9,0,9,0,0,40,0,40,0,0,49,0,49,112,0,112,161
03/05/2022,TZR,OH,AGL,CE,Federal Contract Tower,0,0,8,0,8,0,0,38,0,38,0,0,46,0,46,106,0,106,152
03/06/2022,TZR,OH,AGL,CE,Federal Contract Tower,0,0,2,0,2,0,0,4,0,4,0,0,6,0,6,6,0,6,12
03/07/2022,TZR,OH,AGL,CE,Federal Contract Tower,0,0,0,0,0,0,0,0,0,0,0,0,0,0,0,0,0,0,0
03/08/2022,TZR,OH,AGL,CE,Federal Contract Tower,0,0,7,0,7,0,0,45,0,45,0,0,52,0,52,100,0,100,152
03/09/2022,TZR,OH,AGL,CE,Federal Contract Tower,0,0,1,0,1,0,0,20,0,20,0,0,21,0,21,54,0,54,75
03/10/2022,TZR,OH,AGL,CE,Federal Contract Tower,0,0,11,0,11,0,0,51,0,51,0,0,62,0,62,34,0,34,96
03/11/2022,TZR,OH,AGL,CE,Federal Contract Tower,0,0,5,0,5,0,0,29,0,29,0,0,34,0,34,26,0,26,60
03/12/2022,TZR,OH,AGL,CE,Federal Contract Tower,0,0,0,0,0,0,0,7,0,7,0,0,7,0,7,0,0,0,7
03/13/2022,TZR,OH,AGL,CE,Federal Contract Tower,0,0,2,0,2,0,0,3,0,3,0,0,5,0,5,4,0,4,9
03/14/2022,TZR,OH,AGL,CE,Federal Contract Tower,0,0,9,0,9,0,0,39,0,39,0,0,48,0,48,66,0,66,114
03/15/2022,TZR,OH,AGL,CE,Federal Contract Tower,0,0,6,0,6,0,0,68,0,68,0,0,74,0,74,36,0,36,110
03/16/2022,TZR,OH,AGL,CE,Federal Contract Tower,0,0,4,0,4,0,0,53,0,53,0,0,57,0,57,126,0,126,183
03/17/2022,TZR,OH,AGL,CE,Federal Contract Tower,0,0,3,0,3,0,0,42,0,42,0,0,45,0,45,44,0,44,89
03/18/2022,TZR,OH,AGL,CE,Federal Contract Tower,0,0,10,0,10,0,0,29,0,29,0,0,39,0,39,58,0,58,97
03/19/2022,TZR,OH,AGL,CE,Federal Contract Tower,0,0,2,0,2,0,0,0,0,0,0,0,2,0,2,0,0,0,2
03/20/2022,TZR,OH,AGL,CE,Federal Contract Tower,0,0,6,0,6,0,0,48,0,48,0,0,54,0,54,14,0,14,68
03/21/2022,TZR,OH,AGL,CE,Federal Contract Tower,0,0,6,0,6,0,0,58,0,58,0,0,64,0,64,68,0,68,132
03/22/2022,TZR,OH,AGL,CE,Federal Contract Tower,0,0,4,0,4,0,0,21,0,21,0,0,25,0,25,6,0,6,31
03/23/2022,TZR,OH,AGL,CE,Federal Contract Tower,0,0,0,0,0,0,0,3,0,3,0,0,3,0,3,0,0,0,3
03/24/2022,TZR,OH,AGL,CE,Federal Contract Tower,0,0,1,0,1,0,0,28,0,28,0,0,29,0,29,38,0,38,67
03/25/2022,TZR,OH,AGL,CE,Federal Contract Tower,0,0,5,0,5,0,0,9,0,9,0,0,14,0,14,2,0,2,16
03/26/2022,TZR,OH,AGL,CE,Federal Contract Tower,0,0,0,0,0,0,0,0,0,0,0,0,0,0,0,0,0,0,0
03/27/2022,TZR,OH,AGL,CE,Federal Contract Tower,0,1,4,0,5,0,0,4,0,4,0,1,8,0,9,6,0,6,15
03/28/2022,TZR,OH,AGL,CE,Federal Contract Tower,0,1,8,0,9,0,0,22,0,22,0,1,30,0,31,26,0,26,57
03/29/2022,TZR,OH,AGL,CE,Federal Contract Tower,0,0,2,0,2,0,0,52,0,52,0,0,54,0,54,34,0,34,88
03/30/2022,TZR,OH,AGL,CE,Federal Contract Tower,0,0,4,0,4,0,0,3,0,3,0,0,7,0,7,0,0,0,7
03/31/2022,TZR,OH,AGL,CE,Federal Contract Tower,0,2,6,0,8,0,0,2,0,2,0,2,8,0,10,0,0,0,10
04/01/2022,TZR,OH,AGL,CE,Federal Contract Tower,0,0,7,0,7,0,0,20,0,20,0,0,27,0,27,18,0,18,45
04/02/2022,TZR,OH,AGL,CE,Federal Contract Tower,0,0,6,0,6,0,0,83,0,83,0,0,89,0,89,72,0,72,161
04/03/2022,TZR,OH,AGL,CE,Federal Contract Tower,0,0,5,0,5,0,0,19,0,19,0,0,24,0,24,60,0,60,84
04/04/2022,TZR,OH,AGL,CE,Federal Contract Tower,0,0,5,0,5,0,0,26,0,26,0,0,31,0,31,70,0,70,101
04/05/2022,TZR,OH,AGL,CE,Federal Contract Tower,0,0,3,0,3,0,0,23,0,23,0,0,26,0,26,8,0,8,34
04/06/2022,TZR,OH,AGL,CE,Federal Contract Tower,0,0,4,0,4,0,0,4,0,4,0,0,8,0,8,0,0,0,8
04/07/2022,TZR,OH,AGL,CE,Federal Contract Tower,0,0,8,0,8,0,0,35,0,35,0,0,43,0,43,82,0,82,125
04/08/2022,TZR,OH,AGL,CE,Federal Contract Tower,0,0,6,0,6,0,0,18,0,18,0,0,24,0,24,6,0,6,30
04/09/2022,TZR,OH,AGL,CE,Federal Contract Tower,0,0,0,0,0,0,0,0,0,0,0,0,0,0,0,0,0,0,0
04/10/2022,TZR,OH,AGL,CE,Federal Contract Tower,0,0,5,0,5,0,0,91,0,91,0,0,96,0,96,164,0,164,260
04/11/2022,TZR,OH,AGL,CE,Federal Contract Tower,0,0,2,0,2,0,0,1,0,1,0,0,3,0,3,6,0,6,9
04/12/2022,TZR,OH,AGL,CE,Federal Contract Tower,0,2,11,0,13,0,0,55,0,55,0,2,66,0,68,88,0,88,156
04/13/2022,TZR,OH,AGL,CE,Federal Contract Tower,0,0,3,0,3,0,0,12,0,12,0,0,15,0,15,4,0,4,19
04/14/2022,TZR,OH,AGL,CE,Federal Contract Tower,0,0,5,0,5,0,0,21,0,21,0,0,26,0,26,20,0,20,46
04/15/2022,TZR,OH,AGL,CE,Federal Contract Tower,0,0,5,0,5,0,0,37,0,37,0,0,42,0,42,0,0,0,42
04/16/2022,TZR,OH,AGL,CE,Federal Contract Tower,0,0,5,0,5,0,0,25,0,25,0,0,30,0,30,36,0,36,66
04/17/2022,TZR,OH,AGL,CE,Federal Contract Tower,0,0,7,0,7,0,0,31,0,31,0,0,38,0,38,56,0,56,94
04/18/2022,TZR,OH,AGL,CE,Federal Contract Tower,0,0,3,0,3,0,0,0,0,0,0,0,3,0,3,0,0,0,3
04/19/2022,TZR,OH,AGL,CE,Federal Contract Tower,0,0,1,0,1,0,0,4,0,4,0,0,5,0,5,0,0,0,5
04/20/2022,TZR,OH,AGL,CE,Federal Contract Tower,0,2,4,0,6,0,0,50,0,50,0,2,54,0,56,178,0,178,234
04/21/2022,TZR,OH,AGL,CE,Federal Contract Tower,0,0,8,0,8,0,0,5,0,5,0,0,13,0,13,8,0,8,21
04/22/2022,TZR,OH,AGL,CE,Federal Contract Tower,0,0,6,0,6,0,0,51,0,51,0,0,57,0,57,172,0,172,229
04/23/2022,TZR,OH,AGL,CE,Federal Contract Tower,0,0,1,0,1,0,0,58,0,58,0,0,59,0,59,98,0,98,157
04/24/2022,TZR,OH,AGL,CE,Federal Contract Tower,0,0,4,0,4,0,0,39,0,39,0,0,43,0,43,128,0,128,171
04/25/2022,TZR,OH,AGL,CE,Federal Contract Tower,0,0,5,0,5,0,0,12,0,12,0,0,17,0,17,14,0,14,31
04/26/2022,TZR,OH,AGL,CE,Federal Contract Tower,0,4,2,0,6,0,0,32,0,32,0,4,34,0,38,36,0,36,74
04/27/2022,TZR,OH,AGL,CE,Federal Contract Tower,0,0,12,0,12,0,0,43,0,43,0,0,55,0,55,34,0,34,89
04/28/2022,TZR,OH,AGL,CE,Federal Contract Tower,0,0,7,2,9,0,0,79,0,79,0,0,86,2,88,114,0,114,202
04/29/2022,TZR,OH,AGL,CE,Federal Contract Tower,0,0,6,0,6,0,0,54,0,54,0,0,60,0,60,82,0,82,142
04/30/2022,TZR,OH,AGL,CE,Federal Contract Tower,0,0,7,0,7,0,0,34,0,34,0,0,41,0,41,98,0,98,139
05/01/2022,TZR,OH,AGL,CE,Federal Contract Tower,0,0,5,0,5,0,0,6,0,6,0,0,11,0,11,0,0,0,11
05/02/2022,TZR,OH,AGL,CE,Federal Contract Tower,0,0,5,0,5,0,0,35,0,35,0,0,40,0,40,38,0,38,78
05/03/2022,TZR,OH,AGL,CE,Federal Contract Tower,0,0,5,0,5,0,0,5,0,5,0,0,10,0,10,16,0,16,26
05/04/2022,TZR,OH,AGL,CE,Federal Contract Tower,0,0,6,1,7,0,0,8,1,9,0,0,14,2,16,28,0,28,44
05/05/2022,TZR,OH,AGL,CE,Federal Contract Tower,0,0,3,0,3,0,0,42,0,42,0,0,45,0,45,122,0,122,167
05/06/2022,TZR,OH,AGL,CE,Federal Contract Tower,0,0,0,0,0,0,0,0,0,0,0,0,0,0,0,0,0,0,0
05/07/2022,TZR,OH,AGL,CE,Federal Contract Tower,0,0,5,0,5,0,0,12,0,12,0,0,17,0,17,14,0,14,31
05/08/2022,TZR,OH,AGL,CE,Federal Contract Tower,0,0,3,0,3,0,0,65,0,65,0,0,68,0,68,176,0,176,244
05/09/2022,TZR,OH,AGL,CE,Federal Contract Tower,0,0,3,0,3,0,0,33,0,33,0,0,36,0,36,40,0,40,76
05/10/2022,TZR,OH,AGL,CE,Federal Contract Tower,0,0,1,0,1,0,0,36,1,37,0,0,37,1,38,86,0,86,124
05/11/2022,TZR,OH,AGL,CE,Federal Contract Tower,0,0,7,2,9,0,0,46,1,47,0,0,53,3,56,28,0,28,84
05/12/2022,TZR,OH,AGL,CE,Federal Contract Tower,0,0,5,0,5,0,0,42,0,42,0,0,47,0,47,20,0,20,67
05/13/2022,TZR,OH,AGL,CE,Federal Contract Tower,0,0,7,0,7,0,0,106,0,106,0,0,113,0,113,94,0,94,207
05/14/2022,TZR,OH,AGL,CE,Federal Contract Tower,0,0,2,0,2,0,0,157,0,157,0,0,159,0,159,58,0,58,217
05/15/2022,TZR,OH,AGL,CE,Federal Contract Tower,0,0,8,0,8,0,0,56,0,56,0,0,64,0,64,56,0,56,120
05/16/2022,TZR,OH,AGL,CE,Federal Contract Tower,0,0,5,0,5,0,0,19,0,19,0,0,24,0,24,20,0,20,44
05/17/2022,TZR,OH,AGL,CE,Federal Contract Tower,0,0,8,0,8,0,0,42,0,42,0,0,50,0,50,44,0,44,94
05/18/2022,TZR,OH,AGL,CE,Federal Contract Tower,0,0,6,0,6,0,0,48,0,48,0,0,54,0,54,16,0,16,70
05/19/2022,TZR,OH,AGL,CE,Federal Contract Tower,0,0,12,0,12,0,0,27,0,27,0,0,39,0,39,56,0,56,95
05/20/2022,TZR,OH,AGL,CE,Federal Contract Tower,0,2,9,0,11,0,0,30,0,30,0,2,39,0,41,28,0,28,69
05/21/2022,TZR,OH,AGL,CE,Federal Contract Tower,0,0,2,0,2,0,0,36,0,36,0,0,38,0,38,46,0,46,84
05/22/2022,TZR,OH,AGL,CE,Federal Contract Tower,0,0,8,0,8,0,0,24,0,24,0,0,32,0,32,44,0,44,76
05/23/2022,TZR,OH,AGL,CE,Federal Contract Tower,0,0,16,0,16,0,0,51,0,51,0,0,67,0,67,156,0,156,223
05/24/2022,TZR,OH,AGL,CE,Federal Contract Tower,0,0,15,0,15,0,0,92,0,92,0,0,107,0,107,104,0,104,211
05/25/2022,TZR,OH,AGL,CE,Federal Contract Tower,0,0,4,0,4,0,0,32,0,32,0,0,36,0,36,66,0,66,102
05/26/2022,TZR,OH,AGL,CE,Federal Contract Tower,0,0,6,0,6,0,0,0,0,0,0,0,6,0,6,0,0,0,6
05/27/2022,TZR,OH,AGL,CE,Federal Contract Tower,0,0,11,0,11,0,0,3,0,3,0,0,14,0,14,0,0,0,14
05/28/2022,TZR,OH,AGL,CE,Federal Contract Tower,0,0,13,0,13,0,0,32,0,32,0,0,45,0,45,34,0,34,79
05/29/2022,TZR,OH,AGL,CE,Federal Contract Tower,0,0,3,0,3,0,0,41,0,41,0,0,44,0,44,44,0,44,88
05/30/2022,TZR,OH,AGL,CE,Federal Contract Tower,0,0,5,0,5,0,0,28,0,28,0,0,33,0,33,14,0,14,47
05/31/2022,TZR,OH,AGL,CE,Federal Contract Tower,0,0,4,0,4,0,0,55,0,55,0,0,59,0,59,98,0,98,157
06/01/2022,TZR,OH,AGL,CE,Federal Contract Tower,0,0,3,0,3,0,0,27,0,27,0,0,30,0,30,18,0,18,48
06/02/2022,TZR,OH,AGL,CE,Federal Contract Tower,0,0,7,0,7,0,0,22,0,22,0,0,29,0,29,30,0,30,59
06/03/2022,TZR,OH,AGL,CE,Federal Contract Tower,0,0,7,0,7,0,0,66,0,66,0,0,73,0,73,62,0,62,135
06/04/2022,TZR,OH,AGL,CE,Federal Contract Tower,0,0,6,0,6,0,0,71,0,71,0,0,77,0,77,88,0,88,165
06/05/2022,TZR,OH,AGL,CE,Federal Contract Tower,0,2,7,0,9,0,0,36,0,36,0,2,43,0,45,66,0,66,111
06/06/2022,TZR,OH,AGL,CE,Federal Contract Tower,0,0,8,0,8,0,0,26,0,26,0,0,34,0,34,76,0,76,110
06/07/2022,TZR,OH,AGL,CE,Federal Contract Tower,0,0,13,0,13,0,0,21,0,21,0,0,34,0,34,84,0,84,118
06/08/2022,TZR,OH,AGL,CE,Federal Contract Tower,0,0,8,0,8,0,0,21,0,21,0,0,29,0,29,74,0,74,103
06/09/2022,TZR,OH,AGL,CE,Federal Contract Tower,0,0,10,0,10,0,0,23,0,23,0,0,33,0,33,50,0,50,83
06/10/2022,TZR,OH,AGL,CE,Federal Contract Tower,0,0,5,0,5,0,0,51,0,51,0,0,56,0,56,86,0,86,142
06/11/2022,TZR,OH,AGL,CE,Federal Contract Tower,0,0,4,0,4,0,0,41,0,41,0,0,45,0,45,76,0,76,121
06/12/2022,TZR,OH,AGL,CE,Federal Contract Tower,0,0,6,0,6,0,0,18,0,18,0,0,24,0,24,46,0,46,70
06/13/2022,TZR,OH,AGL,CE,Federal Contract Tower,0,0,6,0,6,0,0,16,0,16,0,0,22,0,22,26,0,26,48
06/14/2022,TZR,OH,AGL,CE,Federal Contract Tower,0,0,14,0,14,0,0,18,0,18,0,0,32,0,32,40,0,40,72
06/15/2022,TZR,OH,AGL,CE,Federal Contract Tower,0,0,4,0,4,0,0,29,0,29,0,0,33,0,33,68,0,68,101
06/16/2022,TZR,OH,AGL,CE,Federal Contract Tower,0,0,6,0,6,0,0,22,0,22,0,0,28,0,28,20,0,20,48
06/17/2022,TZR,OH,AGL,CE,Federal Contract Tower,0,0,5,0,5,0,0,36,0,36,0,0,41,0,41,28,0,28,69
06/18/2022,TZR,OH,AGL,CE,Federal Contract Tower,0,0,3,0,3,0,0,47,0,47,0,0,50,0,50,24,0,24,74
06/19/2022,TZR,OH,AGL,CE,Federal Contract Tower,0,0,1,0,1,0,0,75,0,75,0,0,76,0,76,54,0,54,130
06/20/2022,TZR,OH,AGL,CE,Federal Contract Tower,0,0,5,0,5,0,0,37,0,37,0,0,42,0,42,94,0,94,136
06/21/2022,TZR,OH,AGL,CE,Federal Contract Tower,0,0,6,2,8,0,0,60,0,60,0,0,66,2,68,52,0,52,120
06/22/2022,TZR,OH,AGL,CE,Federal Contract Tower,0,0,7,0,7,0,0,16,0,16,0,0,23,0,23,32,0,32,55
06/23/2022,TZR,OH,AGL,CE,Federal Contract Tower,0,0,4,0,4,0,0,45,0,45,0,0,49,0,49,88,0,88,137
06/24/2022,TZR,OH,AGL,CE,Federal Contract Tower,0,0,10,0,10,0,0,59,0,59,0,0,69,0,69,88,0,88,157
06/25/2022,TZR,OH,AGL,CE,Federal Contract Tower,0,0,7,0,7,0,0,44,0,44,0,0,51,0,51,88,0,88,139
06/26/2022,TZR,OH,AGL,CE,Federal Contract Tower,0,0,0,0,0,0,0,26,0,26,0,0,26,0,26,64,0,64,90
06/27/2022,TZR,OH,AGL,CE,Federal Contract Tower,0,0,3,0,3,0,0,26,0,26,0,0,29,0,29,46,0,46,75
06/28/2022,TZR,OH,AGL,CE,Federal Contract Tower,0,0,6,0,6,0,0,38,0,38,0,0,44,0,44,66,0,66,110
06/29/2022,TZR,OH,AGL,CE,Federal Contract Tower,0,0,2,0,2,0,0,46,0,46,0,0,48,0,48,52,0,52,100
06/30/2022,TZR,OH,AGL,CE,Federal Contract Tower,0,0,5,0,5,0,0,47,0,47,0,0,52,0,52,62,0,62,114
07/01/2022,TZR,OH,AGL,CE,Federal Contract Tower,0,0,10,0,10,0,0,31,0,31,0,0,41,0,41,32,0,32,73
07/02/2022,TZR,OH,AGL,CE,Federal Contract Tower,0,0,4,0,4,0,0,30,0,30,0,0,34,0,34,24,0,24,58
07/03/2022,TZR,OH,AGL,CE,Federal Contract Tower,0,0,4,0,4,0,0,36,0,36,0,0,40,0,40,34,0,34,74
07/04/2022,TZR,OH,AGL,CE,Federal Contract Tower,0,0,8,0,8,0,0,40,0,40,0,0,48,0,48,42,0,42,90
07/05/2022,TZR,OH,AGL,CE,Federal Contract Tower,0,0,4,0,4,0,0,15,0,15,0,0,19,0,19,34,0,34,53
07/06/2022,TZR,OH,AGL,CE,Federal Contract Tower,0,0,5,0,5,0,0,2,0,2,0,0,7,0,7,0,0,0,7
07/07/2022,TZR,OH,AGL,CE,Federal Contract Tower,0,2,12,0,14,0,0,47,0,47,0,2,59,0,61,32,0,32,93
07/08/2022,TZR,OH,AGL,CE,Federal Contract Tower,0,1,9,0,10,0,0,9,0,9,0,1,18,0,19,0,0,0,19
07/09/2022,TZR,OH,AGL,CE,Federal Contract Tower,0,1,6,0,7,0,0,32,0,32,0,1,38,0,39,56,0,56,95
07/10/2022,TZR,OH,AGL,CE,Federal Contract Tower,0,0,1,0,1,0,0,49,0,49,0,0,50,0,50,64,0,64,114
07/11/2022,TZR,OH,AGL,CE,Federal Contract Tower,0,0,2,0,2,0,0,41,0,41,0,0,43,0,43,130,0,130,173
07/12/2022,TZR,OH,AGL,CE,Federal Contract Tower,0,0,14,0,14,0,0,18,4,22,0,0,32,4,36,54,0,54,90
07/13/2022,TZR,OH,AGL,CE,Federal Contract Tower,0,0,1,0,1,0,0,48,0,48,0,0,49,0,49,84,0,84,133
07/14/2022,TZR,OH,AGL,CE,Federal Contract Tower,0,2,9,0,11,0,0,46,0,46,0,2,55,0,57,128,0,128,185
07/15/2022,TZR,OH,AGL,CE,Federal Contract Tower,0,0,8,0,8,0,0,42,0,42,0,0,50,0,50,86,0,86,136
07/16/2022,TZR,OH,AGL,CE,Federal Contract Tower,0,0,3,0,3,0,0,28,0,28,0,0,31,0,31,10,0,10,41
07/17/2022,TZR,OH,AGL,CE,Federal Contract Tower,0,0,2,0,2,0,0,0,0,0,0,0,2,0,2,0,0,0,2
07/18/2022,TZR,OH,AGL,CE,Federal Contract Tower,0,0,13,0,13,0,0,13,0,13,0,0,26,0,26,36,0,36,62
07/19/2022,TZR,OH,AGL,CE,Federal Contract Tower,0,0,7,0,7,0,0,44,0,44,0,0,51,0,51,80,2,82,133
07/20/2022,TZR,OH,AGL,CE,Federal Contract Tower,0,0,3,0,3,0,0,43,0,43,0,0,46,0,46,74,0,74,120
07/21/2022,TZR,OH,AGL,CE,Federal Contract Tower,0,0,13,0,13,0,0,71,0,71,0,0,84,0,84,74,0,74,158
07/22/2022,TZR,OH,AGL,CE,Federal Contract Tower,0,0,6,0,6,0,0,50,0,50,0,0,56,0,56,52,0,52,108
07/23/2022,TZR,OH,AGL,CE,Federal Contract Tower,0,0,0,0,0,0,0,42,0,42,0,0,42,0,42,20,0,20,62
07/24/2022,TZR,OH,AGL,CE,Federal Contract Tower,0,0,3,2,5,0,0,47,0,47,0,0,50,2,52,44,0,44,96
07/25/2022,TZR,OH,AGL,CE,Federal Contract Tower,0,0,13,0,13,0,0,34,0,34,0,0,47,0,47,56,0,56,103
07/26/2022,TZR,OH,AGL,CE,Federal Contract Tower,0,0,8,0,8,0,0,22,0,22,0,0,30,0,30,22,0,22,52
07/27/2022,TZR,OH,AGL,CE,Federal Contract Tower,0,2,3,0,5,0,0,1,0,1,0,2,4,0,6,0,0,0,6
07/28/2022,TZR,OH,AGL,CE,Federal Contract Tower,0,0,8,0,8,0,0,31,0,31,0,0,39,0,39,28,0,28,67
07/29/2022,TZR,OH,AGL,CE,Federal Contract Tower,0,0,8,0,8,0,0,59,0,59,0,0,67,0,67,70,0,70,137
07/30/2022,TZR,OH,AGL,CE,Federal Contract Tower,0,1,7,0,8,0,0,59,0,59,0,1,66,0,67,76,0,76,143
07/31/2022,TZR,OH,AGL,CE,Federal Contract Tower,0,1,4,0,5,0,0,34,0,34,0,1,38,0,39,112,0,112,151
08/01/2022,TZR,OH,AGL,CE,Federal Contract Tower,0,0,3,0,3,0,0,2,0,2,0,0,5,0,5,0,0,0,5
08/02/2022,TZR,OH,AGL,CE,Federal Contract Tower,0,0,9,0,9,0,0,54,0,54,0,0,63,0,63,42,0,42,105
08/03/2022,TZR,OH,AGL,CE,Federal Contract Tower,0,0,10,0,10,0,0,29,0,29,0,0,39,0,39,22,0,22,61
08/04/2022,TZR,OH,AGL,CE,Federal Contract Tower,0,0,3,0,3,0,0,28,0,28,0,0,31,0,31,24,0,24,55
08/05/2022,TZR,OH,AGL,CE,Federal Contract Tower,0,0,9,0,9,0,0,6,0,6,0,0,15,0,15,4,0,4,19
08/06/2022,TZR,OH,AGL,CE,Federal Contract Tower,0,0,6,0,6,0,0,7,0,7,0,0,13,0,13,12,0,12,25
08/07/2022,TZR,OH,AGL,CE,Federal Contract Tower,0,0,4,0,4,0,0,45,0,45,0,0,49,0,49,82,0,82,131
08/08/2022,TZR,OH,AGL,CE,Federal Contract Tower,0,0,5,0,5,0,0,39,0,39,0,0,44,0,44,100,0,100,144
08/09/2022,TZR,OH,AGL,CE,Federal Contract Tower,0,0,2,0,2,0,0,11,0,11,0,0,13,0,13,16,0,16,29
08/10/2022,TZR,OH,AGL,CE,Federal Contract Tower,0,0,10,0,10,0,0,16,0,16,0,0,26,0,26,24,0,24,50
08/11/2022,TZR,OH,AGL,CE,Federal Contract Tower,0,0,9,0,9,0,0,85,0,85,0,0,94,0,94,190,0,190,284
08/12/2022,TZR,OH,AGL,CE,Federal Contract Tower,0,0,6,0,6,0,0,102,0,102,0,0,108,0,108,160,0,160,268
08/13/2022,TZR,OH,AGL,CE,Federal Contract Tower,0,0,11,0,11,0,0,54,0,54,0,0,65,0,65,48,0,48,113
08/14/2022,TZR,OH,AGL,CE,Federal Contract Tower,0,0,4,0,4,0,0,23,0,23,0,0,27,0,27,88,0,88,115
08/15/2022,TZR,OH,AGL,CE,Federal Contract Tower,0,0,3,0,3,0,0,45,0,45,0,0,48,0,48,132,0,132,180
08/16/2022,TZR,OH,AGL,CE,Federal Contract Tower,0,0,25,0,25,0,0,39,0,39,0,0,64,0,64,64,0,64,128
08/17/2022,TZR,OH,AGL,CE,Federal Contract Tower,0,0,8,0,8,0,0,43,0,43,0,0,51,0,51,38,0,38,89
08/18/2022,TZR,OH,AGL,CE,Federal Contract Tower,0,0,9,0,9,0,0,82,0,82,0,0,91,0,91,88,0,88,179
08/19/2022,TZR,OH,AGL,CE,Federal Contract Tower,0,0,5,0,5,0,0,87,0,87,0,0,92,0,92,98,0,98,190
08/20/2022,TZR,OH,AGL,CE,Federal Contract Tower,0,0,7,0,7,0,0,36,0,36,0,0,43,0,43,68,0,68,111
08/21/2022,TZR,OH,AGL,CE,Federal Contract Tower,0,0,4,0,4,0,0,6,0,6,0,0,10,0,10,0,0,0,10
08/22/2022,TZR,OH,AGL,CE,Federal Contract Tower,0,0,2,0,2,0,0,13,1,14,0,0,15,1,16,8,0,8,24
08/23/2022,TZR,OH,AGL,CE,Federal Contract Tower,0,0,3,0,3,0,0,61,1,62,0,0,64,1,65,122,0,122,187
08/24/2022,TZR,OH,AGL,CE,Federal Contract Tower,0,0,2,0,2,0,0,58,0,58,0,0,60,0,60,94,0,94,154
08/25/2022,TZR,OH,AGL,CE,Federal Contract Tower,0,0,3,0,3,0,0,73,0,73,0,0,76,0,76,70,0,70,146
08/26/2022,TZR,OH,AGL,CE,Federal Contract Tower,0,0,11,0,11,0,0,51,0,51,0,0,62,0,62,108,0,108,170
08/27/2022,TZR,OH,AGL,CE,Federal Contract Tower,0,0,4,0,4,0,0,47,0,47,0,0,51,0,51,114,0,114,165
08/28/2022,TZR,OH,AGL,CE,Federal Contract Tower,0,0,9,0,9,0,0,51,0,51,0,0,60,0,60,60,0,60,120
08/29/2022,TZR,OH,AGL,CE,Federal Contract Tower,0,0,6,0,6,0,0,19,1,20,0,0,25,1,26,60,0,60,86
08/30/2022,TZR,OH,AGL,CE,Federal Contract Tower,0,0,3,0,3,0,0,21,0,21,0,0,24,0,24,6,0,6,30
08/31/2022,TZR,OH,AGL,CE,Federal Contract Tower,0,0,7,0,7,0,0,61,0,61,0,0,68,0,68,96,0,96,164
09/01/2022,TZR,OH,AGL,CE,Federal Contract Tower,0,0,6,0,6,0,0,88,0,88,0,0,94,0,94,92,0,92,186
09/02/2022,TZR,OH,AGL,CE,Federal Contract Tower,0,0,13,0,13,0,0,83,0,83,0,0,96,0,96,106,0,106,202
09/03/2022,TZR,OH,AGL,CE,Federal Contract Tower,0,0,4,0,4,0,0,33,0,33,0,0,37,0,37,50,0,50,87
09/04/2022,TZR,OH,AGL,CE,Federal Contract Tower,0,0,5,0,5,0,0,0,0,0,0,0,5,0,5,0,0,0,5
09/05/2022,TZR,OH,AGL,CE,Federal Contract Tower,0,0,7,0,7,0,0,5,0,5,0,0,12,0,12,0,0,0,12
09/06/2022,TZR,OH,AGL,CE,Federal Contract Tower,0,0,10,0,10,0,0,46,0,46,0,0,56,0,56,70,0,70,126
09/07/2022,TZR,OH,AGL,CE,Federal Contract Tower,0,0,10,0,10,0,0,58,0,58,0,0,68,0,68,162,0,162,230
09/08/2022,TZR,OH,AGL,CE,Federal Contract Tower,0,0,13,0,13,0,0,78,0,78,0,0,91,0,91,68,0,68,159
09/09/2022,TZR,OH,AGL,CE,Federal Contract Tower,0,2,3,0,5,0,0,33,0,33,0,2,36,0,38,10,0,10,48
09/10/2022,TZR,OH,AGL,CE,Federal Contract Tower,0,0,6,0,6,0,0,130,0,130,0,0,136,0,136,62,0,62,198
09/11/2022,TZR,OH,AGL,CE,Federal Contract Tower,0,0,4,0,4,0,0,9,0,9,0,0,13,0,13,0,0,0,13
09/12/2022,TZR,OH,AGL,CE,Federal Contract Tower,0,0,10,0,10,0,0,30,0,30,0,0,40,0,40,32,0,32,72
09/13/2022,TZR,OH,AGL,CE,Federal Contract Tower,0,0,18,0,18,0,0,21,0,21,0,0,39,0,39,38,0,38,77
09/14/2022,TZR,OH,AGL,CE,Federal Contract Tower,0,0,10,0,10,0,0,24,0,24,0,0,34,0,34,44,0,44,78
09/15/2022,TZR,OH,AGL,CE,Federal Contract Tower,0,0,4,0,4,0,0,56,0,56,0,0,60,0,60,24,0,24,84
09/16/2022,TZR,OH,AGL,CE,Federal Contract Tower,0,0,10,0,10,0,0,50,0,50,0,0,60,0,60,68,0,68,128
09/17/2022,TZR,OH,AGL,CE,Federal Contract Tower,0,0,4,0,4,0,0,63,0,63,0,0,67,0,67,38,0,38,105
09/18/2022,TZR,OH,AGL,CE,Federal Contract Tower,0,0,3,0,3,0,0,35,0,35,0,0,38,0,38,56,0,56,94
09/19/2022,TZR,OH,AGL,CE,Federal Contract Tower,0,0,6,0,6,0,0,30,0,30,0,0,36,0,36,126,0,126,162
09/20/2022,TZR,OH,AGL,CE,Federal Contract Tower,0,0,3,0,3,0,0,46,0,46,0,0,49,0,49,72,0,72,121
09/21/2022,TZR,OH,AGL,CE,Federal Contract Tower,0,0,0,0,0,0,0,45,0,45,0,0,45,0,45,112,0,112,157
09/22/2022,TZR,OH,AGL,CE,Federal Contract Tower,0,0,2,0,2,0,0,50,0,50,0,0,52,0,52,34,0,34,86
09/23/2022,TZR,OH,AGL,CE,Federal Contract Tower,0,0,10,0,10,0,0,62,0,62,0,0,72,0,72,72,0,72,144
09/24/2022,TZR,OH,AGL,CE,Federal Contract Tower,0,0,6,0,6,0,0,84,0,84,0,0,90,0,90,78,0,78,168
09/25/2022,TZR,OH,AGL,CE,Federal Contract Tower,0,0,3,0,3,0,0,13,0,13,0,0,16,0,16,14,0,14,30
09/26/2022,TZR,OH,AGL,CE,Federal Contract Tower,0,0,2,0,2,0,0,25,0,25,0,0,27,0,27,50,0,50,77
09/27/2022,TZR,OH,AGL,CE,Federal Contract Tower,0,0,1,0,1,0,0,48,0,48,0,0,49,0,49,52,0,52,101
09/28/2022,TZR,OH,AGL,CE,Federal Contract Tower,0,0,13,0,13,0,0,37,0,37,0,0,50,0,50,160,0,160,210
09/29/2022,TZR,OH,AGL,CE,Federal Contract Tower,0,0,5,0,5,0,0,65,0,65,0,0,70,0,70,146,0,146,216
09/30/2022,TZR,OH,AGL,CE,Federal Contract Tower,0,0,9,0,9,0,0,64,0,64,0,0,73,0,73,106,0,106,179
10/01/2022,TZR,OH,AGL,CE,Federal Contract Tower,0,0,8,0,8,0,0,28,0,28,0,0,36,0,36,44,0,44,80
10/02/2022,TZR,OH,AGL,CE,Federal Contract Tower,0,0,7,0,7,0,0,9,0,9,0,0,16,0,16,0,0,0,16
10/03/2022,TZR,OH,AGL,CE,Federal Contract Tower,0,0,9,0,9,0,0,72,0,72,0,0,81,0,81,142,0,142,223
10/04/2022,TZR,OH,AGL,CE,Federal Contract Tower,0,0,3,0,3,0,0,66,0,66,0,0,69,0,69,68,0,68,137
10/05/2022,TZR,OH,AGL,CE,Federal Contract Tower,0,0,8,0,8,0,0,69,0,69,0,0,77,0,77,104,0,104,181
10/06/2022,TZR,OH,AGL,CE,Federal Contract Tower,0,0,7,0,7,0,0,41,0,41,0,0,48,0,48,108,0,108,156
10/07/2022,TZR,OH,AGL,CE,Federal Contract Tower,0,0,11,0,11,0,0,27,0,27,0,0,38,0,38,36,0,36,74
10/08/2022,TZR,OH,AGL,CE,Federal Contract Tower,0,0,2,0,2,0,0,48,0,48,0,0,50,0,50,80,0,80,130
10/09/2022,TZR,OH,AGL,CE,Federal Contract Tower,0,0,10,0,10,0,0,39,0,39,0,0,49,0,49,20,0,20,69
10/10/2022,TZR,OH,AGL,CE,Federal Contract Tower,0,0,8,0,8,0,0,57,0,57,0,0,65,0,65,76,0,76,141
10/11/2022,TZR,OH,AGL,CE,Federal Contract Tower,0,0,11,0,11,0,0,49,0,49,0,0,60,0,60,82,0,82,142
10/12/2022,TZR,OH,AGL,CE,Federal Contract Tower,0,0,1,0,1,0,0,32,0,32,0,0,33,0,33,82,0,82,115
10/13/2022,TZR,OH,AGL,CE,Federal Contract Tower,0,0,4,0,4,0,0,29,0,29,0,0,33,0,33,36,0,36,69
10/14/2022,TZR,OH,AGL,CE,Federal Contract Tower,0,0,5,0,5,0,0,43,0,43,0,0,48,0,48,58,0,58,106
10/15/2022,TZR,OH,AGL,CE,Federal Contract Tower,0,0,6,0,6,0,0,35,0,35,0,0,41,0,41,46,0,46,87
10/16/2022,TZR,OH,AGL,CE,Federal Contract Tower,0,0,9,0,9,0,0,36,0,36,0,0,45,0,45,30,0,30,75
10/17/2022,TZR,OH,AGL,CE,Federal Contract Tower,0,0,3,0,3,0,0,19,0,19,0,0,22,0,22,46,0,46,68
10/18/2022,TZR,OH,AGL,CE,Federal Contract Tower,0,0,2,0,2,0,0,8,0,8,0,0,10,0,10,0,0,0,10
10/19/2022,TZR,OH,AGL,CE,Federal Contract Tower,0,0,1,0,1,0,0,5,0,5,0,0,6,0,6,32,0,32,38
10/20/2022,TZR,OH,AGL,CE,Federal Contract Tower,0,0,2,0,2,0,0,36,0,36,0,0,38,0,38,80,0,80,118
10/21/2022,TZR,OH,AGL,CE,Federal Contract Tower,0,0,8,0,8,0,0,57,0,57,0,0,65,0,65,82,0,82,147
10/22/2022,TZR,OH,AGL,CE,Federal Contract Tower,0,0,5,0,5,0,0,83,0,83,0,0,88,0,88,84,0,84,172
10/23/2022,TZR,OH,AGL,CE,Federal Contract Tower,0,0,11,0,11,0,0,48,0,48,0,0,59,0,59,42,0,42,101
10/24/2022,TZR,OH,AGL,CE,Federal Contract Tower,0,0,5,0,5,0,0,75,0,75,0,0,80,0,80,126,0,126,206
10/25/2022,TZR,OH,AGL,CE,Federal Contract Tower,0,0,4,0,4,0,0,69,0,69,0,0,73,0,73,138,0,138,211
10/26/2022,TZR,OH,AGL,CE,Federal Contract Tower,0,0,7,0,7,0,0,2,0,2,0,0,9,0,9,0,0,0,9
10/27/2022,TZR,OH,AGL,CE,Federal Contract Tower,0,0,2,0,2,0,0,53,0,53,0,0,55,0,55,146,0,146,201
10/28/2022,TZR,OH,AGL,CE,Federal Contract Tower,0,0,8,0,8,0,0,67,0,67,0,0,75,0,75,86,0,86,161
10/29/2022,TZR,OH,AGL,CE,Federal Contract Tower,0,0,2,0,2,0,0,39,0,39,0,0,41,0,41,66,0,66,107
10/30/2022,TZR,OH,AGL,CE,Federal Contract Tower,0,0,4,0,4,0,0,21,0,21,0,0,25,0,25,38,0,38,63
10/31/2022,TZR,OH,AGL,CE,Federal Contract Tower,0,0,2,0,2,0,0,9,0,9,0,0,11,0,11,20,0,20,31
11/01/2022,TZR,OH,AGL,CE,Federal Contract Tower,0,0,2,0,2,0,0,15,0,15,0,0,17,0,17,48,0,48,65
11/02/2022,TZR,OH,AGL,CE,Federal Contract Tower,0,2,4,0,6,0,0,28,0,28,0,2,32,0,34,66,0,66,100
11/03/2022,TZR,OH,AGL,CE,Federal Contract Tower,0,0,2,0,2,0,0,34,0,34,0,0,36,0,36,50,0,50,86
11/04/2022,TZR,OH,AGL,CE,Federal Contract Tower,0,0,7,0,7,0,0,34,0,34,0,0,41,0,41,118,0,118,159
11/05/2022,TZR,OH,AGL,CE,Federal Contract Tower,0,3,0,0,3,0,0,4,0,4,0,3,4,0,7,0,0,0,7
11/06/2022,TZR,OH,AGL,CE,Federal Contract Tower,0,1,6,0,7,0,0,45,0,45,0,1,51,0,52,46,0,46,98
11/07/2022,TZR,OH,AGL,CE,Federal Contract Tower,0,0,8,0,8,0,0,44,0,44,0,0,52,0,52,66,0,66,118
11/08/2022,TZR,OH,AGL,CE,Federal Contract Tower,0,1,3,2,6,0,0,39,0,39,0,1,42,2,45,46,0,46,91
11/09/2022,TZR,OH,AGL,CE,Federal Contract Tower,0,0,4,0,4,0,0,64,0,64,0,0,68,0,68,78,0,78,146
11/10/2022,TZR,OH,AGL,CE,Federal Contract Tower,0,0,2,0,2,0,0,67,0,67,0,0,69,0,69,134,0,134,203
11/11/2022,TZR,OH,AGL,CE,Federal Contract Tower,0,0,0,0,0,0,0,0,0,0,0,0,0,0,0,0,0,0,0
11/12/2022,TZR,OH,AGL,CE,Federal Contract Tower,0,2,0,0,2,0,0,8,0,8,0,2,8,0,10,12,0,12,22
11/13/2022,TZR,OH,AGL,CE,Federal Contract Tower,0,0,0,0,0,0,0,10,0,10,0,0,10,0,10,8,0,8,18
11/14/2022,TZR,OH,AGL,CE,Federal Contract Tower,0,0,9,0,9,0,0,58,0,58,0,0,67,0,67,100,0,100,167
11/15/2022,TZR,OH,AGL,CE,Federal Contract Tower,0,0,3,0,3,0,0,2,0,2,0,0,5,0,5,8,0,8,13
11/16/2022,TZR,OH,AGL,CE,Federal Contract Tower,0,0,2,0,2,0,0,15,0,15,0,0,17,0,17,38,0,38,55
11/17/2022,TZR,OH,AGL,CE,Federal Contract Tower,0,0,0,0,0,0,0,21,0,21,0,0,21,0,21,88,0,88,109
11/18/2022,TZR,OH,AGL,CE,Federal Contract Tower,0,0,2,0,2,0,0,10,0,10,0,0,12,0,12,24,0,24,36
11/19/2022,TZR,OH,AGL,CE,Federal Contract Tower,0,0,4,0,4,0,0,24,0,24,0,0,28,0,28,66,0,66,94
11/20/2022,TZR,OH,AGL,CE,Federal Contract Tower,0,0,2,0,2,0,0,41,0,41,0,0,43,0,43,80,0,80,123
11/21/2022,TZR,OH,AGL,CE,Federal Contract Tower,0,0,1,0,1,0,0,37,0,37,0,0,38,0,38,40,0,40,78
11/22/2022,TZR,OH,AGL,CE,Federal Contract Tower,0,2,7,0,9,0,0,77,0,77,0,2,84,0,86,178,0,178,264
11/23/2022,TZR,OH,AGL,CE,Federal Contract Tower,0,0,7,0,7,0,0,76,0,76,0,0,83,0,83,70,0,70,153
11/24/2022,TZR,OH,AGL,CE,Federal Contract Tower,0,0,0,0,0,0,0,11,0,11,0,0,11,0,11,0,0,0,11
11/25/2022,TZR,OH,AGL,CE,Federal Contract Tower,0,0,6,0,6,0,0,34,0,34,0,0,40,0,40,10,0,10,50
11/26/2022,TZR,OH,AGL,CE,Federal Contract Tower,0,2,3,0,5,0,0,53,0,53,0,2,56,0,58,42,0,42,100
11/27/2022,TZR,OH,AGL,CE,Federal Contract Tower,0,1,2,0,3,0,0,2,0,2,0,1,4,0,5,0,0,0,5
11/28/2022,TZR,OH,AGL,CE,Federal Contract Tower,0,0,6,0,6,0,0,1,0,1,0,0,7,0,7,0,0,0,7
11/29/2022,TZR,OH,AGL,CE,Federal Contract Tower,0,0,4,0,4,0,0,46,0,46,0,0,50,0,50,86,0,86,136
11/30/2022,TZR,OH,AGL,CE,Federal Contract Tower,0,0,4,0,4,0,0,0,0,0,0,0,4,0,4,0,0,0,4
12/01/2022,TZR,OH,AGL,CE,Federal Contract Tower,0,0,11,0,11,0,0,67,0,67,0,0,78,0,78,96,0,96,174
12/02/2022,TZR,OH,AGL,CE,Federal Contract Tower,0,0,0,0,0,0,0,66,0,66,0,0,66,0,66,78,0,78,144
12/03/2022,TZR,OH,AGL,CE,Federal Contract Tower,0,0,0,0,0,0,0,2,0,2,0,0,2,0,2,0,0,0,2
12/04/2022,TZR,OH,AGL,CE,Federal Contract Tower,0,0,2,0,2,0,0,55,0,55,0,0,57,0,57,54,0,54,111
12/05/2022,TZR,OH,AGL,CE,Federal Contract Tower,0,0,0,0,0,0,0,71,0,71,0,0,71,0,71,76,0,76,147
12/06/2022,TZR,OH,AGL,CE,Federal Contract Tower,0,0,0,0,0,0,0,0,0,0,0,0,0,0,0,0,0,0,0
12/07/2022,TZR,OH,AGL,CE,Federal Contract Tower,0,0,7,0,7,0,0,0,0,0,0,0,7,0,7,0,0,0,7
12/08/2022,TZR,OH,AGL,CE,Federal Contract Tower,0,0,6,0,6,0,0,7,0,7,0,0,13,0,13,36,0,36,49
12/09/2022,TZR,OH,AGL,CE,Federal Contract Tower,0,0,0,0,0,0,0,36,0,36,0,0,36,0,36,74,0,74,110
12/10/2022,TZR,OH,AGL,CE,Federal Contract Tower,0,0,8,0,8,0,0,5,0,5,0,0,13,0,13,0,0,0,13
12/11/2022,TZR,OH,AGL,CE,Federal Contract Tower,0,0,0,0,0,0,0,2,0,2,0,0,2,0,2,0,0,0,2
12/12/2022,TZR,OH,AGL,CE,Federal Contract Tower,0,0,4,0,4,0,0,46,0,46,0,0,50,0,50,142,0,142,192
12/13/2022,TZR,OH,AGL,CE,Federal Contract Tower,0,0,8,0,8,0,0,69,0,69,0,0,77,0,77,116,0,116,193
12/14/2022,TZR,OH,AGL,CE,Federal Contract Tower,0,4,5,0,9,0,0,28,0,28,0,4,33,0,37,66,0,66,103
12/15/2022,TZR,OH,AGL,CE,Federal Contract Tower,0,0,8,0,8,0,0,9,0,9,0,0,17,0,17,18,0,18,35
12/16/2022,TZR,OH,AGL,CE,Federal Contract Tower,0,0,2,0,2,0,0,43,0,43,0,0,45,0,45,112,0,112,157
12/17/2022,TZR,OH,AGL,CE,Federal Contract Tower,0,0,2,0,2,0,0,22,0,22,0,0,24,0,24,48,0,48,72
12/18/2022,TZR,OH,AGL,CE,Federal Contract Tower,0,0,3,0,3,0,0,20,0,20,0,0,23,0,23,28,0,28,51
12/19/2022,TZR,OH,AGL,CE,Federal Contract Tower,0,0,7,0,7,0,0,48,0,48,0,0,55,0,55,60,0,60,115
12/20/2022,TZR,OH,AGL,CE,Federal Contract Tower,0,0,7,0,7,0,0,65,0,65,0,0,72,0,72,120,0,120,192
12/21/2022,TZR,OH,AGL,CE,Federal Contract Tower,0,0,2,0,2,0,0,57,0,57,0,0,59,0,59,56,0,56,115
12/22/2022,TZR,OH,AGL,CE,Federal Contract Tower,0,0,1,0,1,0,0,2,0,2,0,0,3,0,3,0,0,0,3
12/23/2022,TZR,OH,AGL,CE,Federal Contract Tower,0,0,0,0,0,0,0,0,0,0,0,0,0,0,0,0,0,0,0
12/24/2022,TZR,OH,AGL,CE,Federal Contract Tower,0,0,0,0,0,0,0,0,0,0,0,0,0,0,0,0,0,0,0
12/25/2022,TZR,OH,AGL,CE,Federal Contract Tower,0,0,0,0,0,0,0,2,0,2,0,0,2,0,2,0,0,0,2
12/26/2022,TZR,OH,AGL,CE,Federal Contract Tower,0,0,2,0,2,0,0,3,0,3,0,0,5,0,5,8,0,8,13
12/27/2022,TZR,OH,AGL,CE,Federal Contract Tower,0,0,0,0,0,0,0,3,0,3,0,0,3,0,3,0,0,0,3
12/28/2022,TZR,OH,AGL,CE,Federal Contract Tower,0,0,4,0,4,0,0,43,2,45,0,0,47,2,49,60,8,68,117
12/29/2022,TZR,OH,AGL,CE,Federal Contract Tower,0,0,0,0,0,0,0,38,0,38,0,0,38,0,38,60,0,60,98
12/30/2022,TZR,OH,AGL,CE,Federal Contract Tower,0,0,2,0,2,0,0,49,0,49,0,0,51,0,51,62,0,62,113
12/31/2022,TZR,OH,AGL,CE,Federal Contract Tower,0,0,2,0,2,0,0,0,0,0,0,0,2,0,2,0,0,0,2
01/01/2023,TZR,OH,AGL,CE,Federal Contract Tower,0,0,2,0,2,0,0,8,0,8,0,0,10,0,10,0,0,0,10
01/02/2023,TZR,OH,AGL,CE,Federal Contract Tower,0,0,2,0,2,0,0,9,0,9,0,0,11,0,11,36,0,36,47
01/03/2023,TZR,OH,AGL,CE,Federal Contract Tower,0,0,2,0,2,0,0,4,0,4,0,0,6,0,6,20,0,20,26
01/04/2023,TZR,OH,AGL,CE,Federal Contract Tower,0,0,0,0,0,0,0,0,14,14,0,0,0,14,14,2,0,2,16
01/05/2023,TZR,OH,AGL,CE,Federal Contract Tower,0,0,4,0,4,0,0,64,0,64,0,0,68,0,68,106,0,106,174
01/06/2023,TZR,OH,AGL,CE,Federal Contract Tower,0,0,0,0,0,0,0,6,0,6,0,0,6,0,6,42,0,42,48
01/07/2023,TZR,OH,AGL,CE,Federal Contract Tower,0,0,13,0,13,0,0,51,0,51,0,0,64,0,64,66,0,66,130
01/08/2023,TZR,OH,AGL,CE,Federal Contract Tower,0,0,4,0,4,0,0,37,0,37,0,0,41,0,41,56,0,56,97
01/09/2023,TZR,OH,AGL,CE,Federal Contract Tower,0,0,0,1,1,0,0,19,1,20,0,0,19,2,21,8,0,8,29
01/10/2023,TZR,OH,AGL,CE,Federal Contract Tower,0,0,3,0,3,0,0,61,0,61,0,0,64,0,64,82,0,82,146
01/11/2023,TZR,OH,AGL,CE,Federal Contract Tower,0,0,1,0,1,0,0,41,0,41,0,0,42,0,42,70,0,70,112
01/12/2023,TZR,OH,AGL,CE,Federal Contract Tower,0,0,2,0,2,0,0,0,0,0,0,0,2,0,2,0,0,0,2
01/13/2023,TZR,OH,AGL,CE,Federal Contract Tower,0,0,1,0,1,0,0,0,0,0,0,0,1,0,1,0,0,0,1
01/14/2023,TZR,OH,AGL,CE,Federal Contract Tower,0,0,2,0,2,0,0,39,0,39,0,0,41,0,41,78,0,78,119
01/15/2023,TZR,OH,AGL,CE,Federal Contract Tower,0,0,1,0,1,0,0,49,0,49,0,0,50,0,50,44,0,44,94
01/16/2023,TZR,OH,AGL,CE,Federal Contract Tower,0,0,3,0,3,0,0,47,0,47,0,0,50,0,50,62,0,62,112
01/17/2023,TZR,OH,AGL,CE,Federal Contract Tower,0,0,9,0,9,0,0,29,0,29,0,0,38,0,38,24,0,24,62
01/18/2023,TZR,OH,AGL,CE,Federal Contract Tower,0,2,0,0,2,0,0,16,0,16,0,2,16,0,18,30,0,30,48
01/19/2023,TZR,OH,AGL,CE,Federal Contract Tower,0,0,0,0,0,0,0,10,0,10,0,0,10,0,10,26,0,26,36
01/20/2023,TZR,OH,AGL,CE,Federal Contract Tower,0,0,1,0,1,0,0,9,0,9,0,0,10,0,10,26,0,26,36
01/21/2023,TZR,OH,AGL,CE,Federal Contract Tower,0,0,3,0,3,0,0,35,0,35,0,0,38,0,38,16,0,16,54
01/22/2023,TZR,OH,AGL,CE,Federal Contract Tower,0,0,0,0,0,0,0,0,0,0,0,0,0,0,0,0,0,0,0
01/23/2023,TZR,OH,AGL,CE,Federal Contract Tower,0,0,0,0,0,0,0,7,0,7,0,0,7,0,7,8,0,8,15
01/24/2023,TZR,OH,AGL,CE,Federal Contract Tower,0,2,3,0,5,0,0,86,0,86,0,2,89,0,91,106,0,106,197
01/25/2023,TZR,OH,AGL,CE,Federal Contract Tower,0,0,0,0,0,0,0,0,0,0,0,0,0,0,0,0,0,0,0
01/26/2023,TZR,OH,AGL,CE,Federal Contract Tower,0,6,0,0,6,0,0,0,0,0,0,6,0,0,6,0,0,0,6
01/27/2023,TZR,OH,AGL,CE,Federal Contract Tower,0,0,3,0,3,0,2,60,0,62,0,2,63,0,65,92,0,92,157
01/28/2023,TZR,OH,AGL,CE,Federal Contract Tower,0,0,4,0,4,0,0,72,0,72,0,0,76,0,76,78,0,78,154
01/29/2023,TZR,OH,AGL,CE,Federal Contract Tower,0,0,0,0,0,0,0,0,0,0,0,0,0,0,0,0,0,0,0
01/30/2023,TZR,OH,AGL,CE,Federal Contract Tower,0,0,0,0,0,0,0,0,0,0,0,0,0,0,0,0,0,0,0
01/31/2023,TZR,OH,AGL,CE,Federal Contract Tower,0,0,0,0,0,0,0,57,0,57,0,0,57,0,57,100,0,100,157
02/01/2023,TZR,OH,AGL,CE,Federal Contract Tower,0,0,7,0,7,0,0,65,0,65,0,0,72,0,72,92,0,92,164
02/02/2023,TZR,OH,AGL,CE,Federal Contract Tower,0,0,4,0,4,0,0,78,0,78,0,0,82,0,82,192,0,192,274
02/03/2023,TZR,OH,AGL,CE,Federal Contract Tower,0,0,2,0,2,0,0,54,0,54,0,0,56,0,56,54,0,54,110
02/04/2023,TZR,OH,AGL,CE,Federal Contract Tower,0,0,8,0,8,0,0,39,0,39,0,0,47,0,47,36,0,36,83
02/05/2023,TZR,OH,AGL,CE,Federal Contract Tower,0,0,2,0,2,0,0,21,0,21,0,0,23,0,23,44,0,44,67
02/06/2023,TZR,OH,AGL,CE,Federal Contract Tower,0,0,3,0,3,0,0,48,0,48,0,0,51,0,51,108,0,108,159
02/07/2023,TZR,OH,AGL,CE,Federal Contract Tower,0,0,4,0,4,0,0,18,8,26,0,0,22,8,30,20,0,20,50
02/08/2023,TZR,OH,AGL,CE,Federal Contract Tower,0,0,10,0,10,0,0,54,0,54,0,0,64,0,64,36,0,36,100
02/09/2023,TZR,OH,AGL,CE,Federal Contract Tower,0,0,0,0,0,0,0,0,0,0,0,0,0,0,0,0,0,0,0
02/10/2023,TZR,OH,AGL,CE,Federal Contract Tower,0,0,0,0,0,0,0,5,0,5,0,0,5,0,5,6,0,6,11
02/11/2023,TZR,OH,AGL,CE,Federal Contract Tower,0,0,4,0,4,0,0,84,0,84,0,0,88,0,88,26,0,26,114
02/12/2023,TZR,OH,AGL,CE,Federal Contract Tower,0,0,2,0,2,0,0,64,0,64,0,0,66,0,66,48,0,48,114
02/13/2023,TZR,OH,AGL,CE,Federal Contract Tower,0,0,6,0,6,0,0,48,0,48,0,0,54,0,54,62,0,62,116
02/14/2023,TZR,OH,AGL,CE,Federal Contract Tower,0,0,5,0,5,0,2,99,0,101,0,2,104,0,106,68,0,68,174
02/15/2023,TZR,OH,AGL,CE,Federal Contract Tower,0,3,1,0,4,0,0,7,0,7,0,3,8,0,11,0,0,0,11
02/16/2023,TZR,OH,AGL,CE,Federal Contract Tower,0,1,1,0,2,0,0,0,0,0,0,1,1,0,2,0,0,0,2
02/17/2023,TZR,OH,AGL,CE,Federal Contract Tower,0,0,1,0,1,0,0,12,0,12,0,0,13,0,13,18,0,18,31
02/18/2023,TZR,OH,AGL,CE,Federal Contract Tower,0,0,4,0,4,0,0,64,0,64,0,0,68,0,68,90,0,90,158
02/19/2023,TZR,OH,AGL,CE,Federal Contract Tower,0,0,1,0,1,0,0,17,0,17,0,0,18,0,18,6,0,6,24
02/20/2023,TZR,OH,AGL,CE,Federal Contract Tower,0,0,11,0,11,0,0,50,0,50,0,0,61,0,61,84,0,84,145
02/21/2023,TZR,OH,AGL,CE,Federal Contract Tower,0,0,3,0,3,0,0,12,0,12,0,0,15,0,15,2,0,2,17
02/22/2023,TZR,OH,AGL,CE,Federal Contract Tower,0,0,5,0,5,0,0,10,0,10,0,0,15,0,15,10,0,10,25
02/23/2023,TZR,OH,AGL,CE,Federal Contract Tower,0,0,5,0,5,0,0,28,0,28,0,0,33,0,33,80,0,80,113
02/24/2023,TZR,OH,AGL,CE,Federal Contract Tower,0,0,5,0,5,0,0,60,0,60,0,0,65,0,65,126,0,126,191
02/25/2023,TZR,OH,AGL,CE,Federal Contract Tower,0,0,3,0,3,0,0,65,0,65,0,0,68,0,68,124,0,124,192
02/26/2023,TZR,OH,AGL,CE,Federal Contract Tower,0,0,11,0,11,0,0,68,0,68,0,0,79,0,79,98,0,98,177
02/27/2023,TZR,OH,AGL,CE,Federal Contract Tower,0,0,0,0,0,0,0,0,0,0,0,0,0,0,0,0,0,0,0
02/28/2023,TZR,OH,AGL,CE,Federal Contract Tower,0,0,8,0,8,0,0,13,0,13,0,0,21,0,21,70,0,70,91
03/01/2023,TZR,OH,AGL,CE,Federal Contract Tower,0,0,2,0,2,0,0,67,0,67,0,0,69,0,69,96,0,96,165
03/02/2023,TZR,OH,AGL,CE,Federal Contract Tower,0,0,5,0,5,0,0,67,0,67,0,0,72,0,72,56,0,56,128
03/03/2023,TZR,OH,AGL,CE,Federal Contract Tower,0,0,1,0,1,0,0,0,0,0,0,0,1,0,1,0,0,0,1
03/04/2023,TZR,OH,AGL,CE,Federal Contract Tower,0,0,4,0,4,0,0,15,0,15,0,0,19,0,19,18,0,18,37
03/05/2023,TZR,OH,AGL,CE,Federal Contract Tower,0,2,12,0,14,0,0,55,0,55,0,2,67,0,69,60,0,60,129
03/06/2023,TZR,OH,AGL,CE,Federal Contract Tower,0,0,4,0,4,0,0,42,0,42,0,0,46,0,46,90,0,90,136
03/07/2023,TZR,OH,AGL,CE,Federal Contract Tower,0,0,4,0,4,0,0,29,0,29,0,0,33,0,33,28,0,28,61
03/08/2023,TZR,OH,AGL,CE,Federal Contract Tower,0,2,7,0,9,0,8,60,0,68,0,10,67,0,77,220,0,220,297
03/09/2023,TZR,OH,AGL,CE,Federal Contract Tower,0,0,6,0,6,0,4,64,0,68,0,4,70,0,74,142,0,142,216
03/10/2023,TZR,OH,AGL,CE,Federal Contract Tower,0,4,0,0,4,0,0,0,0,0,0,4,0,0,4,0,0,0,4
03/11/2023,TZR,OH,AGL,CE,Federal Contract Tower,0,0,5,0,5,0,0,49,0,49,0,0,54,0,54,138,0,138,192
03/12/2023,TZR,OH,AGL,CE,Federal Contract Tower,0,0,0,0,0,0,0,0,0,0,0,0,0,0,0,0,0,0,0
03/13/2023,TZR,OH,AGL,CE,Federal Contract Tower,0,0,2,0,2,0,0,2,0,2,0,0,4,0,4,2,0,2,6
03/14/2023,TZR,OH,AGL,CE,Federal Contract Tower,0,0,6,0,6,0,0,8,0,8,0,0,14,0,14,0,0,0,14
03/15/2023,TZR,OH,AGL,CE,Federal Contract Tower,0,0,4,0,4,0,0,68,0,68,0,0,72,0,72,116,0,116,188
03/16/2023,TZR,OH,AGL,CE,Federal Contract Tower,0,0,1,0,1,0,0,51,0,51,0,0,52,0,52,120,0,120,172
03/17/2023,TZR,OH,AGL,CE,Federal Contract Tower,0,2,0,0,2,0,0,0,0,0,0,2,0,0,2,0,0,0,2
03/18/2023,TZR,OH,AGL,CE,Federal Contract Tower,0,0,0,0,0,0,0,11,0,11,0,0,11,0,11,2,0,2,13
03/19/2023,TZR,OH,AGL,CE,Federal Contract Tower,0,0,8,0,8,0,0,40,0,40,0,0,48,0,48,90,0,90,138
03/20/2023,TZR,OH,AGL,CE,Federal Contract Tower,0,0,2,0,2,0,0,88,0,88,0,0,90,0,90,210,0,210,300
03/21/2023,TZR,OH,AGL,CE,Federal Contract Tower,0,0,3,0,3,0,0,83,0,83,0,0,86,0,86,172,0,172,258
03/22/2023,TZR,OH,AGL,CE,Federal Contract Tower,0,0,9,0,9,0,0,2,0,2,0,0,11,0,11,10,0,10,21
03/23/2023,TZR,OH,AGL,CE,Federal Contract Tower,0,0,0,0,0,0,0,4,0,4,0,0,4,0,4,0,0,0,4
03/24/2023,TZR,OH,AGL,CE,Federal Contract Tower,0,0,5,0,5,0,0,4,0,4,0,0,9,0,9,20,0,20,29
03/25/2023,TZR,OH,AGL,CE,Federal Contract Tower,0,0,1,0,1,0,0,0,0,0,0,0,1,0,1,0,0,0,1
03/26/2023,TZR,OH,AGL,CE,Federal Contract Tower,0,0,5,0,5,0,0,59,0,59,0,0,64,0,64,72,0,72,136
03/27/2023,TZR,OH,AGL,CE,Federal Contract Tower,0,0,7,0,7,0,0,29,0,29,0,0,36,0,36,42,0,42,78
03/28/2023,TZR,OH,AGL,CE,Federal Contract Tower,0,0,6,0,6,0,2,56,0,58,0,2,62,0,64,90,0,90,154
03/29/2023,TZR,OH,AGL,CE,Federal Contract Tower,0,0,3,0,3,0,0,31,0,31,0,0,34,0,34,38,0,38,72
03/30/2023,TZR,OH,AGL,CE,Federal Contract Tower,0,0,4,0,4,0,2,68,0,70,0,2,72,0,74,82,0,82,156
03/31/2023,TZR,OH,AGL,CE,Federal Contract Tower,0,0,0,0,0,0,0,0,0,0,0,0,0,0,0,0,0,0,0
04/01/2023,TZR,OH,AGL,CE,Federal Contract Tower,0,0,0,0,0,0,0,2,0,2,0,0,2,0,2,0,0,0,2
04/02/2023,TZR,OH,AGL,CE,Federal Contract Tower,0,0,3,0,3,0,0,35,0,35,0,0,38,0,38,44,0,44,82
04/03/2023,TZR,OH,AGL,CE,Federal Contract Tower,0,0,4,0,4,0,0,63,0,63,0,0,67,0,67,116,0,116,183
04/04/2023,TZR,OH,AGL,CE,Federal Contract Tower,0,0,4,0,4,0,0,22,0,22,0,0,26,0,26,72,0,72,98
04/05/2023,TZR,OH,AGL,CE,Federal Contract Tower,0,0,2,0,2,0,0,8,0,8,0,0,10,0,10,4,0,4,14
04/06/2023,TZR,OH,AGL,CE,Federal Contract Tower,0,0,15,0,15,0,0,55,0,55,0,0,70,0,70,124,0,124,194
04/07/2023,TZR,OH,AGL,CE,Federal Contract Tower,0,0,4,0,4,0,2,66,0,68,0,2,70,0,72,112,0,112,184
04/08/2023,TZR,OH,AGL,CE,Federal Contract Tower,0,0,8,0,8,0,0,55,0,55,0,0,63,0,63,46,0,46,109
04/09/2023,TZR,OH,AGL,CE,Federal Contract Tower,0,0,2,0,2,0,0,33,0,33,0,0,35,0,35,12,0,12,47
04/10/2023,TZR,OH,AGL,CE,Federal Contract Tower,0,0,12,0,12,0,0,50,0,50,0,0,62,0,62,94,0,94,156
04/11/2023,TZR,OH,AGL,CE,Federal Contract Tower,0,0,12,0,12,0,0,73,0,73,0,0,85,0,85,102,0,102,187
04/12/2023,TZR,OH,AGL,CE,Federal Contract Tower,0,0,3,0,3,0,0,40,0,40,0,0,43,0,43,28,0,28,71
04/13/2023,TZR,OH,AGL,CE,Federal Contract Tower,0,0,1,0,1,0,0,45,0,45,0,0,46,0,46,120,0,120,166
04/14/2023,TZR,OH,AGL,CE,Federal Contract Tower,0,0,15,0,15,0,0,42,0,42,0,0,57,0,57,108,0,108,165
04/15/2023,TZR,OH,AGL,CE,Federal Contract Tower,0,0,8,0,8,0,0,36,0,36,0,0,44,0,44,50,0,50,94
04/16/2023,TZR,OH,AGL,CE,Federal Contract Tower,0,0,0,0,0,0,0,4,0,4,0,0,4,0,4,0,0,0,4
04/17/2023,TZR,OH,AGL,CE,Federal Contract Tower,0,0,2,0,2,0,0,1,0,1,0,0,3,0,3,0,0,0,3
04/18/2023,TZR,OH,AGL,CE,Federal Contract Tower,0,0,5,0,5,0,0,35,0,35,0,0,40,0,40,20,0,20,60
04/19/2023,TZR,OH,AGL,CE,Federal Contract Tower,0,0,8,2,10,0,0,71,2,73,0,0,79,4,83,94,0,94,177
04/20/2023,TZR,OH,AGL,CE,Federal Contract Tower,0,0,7,0,7,0,0,34,0,34,0,0,41,0,41,36,0,36,77
04/21/2023,TZR,OH,AGL,CE,Federal Contract Tower,0,0,5,0,5,0,0,28,0,28,0,0,33,0,33,58,0,58,91
04/22/2023,TZR,OH,AGL,CE,Federal Contract Tower,0,0,3,0,3,0,0,16,0,16,0,0,19,0,19,10,0,10,29
04/23/2023,TZR,OH,AGL,CE,Federal Contract Tower,0,0,3,0,3,0,0,16,0,16,0,0,19,0,19,36,0,36,55
04/24/2023,TZR,OH,AGL,CE,Federal Contract Tower,0,0,8,0,8,0,0,44,0,44,0,0,52,0,52,148,0,148,200
04/25/2023,TZR,OH,AGL,CE,Federal Contract Tower,0,0,11,0,11,0,0,60,0,60,0,0,71,0,71,132,0,132,203
04/26/2023,TZR,OH,AGL,CE,Federal Contract Tower,0,0,12,0,12,0,0,55,8,63,0,0,67,8,75,70,0,70,145
04/27/2023,TZR,OH,AGL,CE,Federal Contract Tower,0,0,5,0,5,0,0,68,0,68,0,0,73,0,73,118,0,118,191
04/28/2023,TZR,OH,AGL,CE,Federal Contract Tower,0,0,5,0,5,0,0,3,0,3,0,0,8,0,8,0,0,0,8
04/29/2023,TZR,OH,AGL,CE,Federal Contract Tower,0,0,7,0,7,0,0,32,0,32,0,0,39,0,39,14,0,14,53
04/30/2023,TZR,OH,AGL,CE,Federal Contract Tower,0,0,1,0,1,0,0,8,0,8,0,0,9,0,9,0,0,0,9
05/01/2023,TZR,OH,AGL,CE,Federal Contract Tower,0,0,4,0,4,0,0,2,0,2,0,0,6,0,6,0,0,0,6
05/02/2023,TZR,OH,AGL,CE,Federal Contract Tower,0,0,2,0,2,0,0,7,0,7,0,0,9,0,9,10,0,10,19
05/03/2023,TZR,OH,AGL,CE,Federal Contract Tower,0,0,5,0,5,0,0,8,0,8,0,0,13,0,13,4,0,4,17
05/04/2023,TZR,OH,AGL,CE,Federal Contract Tower,0,1,4,0,5,0,0,47,0,47,0,1,51,0,52,18,0,18,70
05/05/2023,TZR,OH,AGL,CE,Federal Contract Tower,0,0,3,0,3,0,0,67,0,67,0,0,70,0,70,60,0,60,130
05/06/2023,TZR,OH,AGL,CE,Federal Contract Tower,0,0,2,0,2,0,0,51,0,51,0,0,53,0,53,74,0,74,127
05/07/2023,TZR,OH,AGL,CE,Federal Contract Tower,0,0,1,0,1,0,0,8,0,8,0,0,9,0,9,0,0,0,9
05/08/2023,TZR,OH,AGL,CE,Federal Contract Tower,0,0,9,0,9,0,0,28,0,28,0,0,37,0,37,16,0,16,53
05/09/2023,TZR,OH,AGL,CE,Federal Contract Tower,0,0,7,0,7,0,0,40,0,40,0,0,47,0,47,60,0,60,107
05/10/2023,TZR,OH,AGL,CE,Federal Contract Tower,0,6,12,0,18,0,0,84,0,84,0,6,96,0,102,148,0,148,250
05/11/2023,TZR,OH,AGL,CE,Federal Contract Tower,0,0,11,0,11,0,0,52,2,54,0,0,63,2,65,82,2,84,149
05/12/2023,TZR,OH,AGL,CE,Federal Contract Tower,0,0,3,2,5,0,0,24,0,24,0,0,27,2,29,30,0,30,59
05/13/2023,TZR,OH,AGL,CE,Federal Contract Tower,0,0,1,0,1,0,0,10,0,10,0,0,11,0,11,0,0,0,11
05/14/2023,TZR,OH,AGL,CE,Federal Contract Tower,0,0,4,0,4,0,0,17,0,17,0,0,21,0,21,50,0,50,71
05/15/2023,TZR,OH,AGL,CE,Federal Contract Tower,0,2,8,0,10,0,0,63,0,63,0,2,71,0,73,118,0,118,191
05/16/2023,TZR,OH,AGL,CE,Federal Contract Tower,0,0,13,0,13,0,0,49,0,49,0,0,62,0,62,52,0,52,114
05/17/2023,TZR,OH,AGL,CE,Federal Contract Tower,0,4,11,0,15,0,0,69,0,69,0,4,80,0,84,186,0,186,270
05/18/2023,TZR,OH,AGL,CE,Federal Contract Tower,0,0,8,0,8,0,0,75,0,75,0,0,83,0,83,120,0,120,203
05/19/2023,TZR,OH,AGL,CE,Federal Contract Tower,0,0,19,0,19,0,0,75,0,75,0,0,94,0,94,102,0,102,196
05/20/2023,TZR,OH,AGL,CE,Federal Contract Tower,0,0,11,0,11,0,0,203,0,203,0,0,214,0,214,20,0,20,234
05/21/2023,TZR,OH,AGL,CE,Federal Contract Tower,0,0,12,0,12,0,0,128,0,128,0,0,140,0,140,48,0,48,188
05/22/2023,TZR,OH,AGL,CE,Federal Contract Tower,0,0,9,0,9,0,0,81,0,81,0,0,90,0,90,84,0,84,174
05/23/2023,TZR,OH,AGL,CE,Federal Contract Tower,0,2,13,0,15,0,0,64,0,64,0,2,77,0,79,106,0,106,185
05/24/2023,TZR,OH,AGL,CE,Federal Contract Tower,0,0,13,0,13,0,2,81,0,83,0,2,94,0,96,110,0,110,206
05/25/2023,TZR,OH,AGL,CE,Federal Contract Tower,0,2,10,0,12,0,0,42,0,42,0,2,52,0,54,0,0,0,54
05/26/2023,TZR,OH,AGL,CE,Federal Contract Tower,0,0,3,0,3,0,0,54,0,54,0,0,57,0,57,32,0,32,89
05/27/2023,TZR,OH,AGL,CE,Federal Contract Tower,0,0,3,0,3,0,0,68,0,68,0,0,71,0,71,56,0,56,127
05/28/2023,TZR,OH,AGL,CE,Federal Contract Tower,0,0,5,0,5,0,0,28,0,28,0,0,33,0,33,8,0,8,41
05/29/2023,TZR,OH,AGL,CE,Federal Contract Tower,0,0,15,0,15,0,0,64,0,64,0,0,79,0,79,114,0,114,193
05/30/2023,TZR,OH,AGL,CE,Federal Contract Tower,0,0,11,0,11,0,0,72,0,72,0,0,83,0,83,62,0,62,145
05/31/2023,TZR,OH,AGL,CE,Federal Contract Tower,0,2,7,0,9,0,0,64,0,64,0,2,71,0,73,80,0,80,153
06/01/2023,TZR,OH,AGL,CE,Federal Contract Tower,0,0,15,0,15,0,0,51,0,51,0,0,66,0,66,92,0,92,158
06/02/2023,TZR,OH,AGL,CE,Federal Contract Tower,0,0,9,0,9,0,0,59,0,59,0,0,68,0,68,80,0,80,148
06/03/2023,TZR,OH,AGL,CE,Federal Contract Tower,0,0,10,0,10,0,0,37,0,37,0,0,47,0,47,26,0,26,73
06/04/2023,TZR,OH,AGL,CE,Federal Contract Tower,0,0,6,0,6,0,0,42,0,42,0,0,48,0,48,56,0,56,104
06/05/2023,TZR,OH,AGL,CE,Federal Contract Tower,0,2,2,0,4,0,0,70,0,70,0,2,72,0,74,96,0,96,170
06/06/2023,TZR,OH,AGL,CE,Federal Contract Tower,0,0,11,0,11,0,0,58,0,58,0,0,69,0,69,56,0,56,125
06/07/2023,TZR,OH,AGL,CE,Federal Contract Tower,0,0,15,0,15,0,0,46,2,48,0,0,61,2,63,112,0,112,175
06/08/2023,TZR,OH,AGL,CE,Federal Contract Tower,0,0,10,0,10,0,0,55,0,55,0,0,65,0,65,38,0,38,103
06/09/2023,TZR,OH,AGL,CE,Federal Contract Tower,0,0,15,0,15,0,0,55,0,55,0,0,70,0,70,20,0,20,90
06/10/2023,TZR,OH,AGL,CE,Federal Contract Tower,0,0,16,0,16,0,0,75,0,75,0,0,91,0,91,42,0,42,133
06/11/2023,TZR,OH,AGL,CE,Federal Contract Tower,0,0,5,0,5,0,0,2,0,2,0,0,7,0,7,0,0,0,7
06/12/2023,TZR,OH,AGL,CE,Federal Contract Tower,0,0,13,0,13,0,0,11,0,11,0,0,24,0,24,20,0,20,44
06/13/2023,TZR,OH,AGL,CE,Federal Contract Tower,0,0,9,0,9,0,0,15,0,15,0,0,24,0,24,16,0,16,40
06/14/2023,TZR,OH,AGL,CE,Federal Contract Tower,0,0,13,0,13,0,0,34,0,34,0,0,47,0,47,34,0,34,81
06/15/2023,TZR,OH,AGL,CE,Federal Contract Tower,0,0,12,0,12,0,0,71,0,71,0,0,83,0,83,98,0,98,181
06/16/2023,TZR,OH,AGL,CE,Federal Contract Tower,0,1,16,0,17,0,0,13,0,13,0,1,29,0,30,0,0,0,30
06/17/2023,TZR,OH,AGL,CE,Federal Contract Tower,0,1,10,0,11,0,0,31,0,31,0,1,41,0,42,24,0,24,66
06/18/2023,TZR,OH,AGL,CE,Federal Contract Tower,0,0,7,0,7,0,0,33,0,33,0,0,40,0,40,14,0,14,54
06/19/2023,TZR,OH,AGL,CE,Federal Contract Tower,0,0,7,0,7,0,0,40,0,40,0,0,47,0,47,64,0,64,111
06/20/2023,TZR,OH,AGL,CE,Federal Contract Tower,0,0,15,0,15,0,0,9,0,9,0,0,24,0,24,20,0,20,44
06/21/2023,TZR,OH,AGL,CE,Federal Contract Tower,0,0,12,0,12,0,0,40,0,40,0,0,52,0,52,22,0,22,74
06/22/2023,TZR,OH,AGL,CE,Federal Contract Tower,0,0,14,0,14,0,0,30,0,30,0,0,44,0,44,50,0,50,94
06/23/2023,TZR,OH,AGL,CE,Federal Contract Tower,0,0,22,0,22,0,0,6,0,6,0,0,28,0,28,2,0,2,30
06/24/2023,TZR,OH,AGL,CE,Federal Contract Tower,0,2,8,0,10,0,0,31,0,31,0,2,39,0,41,52,0,52,93
06/25/2023,TZR,OH,AGL,CE,Federal Contract Tower,0,0,2,0,2,0,0,17,0,17,0,0,19,0,19,16,0,16,35
06/26/2023,TZR,OH,AGL,CE,Federal Contract Tower,0,0,8,0,8,0,0,38,0,38,0,0,46,0,46,36,0,36,82
06/27/2023,TZR,OH,AGL,CE,Federal Contract Tower,0,0,12,0,12,0,0,6,0,6,0,0,18,0,18,12,0,12,30
06/28/2023,TZR,OH,AGL,CE,Federal Contract Tower,0,0,9,0,9,0,0,0,0,0,0,0,9,0,9,0,0,0,9
06/29/2023,TZR,OH,AGL,CE,Federal Contract Tower,0,0,12,0,12,0,0,2,0,2,0,0,14,0,14,2,0,2,16
06/30/2023,TZR,OH,AGL,CE,Federal Contract Tower,0,0,2,0,2,0,0,50,2,52,0,0,52,2,54,92,2,94,148
07/01/2023,TZR,OH,AGL,CE,Federal Contract Tower,0,0,1,0,1,0,0,26,0,26,0,0,27,0,27,32,0,32,59
07/02/2023,TZR,OH,AGL,CE,Federal Contract Tower,0,0,2,0,2,0,0,2,0,2,0,0,4,0,4,0,0,0,4
07/03/2023,TZR,OH,AGL,CE,Federal Contract Tower,0,1,6,0,7,0,0,8,0,8,0,1,14,0,15,18,0,18,33
07/04/2023,TZR,OH,AGL,CE,Federal Contract Tower,0,0,3,0,3,0,0,49,0,49,0,0,52,0,52,48,0,48,100
07/05/2023,TZR,OH,AGL,CE,Federal Contract Tower,0,0,7,0,7,0,0,68,0,68,0,0,75,0,75,78,0,78,153
07/06/2023,TZR,OH,AGL,CE,Federal Contract Tower,0,0,4,0,4,0,0,39,2,41,0,0,43,2,45,80,0,80,125
07/07/2023,TZR,OH,AGL,CE,Federal Contract Tower,0,0,18,0,18,0,0,54,0,54,0,0,72,0,72,96,0,96,168
07/08/2023,TZR,OH,AGL,CE,Federal Contract Tower,0,0,4,0,4,0,0,41,0,41,0,0,45,0,45,28,0,28,73
07/09/2023,TZR,OH,AGL,CE,Federal Contract Tower,0,0,12,0,12,0,0,23,0,23,0,0,35,0,35,42,0,42,77
07/10/2023,TZR,OH,AGL,CE,Federal Contract Tower,0,0,9,0,9,0,0,80,0,80,0,0,89,0,89,96,0,96,185
07/11/2023,TZR,OH,AGL,CE,Federal Contract Tower,0,1,6,0,7,0,0,56,0,56,0,1,62,0,63,116,0,116,179
07/12/2023,TZR,OH,AGL,CE,Federal Contract Tower,0,1,7,0,8,0,2,55,2,59,0,3,62,2,67,74,0,74,141
07/13/2023,TZR,OH,AGL,CE,Federal Contract Tower,0,0,5,0,5,0,0,64,0,64,0,0,69,0,69,110,0,110,179
07/14/2023,TZR,OH,AGL,CE,Federal Contract Tower,0,0,9,0,9,0,0,51,0,51,0,0,60,0,60,58,0,58,118
07/15/2023,TZR,OH,AGL,CE,Federal Contract Tower,0,0,2,0,2,0,0,22,0,22,0,0,24,0,24,42,0,42,66
07/16/2023,TZR,OH,AGL,CE,Federal Contract Tower,0,0,6,0,6,0,0,23,0,23,0,0,29,0,29,20,0,20,49
07/17/2023,TZR,OH,AGL,CE,Federal Contract Tower,0,2,4,0,6,0,0,24,0,24,0,2,28,0,30,84,0,84,114
07/18/2023,TZR,OH,AGL,CE,Federal Contract Tower,0,0,10,0,10,0,0,37,2,39,0,0,47,2,49,60,0,60,109
07/19/2023,TZR,OH,AGL,CE,Federal Contract Tower,0,0,8,0,8,0,0,52,0,52,0,0,60,0,60,96,0,96,156
07/20/2023,TZR,OH,AGL,CE,Federal Contract Tower,0,0,9,0,9,0,0,30,0,30,0,0,39,0,39,36,0,36,75
07/21/2023,TZR,OH,AGL,CE,Federal Contract Tower,0,0,13,0,13,0,0,51,0,51,0,0,64,0,64,76,0,76,140
07/22/2023,TZR,OH,AGL,CE,Federal Contract Tower,0,0,7,0,7,0,0,74,0,74,0,0,81,0,81,122,0,122,203
07/23/2023,TZR,OH,AGL,CE,Federal Contract Tower,0,0,6,0,6,0,0,44,0,44,0,0,50,0,50,32,0,32,82
07/24/2023,TZR,OH,AGL,CE,Federal Contract Tower,0,0,5,2,7,0,0,45,0,45,0,0,50,2,52,86,0,86,138
07/25/2023,TZR,OH,AGL,CE,Federal Contract Tower,0,0,17,0,17,0,0,24,0,24,0,0,41,0,41,88,0,88,129
07/26/2023,TZR,OH,AGL,CE,Federal Contract Tower,0,0,14,0,14,0,0,33,0,33,0,0,47,0,47,52,0,52,99
07/27/2023,TZR,OH,AGL,CE,Federal Contract Tower,0,2,21,0,23,0,0,46,0,46,0,2,67,0,69,82,0,82,151
07/28/2023,TZR,OH,AGL,CE,Federal Contract Tower,0,0,2,0,2,0,0,26,0,26,0,0,28,0,28,64,0,64,92
07/29/2023,TZR,OH,AGL,CE,Federal Contract Tower,0,0,5,0,5,0,0,12,0,12,0,0,17,0,17,0,0,0,17
07/30/2023,TZR,OH,AGL,CE,Federal Contract Tower,0,0,11,0,11,0,0,40,0,40,0,0,51,0,51,22,0,22,73
07/31/2023,TZR,OH,AGL,CE,Federal Contract Tower,0,0,8,0,8,0,0,52,0,52,0,0,60,0,60,116,0,116,176
08/01/2023,TZR,OH,AGL,CE,Federal Contract Tower,0,2,9,0,11,0,0,69,0,69,0,2,78,0,80,162,0,162,242
08/02/2023,TZR,OH,AGL,CE,Federal Contract Tower,0,2,7,0,9,0,0,67,0,67,0,2,74,0,76,78,0,78,154
08/03/2023,TZR,OH,AGL,CE,Federal Contract Tower,0,0,8,0,8,0,0,70,0,70,0,0,78,0,78,190,0,190,268
08/04/2023,TZR,OH,AGL,CE,Federal Contract Tower,0,2,8,0,10,0,0,47,0,47,0,2,55,0,57,62,0,62,119
08/05/2023,TZR,OH,AGL,CE,Federal Contract Tower,0,0,6,0,6,0,0,72,0,72,0,0,78,0,78,130,0,130,208
08/06/2023,TZR,OH,AGL,CE,Federal Contract Tower,0,0,3,0,3,0,0,24,0,24,0,0,27,0,27,26,0,26,53
08/07/2023,TZR,OH,AGL,CE,Federal Contract Tower,0,0,3,0,3,0,0,7,0,7,0,0,10,0,10,48,0,48,58
08/08/2023,TZR,OH,AGL,CE,Federal Contract Tower,0,0,9,0,9,0,0,83,0,83,0,0,92,0,92,204,0,204,296
08/09/2023,TZR,OH,AGL,CE,Federal Contract Tower,0,0,9,0,9,0,0,73,0,73,0,0,82,0,82,232,0,232,314
08/10/2023,TZR,OH,AGL,CE,Federal Contract Tower,0,0,16,0,16,0,0,27,0,27,0,0,43,0,43,30,0,30,73
08/11/2023,TZR,OH,AGL,CE,Federal Contract Tower,0,3,1,0,4,0,0,38,0,38,0,3,39,0,42,106,0,106,148
08/12/2023,TZR,OH,AGL,CE,Federal Contract Tower,0,1,6,0,7,0,0,26,0,26,0,1,32,0,33,66,0,66,99
08/13/2023,TZR,OH,AGL,CE,Federal Contract Tower,0,0,11,0,11,0,0,51,0,51,0,0,62,0,62,40,0,40,102
08/14/2023,TZR,OH,AGL,CE,Federal Contract Tower,0,0,8,0,8,0,0,4,0,4,0,0,12,0,12,22,0,22,34
08/15/2023,TZR,OH,AGL,CE,Federal Contract Tower,0,0,22,0,22,0,0,16,0,16,0,0,38,0,38,98,0,98,136
08/16/2023,TZR,OH,AGL,CE,Federal Contract Tower,0,0,25,0,25,0,0,41,0,41,0,0,66,0,66,74,0,74,140
08/17/2023,TZR,OH,AGL,CE,Federal Contract Tower,0,2,9,0,11,0,0,47,0,47,0,2,56,0,58,58,0,58,116
08/18/2023,TZR,OH,AGL,CE,Federal Contract Tower,0,2,4,0,6,0,0,49,0,49,0,2,53,0,55,110,0,110,165
08/19/2023,TZR,OH,AGL,CE,Federal Contract Tower,0,0,9,0,9,0,0,151,0,151,0,0,160,0,160,50,0,50,210
08/20/2023,TZR,OH,AGL,CE,Federal Contract Tower,0,0,13,0,13,0,0,38,0,38,0,0,51,0,51,40,0,40,91
08/21/2023,TZR,OH,AGL,CE,Federal Contract Tower,0,0,7,0,7,0,0,55,0,55,0,0,62,0,62,174,0,174,236
08/22/2023,TZR,OH,AGL,CE,Federal Contract Tower,0,0,14,0,14,0,0,51,0,51,0,0,65,0,65,218,0,218,283
08/23/2023,TZR,OH,AGL,CE,Federal Contract Tower,0,0,12,0,12,0,0,59,0,59,0,0,71,0,71,148,0,148,219
08/24/2023,TZR,OH,AGL,CE,Federal Contract Tower,0,0,8,0,8,0,0,28,0,28,0,0,36,0,36,50,0,50,86
08/25/2023,TZR,OH,AGL,CE,Federal Contract Tower,0,0,18,0,18,0,0,40,0,40,0,0,58,0,58,156,0,156,214
08/26/2023,TZR,OH,AGL,CE,Federal Contract Tower,0,0,13,0,13,0,0,31,0,31,0,0,44,0,44,70,0,70,114
08/27/2023,TZR,OH,AGL,CE,Federal Contract Tower,0,0,15,0,15,0,0,41,0,41,0,0,56,0,56,70,0,70,126
08/28/2023,TZR,OH,AGL,CE,Federal Contract Tower,0,0,17,0,17,0,0,74,0,74,0,0,91,0,91,154,0,154,245
08/29/2023,TZR,OH,AGL,CE,Federal Contract Tower,0,0,3,0,3,0,0,49,0,49,0,0,52,0,52,156,0,156,208
08/30/2023,TZR,OH,AGL,CE,Federal Contract Tower,0,0,25,0,25,0,0,20,0,20,0,0,45,0,45,82,0,82,127
08/31/2023,TZR,OH,AGL,CE,Federal Contract Tower,0,0,14,0,14,0,0,39,0,39,0,0,53,0,53,84,0,84,137
